similarity,combination
2,['flop.sol', 'vow.t.sol', 'join.sol', 'flip.sol', 'vow.sol']
3,['flop.sol', 'vow.t.sol', 'join.sol', 'flip.sol', 'flip.t.sol']
2,['flop.sol', 'vow.t.sol', 'join.sol', 'flip.sol', 'pit.sol']
2,['flop.sol', 'vow.t.sol', 'join.sol', 'flip.sol', 'move.sol']
2,['flop.sol', 'vow.t.sol', 'join.sol', 'flip.sol', 'vat.sol']
2,['flop.sol', 'vow.t.sol', 'join.sol', 'flip.sol', 'flop.t.sol']
2,['flop.sol', 'vow.t.sol', 'join.sol', 'flip.sol', 'jug.sol']
2,['flop.sol', 'vow.t.sol', 'join.sol', 'flip.sol', 'cat.sol']
3,['flop.sol', 'vow.t.sol', 'join.sol', 'flip.sol', 'flap.t.sol']
2,['flop.sol', 'vow.t.sol', 'join.sol', 'flip.sol', 'vat.t.sol']
2,['flop.sol', 'vow.t.sol', 'join.sol', 'flip.sol', 'jug.t.sol']
2,['flop.sol', 'vow.t.sol', 'join.sol', 'flip.sol', 'flap.sol']
3,['flop.sol', 'vow.t.sol', 'join.sol', 'vow.sol', 'flip.t.sol']
2,['flop.sol', 'vow.t.sol', 'join.sol', 'vow.sol', 'pit.sol']
2,['flop.sol', 'vow.t.sol', 'join.sol', 'vow.sol', 'move.sol']
2,['flop.sol', 'vow.t.sol', 'join.sol', 'vow.sol', 'vat.sol']
3,['flop.sol', 'vow.t.sol', 'join.sol', 'vow.sol', 'flop.t.sol']
2,['flop.sol', 'vow.t.sol', 'join.sol', 'vow.sol', 'jug.sol']
2,['flop.sol', 'vow.t.sol', 'join.sol', 'vow.sol', 'cat.sol']
3,['flop.sol', 'vow.t.sol', 'join.sol', 'vow.sol', 'flap.t.sol']
2,['flop.sol', 'vow.t.sol', 'join.sol', 'vow.sol', 'vat.t.sol']
2,['flop.sol', 'vow.t.sol', 'join.sol', 'vow.sol', 'jug.t.sol']
2,['flop.sol', 'vow.t.sol', 'join.sol', 'vow.sol', 'flap.sol']
3,['flop.sol', 'vow.t.sol', 'join.sol', 'flip.t.sol', 'pit.sol']
3,['flop.sol', 'vow.t.sol', 'join.sol', 'flip.t.sol', 'move.sol']
3,['flop.sol', 'vow.t.sol', 'join.sol', 'flip.t.sol', 'vat.sol']
2,['flop.sol', 'vow.t.sol', 'join.sol', 'flip.t.sol', 'flop.t.sol']
3,['flop.sol', 'vow.t.sol', 'join.sol', 'flip.t.sol', 'jug.sol']
3,['flop.sol', 'vow.t.sol', 'join.sol', 'flip.t.sol', 'cat.sol']
2,['flop.sol', 'vow.t.sol', 'join.sol', 'flip.t.sol', 'flap.t.sol']
2,['flop.sol', 'vow.t.sol', 'join.sol', 'flip.t.sol', 'vat.t.sol']
2,['flop.sol', 'vow.t.sol', 'join.sol', 'flip.t.sol', 'jug.t.sol']
3,['flop.sol', 'vow.t.sol', 'join.sol', 'flip.t.sol', 'flap.sol']
2,['flop.sol', 'vow.t.sol', 'join.sol', 'pit.sol', 'move.sol']
2,['flop.sol', 'vow.t.sol', 'join.sol', 'pit.sol', 'vat.sol']
2,['flop.sol', 'vow.t.sol', 'join.sol', 'pit.sol', 'flop.t.sol']
2,['flop.sol', 'vow.t.sol', 'join.sol', 'pit.sol', 'jug.sol']
2,['flop.sol', 'vow.t.sol', 'join.sol', 'pit.sol', 'cat.sol']
2,['flop.sol', 'vow.t.sol', 'join.sol', 'pit.sol', 'flap.t.sol']
1,['flop.sol', 'vow.t.sol', 'join.sol', 'pit.sol', 'vat.t.sol']
2,['flop.sol', 'vow.t.sol', 'join.sol', 'pit.sol', 'jug.t.sol']
2,['flop.sol', 'vow.t.sol', 'join.sol', 'pit.sol', 'flap.sol']
2,['flop.sol', 'vow.t.sol', 'join.sol', 'move.sol', 'vat.sol']
3,['flop.sol', 'vow.t.sol', 'join.sol', 'move.sol', 'flop.t.sol']
3,['flop.sol', 'vow.t.sol', 'join.sol', 'move.sol', 'jug.sol']
2,['flop.sol', 'vow.t.sol', 'join.sol', 'move.sol', 'cat.sol']
3,['flop.sol', 'vow.t.sol', 'join.sol', 'move.sol', 'flap.t.sol']
2,['flop.sol', 'vow.t.sol', 'join.sol', 'move.sol', 'vat.t.sol']
2,['flop.sol', 'vow.t.sol', 'join.sol', 'move.sol', 'jug.t.sol']
3,['flop.sol', 'vow.t.sol', 'join.sol', 'move.sol', 'flap.sol']
2,['flop.sol', 'vow.t.sol', 'join.sol', 'vat.sol', 'flop.t.sol']
2,['flop.sol', 'vow.t.sol', 'join.sol', 'vat.sol', 'jug.sol']
2,['flop.sol', 'vow.t.sol', 'join.sol', 'vat.sol', 'cat.sol']
2,['flop.sol', 'vow.t.sol', 'join.sol', 'vat.sol', 'flap.t.sol']
1,['flop.sol', 'vow.t.sol', 'join.sol', 'vat.sol', 'vat.t.sol']
2,['flop.sol', 'vow.t.sol', 'join.sol', 'vat.sol', 'jug.t.sol']
2,['flop.sol', 'vow.t.sol', 'join.sol', 'vat.sol', 'flap.sol']
3,['flop.sol', 'vow.t.sol', 'join.sol', 'flop.t.sol', 'jug.sol']
3,['flop.sol', 'vow.t.sol', 'join.sol', 'flop.t.sol', 'cat.sol']
3,['flop.sol', 'vow.t.sol', 'join.sol', 'flop.t.sol', 'flap.t.sol']
2,['flop.sol', 'vow.t.sol', 'join.sol', 'flop.t.sol', 'vat.t.sol']
3,['flop.sol', 'vow.t.sol', 'join.sol', 'flop.t.sol', 'jug.t.sol']
3,['flop.sol', 'vow.t.sol', 'join.sol', 'flop.t.sol', 'flap.sol']
2,['flop.sol', 'vow.t.sol', 'join.sol', 'jug.sol', 'cat.sol']
3,['flop.sol', 'vow.t.sol', 'join.sol', 'jug.sol', 'flap.t.sol']
2,['flop.sol', 'vow.t.sol', 'join.sol', 'jug.sol', 'vat.t.sol']
2,['flop.sol', 'vow.t.sol', 'join.sol', 'jug.sol', 'jug.t.sol']
2,['flop.sol', 'vow.t.sol', 'join.sol', 'jug.sol', 'flap.sol']
3,['flop.sol', 'vow.t.sol', 'join.sol', 'cat.sol', 'flap.t.sol']
2,['flop.sol', 'vow.t.sol', 'join.sol', 'cat.sol', 'vat.t.sol']
2,['flop.sol', 'vow.t.sol', 'join.sol', 'cat.sol', 'jug.t.sol']
2,['flop.sol', 'vow.t.sol', 'join.sol', 'cat.sol', 'flap.sol']
2,['flop.sol', 'vow.t.sol', 'join.sol', 'flap.t.sol', 'vat.t.sol']
3,['flop.sol', 'vow.t.sol', 'join.sol', 'flap.t.sol', 'jug.t.sol']
3,['flop.sol', 'vow.t.sol', 'join.sol', 'flap.t.sol', 'flap.sol']
2,['flop.sol', 'vow.t.sol', 'join.sol', 'vat.t.sol', 'jug.t.sol']
2,['flop.sol', 'vow.t.sol', 'join.sol', 'vat.t.sol', 'flap.sol']
2,['flop.sol', 'vow.t.sol', 'join.sol', 'jug.t.sol', 'flap.sol']
2,['flop.sol', 'vow.t.sol', 'flip.sol', 'vow.sol', 'flip.t.sol']
2,['flop.sol', 'vow.t.sol', 'flip.sol', 'vow.sol', 'pit.sol']
2,['flop.sol', 'vow.t.sol', 'flip.sol', 'vow.sol', 'move.sol']
2,['flop.sol', 'vow.t.sol', 'flip.sol', 'vow.sol', 'vat.sol']
3,['flop.sol', 'vow.t.sol', 'flip.sol', 'vow.sol', 'flop.t.sol']
2,['flop.sol', 'vow.t.sol', 'flip.sol', 'vow.sol', 'jug.sol']
2,['flop.sol', 'vow.t.sol', 'flip.sol', 'vow.sol', 'cat.sol']
3,['flop.sol', 'vow.t.sol', 'flip.sol', 'vow.sol', 'flap.t.sol']
2,['flop.sol', 'vow.t.sol', 'flip.sol', 'vow.sol', 'vat.t.sol']
2,['flop.sol', 'vow.t.sol', 'flip.sol', 'vow.sol', 'jug.t.sol']
2,['flop.sol', 'vow.t.sol', 'flip.sol', 'vow.sol', 'flap.sol']
3,['flop.sol', 'vow.t.sol', 'flip.sol', 'flip.t.sol', 'pit.sol']
3,['flop.sol', 'vow.t.sol', 'flip.sol', 'flip.t.sol', 'move.sol']
2,['flop.sol', 'vow.t.sol', 'flip.sol', 'flip.t.sol', 'vat.sol']
3,['flop.sol', 'vow.t.sol', 'flip.sol', 'flip.t.sol', 'flop.t.sol']
3,['flop.sol', 'vow.t.sol', 'flip.sol', 'flip.t.sol', 'jug.sol']
2,['flop.sol', 'vow.t.sol', 'flip.sol', 'flip.t.sol', 'cat.sol']
3,['flop.sol', 'vow.t.sol', 'flip.sol', 'flip.t.sol', 'flap.t.sol']
3,['flop.sol', 'vow.t.sol', 'flip.sol', 'flip.t.sol', 'vat.t.sol']
2,['flop.sol', 'vow.t.sol', 'flip.sol', 'flip.t.sol', 'jug.t.sol']
3,['flop.sol', 'vow.t.sol', 'flip.sol', 'flip.t.sol', 'flap.sol']
2,['flop.sol', 'vow.t.sol', 'flip.sol', 'pit.sol', 'move.sol']
2,['flop.sol', 'vow.t.sol', 'flip.sol', 'pit.sol', 'vat.sol']
2,['flop.sol', 'vow.t.sol', 'flip.sol', 'pit.sol', 'flop.t.sol']
2,['flop.sol', 'vow.t.sol', 'flip.sol', 'pit.sol', 'jug.sol']
2,['flop.sol', 'vow.t.sol', 'flip.sol', 'pit.sol', 'cat.sol']
2,['flop.sol', 'vow.t.sol', 'flip.sol', 'pit.sol', 'flap.t.sol']
1,['flop.sol', 'vow.t.sol', 'flip.sol', 'pit.sol', 'vat.t.sol']
2,['flop.sol', 'vow.t.sol', 'flip.sol', 'pit.sol', 'jug.t.sol']
2,['flop.sol', 'vow.t.sol', 'flip.sol', 'pit.sol', 'flap.sol']
2,['flop.sol', 'vow.t.sol', 'flip.sol', 'move.sol', 'vat.sol']
2,['flop.sol', 'vow.t.sol', 'flip.sol', 'move.sol', 'flop.t.sol']
2,['flop.sol', 'vow.t.sol', 'flip.sol', 'move.sol', 'jug.sol']
2,['flop.sol', 'vow.t.sol', 'flip.sol', 'move.sol', 'cat.sol']
3,['flop.sol', 'vow.t.sol', 'flip.sol', 'move.sol', 'flap.t.sol']
2,['flop.sol', 'vow.t.sol', 'flip.sol', 'move.sol', 'vat.t.sol']
2,['flop.sol', 'vow.t.sol', 'flip.sol', 'move.sol', 'jug.t.sol']
2,['flop.sol', 'vow.t.sol', 'flip.sol', 'move.sol', 'flap.sol']
2,['flop.sol', 'vow.t.sol', 'flip.sol', 'vat.sol', 'flop.t.sol']
2,['flop.sol', 'vow.t.sol', 'flip.sol', 'vat.sol', 'jug.sol']
2,['flop.sol', 'vow.t.sol', 'flip.sol', 'vat.sol', 'cat.sol']
2,['flop.sol', 'vow.t.sol', 'flip.sol', 'vat.sol', 'flap.t.sol']
1,['flop.sol', 'vow.t.sol', 'flip.sol', 'vat.sol', 'vat.t.sol']
2,['flop.sol', 'vow.t.sol', 'flip.sol', 'vat.sol', 'jug.t.sol']
2,['flop.sol', 'vow.t.sol', 'flip.sol', 'vat.sol', 'flap.sol']
3,['flop.sol', 'vow.t.sol', 'flip.sol', 'flop.t.sol', 'jug.sol']
2,['flop.sol', 'vow.t.sol', 'flip.sol', 'flop.t.sol', 'cat.sol']
3,['flop.sol', 'vow.t.sol', 'flip.sol', 'flop.t.sol', 'flap.t.sol']
2,['flop.sol', 'vow.t.sol', 'flip.sol', 'flop.t.sol', 'vat.t.sol']
3,['flop.sol', 'vow.t.sol', 'flip.sol', 'flop.t.sol', 'jug.t.sol']
3,['flop.sol', 'vow.t.sol', 'flip.sol', 'flop.t.sol', 'flap.sol']
2,['flop.sol', 'vow.t.sol', 'flip.sol', 'jug.sol', 'cat.sol']
3,['flop.sol', 'vow.t.sol', 'flip.sol', 'jug.sol', 'flap.t.sol']
2,['flop.sol', 'vow.t.sol', 'flip.sol', 'jug.sol', 'vat.t.sol']
2,['flop.sol', 'vow.t.sol', 'flip.sol', 'jug.sol', 'jug.t.sol']
2,['flop.sol', 'vow.t.sol', 'flip.sol', 'jug.sol', 'flap.sol']
2,['flop.sol', 'vow.t.sol', 'flip.sol', 'cat.sol', 'flap.t.sol']
1,['flop.sol', 'vow.t.sol', 'flip.sol', 'cat.sol', 'vat.t.sol']
2,['flop.sol', 'vow.t.sol', 'flip.sol', 'cat.sol', 'jug.t.sol']
2,['flop.sol', 'vow.t.sol', 'flip.sol', 'cat.sol', 'flap.sol']
2,['flop.sol', 'vow.t.sol', 'flip.sol', 'flap.t.sol', 'vat.t.sol']
3,['flop.sol', 'vow.t.sol', 'flip.sol', 'flap.t.sol', 'jug.t.sol']
4,['flop.sol', 'vow.t.sol', 'flip.sol', 'flap.t.sol', 'flap.sol']
2,['flop.sol', 'vow.t.sol', 'flip.sol', 'vat.t.sol', 'jug.t.sol']
2,['flop.sol', 'vow.t.sol', 'flip.sol', 'vat.t.sol', 'flap.sol']
2,['flop.sol', 'vow.t.sol', 'flip.sol', 'jug.t.sol', 'flap.sol']
3,['flop.sol', 'vow.t.sol', 'vow.sol', 'flip.t.sol', 'pit.sol']
3,['flop.sol', 'vow.t.sol', 'vow.sol', 'flip.t.sol', 'move.sol']
3,['flop.sol', 'vow.t.sol', 'vow.sol', 'flip.t.sol', 'vat.sol']
3,['flop.sol', 'vow.t.sol', 'vow.sol', 'flip.t.sol', 'flop.t.sol']
3,['flop.sol', 'vow.t.sol', 'vow.sol', 'flip.t.sol', 'jug.sol']
3,['flop.sol', 'vow.t.sol', 'vow.sol', 'flip.t.sol', 'cat.sol']
2,['flop.sol', 'vow.t.sol', 'vow.sol', 'flip.t.sol', 'flap.t.sol']
2,['flop.sol', 'vow.t.sol', 'vow.sol', 'flip.t.sol', 'vat.t.sol']
3,['flop.sol', 'vow.t.sol', 'vow.sol', 'flip.t.sol', 'jug.t.sol']
2,['flop.sol', 'vow.t.sol', 'vow.sol', 'flip.t.sol', 'flap.sol']
2,['flop.sol', 'vow.t.sol', 'vow.sol', 'pit.sol', 'move.sol']
2,['flop.sol', 'vow.t.sol', 'vow.sol', 'pit.sol', 'vat.sol']
3,['flop.sol', 'vow.t.sol', 'vow.sol', 'pit.sol', 'flop.t.sol']
2,['flop.sol', 'vow.t.sol', 'vow.sol', 'pit.sol', 'jug.sol']
2,['flop.sol', 'vow.t.sol', 'vow.sol', 'pit.sol', 'cat.sol']
3,['flop.sol', 'vow.t.sol', 'vow.sol', 'pit.sol', 'flap.t.sol']
2,['flop.sol', 'vow.t.sol', 'vow.sol', 'pit.sol', 'vat.t.sol']
2,['flop.sol', 'vow.t.sol', 'vow.sol', 'pit.sol', 'jug.t.sol']
2,['flop.sol', 'vow.t.sol', 'vow.sol', 'pit.sol', 'flap.sol']
2,['flop.sol', 'vow.t.sol', 'vow.sol', 'move.sol', 'vat.sol']
3,['flop.sol', 'vow.t.sol', 'vow.sol', 'move.sol', 'flop.t.sol']
2,['flop.sol', 'vow.t.sol', 'vow.sol', 'move.sol', 'jug.sol']
2,['flop.sol', 'vow.t.sol', 'vow.sol', 'move.sol', 'cat.sol']
3,['flop.sol', 'vow.t.sol', 'vow.sol', 'move.sol', 'flap.t.sol']
2,['flop.sol', 'vow.t.sol', 'vow.sol', 'move.sol', 'vat.t.sol']
2,['flop.sol', 'vow.t.sol', 'vow.sol', 'move.sol', 'jug.t.sol']
2,['flop.sol', 'vow.t.sol', 'vow.sol', 'move.sol', 'flap.sol']
2,['flop.sol', 'vow.t.sol', 'vow.sol', 'vat.sol', 'flop.t.sol']
2,['flop.sol', 'vow.t.sol', 'vow.sol', 'vat.sol', 'jug.sol']
2,['flop.sol', 'vow.t.sol', 'vow.sol', 'vat.sol', 'cat.sol']
2,['flop.sol', 'vow.t.sol', 'vow.sol', 'vat.sol', 'flap.t.sol']
1,['flop.sol', 'vow.t.sol', 'vow.sol', 'vat.sol', 'vat.t.sol']
2,['flop.sol', 'vow.t.sol', 'vow.sol', 'vat.sol', 'jug.t.sol']
2,['flop.sol', 'vow.t.sol', 'vow.sol', 'vat.sol', 'flap.sol']
3,['flop.sol', 'vow.t.sol', 'vow.sol', 'flop.t.sol', 'jug.sol']
2,['flop.sol', 'vow.t.sol', 'vow.sol', 'flop.t.sol', 'cat.sol']
3,['flop.sol', 'vow.t.sol', 'vow.sol', 'flop.t.sol', 'flap.t.sol']
2,['flop.sol', 'vow.t.sol', 'vow.sol', 'flop.t.sol', 'vat.t.sol']
3,['flop.sol', 'vow.t.sol', 'vow.sol', 'flop.t.sol', 'jug.t.sol']
3,['flop.sol', 'vow.t.sol', 'vow.sol', 'flop.t.sol', 'flap.sol']
2,['flop.sol', 'vow.t.sol', 'vow.sol', 'jug.sol', 'cat.sol']
3,['flop.sol', 'vow.t.sol', 'vow.sol', 'jug.sol', 'flap.t.sol']
2,['flop.sol', 'vow.t.sol', 'vow.sol', 'jug.sol', 'vat.t.sol']
2,['flop.sol', 'vow.t.sol', 'vow.sol', 'jug.sol', 'jug.t.sol']
2,['flop.sol', 'vow.t.sol', 'vow.sol', 'jug.sol', 'flap.sol']
2,['flop.sol', 'vow.t.sol', 'vow.sol', 'cat.sol', 'flap.t.sol']
2,['flop.sol', 'vow.t.sol', 'vow.sol', 'cat.sol', 'vat.t.sol']
2,['flop.sol', 'vow.t.sol', 'vow.sol', 'cat.sol', 'jug.t.sol']
2,['flop.sol', 'vow.t.sol', 'vow.sol', 'cat.sol', 'flap.sol']
2,['flop.sol', 'vow.t.sol', 'vow.sol', 'flap.t.sol', 'vat.t.sol']
3,['flop.sol', 'vow.t.sol', 'vow.sol', 'flap.t.sol', 'jug.t.sol']
3,['flop.sol', 'vow.t.sol', 'vow.sol', 'flap.t.sol', 'flap.sol']
2,['flop.sol', 'vow.t.sol', 'vow.sol', 'vat.t.sol', 'jug.t.sol']
2,['flop.sol', 'vow.t.sol', 'vow.sol', 'vat.t.sol', 'flap.sol']
2,['flop.sol', 'vow.t.sol', 'vow.sol', 'jug.t.sol', 'flap.sol']
3,['flop.sol', 'vow.t.sol', 'flip.t.sol', 'pit.sol', 'move.sol']
2,['flop.sol', 'vow.t.sol', 'flip.t.sol', 'pit.sol', 'vat.sol']
3,['flop.sol', 'vow.t.sol', 'flip.t.sol', 'pit.sol', 'flop.t.sol']
3,['flop.sol', 'vow.t.sol', 'flip.t.sol', 'pit.sol', 'jug.sol']
2,['flop.sol', 'vow.t.sol', 'flip.t.sol', 'pit.sol', 'cat.sol']
3,['flop.sol', 'vow.t.sol', 'flip.t.sol', 'pit.sol', 'flap.t.sol']
2,['flop.sol', 'vow.t.sol', 'flip.t.sol', 'pit.sol', 'vat.t.sol']
3,['flop.sol', 'vow.t.sol', 'flip.t.sol', 'pit.sol', 'jug.t.sol']
3,['flop.sol', 'vow.t.sol', 'flip.t.sol', 'pit.sol', 'flap.sol']
2,['flop.sol', 'vow.t.sol', 'flip.t.sol', 'move.sol', 'vat.sol']
3,['flop.sol', 'vow.t.sol', 'flip.t.sol', 'move.sol', 'flop.t.sol']
3,['flop.sol', 'vow.t.sol', 'flip.t.sol', 'move.sol', 'jug.sol']
3,['flop.sol', 'vow.t.sol', 'flip.t.sol', 'move.sol', 'cat.sol']
2,['flop.sol', 'vow.t.sol', 'flip.t.sol', 'move.sol', 'flap.t.sol']
2,['flop.sol', 'vow.t.sol', 'flip.t.sol', 'move.sol', 'vat.t.sol']
2,['flop.sol', 'vow.t.sol', 'flip.t.sol', 'move.sol', 'jug.t.sol']
3,['flop.sol', 'vow.t.sol', 'flip.t.sol', 'move.sol', 'flap.sol']
3,['flop.sol', 'vow.t.sol', 'flip.t.sol', 'vat.sol', 'flop.t.sol']
3,['flop.sol', 'vow.t.sol', 'flip.t.sol', 'vat.sol', 'jug.sol']
2,['flop.sol', 'vow.t.sol', 'flip.t.sol', 'vat.sol', 'cat.sol']
3,['flop.sol', 'vow.t.sol', 'flip.t.sol', 'vat.sol', 'flap.t.sol']
3,['flop.sol', 'vow.t.sol', 'flip.t.sol', 'vat.sol', 'vat.t.sol']
3,['flop.sol', 'vow.t.sol', 'flip.t.sol', 'vat.sol', 'jug.t.sol']
3,['flop.sol', 'vow.t.sol', 'flip.t.sol', 'vat.sol', 'flap.sol']
3,['flop.sol', 'vow.t.sol', 'flip.t.sol', 'flop.t.sol', 'jug.sol']
3,['flop.sol', 'vow.t.sol', 'flip.t.sol', 'flop.t.sol', 'cat.sol']
2,['flop.sol', 'vow.t.sol', 'flip.t.sol', 'flop.t.sol', 'flap.t.sol']
2,['flop.sol', 'vow.t.sol', 'flip.t.sol', 'flop.t.sol', 'vat.t.sol']
2,['flop.sol', 'vow.t.sol', 'flip.t.sol', 'flop.t.sol', 'jug.t.sol']
3,['flop.sol', 'vow.t.sol', 'flip.t.sol', 'flop.t.sol', 'flap.sol']
3,['flop.sol', 'vow.t.sol', 'flip.t.sol', 'jug.sol', 'cat.sol']
3,['flop.sol', 'vow.t.sol', 'flip.t.sol', 'jug.sol', 'flap.t.sol']
2,['flop.sol', 'vow.t.sol', 'flip.t.sol', 'jug.sol', 'vat.t.sol']
3,['flop.sol', 'vow.t.sol', 'flip.t.sol', 'jug.sol', 'jug.t.sol']
3,['flop.sol', 'vow.t.sol', 'flip.t.sol', 'jug.sol', 'flap.sol']
3,['flop.sol', 'vow.t.sol', 'flip.t.sol', 'cat.sol', 'flap.t.sol']
2,['flop.sol', 'vow.t.sol', 'flip.t.sol', 'cat.sol', 'vat.t.sol']
3,['flop.sol', 'vow.t.sol', 'flip.t.sol', 'cat.sol', 'jug.t.sol']
2,['flop.sol', 'vow.t.sol', 'flip.t.sol', 'cat.sol', 'flap.sol']
1,['flop.sol', 'vow.t.sol', 'flip.t.sol', 'flap.t.sol', 'vat.t.sol']
2,['flop.sol', 'vow.t.sol', 'flip.t.sol', 'flap.t.sol', 'jug.t.sol']
3,['flop.sol', 'vow.t.sol', 'flip.t.sol', 'flap.t.sol', 'flap.sol']
1,['flop.sol', 'vow.t.sol', 'flip.t.sol', 'vat.t.sol', 'jug.t.sol']
2,['flop.sol', 'vow.t.sol', 'flip.t.sol', 'vat.t.sol', 'flap.sol']
2,['flop.sol', 'vow.t.sol', 'flip.t.sol', 'jug.t.sol', 'flap.sol']
2,['flop.sol', 'vow.t.sol', 'pit.sol', 'move.sol', 'vat.sol']
2,['flop.sol', 'vow.t.sol', 'pit.sol', 'move.sol', 'flop.t.sol']
2,['flop.sol', 'vow.t.sol', 'pit.sol', 'move.sol', 'jug.sol']
2,['flop.sol', 'vow.t.sol', 'pit.sol', 'move.sol', 'cat.sol']
2,['flop.sol', 'vow.t.sol', 'pit.sol', 'move.sol', 'flap.t.sol']
1,['flop.sol', 'vow.t.sol', 'pit.sol', 'move.sol', 'vat.t.sol']
2,['flop.sol', 'vow.t.sol', 'pit.sol', 'move.sol', 'jug.t.sol']
2,['flop.sol', 'vow.t.sol', 'pit.sol', 'move.sol', 'flap.sol']
2,['flop.sol', 'vow.t.sol', 'pit.sol', 'vat.sol', 'flop.t.sol']
2,['flop.sol', 'vow.t.sol', 'pit.sol', 'vat.sol', 'jug.sol']
2,['flop.sol', 'vow.t.sol', 'pit.sol', 'vat.sol', 'cat.sol']
2,['flop.sol', 'vow.t.sol', 'pit.sol', 'vat.sol', 'flap.t.sol']
1,['flop.sol', 'vow.t.sol', 'pit.sol', 'vat.sol', 'vat.t.sol']
2,['flop.sol', 'vow.t.sol', 'pit.sol', 'vat.sol', 'jug.t.sol']
2,['flop.sol', 'vow.t.sol', 'pit.sol', 'vat.sol', 'flap.sol']
2,['flop.sol', 'vow.t.sol', 'pit.sol', 'flop.t.sol', 'jug.sol']
2,['flop.sol', 'vow.t.sol', 'pit.sol', 'flop.t.sol', 'cat.sol']
3,['flop.sol', 'vow.t.sol', 'pit.sol', 'flop.t.sol', 'flap.t.sol']
2,['flop.sol', 'vow.t.sol', 'pit.sol', 'flop.t.sol', 'vat.t.sol']
2,['flop.sol', 'vow.t.sol', 'pit.sol', 'flop.t.sol', 'jug.t.sol']
2,['flop.sol', 'vow.t.sol', 'pit.sol', 'flop.t.sol', 'flap.sol']
2,['flop.sol', 'vow.t.sol', 'pit.sol', 'jug.sol', 'cat.sol']
2,['flop.sol', 'vow.t.sol', 'pit.sol', 'jug.sol', 'flap.t.sol']
2,['flop.sol', 'vow.t.sol', 'pit.sol', 'jug.sol', 'vat.t.sol']
2,['flop.sol', 'vow.t.sol', 'pit.sol', 'jug.sol', 'jug.t.sol']
2,['flop.sol', 'vow.t.sol', 'pit.sol', 'jug.sol', 'flap.sol']
2,['flop.sol', 'vow.t.sol', 'pit.sol', 'cat.sol', 'flap.t.sol']
1,['flop.sol', 'vow.t.sol', 'pit.sol', 'cat.sol', 'vat.t.sol']
2,['flop.sol', 'vow.t.sol', 'pit.sol', 'cat.sol', 'jug.t.sol']
2,['flop.sol', 'vow.t.sol', 'pit.sol', 'cat.sol', 'flap.sol']
2,['flop.sol', 'vow.t.sol', 'pit.sol', 'flap.t.sol', 'vat.t.sol']
2,['flop.sol', 'vow.t.sol', 'pit.sol', 'flap.t.sol', 'jug.t.sol']
2,['flop.sol', 'vow.t.sol', 'pit.sol', 'flap.t.sol', 'flap.sol']
1,['flop.sol', 'vow.t.sol', 'pit.sol', 'vat.t.sol', 'jug.t.sol']
1,['flop.sol', 'vow.t.sol', 'pit.sol', 'vat.t.sol', 'flap.sol']
2,['flop.sol', 'vow.t.sol', 'pit.sol', 'jug.t.sol', 'flap.sol']
2,['flop.sol', 'vow.t.sol', 'move.sol', 'vat.sol', 'flop.t.sol']
2,['flop.sol', 'vow.t.sol', 'move.sol', 'vat.sol', 'jug.sol']
2,['flop.sol', 'vow.t.sol', 'move.sol', 'vat.sol', 'cat.sol']
2,['flop.sol', 'vow.t.sol', 'move.sol', 'vat.sol', 'flap.t.sol']
2,['flop.sol', 'vow.t.sol', 'move.sol', 'vat.sol', 'vat.t.sol']
2,['flop.sol', 'vow.t.sol', 'move.sol', 'vat.sol', 'jug.t.sol']
2,['flop.sol', 'vow.t.sol', 'move.sol', 'vat.sol', 'flap.sol']
4,['flop.sol', 'vow.t.sol', 'move.sol', 'flop.t.sol', 'jug.sol']
2,['flop.sol', 'vow.t.sol', 'move.sol', 'flop.t.sol', 'cat.sol']
3,['flop.sol', 'vow.t.sol', 'move.sol', 'flop.t.sol', 'flap.t.sol']
2,['flop.sol', 'vow.t.sol', 'move.sol', 'flop.t.sol', 'vat.t.sol']
3,['flop.sol', 'vow.t.sol', 'move.sol', 'flop.t.sol', 'jug.t.sol']
3,['flop.sol', 'vow.t.sol', 'move.sol', 'flop.t.sol', 'flap.sol']
2,['flop.sol', 'vow.t.sol', 'move.sol', 'jug.sol', 'cat.sol']
3,['flop.sol', 'vow.t.sol', 'move.sol', 'jug.sol', 'flap.t.sol']
2,['flop.sol', 'vow.t.sol', 'move.sol', 'jug.sol', 'vat.t.sol']
3,['flop.sol', 'vow.t.sol', 'move.sol', 'jug.sol', 'jug.t.sol']
2,['flop.sol', 'vow.t.sol', 'move.sol', 'jug.sol', 'flap.sol']
2,['flop.sol', 'vow.t.sol', 'move.sol', 'cat.sol', 'flap.t.sol']
2,['flop.sol', 'vow.t.sol', 'move.sol', 'cat.sol', 'vat.t.sol']
2,['flop.sol', 'vow.t.sol', 'move.sol', 'cat.sol', 'jug.t.sol']
2,['flop.sol', 'vow.t.sol', 'move.sol', 'cat.sol', 'flap.sol']
2,['flop.sol', 'vow.t.sol', 'move.sol', 'flap.t.sol', 'vat.t.sol']
3,['flop.sol', 'vow.t.sol', 'move.sol', 'flap.t.sol', 'jug.t.sol']
3,['flop.sol', 'vow.t.sol', 'move.sol', 'flap.t.sol', 'flap.sol']
2,['flop.sol', 'vow.t.sol', 'move.sol', 'vat.t.sol', 'jug.t.sol']
2,['flop.sol', 'vow.t.sol', 'move.sol', 'vat.t.sol', 'flap.sol']
2,['flop.sol', 'vow.t.sol', 'move.sol', 'jug.t.sol', 'flap.sol']
2,['flop.sol', 'vow.t.sol', 'vat.sol', 'flop.t.sol', 'jug.sol']
2,['flop.sol', 'vow.t.sol', 'vat.sol', 'flop.t.sol', 'cat.sol']
3,['flop.sol', 'vow.t.sol', 'vat.sol', 'flop.t.sol', 'flap.t.sol']
2,['flop.sol', 'vow.t.sol', 'vat.sol', 'flop.t.sol', 'vat.t.sol']
2,['flop.sol', 'vow.t.sol', 'vat.sol', 'flop.t.sol', 'jug.t.sol']
2,['flop.sol', 'vow.t.sol', 'vat.sol', 'flop.t.sol', 'flap.sol']
2,['flop.sol', 'vow.t.sol', 'vat.sol', 'jug.sol', 'cat.sol']
2,['flop.sol', 'vow.t.sol', 'vat.sol', 'jug.sol', 'flap.t.sol']
1,['flop.sol', 'vow.t.sol', 'vat.sol', 'jug.sol', 'vat.t.sol']
2,['flop.sol', 'vow.t.sol', 'vat.sol', 'jug.sol', 'jug.t.sol']
2,['flop.sol', 'vow.t.sol', 'vat.sol', 'jug.sol', 'flap.sol']
2,['flop.sol', 'vow.t.sol', 'vat.sol', 'cat.sol', 'flap.t.sol']
1,['flop.sol', 'vow.t.sol', 'vat.sol', 'cat.sol', 'vat.t.sol']
2,['flop.sol', 'vow.t.sol', 'vat.sol', 'cat.sol', 'jug.t.sol']
2,['flop.sol', 'vow.t.sol', 'vat.sol', 'cat.sol', 'flap.sol']
2,['flop.sol', 'vow.t.sol', 'vat.sol', 'flap.t.sol', 'vat.t.sol']
2,['flop.sol', 'vow.t.sol', 'vat.sol', 'flap.t.sol', 'jug.t.sol']
2,['flop.sol', 'vow.t.sol', 'vat.sol', 'flap.t.sol', 'flap.sol']
1,['flop.sol', 'vow.t.sol', 'vat.sol', 'vat.t.sol', 'jug.t.sol']
1,['flop.sol', 'vow.t.sol', 'vat.sol', 'vat.t.sol', 'flap.sol']
2,['flop.sol', 'vow.t.sol', 'vat.sol', 'jug.t.sol', 'flap.sol']
2,['flop.sol', 'vow.t.sol', 'flop.t.sol', 'jug.sol', 'cat.sol']
3,['flop.sol', 'vow.t.sol', 'flop.t.sol', 'jug.sol', 'flap.t.sol']
2,['flop.sol', 'vow.t.sol', 'flop.t.sol', 'jug.sol', 'vat.t.sol']
3,['flop.sol', 'vow.t.sol', 'flop.t.sol', 'jug.sol', 'jug.t.sol']
3,['flop.sol', 'vow.t.sol', 'flop.t.sol', 'jug.sol', 'flap.sol']
3,['flop.sol', 'vow.t.sol', 'flop.t.sol', 'cat.sol', 'flap.t.sol']
2,['flop.sol', 'vow.t.sol', 'flop.t.sol', 'cat.sol', 'vat.t.sol']
2,['flop.sol', 'vow.t.sol', 'flop.t.sol', 'cat.sol', 'jug.t.sol']
2,['flop.sol', 'vow.t.sol', 'flop.t.sol', 'cat.sol', 'flap.sol']
2,['flop.sol', 'vow.t.sol', 'flop.t.sol', 'flap.t.sol', 'vat.t.sol']
3,['flop.sol', 'vow.t.sol', 'flop.t.sol', 'flap.t.sol', 'jug.t.sol']
3,['flop.sol', 'vow.t.sol', 'flop.t.sol', 'flap.t.sol', 'flap.sol']
2,['flop.sol', 'vow.t.sol', 'flop.t.sol', 'vat.t.sol', 'jug.t.sol']
2,['flop.sol', 'vow.t.sol', 'flop.t.sol', 'vat.t.sol', 'flap.sol']
3,['flop.sol', 'vow.t.sol', 'flop.t.sol', 'jug.t.sol', 'flap.sol']
2,['flop.sol', 'vow.t.sol', 'jug.sol', 'cat.sol', 'flap.t.sol']
2,['flop.sol', 'vow.t.sol', 'jug.sol', 'cat.sol', 'vat.t.sol']
2,['flop.sol', 'vow.t.sol', 'jug.sol', 'cat.sol', 'jug.t.sol']
2,['flop.sol', 'vow.t.sol', 'jug.sol', 'cat.sol', 'flap.sol']
2,['flop.sol', 'vow.t.sol', 'jug.sol', 'flap.t.sol', 'vat.t.sol']
3,['flop.sol', 'vow.t.sol', 'jug.sol', 'flap.t.sol', 'jug.t.sol']
3,['flop.sol', 'vow.t.sol', 'jug.sol', 'flap.t.sol', 'flap.sol']
2,['flop.sol', 'vow.t.sol', 'jug.sol', 'vat.t.sol', 'jug.t.sol']
2,['flop.sol', 'vow.t.sol', 'jug.sol', 'vat.t.sol', 'flap.sol']
2,['flop.sol', 'vow.t.sol', 'jug.sol', 'jug.t.sol', 'flap.sol']
2,['flop.sol', 'vow.t.sol', 'cat.sol', 'flap.t.sol', 'vat.t.sol']
2,['flop.sol', 'vow.t.sol', 'cat.sol', 'flap.t.sol', 'jug.t.sol']
2,['flop.sol', 'vow.t.sol', 'cat.sol', 'flap.t.sol', 'flap.sol']
2,['flop.sol', 'vow.t.sol', 'cat.sol', 'vat.t.sol', 'jug.t.sol']
2,['flop.sol', 'vow.t.sol', 'cat.sol', 'vat.t.sol', 'flap.sol']
2,['flop.sol', 'vow.t.sol', 'cat.sol', 'jug.t.sol', 'flap.sol']
2,['flop.sol', 'vow.t.sol', 'flap.t.sol', 'vat.t.sol', 'jug.t.sol']
2,['flop.sol', 'vow.t.sol', 'flap.t.sol', 'vat.t.sol', 'flap.sol']
3,['flop.sol', 'vow.t.sol', 'flap.t.sol', 'jug.t.sol', 'flap.sol']
2,['flop.sol', 'vow.t.sol', 'vat.t.sol', 'jug.t.sol', 'flap.sol']
3,['flop.sol', 'join.sol', 'flip.sol', 'vow.sol', 'flip.t.sol']
2,['flop.sol', 'join.sol', 'flip.sol', 'vow.sol', 'pit.sol']
2,['flop.sol', 'join.sol', 'flip.sol', 'vow.sol', 'move.sol']
2,['flop.sol', 'join.sol', 'flip.sol', 'vow.sol', 'vat.sol']
2,['flop.sol', 'join.sol', 'flip.sol', 'vow.sol', 'flop.t.sol']
2,['flop.sol', 'join.sol', 'flip.sol', 'vow.sol', 'jug.sol']
2,['flop.sol', 'join.sol', 'flip.sol', 'vow.sol', 'cat.sol']
2,['flop.sol', 'join.sol', 'flip.sol', 'vow.sol', 'flap.t.sol']
2,['flop.sol', 'join.sol', 'flip.sol', 'vow.sol', 'vat.t.sol']
2,['flop.sol', 'join.sol', 'flip.sol', 'vow.sol', 'jug.t.sol']
2,['flop.sol', 'join.sol', 'flip.sol', 'vow.sol', 'flap.sol']
2,['flop.sol', 'join.sol', 'flip.sol', 'flip.t.sol', 'pit.sol']
3,['flop.sol', 'join.sol', 'flip.sol', 'flip.t.sol', 'move.sol']
2,['flop.sol', 'join.sol', 'flip.sol', 'flip.t.sol', 'vat.sol']
3,['flop.sol', 'join.sol', 'flip.sol', 'flip.t.sol', 'flop.t.sol']
3,['flop.sol', 'join.sol', 'flip.sol', 'flip.t.sol', 'jug.sol']
2,['flop.sol', 'join.sol', 'flip.sol', 'flip.t.sol', 'cat.sol']
3,['flop.sol', 'join.sol', 'flip.sol', 'flip.t.sol', 'flap.t.sol']
3,['flop.sol', 'join.sol', 'flip.sol', 'flip.t.sol', 'vat.t.sol']
3,['flop.sol', 'join.sol', 'flip.sol', 'flip.t.sol', 'jug.t.sol']
3,['flop.sol', 'join.sol', 'flip.sol', 'flip.t.sol', 'flap.sol']
3,['flop.sol', 'join.sol', 'flip.sol', 'pit.sol', 'move.sol']
2,['flop.sol', 'join.sol', 'flip.sol', 'pit.sol', 'vat.sol']
3,['flop.sol', 'join.sol', 'flip.sol', 'pit.sol', 'flop.t.sol']
2,['flop.sol', 'join.sol', 'flip.sol', 'pit.sol', 'jug.sol']
2,['flop.sol', 'join.sol', 'flip.sol', 'pit.sol', 'cat.sol']
3,['flop.sol', 'join.sol', 'flip.sol', 'pit.sol', 'flap.t.sol']
2,['flop.sol', 'join.sol', 'flip.sol', 'pit.sol', 'vat.t.sol']
3,['flop.sol', 'join.sol', 'flip.sol', 'pit.sol', 'jug.t.sol']
2,['flop.sol', 'join.sol', 'flip.sol', 'pit.sol', 'flap.sol']
2,['flop.sol', 'join.sol', 'flip.sol', 'move.sol', 'vat.sol']
3,['flop.sol', 'join.sol', 'flip.sol', 'move.sol', 'flop.t.sol']
2,['flop.sol', 'join.sol', 'flip.sol', 'move.sol', 'jug.sol']
2,['flop.sol', 'join.sol', 'flip.sol', 'move.sol', 'cat.sol']
3,['flop.sol', 'join.sol', 'flip.sol', 'move.sol', 'flap.t.sol']
2,['flop.sol', 'join.sol', 'flip.sol', 'move.sol', 'vat.t.sol']
3,['flop.sol', 'join.sol', 'flip.sol', 'move.sol', 'jug.t.sol']
2,['flop.sol', 'join.sol', 'flip.sol', 'move.sol', 'flap.sol']
2,['flop.sol', 'join.sol', 'flip.sol', 'vat.sol', 'flop.t.sol']
2,['flop.sol', 'join.sol', 'flip.sol', 'vat.sol', 'jug.sol']
2,['flop.sol', 'join.sol', 'flip.sol', 'vat.sol', 'cat.sol']
2,['flop.sol', 'join.sol', 'flip.sol', 'vat.sol', 'flap.t.sol']
3,['flop.sol', 'join.sol', 'flip.sol', 'vat.sol', 'vat.t.sol']
2,['flop.sol', 'join.sol', 'flip.sol', 'vat.sol', 'jug.t.sol']
2,['flop.sol', 'join.sol', 'flip.sol', 'vat.sol', 'flap.sol']
3,['flop.sol', 'join.sol', 'flip.sol', 'flop.t.sol', 'jug.sol']
2,['flop.sol', 'join.sol', 'flip.sol', 'flop.t.sol', 'cat.sol']
3,['flop.sol', 'join.sol', 'flip.sol', 'flop.t.sol', 'flap.t.sol']
2,['flop.sol', 'join.sol', 'flip.sol', 'flop.t.sol', 'vat.t.sol']
3,['flop.sol', 'join.sol', 'flip.sol', 'flop.t.sol', 'jug.t.sol']
3,['flop.sol', 'join.sol', 'flip.sol', 'flop.t.sol', 'flap.sol']
2,['flop.sol', 'join.sol', 'flip.sol', 'jug.sol', 'cat.sol']
3,['flop.sol', 'join.sol', 'flip.sol', 'jug.sol', 'flap.t.sol']
3,['flop.sol', 'join.sol', 'flip.sol', 'jug.sol', 'vat.t.sol']
3,['flop.sol', 'join.sol', 'flip.sol', 'jug.sol', 'jug.t.sol']
2,['flop.sol', 'join.sol', 'flip.sol', 'jug.sol', 'flap.sol']
2,['flop.sol', 'join.sol', 'flip.sol', 'cat.sol', 'flap.t.sol']
3,['flop.sol', 'join.sol', 'flip.sol', 'cat.sol', 'vat.t.sol']
3,['flop.sol', 'join.sol', 'flip.sol', 'cat.sol', 'jug.t.sol']
2,['flop.sol', 'join.sol', 'flip.sol', 'cat.sol', 'flap.sol']
2,['flop.sol', 'join.sol', 'flip.sol', 'flap.t.sol', 'vat.t.sol']
2,['flop.sol', 'join.sol', 'flip.sol', 'flap.t.sol', 'jug.t.sol']
3,['flop.sol', 'join.sol', 'flip.sol', 'flap.t.sol', 'flap.sol']
2,['flop.sol', 'join.sol', 'flip.sol', 'vat.t.sol', 'jug.t.sol']
2,['flop.sol', 'join.sol', 'flip.sol', 'vat.t.sol', 'flap.sol']
3,['flop.sol', 'join.sol', 'flip.sol', 'jug.t.sol', 'flap.sol']
2,['flop.sol', 'join.sol', 'vow.sol', 'flip.t.sol', 'pit.sol']
2,['flop.sol', 'join.sol', 'vow.sol', 'flip.t.sol', 'move.sol']
2,['flop.sol', 'join.sol', 'vow.sol', 'flip.t.sol', 'vat.sol']
3,['flop.sol', 'join.sol', 'vow.sol', 'flip.t.sol', 'flop.t.sol']
2,['flop.sol', 'join.sol', 'vow.sol', 'flip.t.sol', 'jug.sol']
2,['flop.sol', 'join.sol', 'vow.sol', 'flip.t.sol', 'cat.sol']
3,['flop.sol', 'join.sol', 'vow.sol', 'flip.t.sol', 'flap.t.sol']
2,['flop.sol', 'join.sol', 'vow.sol', 'flip.t.sol', 'vat.t.sol']
2,['flop.sol', 'join.sol', 'vow.sol', 'flip.t.sol', 'jug.t.sol']
2,['flop.sol', 'join.sol', 'vow.sol', 'flip.t.sol', 'flap.sol']
2,['flop.sol', 'join.sol', 'vow.sol', 'pit.sol', 'move.sol']
2,['flop.sol', 'join.sol', 'vow.sol', 'pit.sol', 'vat.sol']
2,['flop.sol', 'join.sol', 'vow.sol', 'pit.sol', 'flop.t.sol']
2,['flop.sol', 'join.sol', 'vow.sol', 'pit.sol', 'jug.sol']
2,['flop.sol', 'join.sol', 'vow.sol', 'pit.sol', 'cat.sol']
2,['flop.sol', 'join.sol', 'vow.sol', 'pit.sol', 'flap.t.sol']
2,['flop.sol', 'join.sol', 'vow.sol', 'pit.sol', 'vat.t.sol']
2,['flop.sol', 'join.sol', 'vow.sol', 'pit.sol', 'jug.t.sol']
2,['flop.sol', 'join.sol', 'vow.sol', 'pit.sol', 'flap.sol']
2,['flop.sol', 'join.sol', 'vow.sol', 'move.sol', 'vat.sol']
2,['flop.sol', 'join.sol', 'vow.sol', 'move.sol', 'flop.t.sol']
2,['flop.sol', 'join.sol', 'vow.sol', 'move.sol', 'jug.sol']
2,['flop.sol', 'join.sol', 'vow.sol', 'move.sol', 'cat.sol']
2,['flop.sol', 'join.sol', 'vow.sol', 'move.sol', 'flap.t.sol']
2,['flop.sol', 'join.sol', 'vow.sol', 'move.sol', 'vat.t.sol']
2,['flop.sol', 'join.sol', 'vow.sol', 'move.sol', 'jug.t.sol']
2,['flop.sol', 'join.sol', 'vow.sol', 'move.sol', 'flap.sol']
2,['flop.sol', 'join.sol', 'vow.sol', 'vat.sol', 'flop.t.sol']
2,['flop.sol', 'join.sol', 'vow.sol', 'vat.sol', 'jug.sol']
2,['flop.sol', 'join.sol', 'vow.sol', 'vat.sol', 'cat.sol']
2,['flop.sol', 'join.sol', 'vow.sol', 'vat.sol', 'flap.t.sol']
2,['flop.sol', 'join.sol', 'vow.sol', 'vat.sol', 'vat.t.sol']
2,['flop.sol', 'join.sol', 'vow.sol', 'vat.sol', 'jug.t.sol']
2,['flop.sol', 'join.sol', 'vow.sol', 'vat.sol', 'flap.sol']
2,['flop.sol', 'join.sol', 'vow.sol', 'flop.t.sol', 'jug.sol']
2,['flop.sol', 'join.sol', 'vow.sol', 'flop.t.sol', 'cat.sol']
3,['flop.sol', 'join.sol', 'vow.sol', 'flop.t.sol', 'flap.t.sol']
2,['flop.sol', 'join.sol', 'vow.sol', 'flop.t.sol', 'vat.t.sol']
2,['flop.sol', 'join.sol', 'vow.sol', 'flop.t.sol', 'jug.t.sol']
2,['flop.sol', 'join.sol', 'vow.sol', 'flop.t.sol', 'flap.sol']
2,['flop.sol', 'join.sol', 'vow.sol', 'jug.sol', 'cat.sol']
2,['flop.sol', 'join.sol', 'vow.sol', 'jug.sol', 'flap.t.sol']
2,['flop.sol', 'join.sol', 'vow.sol', 'jug.sol', 'vat.t.sol']
2,['flop.sol', 'join.sol', 'vow.sol', 'jug.sol', 'jug.t.sol']
2,['flop.sol', 'join.sol', 'vow.sol', 'jug.sol', 'flap.sol']
2,['flop.sol', 'join.sol', 'vow.sol', 'cat.sol', 'flap.t.sol']
2,['flop.sol', 'join.sol', 'vow.sol', 'cat.sol', 'vat.t.sol']
2,['flop.sol', 'join.sol', 'vow.sol', 'cat.sol', 'jug.t.sol']
2,['flop.sol', 'join.sol', 'vow.sol', 'cat.sol', 'flap.sol']
2,['flop.sol', 'join.sol', 'vow.sol', 'flap.t.sol', 'vat.t.sol']
2,['flop.sol', 'join.sol', 'vow.sol', 'flap.t.sol', 'jug.t.sol']
2,['flop.sol', 'join.sol', 'vow.sol', 'flap.t.sol', 'flap.sol']
1,['flop.sol', 'join.sol', 'vow.sol', 'vat.t.sol', 'jug.t.sol']
2,['flop.sol', 'join.sol', 'vow.sol', 'vat.t.sol', 'flap.sol']
2,['flop.sol', 'join.sol', 'vow.sol', 'jug.t.sol', 'flap.sol']
3,['flop.sol', 'join.sol', 'flip.t.sol', 'pit.sol', 'move.sol']
2,['flop.sol', 'join.sol', 'flip.t.sol', 'pit.sol', 'vat.sol']
3,['flop.sol', 'join.sol', 'flip.t.sol', 'pit.sol', 'flop.t.sol']
3,['flop.sol', 'join.sol', 'flip.t.sol', 'pit.sol', 'jug.sol']
2,['flop.sol', 'join.sol', 'flip.t.sol', 'pit.sol', 'cat.sol']
3,['flop.sol', 'join.sol', 'flip.t.sol', 'pit.sol', 'flap.t.sol']
2,['flop.sol', 'join.sol', 'flip.t.sol', 'pit.sol', 'vat.t.sol']
3,['flop.sol', 'join.sol', 'flip.t.sol', 'pit.sol', 'jug.t.sol']
3,['flop.sol', 'join.sol', 'flip.t.sol', 'pit.sol', 'flap.sol']
2,['flop.sol', 'join.sol', 'flip.t.sol', 'move.sol', 'vat.sol']
3,['flop.sol', 'join.sol', 'flip.t.sol', 'move.sol', 'flop.t.sol']
3,['flop.sol', 'join.sol', 'flip.t.sol', 'move.sol', 'jug.sol']
2,['flop.sol', 'join.sol', 'flip.t.sol', 'move.sol', 'cat.sol']
3,['flop.sol', 'join.sol', 'flip.t.sol', 'move.sol', 'flap.t.sol']
2,['flop.sol', 'join.sol', 'flip.t.sol', 'move.sol', 'vat.t.sol']
4,['flop.sol', 'join.sol', 'flip.t.sol', 'move.sol', 'jug.t.sol']
3,['flop.sol', 'join.sol', 'flip.t.sol', 'move.sol', 'flap.sol']
2,['flop.sol', 'join.sol', 'flip.t.sol', 'vat.sol', 'flop.t.sol']
2,['flop.sol', 'join.sol', 'flip.t.sol', 'vat.sol', 'jug.sol']
2,['flop.sol', 'join.sol', 'flip.t.sol', 'vat.sol', 'cat.sol']
2,['flop.sol', 'join.sol', 'flip.t.sol', 'vat.sol', 'flap.t.sol']
2,['flop.sol', 'join.sol', 'flip.t.sol', 'vat.sol', 'vat.t.sol']
2,['flop.sol', 'join.sol', 'flip.t.sol', 'vat.sol', 'jug.t.sol']
2,['flop.sol', 'join.sol', 'flip.t.sol', 'vat.sol', 'flap.sol']
3,['flop.sol', 'join.sol', 'flip.t.sol', 'flop.t.sol', 'jug.sol']
2,['flop.sol', 'join.sol', 'flip.t.sol', 'flop.t.sol', 'cat.sol']
3,['flop.sol', 'join.sol', 'flip.t.sol', 'flop.t.sol', 'flap.t.sol']
2,['flop.sol', 'join.sol', 'flip.t.sol', 'flop.t.sol', 'vat.t.sol']
3,['flop.sol', 'join.sol', 'flip.t.sol', 'flop.t.sol', 'jug.t.sol']
3,['flop.sol', 'join.sol', 'flip.t.sol', 'flop.t.sol', 'flap.sol']
2,['flop.sol', 'join.sol', 'flip.t.sol', 'jug.sol', 'cat.sol']
3,['flop.sol', 'join.sol', 'flip.t.sol', 'jug.sol', 'flap.t.sol']
3,['flop.sol', 'join.sol', 'flip.t.sol', 'jug.sol', 'vat.t.sol']
3,['flop.sol', 'join.sol', 'flip.t.sol', 'jug.sol', 'jug.t.sol']
3,['flop.sol', 'join.sol', 'flip.t.sol', 'jug.sol', 'flap.sol']
2,['flop.sol', 'join.sol', 'flip.t.sol', 'cat.sol', 'flap.t.sol']
3,['flop.sol', 'join.sol', 'flip.t.sol', 'cat.sol', 'vat.t.sol']
3,['flop.sol', 'join.sol', 'flip.t.sol', 'cat.sol', 'jug.t.sol']
3,['flop.sol', 'join.sol', 'flip.t.sol', 'cat.sol', 'flap.sol']
2,['flop.sol', 'join.sol', 'flip.t.sol', 'flap.t.sol', 'vat.t.sol']
3,['flop.sol', 'join.sol', 'flip.t.sol', 'flap.t.sol', 'jug.t.sol']
3,['flop.sol', 'join.sol', 'flip.t.sol', 'flap.t.sol', 'flap.sol']
2,['flop.sol', 'join.sol', 'flip.t.sol', 'vat.t.sol', 'jug.t.sol']
2,['flop.sol', 'join.sol', 'flip.t.sol', 'vat.t.sol', 'flap.sol']
2,['flop.sol', 'join.sol', 'flip.t.sol', 'jug.t.sol', 'flap.sol']
3,['flop.sol', 'join.sol', 'pit.sol', 'move.sol', 'vat.sol']
4,['flop.sol', 'join.sol', 'pit.sol', 'move.sol', 'flop.t.sol']
3,['flop.sol', 'join.sol', 'pit.sol', 'move.sol', 'jug.sol']
3,['flop.sol', 'join.sol', 'pit.sol', 'move.sol', 'cat.sol']
3,['flop.sol', 'join.sol', 'pit.sol', 'move.sol', 'flap.t.sol']
2,['flop.sol', 'join.sol', 'pit.sol', 'move.sol', 'vat.t.sol']
3,['flop.sol', 'join.sol', 'pit.sol', 'move.sol', 'jug.t.sol']
3,['flop.sol', 'join.sol', 'pit.sol', 'move.sol', 'flap.sol']
3,['flop.sol', 'join.sol', 'pit.sol', 'vat.sol', 'flop.t.sol']
3,['flop.sol', 'join.sol', 'pit.sol', 'vat.sol', 'jug.sol']
3,['flop.sol', 'join.sol', 'pit.sol', 'vat.sol', 'cat.sol']
2,['flop.sol', 'join.sol', 'pit.sol', 'vat.sol', 'flap.t.sol']
3,['flop.sol', 'join.sol', 'pit.sol', 'vat.sol', 'vat.t.sol']
3,['flop.sol', 'join.sol', 'pit.sol', 'vat.sol', 'jug.t.sol']
2,['flop.sol', 'join.sol', 'pit.sol', 'vat.sol', 'flap.sol']
3,['flop.sol', 'join.sol', 'pit.sol', 'flop.t.sol', 'jug.sol']
3,['flop.sol', 'join.sol', 'pit.sol', 'flop.t.sol', 'cat.sol']
3,['flop.sol', 'join.sol', 'pit.sol', 'flop.t.sol', 'flap.t.sol']
2,['flop.sol', 'join.sol', 'pit.sol', 'flop.t.sol', 'vat.t.sol']
3,['flop.sol', 'join.sol', 'pit.sol', 'flop.t.sol', 'jug.t.sol']
3,['flop.sol', 'join.sol', 'pit.sol', 'flop.t.sol', 'flap.sol']
2,['flop.sol', 'join.sol', 'pit.sol', 'jug.sol', 'cat.sol']
3,['flop.sol', 'join.sol', 'pit.sol', 'jug.sol', 'flap.t.sol']
3,['flop.sol', 'join.sol', 'pit.sol', 'jug.sol', 'vat.t.sol']
2,['flop.sol', 'join.sol', 'pit.sol', 'jug.sol', 'jug.t.sol']
3,['flop.sol', 'join.sol', 'pit.sol', 'jug.sol', 'flap.sol']
3,['flop.sol', 'join.sol', 'pit.sol', 'cat.sol', 'flap.t.sol']
3,['flop.sol', 'join.sol', 'pit.sol', 'cat.sol', 'vat.t.sol']
2,['flop.sol', 'join.sol', 'pit.sol', 'cat.sol', 'jug.t.sol']
3,['flop.sol', 'join.sol', 'pit.sol', 'cat.sol', 'flap.sol']
2,['flop.sol', 'join.sol', 'pit.sol', 'flap.t.sol', 'vat.t.sol']
3,['flop.sol', 'join.sol', 'pit.sol', 'flap.t.sol', 'jug.t.sol']
3,['flop.sol', 'join.sol', 'pit.sol', 'flap.t.sol', 'flap.sol']
2,['flop.sol', 'join.sol', 'pit.sol', 'vat.t.sol', 'jug.t.sol']
2,['flop.sol', 'join.sol', 'pit.sol', 'vat.t.sol', 'flap.sol']
3,['flop.sol', 'join.sol', 'pit.sol', 'jug.t.sol', 'flap.sol']
3,['flop.sol', 'join.sol', 'move.sol', 'vat.sol', 'flop.t.sol']
3,['flop.sol', 'join.sol', 'move.sol', 'vat.sol', 'jug.sol']
3,['flop.sol', 'join.sol', 'move.sol', 'vat.sol', 'cat.sol']
3,['flop.sol', 'join.sol', 'move.sol', 'vat.sol', 'flap.t.sol']
3,['flop.sol', 'join.sol', 'move.sol', 'vat.sol', 'vat.t.sol']
3,['flop.sol', 'join.sol', 'move.sol', 'vat.sol', 'jug.t.sol']
3,['flop.sol', 'join.sol', 'move.sol', 'vat.sol', 'flap.sol']
4,['flop.sol', 'join.sol', 'move.sol', 'flop.t.sol', 'jug.sol']
4,['flop.sol', 'join.sol', 'move.sol', 'flop.t.sol', 'cat.sol']
3,['flop.sol', 'join.sol', 'move.sol', 'flop.t.sol', 'flap.t.sol']
2,['flop.sol', 'join.sol', 'move.sol', 'flop.t.sol', 'vat.t.sol']
4,['flop.sol', 'join.sol', 'move.sol', 'flop.t.sol', 'jug.t.sol']
4,['flop.sol', 'join.sol', 'move.sol', 'flop.t.sol', 'flap.sol']
2,['flop.sol', 'join.sol', 'move.sol', 'jug.sol', 'cat.sol']
4,['flop.sol', 'join.sol', 'move.sol', 'jug.sol', 'flap.t.sol']
3,['flop.sol', 'join.sol', 'move.sol', 'jug.sol', 'vat.t.sol']
3,['flop.sol', 'join.sol', 'move.sol', 'jug.sol', 'jug.t.sol']
3,['flop.sol', 'join.sol', 'move.sol', 'jug.sol', 'flap.sol']
4,['flop.sol', 'join.sol', 'move.sol', 'cat.sol', 'flap.t.sol']
3,['flop.sol', 'join.sol', 'move.sol', 'cat.sol', 'vat.t.sol']
2,['flop.sol', 'join.sol', 'move.sol', 'cat.sol', 'jug.t.sol']
3,['flop.sol', 'join.sol', 'move.sol', 'cat.sol', 'flap.sol']
2,['flop.sol', 'join.sol', 'move.sol', 'flap.t.sol', 'vat.t.sol']
4,['flop.sol', 'join.sol', 'move.sol', 'flap.t.sol', 'jug.t.sol']
3,['flop.sol', 'join.sol', 'move.sol', 'flap.t.sol', 'flap.sol']
2,['flop.sol', 'join.sol', 'move.sol', 'vat.t.sol', 'jug.t.sol']
2,['flop.sol', 'join.sol', 'move.sol', 'vat.t.sol', 'flap.sol']
3,['flop.sol', 'join.sol', 'move.sol', 'jug.t.sol', 'flap.sol']
3,['flop.sol', 'join.sol', 'vat.sol', 'flop.t.sol', 'jug.sol']
2,['flop.sol', 'join.sol', 'vat.sol', 'flop.t.sol', 'cat.sol']
2,['flop.sol', 'join.sol', 'vat.sol', 'flop.t.sol', 'flap.t.sol']
3,['flop.sol', 'join.sol', 'vat.sol', 'flop.t.sol', 'vat.t.sol']
3,['flop.sol', 'join.sol', 'vat.sol', 'flop.t.sol', 'jug.t.sol']
2,['flop.sol', 'join.sol', 'vat.sol', 'flop.t.sol', 'flap.sol']
3,['flop.sol', 'join.sol', 'vat.sol', 'jug.sol', 'cat.sol']
2,['flop.sol', 'join.sol', 'vat.sol', 'jug.sol', 'flap.t.sol']
3,['flop.sol', 'join.sol', 'vat.sol', 'jug.sol', 'vat.t.sol']
3,['flop.sol', 'join.sol', 'vat.sol', 'jug.sol', 'jug.t.sol']
2,['flop.sol', 'join.sol', 'vat.sol', 'jug.sol', 'flap.sol']
2,['flop.sol', 'join.sol', 'vat.sol', 'cat.sol', 'flap.t.sol']
2,['flop.sol', 'join.sol', 'vat.sol', 'cat.sol', 'vat.t.sol']
3,['flop.sol', 'join.sol', 'vat.sol', 'cat.sol', 'jug.t.sol']
2,['flop.sol', 'join.sol', 'vat.sol', 'cat.sol', 'flap.sol']
3,['flop.sol', 'join.sol', 'vat.sol', 'flap.t.sol', 'vat.t.sol']
3,['flop.sol', 'join.sol', 'vat.sol', 'flap.t.sol', 'jug.t.sol']
2,['flop.sol', 'join.sol', 'vat.sol', 'flap.t.sol', 'flap.sol']
3,['flop.sol', 'join.sol', 'vat.sol', 'vat.t.sol', 'jug.t.sol']
3,['flop.sol', 'join.sol', 'vat.sol', 'vat.t.sol', 'flap.sol']
3,['flop.sol', 'join.sol', 'vat.sol', 'jug.t.sol', 'flap.sol']
3,['flop.sol', 'join.sol', 'flop.t.sol', 'jug.sol', 'cat.sol']
4,['flop.sol', 'join.sol', 'flop.t.sol', 'jug.sol', 'flap.t.sol']
3,['flop.sol', 'join.sol', 'flop.t.sol', 'jug.sol', 'vat.t.sol']
2,['flop.sol', 'join.sol', 'flop.t.sol', 'jug.sol', 'jug.t.sol']
3,['flop.sol', 'join.sol', 'flop.t.sol', 'jug.sol', 'flap.sol']
3,['flop.sol', 'join.sol', 'flop.t.sol', 'cat.sol', 'flap.t.sol']
3,['flop.sol', 'join.sol', 'flop.t.sol', 'cat.sol', 'vat.t.sol']
2,['flop.sol', 'join.sol', 'flop.t.sol', 'cat.sol', 'jug.t.sol']
2,['flop.sol', 'join.sol', 'flop.t.sol', 'cat.sol', 'flap.sol']
3,['flop.sol', 'join.sol', 'flop.t.sol', 'flap.t.sol', 'vat.t.sol']
3,['flop.sol', 'join.sol', 'flop.t.sol', 'flap.t.sol', 'jug.t.sol']
4,['flop.sol', 'join.sol', 'flop.t.sol', 'flap.t.sol', 'flap.sol']
3,['flop.sol', 'join.sol', 'flop.t.sol', 'vat.t.sol', 'jug.t.sol']
3,['flop.sol', 'join.sol', 'flop.t.sol', 'vat.t.sol', 'flap.sol']
3,['flop.sol', 'join.sol', 'flop.t.sol', 'jug.t.sol', 'flap.sol']
3,['flop.sol', 'join.sol', 'jug.sol', 'cat.sol', 'flap.t.sol']
2,['flop.sol', 'join.sol', 'jug.sol', 'cat.sol', 'vat.t.sol']
2,['flop.sol', 'join.sol', 'jug.sol', 'cat.sol', 'jug.t.sol']
3,['flop.sol', 'join.sol', 'jug.sol', 'cat.sol', 'flap.sol']
3,['flop.sol', 'join.sol', 'jug.sol', 'flap.t.sol', 'vat.t.sol']
3,['flop.sol', 'join.sol', 'jug.sol', 'flap.t.sol', 'jug.t.sol']
3,['flop.sol', 'join.sol', 'jug.sol', 'flap.t.sol', 'flap.sol']
2,['flop.sol', 'join.sol', 'jug.sol', 'vat.t.sol', 'jug.t.sol']
3,['flop.sol', 'join.sol', 'jug.sol', 'vat.t.sol', 'flap.sol']
3,['flop.sol', 'join.sol', 'jug.sol', 'jug.t.sol', 'flap.sol']
3,['flop.sol', 'join.sol', 'cat.sol', 'flap.t.sol', 'vat.t.sol']
3,['flop.sol', 'join.sol', 'cat.sol', 'flap.t.sol', 'jug.t.sol']
2,['flop.sol', 'join.sol', 'cat.sol', 'flap.t.sol', 'flap.sol']
1,['flop.sol', 'join.sol', 'cat.sol', 'vat.t.sol', 'jug.t.sol']
3,['flop.sol', 'join.sol', 'cat.sol', 'vat.t.sol', 'flap.sol']
2,['flop.sol', 'join.sol', 'cat.sol', 'jug.t.sol', 'flap.sol']
2,['flop.sol', 'join.sol', 'flap.t.sol', 'vat.t.sol', 'jug.t.sol']
3,['flop.sol', 'join.sol', 'flap.t.sol', 'vat.t.sol', 'flap.sol']
3,['flop.sol', 'join.sol', 'flap.t.sol', 'jug.t.sol', 'flap.sol']
2,['flop.sol', 'join.sol', 'vat.t.sol', 'jug.t.sol', 'flap.sol']
2,['flop.sol', 'flip.sol', 'vow.sol', 'flip.t.sol', 'pit.sol']
3,['flop.sol', 'flip.sol', 'vow.sol', 'flip.t.sol', 'move.sol']
2,['flop.sol', 'flip.sol', 'vow.sol', 'flip.t.sol', 'vat.sol']
3,['flop.sol', 'flip.sol', 'vow.sol', 'flip.t.sol', 'flop.t.sol']
2,['flop.sol', 'flip.sol', 'vow.sol', 'flip.t.sol', 'jug.sol']
2,['flop.sol', 'flip.sol', 'vow.sol', 'flip.t.sol', 'cat.sol']
3,['flop.sol', 'flip.sol', 'vow.sol', 'flip.t.sol', 'flap.t.sol']
3,['flop.sol', 'flip.sol', 'vow.sol', 'flip.t.sol', 'vat.t.sol']
2,['flop.sol', 'flip.sol', 'vow.sol', 'flip.t.sol', 'jug.t.sol']
3,['flop.sol', 'flip.sol', 'vow.sol', 'flip.t.sol', 'flap.sol']
2,['flop.sol', 'flip.sol', 'vow.sol', 'pit.sol', 'move.sol']
2,['flop.sol', 'flip.sol', 'vow.sol', 'pit.sol', 'vat.sol']
2,['flop.sol', 'flip.sol', 'vow.sol', 'pit.sol', 'flop.t.sol']
2,['flop.sol', 'flip.sol', 'vow.sol', 'pit.sol', 'jug.sol']
2,['flop.sol', 'flip.sol', 'vow.sol', 'pit.sol', 'cat.sol']
2,['flop.sol', 'flip.sol', 'vow.sol', 'pit.sol', 'flap.t.sol']
1,['flop.sol', 'flip.sol', 'vow.sol', 'pit.sol', 'vat.t.sol']
2,['flop.sol', 'flip.sol', 'vow.sol', 'pit.sol', 'jug.t.sol']
2,['flop.sol', 'flip.sol', 'vow.sol', 'pit.sol', 'flap.sol']
2,['flop.sol', 'flip.sol', 'vow.sol', 'move.sol', 'vat.sol']
2,['flop.sol', 'flip.sol', 'vow.sol', 'move.sol', 'flop.t.sol']
2,['flop.sol', 'flip.sol', 'vow.sol', 'move.sol', 'jug.sol']
2,['flop.sol', 'flip.sol', 'vow.sol', 'move.sol', 'cat.sol']
2,['flop.sol', 'flip.sol', 'vow.sol', 'move.sol', 'flap.t.sol']
2,['flop.sol', 'flip.sol', 'vow.sol', 'move.sol', 'vat.t.sol']
2,['flop.sol', 'flip.sol', 'vow.sol', 'move.sol', 'jug.t.sol']
2,['flop.sol', 'flip.sol', 'vow.sol', 'move.sol', 'flap.sol']
2,['flop.sol', 'flip.sol', 'vow.sol', 'vat.sol', 'flop.t.sol']
2,['flop.sol', 'flip.sol', 'vow.sol', 'vat.sol', 'jug.sol']
2,['flop.sol', 'flip.sol', 'vow.sol', 'vat.sol', 'cat.sol']
2,['flop.sol', 'flip.sol', 'vow.sol', 'vat.sol', 'flap.t.sol']
2,['flop.sol', 'flip.sol', 'vow.sol', 'vat.sol', 'vat.t.sol']
2,['flop.sol', 'flip.sol', 'vow.sol', 'vat.sol', 'jug.t.sol']
2,['flop.sol', 'flip.sol', 'vow.sol', 'vat.sol', 'flap.sol']
2,['flop.sol', 'flip.sol', 'vow.sol', 'flop.t.sol', 'jug.sol']
2,['flop.sol', 'flip.sol', 'vow.sol', 'flop.t.sol', 'cat.sol']
3,['flop.sol', 'flip.sol', 'vow.sol', 'flop.t.sol', 'flap.t.sol']
2,['flop.sol', 'flip.sol', 'vow.sol', 'flop.t.sol', 'vat.t.sol']
2,['flop.sol', 'flip.sol', 'vow.sol', 'flop.t.sol', 'jug.t.sol']
3,['flop.sol', 'flip.sol', 'vow.sol', 'flop.t.sol', 'flap.sol']
2,['flop.sol', 'flip.sol', 'vow.sol', 'jug.sol', 'cat.sol']
2,['flop.sol', 'flip.sol', 'vow.sol', 'jug.sol', 'flap.t.sol']
1,['flop.sol', 'flip.sol', 'vow.sol', 'jug.sol', 'vat.t.sol']
2,['flop.sol', 'flip.sol', 'vow.sol', 'jug.sol', 'jug.t.sol']
2,['flop.sol', 'flip.sol', 'vow.sol', 'jug.sol', 'flap.sol']
2,['flop.sol', 'flip.sol', 'vow.sol', 'cat.sol', 'flap.t.sol']
2,['flop.sol', 'flip.sol', 'vow.sol', 'cat.sol', 'vat.t.sol']
2,['flop.sol', 'flip.sol', 'vow.sol', 'cat.sol', 'jug.t.sol']
2,['flop.sol', 'flip.sol', 'vow.sol', 'cat.sol', 'flap.sol']
2,['flop.sol', 'flip.sol', 'vow.sol', 'flap.t.sol', 'vat.t.sol']
2,['flop.sol', 'flip.sol', 'vow.sol', 'flap.t.sol', 'jug.t.sol']
3,['flop.sol', 'flip.sol', 'vow.sol', 'flap.t.sol', 'flap.sol']
1,['flop.sol', 'flip.sol', 'vow.sol', 'vat.t.sol', 'jug.t.sol']
2,['flop.sol', 'flip.sol', 'vow.sol', 'vat.t.sol', 'flap.sol']
2,['flop.sol', 'flip.sol', 'vow.sol', 'jug.t.sol', 'flap.sol']
2,['flop.sol', 'flip.sol', 'flip.t.sol', 'pit.sol', 'move.sol']
2,['flop.sol', 'flip.sol', 'flip.t.sol', 'pit.sol', 'vat.sol']
2,['flop.sol', 'flip.sol', 'flip.t.sol', 'pit.sol', 'flop.t.sol']
2,['flop.sol', 'flip.sol', 'flip.t.sol', 'pit.sol', 'jug.sol']
2,['flop.sol', 'flip.sol', 'flip.t.sol', 'pit.sol', 'cat.sol']
2,['flop.sol', 'flip.sol', 'flip.t.sol', 'pit.sol', 'flap.t.sol']
2,['flop.sol', 'flip.sol', 'flip.t.sol', 'pit.sol', 'vat.t.sol']
2,['flop.sol', 'flip.sol', 'flip.t.sol', 'pit.sol', 'jug.t.sol']
2,['flop.sol', 'flip.sol', 'flip.t.sol', 'pit.sol', 'flap.sol']
2,['flop.sol', 'flip.sol', 'flip.t.sol', 'move.sol', 'vat.sol']
3,['flop.sol', 'flip.sol', 'flip.t.sol', 'move.sol', 'flop.t.sol']
3,['flop.sol', 'flip.sol', 'flip.t.sol', 'move.sol', 'jug.sol']
2,['flop.sol', 'flip.sol', 'flip.t.sol', 'move.sol', 'cat.sol']
3,['flop.sol', 'flip.sol', 'flip.t.sol', 'move.sol', 'flap.t.sol']
3,['flop.sol', 'flip.sol', 'flip.t.sol', 'move.sol', 'vat.t.sol']
2,['flop.sol', 'flip.sol', 'flip.t.sol', 'move.sol', 'jug.t.sol']
3,['flop.sol', 'flip.sol', 'flip.t.sol', 'move.sol', 'flap.sol']
2,['flop.sol', 'flip.sol', 'flip.t.sol', 'vat.sol', 'flop.t.sol']
2,['flop.sol', 'flip.sol', 'flip.t.sol', 'vat.sol', 'jug.sol']
2,['flop.sol', 'flip.sol', 'flip.t.sol', 'vat.sol', 'cat.sol']
2,['flop.sol', 'flip.sol', 'flip.t.sol', 'vat.sol', 'flap.t.sol']
2,['flop.sol', 'flip.sol', 'flip.t.sol', 'vat.sol', 'vat.t.sol']
2,['flop.sol', 'flip.sol', 'flip.t.sol', 'vat.sol', 'jug.t.sol']
2,['flop.sol', 'flip.sol', 'flip.t.sol', 'vat.sol', 'flap.sol']
3,['flop.sol', 'flip.sol', 'flip.t.sol', 'flop.t.sol', 'jug.sol']
2,['flop.sol', 'flip.sol', 'flip.t.sol', 'flop.t.sol', 'cat.sol']
3,['flop.sol', 'flip.sol', 'flip.t.sol', 'flop.t.sol', 'flap.t.sol']
3,['flop.sol', 'flip.sol', 'flip.t.sol', 'flop.t.sol', 'vat.t.sol']
3,['flop.sol', 'flip.sol', 'flip.t.sol', 'flop.t.sol', 'jug.t.sol']
3,['flop.sol', 'flip.sol', 'flip.t.sol', 'flop.t.sol', 'flap.sol']
2,['flop.sol', 'flip.sol', 'flip.t.sol', 'jug.sol', 'cat.sol']
3,['flop.sol', 'flip.sol', 'flip.t.sol', 'jug.sol', 'flap.t.sol']
3,['flop.sol', 'flip.sol', 'flip.t.sol', 'jug.sol', 'vat.t.sol']
3,['flop.sol', 'flip.sol', 'flip.t.sol', 'jug.sol', 'jug.t.sol']
3,['flop.sol', 'flip.sol', 'flip.t.sol', 'jug.sol', 'flap.sol']
2,['flop.sol', 'flip.sol', 'flip.t.sol', 'cat.sol', 'flap.t.sol']
3,['flop.sol', 'flip.sol', 'flip.t.sol', 'cat.sol', 'vat.t.sol']
2,['flop.sol', 'flip.sol', 'flip.t.sol', 'cat.sol', 'jug.t.sol']
2,['flop.sol', 'flip.sol', 'flip.t.sol', 'cat.sol', 'flap.sol']
3,['flop.sol', 'flip.sol', 'flip.t.sol', 'flap.t.sol', 'vat.t.sol']
3,['flop.sol', 'flip.sol', 'flip.t.sol', 'flap.t.sol', 'jug.t.sol']
3,['flop.sol', 'flip.sol', 'flip.t.sol', 'flap.t.sol', 'flap.sol']
3,['flop.sol', 'flip.sol', 'flip.t.sol', 'vat.t.sol', 'jug.t.sol']
3,['flop.sol', 'flip.sol', 'flip.t.sol', 'vat.t.sol', 'flap.sol']
2,['flop.sol', 'flip.sol', 'flip.t.sol', 'jug.t.sol', 'flap.sol']
3,['flop.sol', 'flip.sol', 'pit.sol', 'move.sol', 'vat.sol']
2,['flop.sol', 'flip.sol', 'pit.sol', 'move.sol', 'flop.t.sol']
2,['flop.sol', 'flip.sol', 'pit.sol', 'move.sol', 'jug.sol']
2,['flop.sol', 'flip.sol', 'pit.sol', 'move.sol', 'cat.sol']
2,['flop.sol', 'flip.sol', 'pit.sol', 'move.sol', 'flap.t.sol']
2,['flop.sol', 'flip.sol', 'pit.sol', 'move.sol', 'vat.t.sol']
3,['flop.sol', 'flip.sol', 'pit.sol', 'move.sol', 'jug.t.sol']
2,['flop.sol', 'flip.sol', 'pit.sol', 'move.sol', 'flap.sol']
2,['flop.sol', 'flip.sol', 'pit.sol', 'vat.sol', 'flop.t.sol']
2,['flop.sol', 'flip.sol', 'pit.sol', 'vat.sol', 'jug.sol']
2,['flop.sol', 'flip.sol', 'pit.sol', 'vat.sol', 'cat.sol']
2,['flop.sol', 'flip.sol', 'pit.sol', 'vat.sol', 'flap.t.sol']
2,['flop.sol', 'flip.sol', 'pit.sol', 'vat.sol', 'vat.t.sol']
2,['flop.sol', 'flip.sol', 'pit.sol', 'vat.sol', 'jug.t.sol']
2,['flop.sol', 'flip.sol', 'pit.sol', 'vat.sol', 'flap.sol']
2,['flop.sol', 'flip.sol', 'pit.sol', 'flop.t.sol', 'jug.sol']
2,['flop.sol', 'flip.sol', 'pit.sol', 'flop.t.sol', 'cat.sol']
2,['flop.sol', 'flip.sol', 'pit.sol', 'flop.t.sol', 'flap.t.sol']
2,['flop.sol', 'flip.sol', 'pit.sol', 'flop.t.sol', 'vat.t.sol']
3,['flop.sol', 'flip.sol', 'pit.sol', 'flop.t.sol', 'jug.t.sol']
2,['flop.sol', 'flip.sol', 'pit.sol', 'flop.t.sol', 'flap.sol']
2,['flop.sol', 'flip.sol', 'pit.sol', 'jug.sol', 'cat.sol']
2,['flop.sol', 'flip.sol', 'pit.sol', 'jug.sol', 'flap.t.sol']
2,['flop.sol', 'flip.sol', 'pit.sol', 'jug.sol', 'vat.t.sol']
3,['flop.sol', 'flip.sol', 'pit.sol', 'jug.sol', 'jug.t.sol']
2,['flop.sol', 'flip.sol', 'pit.sol', 'jug.sol', 'flap.sol']
2,['flop.sol', 'flip.sol', 'pit.sol', 'cat.sol', 'flap.t.sol']
2,['flop.sol', 'flip.sol', 'pit.sol', 'cat.sol', 'vat.t.sol']
2,['flop.sol', 'flip.sol', 'pit.sol', 'cat.sol', 'jug.t.sol']
2,['flop.sol', 'flip.sol', 'pit.sol', 'cat.sol', 'flap.sol']
2,['flop.sol', 'flip.sol', 'pit.sol', 'flap.t.sol', 'vat.t.sol']
3,['flop.sol', 'flip.sol', 'pit.sol', 'flap.t.sol', 'jug.t.sol']
2,['flop.sol', 'flip.sol', 'pit.sol', 'flap.t.sol', 'flap.sol']
2,['flop.sol', 'flip.sol', 'pit.sol', 'vat.t.sol', 'jug.t.sol']
2,['flop.sol', 'flip.sol', 'pit.sol', 'vat.t.sol', 'flap.sol']
3,['flop.sol', 'flip.sol', 'pit.sol', 'jug.t.sol', 'flap.sol']
2,['flop.sol', 'flip.sol', 'move.sol', 'vat.sol', 'flop.t.sol']
2,['flop.sol', 'flip.sol', 'move.sol', 'vat.sol', 'jug.sol']
2,['flop.sol', 'flip.sol', 'move.sol', 'vat.sol', 'cat.sol']
2,['flop.sol', 'flip.sol', 'move.sol', 'vat.sol', 'flap.t.sol']
2,['flop.sol', 'flip.sol', 'move.sol', 'vat.sol', 'vat.t.sol']
2,['flop.sol', 'flip.sol', 'move.sol', 'vat.sol', 'jug.t.sol']
3,['flop.sol', 'flip.sol', 'move.sol', 'vat.sol', 'flap.sol']
3,['flop.sol', 'flip.sol', 'move.sol', 'flop.t.sol', 'jug.sol']
2,['flop.sol', 'flip.sol', 'move.sol', 'flop.t.sol', 'cat.sol']
3,['flop.sol', 'flip.sol', 'move.sol', 'flop.t.sol', 'flap.t.sol']
2,['flop.sol', 'flip.sol', 'move.sol', 'flop.t.sol', 'vat.t.sol']
3,['flop.sol', 'flip.sol', 'move.sol', 'flop.t.sol', 'jug.t.sol']
3,['flop.sol', 'flip.sol', 'move.sol', 'flop.t.sol', 'flap.sol']
2,['flop.sol', 'flip.sol', 'move.sol', 'jug.sol', 'cat.sol']
3,['flop.sol', 'flip.sol', 'move.sol', 'jug.sol', 'flap.t.sol']
2,['flop.sol', 'flip.sol', 'move.sol', 'jug.sol', 'vat.t.sol']
3,['flop.sol', 'flip.sol', 'move.sol', 'jug.sol', 'jug.t.sol']
2,['flop.sol', 'flip.sol', 'move.sol', 'jug.sol', 'flap.sol']
2,['flop.sol', 'flip.sol', 'move.sol', 'cat.sol', 'flap.t.sol']
3,['flop.sol', 'flip.sol', 'move.sol', 'cat.sol', 'vat.t.sol']
2,['flop.sol', 'flip.sol', 'move.sol', 'cat.sol', 'jug.t.sol']
2,['flop.sol', 'flip.sol', 'move.sol', 'cat.sol', 'flap.sol']
2,['flop.sol', 'flip.sol', 'move.sol', 'flap.t.sol', 'vat.t.sol']
2,['flop.sol', 'flip.sol', 'move.sol', 'flap.t.sol', 'jug.t.sol']
3,['flop.sol', 'flip.sol', 'move.sol', 'flap.t.sol', 'flap.sol']
2,['flop.sol', 'flip.sol', 'move.sol', 'vat.t.sol', 'jug.t.sol']
2,['flop.sol', 'flip.sol', 'move.sol', 'vat.t.sol', 'flap.sol']
3,['flop.sol', 'flip.sol', 'move.sol', 'jug.t.sol', 'flap.sol']
2,['flop.sol', 'flip.sol', 'vat.sol', 'flop.t.sol', 'jug.sol']
2,['flop.sol', 'flip.sol', 'vat.sol', 'flop.t.sol', 'cat.sol']
2,['flop.sol', 'flip.sol', 'vat.sol', 'flop.t.sol', 'flap.t.sol']
2,['flop.sol', 'flip.sol', 'vat.sol', 'flop.t.sol', 'vat.t.sol']
3,['flop.sol', 'flip.sol', 'vat.sol', 'flop.t.sol', 'jug.t.sol']
2,['flop.sol', 'flip.sol', 'vat.sol', 'flop.t.sol', 'flap.sol']
2,['flop.sol', 'flip.sol', 'vat.sol', 'jug.sol', 'cat.sol']
2,['flop.sol', 'flip.sol', 'vat.sol', 'jug.sol', 'flap.t.sol']
2,['flop.sol', 'flip.sol', 'vat.sol', 'jug.sol', 'vat.t.sol']
2,['flop.sol', 'flip.sol', 'vat.sol', 'jug.sol', 'jug.t.sol']
2,['flop.sol', 'flip.sol', 'vat.sol', 'jug.sol', 'flap.sol']
2,['flop.sol', 'flip.sol', 'vat.sol', 'cat.sol', 'flap.t.sol']
2,['flop.sol', 'flip.sol', 'vat.sol', 'cat.sol', 'vat.t.sol']
2,['flop.sol', 'flip.sol', 'vat.sol', 'cat.sol', 'jug.t.sol']
2,['flop.sol', 'flip.sol', 'vat.sol', 'cat.sol', 'flap.sol']
2,['flop.sol', 'flip.sol', 'vat.sol', 'flap.t.sol', 'vat.t.sol']
3,['flop.sol', 'flip.sol', 'vat.sol', 'flap.t.sol', 'jug.t.sol']
2,['flop.sol', 'flip.sol', 'vat.sol', 'flap.t.sol', 'flap.sol']
2,['flop.sol', 'flip.sol', 'vat.sol', 'vat.t.sol', 'jug.t.sol']
2,['flop.sol', 'flip.sol', 'vat.sol', 'vat.t.sol', 'flap.sol']
3,['flop.sol', 'flip.sol', 'vat.sol', 'jug.t.sol', 'flap.sol']
3,['flop.sol', 'flip.sol', 'flop.t.sol', 'jug.sol', 'cat.sol']
3,['flop.sol', 'flip.sol', 'flop.t.sol', 'jug.sol', 'flap.t.sol']
2,['flop.sol', 'flip.sol', 'flop.t.sol', 'jug.sol', 'vat.t.sol']
2,['flop.sol', 'flip.sol', 'flop.t.sol', 'jug.sol', 'jug.t.sol']
3,['flop.sol', 'flip.sol', 'flop.t.sol', 'jug.sol', 'flap.sol']
2,['flop.sol', 'flip.sol', 'flop.t.sol', 'cat.sol', 'flap.t.sol']
2,['flop.sol', 'flip.sol', 'flop.t.sol', 'cat.sol', 'vat.t.sol']
2,['flop.sol', 'flip.sol', 'flop.t.sol', 'cat.sol', 'jug.t.sol']
2,['flop.sol', 'flip.sol', 'flop.t.sol', 'cat.sol', 'flap.sol']
3,['flop.sol', 'flip.sol', 'flop.t.sol', 'flap.t.sol', 'vat.t.sol']
3,['flop.sol', 'flip.sol', 'flop.t.sol', 'flap.t.sol', 'jug.t.sol']
4,['flop.sol', 'flip.sol', 'flop.t.sol', 'flap.t.sol', 'flap.sol']
2,['flop.sol', 'flip.sol', 'flop.t.sol', 'vat.t.sol', 'jug.t.sol']
2,['flop.sol', 'flip.sol', 'flop.t.sol', 'vat.t.sol', 'flap.sol']
3,['flop.sol', 'flip.sol', 'flop.t.sol', 'jug.t.sol', 'flap.sol']
3,['flop.sol', 'flip.sol', 'jug.sol', 'cat.sol', 'flap.t.sol']
2,['flop.sol', 'flip.sol', 'jug.sol', 'cat.sol', 'vat.t.sol']
2,['flop.sol', 'flip.sol', 'jug.sol', 'cat.sol', 'jug.t.sol']
2,['flop.sol', 'flip.sol', 'jug.sol', 'cat.sol', 'flap.sol']
3,['flop.sol', 'flip.sol', 'jug.sol', 'flap.t.sol', 'vat.t.sol']
3,['flop.sol', 'flip.sol', 'jug.sol', 'flap.t.sol', 'jug.t.sol']
3,['flop.sol', 'flip.sol', 'jug.sol', 'flap.t.sol', 'flap.sol']
2,['flop.sol', 'flip.sol', 'jug.sol', 'vat.t.sol', 'jug.t.sol']
2,['flop.sol', 'flip.sol', 'jug.sol', 'vat.t.sol', 'flap.sol']
2,['flop.sol', 'flip.sol', 'jug.sol', 'jug.t.sol', 'flap.sol']
2,['flop.sol', 'flip.sol', 'cat.sol', 'flap.t.sol', 'vat.t.sol']
2,['flop.sol', 'flip.sol', 'cat.sol', 'flap.t.sol', 'jug.t.sol']
2,['flop.sol', 'flip.sol', 'cat.sol', 'flap.t.sol', 'flap.sol']
2,['flop.sol', 'flip.sol', 'cat.sol', 'vat.t.sol', 'jug.t.sol']
2,['flop.sol', 'flip.sol', 'cat.sol', 'vat.t.sol', 'flap.sol']
2,['flop.sol', 'flip.sol', 'cat.sol', 'jug.t.sol', 'flap.sol']
2,['flop.sol', 'flip.sol', 'flap.t.sol', 'vat.t.sol', 'jug.t.sol']
3,['flop.sol', 'flip.sol', 'flap.t.sol', 'vat.t.sol', 'flap.sol']
2,['flop.sol', 'flip.sol', 'flap.t.sol', 'jug.t.sol', 'flap.sol']
2,['flop.sol', 'flip.sol', 'vat.t.sol', 'jug.t.sol', 'flap.sol']
2,['flop.sol', 'vow.sol', 'flip.t.sol', 'pit.sol', 'move.sol']
2,['flop.sol', 'vow.sol', 'flip.t.sol', 'pit.sol', 'vat.sol']
3,['flop.sol', 'vow.sol', 'flip.t.sol', 'pit.sol', 'flop.t.sol']
2,['flop.sol', 'vow.sol', 'flip.t.sol', 'pit.sol', 'jug.sol']
2,['flop.sol', 'vow.sol', 'flip.t.sol', 'pit.sol', 'cat.sol']
3,['flop.sol', 'vow.sol', 'flip.t.sol', 'pit.sol', 'flap.t.sol']
2,['flop.sol', 'vow.sol', 'flip.t.sol', 'pit.sol', 'vat.t.sol']
2,['flop.sol', 'vow.sol', 'flip.t.sol', 'pit.sol', 'jug.t.sol']
2,['flop.sol', 'vow.sol', 'flip.t.sol', 'pit.sol', 'flap.sol']
2,['flop.sol', 'vow.sol', 'flip.t.sol', 'move.sol', 'vat.sol']
3,['flop.sol', 'vow.sol', 'flip.t.sol', 'move.sol', 'flop.t.sol']
2,['flop.sol', 'vow.sol', 'flip.t.sol', 'move.sol', 'jug.sol']
2,['flop.sol', 'vow.sol', 'flip.t.sol', 'move.sol', 'cat.sol']
3,['flop.sol', 'vow.sol', 'flip.t.sol', 'move.sol', 'flap.t.sol']
2,['flop.sol', 'vow.sol', 'flip.t.sol', 'move.sol', 'vat.t.sol']
2,['flop.sol', 'vow.sol', 'flip.t.sol', 'move.sol', 'jug.t.sol']
3,['flop.sol', 'vow.sol', 'flip.t.sol', 'move.sol', 'flap.sol']
2,['flop.sol', 'vow.sol', 'flip.t.sol', 'vat.sol', 'flop.t.sol']
2,['flop.sol', 'vow.sol', 'flip.t.sol', 'vat.sol', 'jug.sol']
2,['flop.sol', 'vow.sol', 'flip.t.sol', 'vat.sol', 'cat.sol']
3,['flop.sol', 'vow.sol', 'flip.t.sol', 'vat.sol', 'flap.t.sol']
2,['flop.sol', 'vow.sol', 'flip.t.sol', 'vat.sol', 'vat.t.sol']
2,['flop.sol', 'vow.sol', 'flip.t.sol', 'vat.sol', 'jug.t.sol']
2,['flop.sol', 'vow.sol', 'flip.t.sol', 'vat.sol', 'flap.sol']
3,['flop.sol', 'vow.sol', 'flip.t.sol', 'flop.t.sol', 'jug.sol']
3,['flop.sol', 'vow.sol', 'flip.t.sol', 'flop.t.sol', 'cat.sol']
3,['flop.sol', 'vow.sol', 'flip.t.sol', 'flop.t.sol', 'flap.t.sol']
2,['flop.sol', 'vow.sol', 'flip.t.sol', 'flop.t.sol', 'vat.t.sol']
2,['flop.sol', 'vow.sol', 'flip.t.sol', 'flop.t.sol', 'jug.t.sol']
3,['flop.sol', 'vow.sol', 'flip.t.sol', 'flop.t.sol', 'flap.sol']
2,['flop.sol', 'vow.sol', 'flip.t.sol', 'jug.sol', 'cat.sol']
2,['flop.sol', 'vow.sol', 'flip.t.sol', 'jug.sol', 'flap.t.sol']
2,['flop.sol', 'vow.sol', 'flip.t.sol', 'jug.sol', 'vat.t.sol']
2,['flop.sol', 'vow.sol', 'flip.t.sol', 'jug.sol', 'jug.t.sol']
2,['flop.sol', 'vow.sol', 'flip.t.sol', 'jug.sol', 'flap.sol']
3,['flop.sol', 'vow.sol', 'flip.t.sol', 'cat.sol', 'flap.t.sol']
2,['flop.sol', 'vow.sol', 'flip.t.sol', 'cat.sol', 'vat.t.sol']
2,['flop.sol', 'vow.sol', 'flip.t.sol', 'cat.sol', 'jug.t.sol']
2,['flop.sol', 'vow.sol', 'flip.t.sol', 'cat.sol', 'flap.sol']
3,['flop.sol', 'vow.sol', 'flip.t.sol', 'flap.t.sol', 'vat.t.sol']
2,['flop.sol', 'vow.sol', 'flip.t.sol', 'flap.t.sol', 'jug.t.sol']
3,['flop.sol', 'vow.sol', 'flip.t.sol', 'flap.t.sol', 'flap.sol']
2,['flop.sol', 'vow.sol', 'flip.t.sol', 'vat.t.sol', 'jug.t.sol']
3,['flop.sol', 'vow.sol', 'flip.t.sol', 'vat.t.sol', 'flap.sol']
2,['flop.sol', 'vow.sol', 'flip.t.sol', 'jug.t.sol', 'flap.sol']
2,['flop.sol', 'vow.sol', 'pit.sol', 'move.sol', 'vat.sol']
2,['flop.sol', 'vow.sol', 'pit.sol', 'move.sol', 'flop.t.sol']
2,['flop.sol', 'vow.sol', 'pit.sol', 'move.sol', 'jug.sol']
2,['flop.sol', 'vow.sol', 'pit.sol', 'move.sol', 'cat.sol']
2,['flop.sol', 'vow.sol', 'pit.sol', 'move.sol', 'flap.t.sol']
2,['flop.sol', 'vow.sol', 'pit.sol', 'move.sol', 'vat.t.sol']
3,['flop.sol', 'vow.sol', 'pit.sol', 'move.sol', 'jug.t.sol']
2,['flop.sol', 'vow.sol', 'pit.sol', 'move.sol', 'flap.sol']
2,['flop.sol', 'vow.sol', 'pit.sol', 'vat.sol', 'flop.t.sol']
2,['flop.sol', 'vow.sol', 'pit.sol', 'vat.sol', 'jug.sol']
2,['flop.sol', 'vow.sol', 'pit.sol', 'vat.sol', 'cat.sol']
2,['flop.sol', 'vow.sol', 'pit.sol', 'vat.sol', 'flap.t.sol']
2,['flop.sol', 'vow.sol', 'pit.sol', 'vat.sol', 'vat.t.sol']
2,['flop.sol', 'vow.sol', 'pit.sol', 'vat.sol', 'jug.t.sol']
2,['flop.sol', 'vow.sol', 'pit.sol', 'vat.sol', 'flap.sol']
2,['flop.sol', 'vow.sol', 'pit.sol', 'flop.t.sol', 'jug.sol']
2,['flop.sol', 'vow.sol', 'pit.sol', 'flop.t.sol', 'cat.sol']
2,['flop.sol', 'vow.sol', 'pit.sol', 'flop.t.sol', 'flap.t.sol']
2,['flop.sol', 'vow.sol', 'pit.sol', 'flop.t.sol', 'vat.t.sol']
3,['flop.sol', 'vow.sol', 'pit.sol', 'flop.t.sol', 'jug.t.sol']
2,['flop.sol', 'vow.sol', 'pit.sol', 'flop.t.sol', 'flap.sol']
2,['flop.sol', 'vow.sol', 'pit.sol', 'jug.sol', 'cat.sol']
2,['flop.sol', 'vow.sol', 'pit.sol', 'jug.sol', 'flap.t.sol']
2,['flop.sol', 'vow.sol', 'pit.sol', 'jug.sol', 'vat.t.sol']
3,['flop.sol', 'vow.sol', 'pit.sol', 'jug.sol', 'jug.t.sol']
2,['flop.sol', 'vow.sol', 'pit.sol', 'jug.sol', 'flap.sol']
2,['flop.sol', 'vow.sol', 'pit.sol', 'cat.sol', 'flap.t.sol']
1,['flop.sol', 'vow.sol', 'pit.sol', 'cat.sol', 'vat.t.sol']
2,['flop.sol', 'vow.sol', 'pit.sol', 'cat.sol', 'jug.t.sol']
2,['flop.sol', 'vow.sol', 'pit.sol', 'cat.sol', 'flap.sol']
2,['flop.sol', 'vow.sol', 'pit.sol', 'flap.t.sol', 'vat.t.sol']
2,['flop.sol', 'vow.sol', 'pit.sol', 'flap.t.sol', 'jug.t.sol']
2,['flop.sol', 'vow.sol', 'pit.sol', 'flap.t.sol', 'flap.sol']
2,['flop.sol', 'vow.sol', 'pit.sol', 'vat.t.sol', 'jug.t.sol']
1,['flop.sol', 'vow.sol', 'pit.sol', 'vat.t.sol', 'flap.sol']
2,['flop.sol', 'vow.sol', 'pit.sol', 'jug.t.sol', 'flap.sol']
2,['flop.sol', 'vow.sol', 'move.sol', 'vat.sol', 'flop.t.sol']
2,['flop.sol', 'vow.sol', 'move.sol', 'vat.sol', 'jug.sol']
2,['flop.sol', 'vow.sol', 'move.sol', 'vat.sol', 'cat.sol']
2,['flop.sol', 'vow.sol', 'move.sol', 'vat.sol', 'flap.t.sol']
2,['flop.sol', 'vow.sol', 'move.sol', 'vat.sol', 'vat.t.sol']
2,['flop.sol', 'vow.sol', 'move.sol', 'vat.sol', 'jug.t.sol']
2,['flop.sol', 'vow.sol', 'move.sol', 'vat.sol', 'flap.sol']
2,['flop.sol', 'vow.sol', 'move.sol', 'flop.t.sol', 'jug.sol']
2,['flop.sol', 'vow.sol', 'move.sol', 'flop.t.sol', 'cat.sol']
3,['flop.sol', 'vow.sol', 'move.sol', 'flop.t.sol', 'flap.t.sol']
2,['flop.sol', 'vow.sol', 'move.sol', 'flop.t.sol', 'vat.t.sol']
2,['flop.sol', 'vow.sol', 'move.sol', 'flop.t.sol', 'jug.t.sol']
2,['flop.sol', 'vow.sol', 'move.sol', 'flop.t.sol', 'flap.sol']
2,['flop.sol', 'vow.sol', 'move.sol', 'jug.sol', 'cat.sol']
2,['flop.sol', 'vow.sol', 'move.sol', 'jug.sol', 'flap.t.sol']
2,['flop.sol', 'vow.sol', 'move.sol', 'jug.sol', 'vat.t.sol']
2,['flop.sol', 'vow.sol', 'move.sol', 'jug.sol', 'jug.t.sol']
2,['flop.sol', 'vow.sol', 'move.sol', 'jug.sol', 'flap.sol']
2,['flop.sol', 'vow.sol', 'move.sol', 'cat.sol', 'flap.t.sol']
2,['flop.sol', 'vow.sol', 'move.sol', 'cat.sol', 'vat.t.sol']
2,['flop.sol', 'vow.sol', 'move.sol', 'cat.sol', 'jug.t.sol']
2,['flop.sol', 'vow.sol', 'move.sol', 'cat.sol', 'flap.sol']
2,['flop.sol', 'vow.sol', 'move.sol', 'flap.t.sol', 'vat.t.sol']
2,['flop.sol', 'vow.sol', 'move.sol', 'flap.t.sol', 'jug.t.sol']
2,['flop.sol', 'vow.sol', 'move.sol', 'flap.t.sol', 'flap.sol']
2,['flop.sol', 'vow.sol', 'move.sol', 'vat.t.sol', 'jug.t.sol']
2,['flop.sol', 'vow.sol', 'move.sol', 'vat.t.sol', 'flap.sol']
2,['flop.sol', 'vow.sol', 'move.sol', 'jug.t.sol', 'flap.sol']
2,['flop.sol', 'vow.sol', 'vat.sol', 'flop.t.sol', 'jug.sol']
2,['flop.sol', 'vow.sol', 'vat.sol', 'flop.t.sol', 'cat.sol']
2,['flop.sol', 'vow.sol', 'vat.sol', 'flop.t.sol', 'flap.t.sol']
2,['flop.sol', 'vow.sol', 'vat.sol', 'flop.t.sol', 'vat.t.sol']
2,['flop.sol', 'vow.sol', 'vat.sol', 'flop.t.sol', 'jug.t.sol']
2,['flop.sol', 'vow.sol', 'vat.sol', 'flop.t.sol', 'flap.sol']
2,['flop.sol', 'vow.sol', 'vat.sol', 'jug.sol', 'cat.sol']
2,['flop.sol', 'vow.sol', 'vat.sol', 'jug.sol', 'flap.t.sol']
2,['flop.sol', 'vow.sol', 'vat.sol', 'jug.sol', 'vat.t.sol']
2,['flop.sol', 'vow.sol', 'vat.sol', 'jug.sol', 'jug.t.sol']
2,['flop.sol', 'vow.sol', 'vat.sol', 'jug.sol', 'flap.sol']
2,['flop.sol', 'vow.sol', 'vat.sol', 'cat.sol', 'flap.t.sol']
1,['flop.sol', 'vow.sol', 'vat.sol', 'cat.sol', 'vat.t.sol']
2,['flop.sol', 'vow.sol', 'vat.sol', 'cat.sol', 'jug.t.sol']
2,['flop.sol', 'vow.sol', 'vat.sol', 'cat.sol', 'flap.sol']
1,['flop.sol', 'vow.sol', 'vat.sol', 'flap.t.sol', 'vat.t.sol']
2,['flop.sol', 'vow.sol', 'vat.sol', 'flap.t.sol', 'jug.t.sol']
2,['flop.sol', 'vow.sol', 'vat.sol', 'flap.t.sol', 'flap.sol']
1,['flop.sol', 'vow.sol', 'vat.sol', 'vat.t.sol', 'jug.t.sol']
2,['flop.sol', 'vow.sol', 'vat.sol', 'vat.t.sol', 'flap.sol']
2,['flop.sol', 'vow.sol', 'vat.sol', 'jug.t.sol', 'flap.sol']
2,['flop.sol', 'vow.sol', 'flop.t.sol', 'jug.sol', 'cat.sol']
3,['flop.sol', 'vow.sol', 'flop.t.sol', 'jug.sol', 'flap.t.sol']
2,['flop.sol', 'vow.sol', 'flop.t.sol', 'jug.sol', 'vat.t.sol']
2,['flop.sol', 'vow.sol', 'flop.t.sol', 'jug.sol', 'jug.t.sol']
2,['flop.sol', 'vow.sol', 'flop.t.sol', 'jug.sol', 'flap.sol']
2,['flop.sol', 'vow.sol', 'flop.t.sol', 'cat.sol', 'flap.t.sol']
2,['flop.sol', 'vow.sol', 'flop.t.sol', 'cat.sol', 'vat.t.sol']
2,['flop.sol', 'vow.sol', 'flop.t.sol', 'cat.sol', 'jug.t.sol']
2,['flop.sol', 'vow.sol', 'flop.t.sol', 'cat.sol', 'flap.sol']
2,['flop.sol', 'vow.sol', 'flop.t.sol', 'flap.t.sol', 'vat.t.sol']
3,['flop.sol', 'vow.sol', 'flop.t.sol', 'flap.t.sol', 'jug.t.sol']
3,['flop.sol', 'vow.sol', 'flop.t.sol', 'flap.t.sol', 'flap.sol']
2,['flop.sol', 'vow.sol', 'flop.t.sol', 'vat.t.sol', 'jug.t.sol']
2,['flop.sol', 'vow.sol', 'flop.t.sol', 'vat.t.sol', 'flap.sol']
2,['flop.sol', 'vow.sol', 'flop.t.sol', 'jug.t.sol', 'flap.sol']
2,['flop.sol', 'vow.sol', 'jug.sol', 'cat.sol', 'flap.t.sol']
2,['flop.sol', 'vow.sol', 'jug.sol', 'cat.sol', 'vat.t.sol']
2,['flop.sol', 'vow.sol', 'jug.sol', 'cat.sol', 'jug.t.sol']
2,['flop.sol', 'vow.sol', 'jug.sol', 'cat.sol', 'flap.sol']
2,['flop.sol', 'vow.sol', 'jug.sol', 'flap.t.sol', 'vat.t.sol']
2,['flop.sol', 'vow.sol', 'jug.sol', 'flap.t.sol', 'jug.t.sol']
2,['flop.sol', 'vow.sol', 'jug.sol', 'flap.t.sol', 'flap.sol']
2,['flop.sol', 'vow.sol', 'jug.sol', 'vat.t.sol', 'jug.t.sol']
2,['flop.sol', 'vow.sol', 'jug.sol', 'vat.t.sol', 'flap.sol']
2,['flop.sol', 'vow.sol', 'jug.sol', 'jug.t.sol', 'flap.sol']
2,['flop.sol', 'vow.sol', 'cat.sol', 'flap.t.sol', 'vat.t.sol']
2,['flop.sol', 'vow.sol', 'cat.sol', 'flap.t.sol', 'jug.t.sol']
2,['flop.sol', 'vow.sol', 'cat.sol', 'flap.t.sol', 'flap.sol']
1,['flop.sol', 'vow.sol', 'cat.sol', 'vat.t.sol', 'jug.t.sol']
2,['flop.sol', 'vow.sol', 'cat.sol', 'vat.t.sol', 'flap.sol']
2,['flop.sol', 'vow.sol', 'cat.sol', 'jug.t.sol', 'flap.sol']
2,['flop.sol', 'vow.sol', 'flap.t.sol', 'vat.t.sol', 'jug.t.sol']
2,['flop.sol', 'vow.sol', 'flap.t.sol', 'vat.t.sol', 'flap.sol']
2,['flop.sol', 'vow.sol', 'flap.t.sol', 'jug.t.sol', 'flap.sol']
1,['flop.sol', 'vow.sol', 'vat.t.sol', 'jug.t.sol', 'flap.sol']
2,['flop.sol', 'flip.t.sol', 'pit.sol', 'move.sol', 'vat.sol']
2,['flop.sol', 'flip.t.sol', 'pit.sol', 'move.sol', 'flop.t.sol']
2,['flop.sol', 'flip.t.sol', 'pit.sol', 'move.sol', 'jug.sol']
2,['flop.sol', 'flip.t.sol', 'pit.sol', 'move.sol', 'cat.sol']
2,['flop.sol', 'flip.t.sol', 'pit.sol', 'move.sol', 'flap.t.sol']
2,['flop.sol', 'flip.t.sol', 'pit.sol', 'move.sol', 'vat.t.sol']
3,['flop.sol', 'flip.t.sol', 'pit.sol', 'move.sol', 'jug.t.sol']
2,['flop.sol', 'flip.t.sol', 'pit.sol', 'move.sol', 'flap.sol']
2,['flop.sol', 'flip.t.sol', 'pit.sol', 'vat.sol', 'flop.t.sol']
2,['flop.sol', 'flip.t.sol', 'pit.sol', 'vat.sol', 'jug.sol']
2,['flop.sol', 'flip.t.sol', 'pit.sol', 'vat.sol', 'cat.sol']
2,['flop.sol', 'flip.t.sol', 'pit.sol', 'vat.sol', 'flap.t.sol']
2,['flop.sol', 'flip.t.sol', 'pit.sol', 'vat.sol', 'vat.t.sol']
2,['flop.sol', 'flip.t.sol', 'pit.sol', 'vat.sol', 'jug.t.sol']
2,['flop.sol', 'flip.t.sol', 'pit.sol', 'vat.sol', 'flap.sol']
3,['flop.sol', 'flip.t.sol', 'pit.sol', 'flop.t.sol', 'jug.sol']
2,['flop.sol', 'flip.t.sol', 'pit.sol', 'flop.t.sol', 'cat.sol']
3,['flop.sol', 'flip.t.sol', 'pit.sol', 'flop.t.sol', 'flap.t.sol']
3,['flop.sol', 'flip.t.sol', 'pit.sol', 'flop.t.sol', 'vat.t.sol']
2,['flop.sol', 'flip.t.sol', 'pit.sol', 'flop.t.sol', 'jug.t.sol']
3,['flop.sol', 'flip.t.sol', 'pit.sol', 'flop.t.sol', 'flap.sol']
2,['flop.sol', 'flip.t.sol', 'pit.sol', 'jug.sol', 'cat.sol']
3,['flop.sol', 'flip.t.sol', 'pit.sol', 'jug.sol', 'flap.t.sol']
3,['flop.sol', 'flip.t.sol', 'pit.sol', 'jug.sol', 'vat.t.sol']
2,['flop.sol', 'flip.t.sol', 'pit.sol', 'jug.sol', 'jug.t.sol']
2,['flop.sol', 'flip.t.sol', 'pit.sol', 'jug.sol', 'flap.sol']
2,['flop.sol', 'flip.t.sol', 'pit.sol', 'cat.sol', 'flap.t.sol']
2,['flop.sol', 'flip.t.sol', 'pit.sol', 'cat.sol', 'vat.t.sol']
2,['flop.sol', 'flip.t.sol', 'pit.sol', 'cat.sol', 'jug.t.sol']
2,['flop.sol', 'flip.t.sol', 'pit.sol', 'cat.sol', 'flap.sol']
3,['flop.sol', 'flip.t.sol', 'pit.sol', 'flap.t.sol', 'vat.t.sol']
3,['flop.sol', 'flip.t.sol', 'pit.sol', 'flap.t.sol', 'jug.t.sol']
3,['flop.sol', 'flip.t.sol', 'pit.sol', 'flap.t.sol', 'flap.sol']
2,['flop.sol', 'flip.t.sol', 'pit.sol', 'vat.t.sol', 'jug.t.sol']
3,['flop.sol', 'flip.t.sol', 'pit.sol', 'vat.t.sol', 'flap.sol']
2,['flop.sol', 'flip.t.sol', 'pit.sol', 'jug.t.sol', 'flap.sol']
2,['flop.sol', 'flip.t.sol', 'move.sol', 'vat.sol', 'flop.t.sol']
2,['flop.sol', 'flip.t.sol', 'move.sol', 'vat.sol', 'jug.sol']
2,['flop.sol', 'flip.t.sol', 'move.sol', 'vat.sol', 'cat.sol']
2,['flop.sol', 'flip.t.sol', 'move.sol', 'vat.sol', 'flap.t.sol']
2,['flop.sol', 'flip.t.sol', 'move.sol', 'vat.sol', 'vat.t.sol']
2,['flop.sol', 'flip.t.sol', 'move.sol', 'vat.sol', 'jug.t.sol']
2,['flop.sol', 'flip.t.sol', 'move.sol', 'vat.sol', 'flap.sol']
4,['flop.sol', 'flip.t.sol', 'move.sol', 'flop.t.sol', 'jug.sol']
2,['flop.sol', 'flip.t.sol', 'move.sol', 'flop.t.sol', 'cat.sol']
4,['flop.sol', 'flip.t.sol', 'move.sol', 'flop.t.sol', 'flap.t.sol']
2,['flop.sol', 'flip.t.sol', 'move.sol', 'flop.t.sol', 'vat.t.sol']
3,['flop.sol', 'flip.t.sol', 'move.sol', 'flop.t.sol', 'jug.t.sol']
3,['flop.sol', 'flip.t.sol', 'move.sol', 'flop.t.sol', 'flap.sol']
2,['flop.sol', 'flip.t.sol', 'move.sol', 'jug.sol', 'cat.sol']
3,['flop.sol', 'flip.t.sol', 'move.sol', 'jug.sol', 'flap.t.sol']
3,['flop.sol', 'flip.t.sol', 'move.sol', 'jug.sol', 'vat.t.sol']
3,['flop.sol', 'flip.t.sol', 'move.sol', 'jug.sol', 'jug.t.sol']
3,['flop.sol', 'flip.t.sol', 'move.sol', 'jug.sol', 'flap.sol']
2,['flop.sol', 'flip.t.sol', 'move.sol', 'cat.sol', 'flap.t.sol']
3,['flop.sol', 'flip.t.sol', 'move.sol', 'cat.sol', 'vat.t.sol']
3,['flop.sol', 'flip.t.sol', 'move.sol', 'cat.sol', 'jug.t.sol']
2,['flop.sol', 'flip.t.sol', 'move.sol', 'cat.sol', 'flap.sol']
2,['flop.sol', 'flip.t.sol', 'move.sol', 'flap.t.sol', 'vat.t.sol']
3,['flop.sol', 'flip.t.sol', 'move.sol', 'flap.t.sol', 'jug.t.sol']
3,['flop.sol', 'flip.t.sol', 'move.sol', 'flap.t.sol', 'flap.sol']
2,['flop.sol', 'flip.t.sol', 'move.sol', 'vat.t.sol', 'jug.t.sol']
2,['flop.sol', 'flip.t.sol', 'move.sol', 'vat.t.sol', 'flap.sol']
2,['flop.sol', 'flip.t.sol', 'move.sol', 'jug.t.sol', 'flap.sol']
2,['flop.sol', 'flip.t.sol', 'vat.sol', 'flop.t.sol', 'jug.sol']
2,['flop.sol', 'flip.t.sol', 'vat.sol', 'flop.t.sol', 'cat.sol']
3,['flop.sol', 'flip.t.sol', 'vat.sol', 'flop.t.sol', 'flap.t.sol']
3,['flop.sol', 'flip.t.sol', 'vat.sol', 'flop.t.sol', 'vat.t.sol']
2,['flop.sol', 'flip.t.sol', 'vat.sol', 'flop.t.sol', 'jug.t.sol']
2,['flop.sol', 'flip.t.sol', 'vat.sol', 'flop.t.sol', 'flap.sol']
2,['flop.sol', 'flip.t.sol', 'vat.sol', 'jug.sol', 'cat.sol']
2,['flop.sol', 'flip.t.sol', 'vat.sol', 'jug.sol', 'flap.t.sol']
2,['flop.sol', 'flip.t.sol', 'vat.sol', 'jug.sol', 'vat.t.sol']
2,['flop.sol', 'flip.t.sol', 'vat.sol', 'jug.sol', 'jug.t.sol']
2,['flop.sol', 'flip.t.sol', 'vat.sol', 'jug.sol', 'flap.sol']
2,['flop.sol', 'flip.t.sol', 'vat.sol', 'cat.sol', 'flap.t.sol']
2,['flop.sol', 'flip.t.sol', 'vat.sol', 'cat.sol', 'vat.t.sol']
2,['flop.sol', 'flip.t.sol', 'vat.sol', 'cat.sol', 'jug.t.sol']
2,['flop.sol', 'flip.t.sol', 'vat.sol', 'cat.sol', 'flap.sol']
3,['flop.sol', 'flip.t.sol', 'vat.sol', 'flap.t.sol', 'vat.t.sol']
2,['flop.sol', 'flip.t.sol', 'vat.sol', 'flap.t.sol', 'jug.t.sol']
2,['flop.sol', 'flip.t.sol', 'vat.sol', 'flap.t.sol', 'flap.sol']
2,['flop.sol', 'flip.t.sol', 'vat.sol', 'vat.t.sol', 'jug.t.sol']
2,['flop.sol', 'flip.t.sol', 'vat.sol', 'vat.t.sol', 'flap.sol']
2,['flop.sol', 'flip.t.sol', 'vat.sol', 'jug.t.sol', 'flap.sol']
2,['flop.sol', 'flip.t.sol', 'flop.t.sol', 'jug.sol', 'cat.sol']
3,['flop.sol', 'flip.t.sol', 'flop.t.sol', 'jug.sol', 'flap.t.sol']
3,['flop.sol', 'flip.t.sol', 'flop.t.sol', 'jug.sol', 'vat.t.sol']
3,['flop.sol', 'flip.t.sol', 'flop.t.sol', 'jug.sol', 'jug.t.sol']
3,['flop.sol', 'flip.t.sol', 'flop.t.sol', 'jug.sol', 'flap.sol']
3,['flop.sol', 'flip.t.sol', 'flop.t.sol', 'cat.sol', 'flap.t.sol']
3,['flop.sol', 'flip.t.sol', 'flop.t.sol', 'cat.sol', 'vat.t.sol']
2,['flop.sol', 'flip.t.sol', 'flop.t.sol', 'cat.sol', 'jug.t.sol']
3,['flop.sol', 'flip.t.sol', 'flop.t.sol', 'cat.sol', 'flap.sol']
2,['flop.sol', 'flip.t.sol', 'flop.t.sol', 'flap.t.sol', 'vat.t.sol']
3,['flop.sol', 'flip.t.sol', 'flop.t.sol', 'flap.t.sol', 'jug.t.sol']
3,['flop.sol', 'flip.t.sol', 'flop.t.sol', 'flap.t.sol', 'flap.sol']
2,['flop.sol', 'flip.t.sol', 'flop.t.sol', 'vat.t.sol', 'jug.t.sol']
2,['flop.sol', 'flip.t.sol', 'flop.t.sol', 'vat.t.sol', 'flap.sol']
3,['flop.sol', 'flip.t.sol', 'flop.t.sol', 'jug.t.sol', 'flap.sol']
3,['flop.sol', 'flip.t.sol', 'jug.sol', 'cat.sol', 'flap.t.sol']
3,['flop.sol', 'flip.t.sol', 'jug.sol', 'cat.sol', 'vat.t.sol']
2,['flop.sol', 'flip.t.sol', 'jug.sol', 'cat.sol', 'jug.t.sol']
2,['flop.sol', 'flip.t.sol', 'jug.sol', 'cat.sol', 'flap.sol']
3,['flop.sol', 'flip.t.sol', 'jug.sol', 'flap.t.sol', 'vat.t.sol']
3,['flop.sol', 'flip.t.sol', 'jug.sol', 'flap.t.sol', 'jug.t.sol']
3,['flop.sol', 'flip.t.sol', 'jug.sol', 'flap.t.sol', 'flap.sol']
3,['flop.sol', 'flip.t.sol', 'jug.sol', 'vat.t.sol', 'jug.t.sol']
2,['flop.sol', 'flip.t.sol', 'jug.sol', 'vat.t.sol', 'flap.sol']
3,['flop.sol', 'flip.t.sol', 'jug.sol', 'jug.t.sol', 'flap.sol']
3,['flop.sol', 'flip.t.sol', 'cat.sol', 'flap.t.sol', 'vat.t.sol']
2,['flop.sol', 'flip.t.sol', 'cat.sol', 'flap.t.sol', 'jug.t.sol']
3,['flop.sol', 'flip.t.sol', 'cat.sol', 'flap.t.sol', 'flap.sol']
3,['flop.sol', 'flip.t.sol', 'cat.sol', 'vat.t.sol', 'jug.t.sol']
3,['flop.sol', 'flip.t.sol', 'cat.sol', 'vat.t.sol', 'flap.sol']
2,['flop.sol', 'flip.t.sol', 'cat.sol', 'jug.t.sol', 'flap.sol']
2,['flop.sol', 'flip.t.sol', 'flap.t.sol', 'vat.t.sol', 'jug.t.sol']
2,['flop.sol', 'flip.t.sol', 'flap.t.sol', 'vat.t.sol', 'flap.sol']
3,['flop.sol', 'flip.t.sol', 'flap.t.sol', 'jug.t.sol', 'flap.sol']
2,['flop.sol', 'flip.t.sol', 'vat.t.sol', 'jug.t.sol', 'flap.sol']
2,['flop.sol', 'pit.sol', 'move.sol', 'vat.sol', 'flop.t.sol']
3,['flop.sol', 'pit.sol', 'move.sol', 'vat.sol', 'jug.sol']
2,['flop.sol', 'pit.sol', 'move.sol', 'vat.sol', 'cat.sol']
2,['flop.sol', 'pit.sol', 'move.sol', 'vat.sol', 'flap.t.sol']
2,['flop.sol', 'pit.sol', 'move.sol', 'vat.sol', 'vat.t.sol']
3,['flop.sol', 'pit.sol', 'move.sol', 'vat.sol', 'jug.t.sol']
2,['flop.sol', 'pit.sol', 'move.sol', 'vat.sol', 'flap.sol']
3,['flop.sol', 'pit.sol', 'move.sol', 'flop.t.sol', 'jug.sol']
3,['flop.sol', 'pit.sol', 'move.sol', 'flop.t.sol', 'cat.sol']
3,['flop.sol', 'pit.sol', 'move.sol', 'flop.t.sol', 'flap.t.sol']
2,['flop.sol', 'pit.sol', 'move.sol', 'flop.t.sol', 'vat.t.sol']
3,['flop.sol', 'pit.sol', 'move.sol', 'flop.t.sol', 'jug.t.sol']
3,['flop.sol', 'pit.sol', 'move.sol', 'flop.t.sol', 'flap.sol']
2,['flop.sol', 'pit.sol', 'move.sol', 'jug.sol', 'cat.sol']
3,['flop.sol', 'pit.sol', 'move.sol', 'jug.sol', 'flap.t.sol']
2,['flop.sol', 'pit.sol', 'move.sol', 'jug.sol', 'vat.t.sol']
3,['flop.sol', 'pit.sol', 'move.sol', 'jug.sol', 'jug.t.sol']
3,['flop.sol', 'pit.sol', 'move.sol', 'jug.sol', 'flap.sol']
3,['flop.sol', 'pit.sol', 'move.sol', 'cat.sol', 'flap.t.sol']
3,['flop.sol', 'pit.sol', 'move.sol', 'cat.sol', 'vat.t.sol']
2,['flop.sol', 'pit.sol', 'move.sol', 'cat.sol', 'jug.t.sol']
2,['flop.sol', 'pit.sol', 'move.sol', 'cat.sol', 'flap.sol']
2,['flop.sol', 'pit.sol', 'move.sol', 'flap.t.sol', 'vat.t.sol']
3,['flop.sol', 'pit.sol', 'move.sol', 'flap.t.sol', 'jug.t.sol']
3,['flop.sol', 'pit.sol', 'move.sol', 'flap.t.sol', 'flap.sol']
2,['flop.sol', 'pit.sol', 'move.sol', 'vat.t.sol', 'jug.t.sol']
2,['flop.sol', 'pit.sol', 'move.sol', 'vat.t.sol', 'flap.sol']
3,['flop.sol', 'pit.sol', 'move.sol', 'jug.t.sol', 'flap.sol']
2,['flop.sol', 'pit.sol', 'vat.sol', 'flop.t.sol', 'jug.sol']
2,['flop.sol', 'pit.sol', 'vat.sol', 'flop.t.sol', 'cat.sol']
2,['flop.sol', 'pit.sol', 'vat.sol', 'flop.t.sol', 'flap.t.sol']
2,['flop.sol', 'pit.sol', 'vat.sol', 'flop.t.sol', 'vat.t.sol']
2,['flop.sol', 'pit.sol', 'vat.sol', 'flop.t.sol', 'jug.t.sol']
2,['flop.sol', 'pit.sol', 'vat.sol', 'flop.t.sol', 'flap.sol']
2,['flop.sol', 'pit.sol', 'vat.sol', 'jug.sol', 'cat.sol']
2,['flop.sol', 'pit.sol', 'vat.sol', 'jug.sol', 'flap.t.sol']
2,['flop.sol', 'pit.sol', 'vat.sol', 'jug.sol', 'vat.t.sol']
2,['flop.sol', 'pit.sol', 'vat.sol', 'jug.sol', 'jug.t.sol']
2,['flop.sol', 'pit.sol', 'vat.sol', 'jug.sol', 'flap.sol']
2,['flop.sol', 'pit.sol', 'vat.sol', 'cat.sol', 'flap.t.sol']
2,['flop.sol', 'pit.sol', 'vat.sol', 'cat.sol', 'vat.t.sol']
2,['flop.sol', 'pit.sol', 'vat.sol', 'cat.sol', 'jug.t.sol']
2,['flop.sol', 'pit.sol', 'vat.sol', 'cat.sol', 'flap.sol']
2,['flop.sol', 'pit.sol', 'vat.sol', 'flap.t.sol', 'vat.t.sol']
2,['flop.sol', 'pit.sol', 'vat.sol', 'flap.t.sol', 'jug.t.sol']
2,['flop.sol', 'pit.sol', 'vat.sol', 'flap.t.sol', 'flap.sol']
2,['flop.sol', 'pit.sol', 'vat.sol', 'vat.t.sol', 'jug.t.sol']
2,['flop.sol', 'pit.sol', 'vat.sol', 'vat.t.sol', 'flap.sol']
3,['flop.sol', 'pit.sol', 'vat.sol', 'jug.t.sol', 'flap.sol']
2,['flop.sol', 'pit.sol', 'flop.t.sol', 'jug.sol', 'cat.sol']
3,['flop.sol', 'pit.sol', 'flop.t.sol', 'jug.sol', 'flap.t.sol']
2,['flop.sol', 'pit.sol', 'flop.t.sol', 'jug.sol', 'vat.t.sol']
2,['flop.sol', 'pit.sol', 'flop.t.sol', 'jug.sol', 'jug.t.sol']
3,['flop.sol', 'pit.sol', 'flop.t.sol', 'jug.sol', 'flap.sol']
2,['flop.sol', 'pit.sol', 'flop.t.sol', 'cat.sol', 'flap.t.sol']
2,['flop.sol', 'pit.sol', 'flop.t.sol', 'cat.sol', 'vat.t.sol']
2,['flop.sol', 'pit.sol', 'flop.t.sol', 'cat.sol', 'jug.t.sol']
2,['flop.sol', 'pit.sol', 'flop.t.sol', 'cat.sol', 'flap.sol']
3,['flop.sol', 'pit.sol', 'flop.t.sol', 'flap.t.sol', 'vat.t.sol']
3,['flop.sol', 'pit.sol', 'flop.t.sol', 'flap.t.sol', 'jug.t.sol']
3,['flop.sol', 'pit.sol', 'flop.t.sol', 'flap.t.sol', 'flap.sol']
2,['flop.sol', 'pit.sol', 'flop.t.sol', 'vat.t.sol', 'jug.t.sol']
2,['flop.sol', 'pit.sol', 'flop.t.sol', 'vat.t.sol', 'flap.sol']
3,['flop.sol', 'pit.sol', 'flop.t.sol', 'jug.t.sol', 'flap.sol']
2,['flop.sol', 'pit.sol', 'jug.sol', 'cat.sol', 'flap.t.sol']
1,['flop.sol', 'pit.sol', 'jug.sol', 'cat.sol', 'vat.t.sol']
2,['flop.sol', 'pit.sol', 'jug.sol', 'cat.sol', 'jug.t.sol']
2,['flop.sol', 'pit.sol', 'jug.sol', 'cat.sol', 'flap.sol']
2,['flop.sol', 'pit.sol', 'jug.sol', 'flap.t.sol', 'vat.t.sol']
3,['flop.sol', 'pit.sol', 'jug.sol', 'flap.t.sol', 'jug.t.sol']
2,['flop.sol', 'pit.sol', 'jug.sol', 'flap.t.sol', 'flap.sol']
2,['flop.sol', 'pit.sol', 'jug.sol', 'vat.t.sol', 'jug.t.sol']
2,['flop.sol', 'pit.sol', 'jug.sol', 'vat.t.sol', 'flap.sol']
3,['flop.sol', 'pit.sol', 'jug.sol', 'jug.t.sol', 'flap.sol']
2,['flop.sol', 'pit.sol', 'cat.sol', 'flap.t.sol', 'vat.t.sol']
2,['flop.sol', 'pit.sol', 'cat.sol', 'flap.t.sol', 'jug.t.sol']
2,['flop.sol', 'pit.sol', 'cat.sol', 'flap.t.sol', 'flap.sol']
2,['flop.sol', 'pit.sol', 'cat.sol', 'vat.t.sol', 'jug.t.sol']
2,['flop.sol', 'pit.sol', 'cat.sol', 'vat.t.sol', 'flap.sol']
2,['flop.sol', 'pit.sol', 'cat.sol', 'jug.t.sol', 'flap.sol']
2,['flop.sol', 'pit.sol', 'flap.t.sol', 'vat.t.sol', 'jug.t.sol']
2,['flop.sol', 'pit.sol', 'flap.t.sol', 'vat.t.sol', 'flap.sol']
3,['flop.sol', 'pit.sol', 'flap.t.sol', 'jug.t.sol', 'flap.sol']
2,['flop.sol', 'pit.sol', 'vat.t.sol', 'jug.t.sol', 'flap.sol']
2,['flop.sol', 'move.sol', 'vat.sol', 'flop.t.sol', 'jug.sol']
2,['flop.sol', 'move.sol', 'vat.sol', 'flop.t.sol', 'cat.sol']
2,['flop.sol', 'move.sol', 'vat.sol', 'flop.t.sol', 'flap.t.sol']
3,['flop.sol', 'move.sol', 'vat.sol', 'flop.t.sol', 'vat.t.sol']
3,['flop.sol', 'move.sol', 'vat.sol', 'flop.t.sol', 'jug.t.sol']
2,['flop.sol', 'move.sol', 'vat.sol', 'flop.t.sol', 'flap.sol']
3,['flop.sol', 'move.sol', 'vat.sol', 'jug.sol', 'cat.sol']
2,['flop.sol', 'move.sol', 'vat.sol', 'jug.sol', 'flap.t.sol']
2,['flop.sol', 'move.sol', 'vat.sol', 'jug.sol', 'vat.t.sol']
3,['flop.sol', 'move.sol', 'vat.sol', 'jug.sol', 'jug.t.sol']
3,['flop.sol', 'move.sol', 'vat.sol', 'jug.sol', 'flap.sol']
2,['flop.sol', 'move.sol', 'vat.sol', 'cat.sol', 'flap.t.sol']
3,['flop.sol', 'move.sol', 'vat.sol', 'cat.sol', 'vat.t.sol']
2,['flop.sol', 'move.sol', 'vat.sol', 'cat.sol', 'jug.t.sol']
2,['flop.sol', 'move.sol', 'vat.sol', 'cat.sol', 'flap.sol']
3,['flop.sol', 'move.sol', 'vat.sol', 'flap.t.sol', 'vat.t.sol']
3,['flop.sol', 'move.sol', 'vat.sol', 'flap.t.sol', 'jug.t.sol']
2,['flop.sol', 'move.sol', 'vat.sol', 'flap.t.sol', 'flap.sol']
3,['flop.sol', 'move.sol', 'vat.sol', 'vat.t.sol', 'jug.t.sol']
2,['flop.sol', 'move.sol', 'vat.sol', 'vat.t.sol', 'flap.sol']
3,['flop.sol', 'move.sol', 'vat.sol', 'jug.t.sol', 'flap.sol']
3,['flop.sol', 'move.sol', 'flop.t.sol', 'jug.sol', 'cat.sol']
4,['flop.sol', 'move.sol', 'flop.t.sol', 'jug.sol', 'flap.t.sol']
3,['flop.sol', 'move.sol', 'flop.t.sol', 'jug.sol', 'vat.t.sol']
3,['flop.sol', 'move.sol', 'flop.t.sol', 'jug.sol', 'jug.t.sol']
3,['flop.sol', 'move.sol', 'flop.t.sol', 'jug.sol', 'flap.sol']
2,['flop.sol', 'move.sol', 'flop.t.sol', 'cat.sol', 'flap.t.sol']
3,['flop.sol', 'move.sol', 'flop.t.sol', 'cat.sol', 'vat.t.sol']
2,['flop.sol', 'move.sol', 'flop.t.sol', 'cat.sol', 'jug.t.sol']
2,['flop.sol', 'move.sol', 'flop.t.sol', 'cat.sol', 'flap.sol']
3,['flop.sol', 'move.sol', 'flop.t.sol', 'flap.t.sol', 'vat.t.sol']
3,['flop.sol', 'move.sol', 'flop.t.sol', 'flap.t.sol', 'jug.t.sol']
4,['flop.sol', 'move.sol', 'flop.t.sol', 'flap.t.sol', 'flap.sol']
3,['flop.sol', 'move.sol', 'flop.t.sol', 'vat.t.sol', 'jug.t.sol']
3,['flop.sol', 'move.sol', 'flop.t.sol', 'vat.t.sol', 'flap.sol']
3,['flop.sol', 'move.sol', 'flop.t.sol', 'jug.t.sol', 'flap.sol']
3,['flop.sol', 'move.sol', 'jug.sol', 'cat.sol', 'flap.t.sol']
3,['flop.sol', 'move.sol', 'jug.sol', 'cat.sol', 'vat.t.sol']
2,['flop.sol', 'move.sol', 'jug.sol', 'cat.sol', 'jug.t.sol']
2,['flop.sol', 'move.sol', 'jug.sol', 'cat.sol', 'flap.sol']
3,['flop.sol', 'move.sol', 'jug.sol', 'flap.t.sol', 'vat.t.sol']
3,['flop.sol', 'move.sol', 'jug.sol', 'flap.t.sol', 'jug.t.sol']
3,['flop.sol', 'move.sol', 'jug.sol', 'flap.t.sol', 'flap.sol']
2,['flop.sol', 'move.sol', 'jug.sol', 'vat.t.sol', 'jug.t.sol']
2,['flop.sol', 'move.sol', 'jug.sol', 'vat.t.sol', 'flap.sol']
3,['flop.sol', 'move.sol', 'jug.sol', 'jug.t.sol', 'flap.sol']
3,['flop.sol', 'move.sol', 'cat.sol', 'flap.t.sol', 'vat.t.sol']
3,['flop.sol', 'move.sol', 'cat.sol', 'flap.t.sol', 'jug.t.sol']
3,['flop.sol', 'move.sol', 'cat.sol', 'flap.t.sol', 'flap.sol']
2,['flop.sol', 'move.sol', 'cat.sol', 'vat.t.sol', 'jug.t.sol']
3,['flop.sol', 'move.sol', 'cat.sol', 'vat.t.sol', 'flap.sol']
3,['flop.sol', 'move.sol', 'cat.sol', 'jug.t.sol', 'flap.sol']
3,['flop.sol', 'move.sol', 'flap.t.sol', 'vat.t.sol', 'jug.t.sol']
3,['flop.sol', 'move.sol', 'flap.t.sol', 'vat.t.sol', 'flap.sol']
3,['flop.sol', 'move.sol', 'flap.t.sol', 'jug.t.sol', 'flap.sol']
2,['flop.sol', 'move.sol', 'vat.t.sol', 'jug.t.sol', 'flap.sol']
2,['flop.sol', 'vat.sol', 'flop.t.sol', 'jug.sol', 'cat.sol']
2,['flop.sol', 'vat.sol', 'flop.t.sol', 'jug.sol', 'flap.t.sol']
2,['flop.sol', 'vat.sol', 'flop.t.sol', 'jug.sol', 'vat.t.sol']
2,['flop.sol', 'vat.sol', 'flop.t.sol', 'jug.sol', 'jug.t.sol']
2,['flop.sol', 'vat.sol', 'flop.t.sol', 'jug.sol', 'flap.sol']
2,['flop.sol', 'vat.sol', 'flop.t.sol', 'cat.sol', 'flap.t.sol']
2,['flop.sol', 'vat.sol', 'flop.t.sol', 'cat.sol', 'vat.t.sol']
2,['flop.sol', 'vat.sol', 'flop.t.sol', 'cat.sol', 'jug.t.sol']
2,['flop.sol', 'vat.sol', 'flop.t.sol', 'cat.sol', 'flap.sol']
3,['flop.sol', 'vat.sol', 'flop.t.sol', 'flap.t.sol', 'vat.t.sol']
2,['flop.sol', 'vat.sol', 'flop.t.sol', 'flap.t.sol', 'jug.t.sol']
2,['flop.sol', 'vat.sol', 'flop.t.sol', 'flap.t.sol', 'flap.sol']
2,['flop.sol', 'vat.sol', 'flop.t.sol', 'vat.t.sol', 'jug.t.sol']
2,['flop.sol', 'vat.sol', 'flop.t.sol', 'vat.t.sol', 'flap.sol']
3,['flop.sol', 'vat.sol', 'flop.t.sol', 'jug.t.sol', 'flap.sol']
2,['flop.sol', 'vat.sol', 'jug.sol', 'cat.sol', 'flap.t.sol']
2,['flop.sol', 'vat.sol', 'jug.sol', 'cat.sol', 'vat.t.sol']
2,['flop.sol', 'vat.sol', 'jug.sol', 'cat.sol', 'jug.t.sol']
2,['flop.sol', 'vat.sol', 'jug.sol', 'cat.sol', 'flap.sol']
2,['flop.sol', 'vat.sol', 'jug.sol', 'flap.t.sol', 'vat.t.sol']
2,['flop.sol', 'vat.sol', 'jug.sol', 'flap.t.sol', 'jug.t.sol']
2,['flop.sol', 'vat.sol', 'jug.sol', 'flap.t.sol', 'flap.sol']
2,['flop.sol', 'vat.sol', 'jug.sol', 'vat.t.sol', 'jug.t.sol']
2,['flop.sol', 'vat.sol', 'jug.sol', 'vat.t.sol', 'flap.sol']
3,['flop.sol', 'vat.sol', 'jug.sol', 'jug.t.sol', 'flap.sol']
2,['flop.sol', 'vat.sol', 'cat.sol', 'flap.t.sol', 'vat.t.sol']
2,['flop.sol', 'vat.sol', 'cat.sol', 'flap.t.sol', 'jug.t.sol']
2,['flop.sol', 'vat.sol', 'cat.sol', 'flap.t.sol', 'flap.sol']
2,['flop.sol', 'vat.sol', 'cat.sol', 'vat.t.sol', 'jug.t.sol']
2,['flop.sol', 'vat.sol', 'cat.sol', 'vat.t.sol', 'flap.sol']
2,['flop.sol', 'vat.sol', 'cat.sol', 'jug.t.sol', 'flap.sol']
2,['flop.sol', 'vat.sol', 'flap.t.sol', 'vat.t.sol', 'jug.t.sol']
2,['flop.sol', 'vat.sol', 'flap.t.sol', 'vat.t.sol', 'flap.sol']
2,['flop.sol', 'vat.sol', 'flap.t.sol', 'jug.t.sol', 'flap.sol']
2,['flop.sol', 'vat.sol', 'vat.t.sol', 'jug.t.sol', 'flap.sol']
2,['flop.sol', 'flop.t.sol', 'jug.sol', 'cat.sol', 'flap.t.sol']
2,['flop.sol', 'flop.t.sol', 'jug.sol', 'cat.sol', 'vat.t.sol']
2,['flop.sol', 'flop.t.sol', 'jug.sol', 'cat.sol', 'jug.t.sol']
3,['flop.sol', 'flop.t.sol', 'jug.sol', 'cat.sol', 'flap.sol']
2,['flop.sol', 'flop.t.sol', 'jug.sol', 'flap.t.sol', 'vat.t.sol']
4,['flop.sol', 'flop.t.sol', 'jug.sol', 'flap.t.sol', 'jug.t.sol']
3,['flop.sol', 'flop.t.sol', 'jug.sol', 'flap.t.sol', 'flap.sol']
2,['flop.sol', 'flop.t.sol', 'jug.sol', 'vat.t.sol', 'jug.t.sol']
3,['flop.sol', 'flop.t.sol', 'jug.sol', 'vat.t.sol', 'flap.sol']
3,['flop.sol', 'flop.t.sol', 'jug.sol', 'jug.t.sol', 'flap.sol']
3,['flop.sol', 'flop.t.sol', 'cat.sol', 'flap.t.sol', 'vat.t.sol']
2,['flop.sol', 'flop.t.sol', 'cat.sol', 'flap.t.sol', 'jug.t.sol']
2,['flop.sol', 'flop.t.sol', 'cat.sol', 'flap.t.sol', 'flap.sol']
2,['flop.sol', 'flop.t.sol', 'cat.sol', 'vat.t.sol', 'jug.t.sol']
2,['flop.sol', 'flop.t.sol', 'cat.sol', 'vat.t.sol', 'flap.sol']
2,['flop.sol', 'flop.t.sol', 'cat.sol', 'jug.t.sol', 'flap.sol']
2,['flop.sol', 'flop.t.sol', 'flap.t.sol', 'vat.t.sol', 'jug.t.sol']
2,['flop.sol', 'flop.t.sol', 'flap.t.sol', 'vat.t.sol', 'flap.sol']
4,['flop.sol', 'flop.t.sol', 'flap.t.sol', 'jug.t.sol', 'flap.sol']
2,['flop.sol', 'flop.t.sol', 'vat.t.sol', 'jug.t.sol', 'flap.sol']
2,['flop.sol', 'jug.sol', 'cat.sol', 'flap.t.sol', 'vat.t.sol']
2,['flop.sol', 'jug.sol', 'cat.sol', 'flap.t.sol', 'jug.t.sol']
3,['flop.sol', 'jug.sol', 'cat.sol', 'flap.t.sol', 'flap.sol']
2,['flop.sol', 'jug.sol', 'cat.sol', 'vat.t.sol', 'jug.t.sol']
2,['flop.sol', 'jug.sol', 'cat.sol', 'vat.t.sol', 'flap.sol']
2,['flop.sol', 'jug.sol', 'cat.sol', 'jug.t.sol', 'flap.sol']
2,['flop.sol', 'jug.sol', 'flap.t.sol', 'vat.t.sol', 'jug.t.sol']
2,['flop.sol', 'jug.sol', 'flap.t.sol', 'vat.t.sol', 'flap.sol']
3,['flop.sol', 'jug.sol', 'flap.t.sol', 'jug.t.sol', 'flap.sol']
2,['flop.sol', 'jug.sol', 'vat.t.sol', 'jug.t.sol', 'flap.sol']
2,['flop.sol', 'cat.sol', 'flap.t.sol', 'vat.t.sol', 'jug.t.sol']
2,['flop.sol', 'cat.sol', 'flap.t.sol', 'vat.t.sol', 'flap.sol']
2,['flop.sol', 'cat.sol', 'flap.t.sol', 'jug.t.sol', 'flap.sol']
2,['flop.sol', 'cat.sol', 'vat.t.sol', 'jug.t.sol', 'flap.sol']
2,['flop.sol', 'flap.t.sol', 'vat.t.sol', 'jug.t.sol', 'flap.sol']
2,['vow.t.sol', 'join.sol', 'flip.sol', 'vow.sol', 'flip.t.sol']
2,['vow.t.sol', 'join.sol', 'flip.sol', 'vow.sol', 'pit.sol']
2,['vow.t.sol', 'join.sol', 'flip.sol', 'vow.sol', 'move.sol']
2,['vow.t.sol', 'join.sol', 'flip.sol', 'vow.sol', 'vat.sol']
2,['vow.t.sol', 'join.sol', 'flip.sol', 'vow.sol', 'flop.t.sol']
2,['vow.t.sol', 'join.sol', 'flip.sol', 'vow.sol', 'jug.sol']
2,['vow.t.sol', 'join.sol', 'flip.sol', 'vow.sol', 'cat.sol']
2,['vow.t.sol', 'join.sol', 'flip.sol', 'vow.sol', 'flap.t.sol']
2,['vow.t.sol', 'join.sol', 'flip.sol', 'vow.sol', 'vat.t.sol']
2,['vow.t.sol', 'join.sol', 'flip.sol', 'vow.sol', 'jug.t.sol']
2,['vow.t.sol', 'join.sol', 'flip.sol', 'vow.sol', 'flap.sol']
2,['vow.t.sol', 'join.sol', 'flip.sol', 'flip.t.sol', 'pit.sol']
2,['vow.t.sol', 'join.sol', 'flip.sol', 'flip.t.sol', 'move.sol']
3,['vow.t.sol', 'join.sol', 'flip.sol', 'flip.t.sol', 'vat.sol']
2,['vow.t.sol', 'join.sol', 'flip.sol', 'flip.t.sol', 'flop.t.sol']
3,['vow.t.sol', 'join.sol', 'flip.sol', 'flip.t.sol', 'jug.sol']
2,['vow.t.sol', 'join.sol', 'flip.sol', 'flip.t.sol', 'cat.sol']
3,['vow.t.sol', 'join.sol', 'flip.sol', 'flip.t.sol', 'flap.t.sol']
2,['vow.t.sol', 'join.sol', 'flip.sol', 'flip.t.sol', 'vat.t.sol']
2,['vow.t.sol', 'join.sol', 'flip.sol', 'flip.t.sol', 'jug.t.sol']
4,['vow.t.sol', 'join.sol', 'flip.sol', 'flip.t.sol', 'flap.sol']
2,['vow.t.sol', 'join.sol', 'flip.sol', 'pit.sol', 'move.sol']
2,['vow.t.sol', 'join.sol', 'flip.sol', 'pit.sol', 'vat.sol']
2,['vow.t.sol', 'join.sol', 'flip.sol', 'pit.sol', 'flop.t.sol']
2,['vow.t.sol', 'join.sol', 'flip.sol', 'pit.sol', 'jug.sol']
2,['vow.t.sol', 'join.sol', 'flip.sol', 'pit.sol', 'cat.sol']
2,['vow.t.sol', 'join.sol', 'flip.sol', 'pit.sol', 'flap.t.sol']
1,['vow.t.sol', 'join.sol', 'flip.sol', 'pit.sol', 'vat.t.sol']
2,['vow.t.sol', 'join.sol', 'flip.sol', 'pit.sol', 'jug.t.sol']
2,['vow.t.sol', 'join.sol', 'flip.sol', 'pit.sol', 'flap.sol']
2,['vow.t.sol', 'join.sol', 'flip.sol', 'move.sol', 'vat.sol']
2,['vow.t.sol', 'join.sol', 'flip.sol', 'move.sol', 'flop.t.sol']
3,['vow.t.sol', 'join.sol', 'flip.sol', 'move.sol', 'jug.sol']
2,['vow.t.sol', 'join.sol', 'flip.sol', 'move.sol', 'cat.sol']
2,['vow.t.sol', 'join.sol', 'flip.sol', 'move.sol', 'flap.t.sol']
1,['vow.t.sol', 'join.sol', 'flip.sol', 'move.sol', 'vat.t.sol']
2,['vow.t.sol', 'join.sol', 'flip.sol', 'move.sol', 'jug.t.sol']
2,['vow.t.sol', 'join.sol', 'flip.sol', 'move.sol', 'flap.sol']
2,['vow.t.sol', 'join.sol', 'flip.sol', 'vat.sol', 'flop.t.sol']
2,['vow.t.sol', 'join.sol', 'flip.sol', 'vat.sol', 'jug.sol']
2,['vow.t.sol', 'join.sol', 'flip.sol', 'vat.sol', 'cat.sol']
2,['vow.t.sol', 'join.sol', 'flip.sol', 'vat.sol', 'flap.t.sol']
1,['vow.t.sol', 'join.sol', 'flip.sol', 'vat.sol', 'vat.t.sol']
2,['vow.t.sol', 'join.sol', 'flip.sol', 'vat.sol', 'jug.t.sol']
3,['vow.t.sol', 'join.sol', 'flip.sol', 'vat.sol', 'flap.sol']
3,['vow.t.sol', 'join.sol', 'flip.sol', 'flop.t.sol', 'jug.sol']
3,['vow.t.sol', 'join.sol', 'flip.sol', 'flop.t.sol', 'cat.sol']
2,['vow.t.sol', 'join.sol', 'flip.sol', 'flop.t.sol', 'flap.t.sol']
2,['vow.t.sol', 'join.sol', 'flip.sol', 'flop.t.sol', 'vat.t.sol']
2,['vow.t.sol', 'join.sol', 'flip.sol', 'flop.t.sol', 'jug.t.sol']
2,['vow.t.sol', 'join.sol', 'flip.sol', 'flop.t.sol', 'flap.sol']
2,['vow.t.sol', 'join.sol', 'flip.sol', 'jug.sol', 'cat.sol']
2,['vow.t.sol', 'join.sol', 'flip.sol', 'jug.sol', 'flap.t.sol']
2,['vow.t.sol', 'join.sol', 'flip.sol', 'jug.sol', 'vat.t.sol']
2,['vow.t.sol', 'join.sol', 'flip.sol', 'jug.sol', 'jug.t.sol']
2,['vow.t.sol', 'join.sol', 'flip.sol', 'jug.sol', 'flap.sol']
2,['vow.t.sol', 'join.sol', 'flip.sol', 'cat.sol', 'flap.t.sol']
2,['vow.t.sol', 'join.sol', 'flip.sol', 'cat.sol', 'vat.t.sol']
2,['vow.t.sol', 'join.sol', 'flip.sol', 'cat.sol', 'jug.t.sol']
2,['vow.t.sol', 'join.sol', 'flip.sol', 'cat.sol', 'flap.sol']
2,['vow.t.sol', 'join.sol', 'flip.sol', 'flap.t.sol', 'vat.t.sol']
2,['vow.t.sol', 'join.sol', 'flip.sol', 'flap.t.sol', 'jug.t.sol']
2,['vow.t.sol', 'join.sol', 'flip.sol', 'flap.t.sol', 'flap.sol']
1,['vow.t.sol', 'join.sol', 'flip.sol', 'vat.t.sol', 'jug.t.sol']
2,['vow.t.sol', 'join.sol', 'flip.sol', 'vat.t.sol', 'flap.sol']
2,['vow.t.sol', 'join.sol', 'flip.sol', 'jug.t.sol', 'flap.sol']
4,['vow.t.sol', 'join.sol', 'vow.sol', 'flip.t.sol', 'pit.sol']
4,['vow.t.sol', 'join.sol', 'vow.sol', 'flip.t.sol', 'move.sol']
3,['vow.t.sol', 'join.sol', 'vow.sol', 'flip.t.sol', 'vat.sol']
4,['vow.t.sol', 'join.sol', 'vow.sol', 'flip.t.sol', 'flop.t.sol']
4,['vow.t.sol', 'join.sol', 'vow.sol', 'flip.t.sol', 'jug.sol']
3,['vow.t.sol', 'join.sol', 'vow.sol', 'flip.t.sol', 'cat.sol']
4,['vow.t.sol', 'join.sol', 'vow.sol', 'flip.t.sol', 'flap.t.sol']
2,['vow.t.sol', 'join.sol', 'vow.sol', 'flip.t.sol', 'vat.t.sol']
3,['vow.t.sol', 'join.sol', 'vow.sol', 'flip.t.sol', 'jug.t.sol']
3,['vow.t.sol', 'join.sol', 'vow.sol', 'flip.t.sol', 'flap.sol']
4,['vow.t.sol', 'join.sol', 'vow.sol', 'pit.sol', 'move.sol']
3,['vow.t.sol', 'join.sol', 'vow.sol', 'pit.sol', 'vat.sol']
4,['vow.t.sol', 'join.sol', 'vow.sol', 'pit.sol', 'flop.t.sol']
4,['vow.t.sol', 'join.sol', 'vow.sol', 'pit.sol', 'jug.sol']
4,['vow.t.sol', 'join.sol', 'vow.sol', 'pit.sol', 'cat.sol']
4,['vow.t.sol', 'join.sol', 'vow.sol', 'pit.sol', 'flap.t.sol']
2,['vow.t.sol', 'join.sol', 'vow.sol', 'pit.sol', 'vat.t.sol']
2,['vow.t.sol', 'join.sol', 'vow.sol', 'pit.sol', 'jug.t.sol']
2,['vow.t.sol', 'join.sol', 'vow.sol', 'pit.sol', 'flap.sol']
3,['vow.t.sol', 'join.sol', 'vow.sol', 'move.sol', 'vat.sol']
4,['vow.t.sol', 'join.sol', 'vow.sol', 'move.sol', 'flop.t.sol']
4,['vow.t.sol', 'join.sol', 'vow.sol', 'move.sol', 'jug.sol']
4,['vow.t.sol', 'join.sol', 'vow.sol', 'move.sol', 'cat.sol']
4,['vow.t.sol', 'join.sol', 'vow.sol', 'move.sol', 'flap.t.sol']
2,['vow.t.sol', 'join.sol', 'vow.sol', 'move.sol', 'vat.t.sol']
2,['vow.t.sol', 'join.sol', 'vow.sol', 'move.sol', 'jug.t.sol']
2,['vow.t.sol', 'join.sol', 'vow.sol', 'move.sol', 'flap.sol']
3,['vow.t.sol', 'join.sol', 'vow.sol', 'vat.sol', 'flop.t.sol']
3,['vow.t.sol', 'join.sol', 'vow.sol', 'vat.sol', 'jug.sol']
3,['vow.t.sol', 'join.sol', 'vow.sol', 'vat.sol', 'cat.sol']
3,['vow.t.sol', 'join.sol', 'vow.sol', 'vat.sol', 'flap.t.sol']
2,['vow.t.sol', 'join.sol', 'vow.sol', 'vat.sol', 'vat.t.sol']
2,['vow.t.sol', 'join.sol', 'vow.sol', 'vat.sol', 'jug.t.sol']
2,['vow.t.sol', 'join.sol', 'vow.sol', 'vat.sol', 'flap.sol']
5,['vow.t.sol', 'join.sol', 'vow.sol', 'flop.t.sol', 'jug.sol']
4,['vow.t.sol', 'join.sol', 'vow.sol', 'flop.t.sol', 'cat.sol']
4,['vow.t.sol', 'join.sol', 'vow.sol', 'flop.t.sol', 'flap.t.sol']
3,['vow.t.sol', 'join.sol', 'vow.sol', 'flop.t.sol', 'vat.t.sol']
3,['vow.t.sol', 'join.sol', 'vow.sol', 'flop.t.sol', 'jug.t.sol']
3,['vow.t.sol', 'join.sol', 'vow.sol', 'flop.t.sol', 'flap.sol']
4,['vow.t.sol', 'join.sol', 'vow.sol', 'jug.sol', 'cat.sol']
4,['vow.t.sol', 'join.sol', 'vow.sol', 'jug.sol', 'flap.t.sol']
3,['vow.t.sol', 'join.sol', 'vow.sol', 'jug.sol', 'vat.t.sol']
2,['vow.t.sol', 'join.sol', 'vow.sol', 'jug.sol', 'jug.t.sol']
2,['vow.t.sol', 'join.sol', 'vow.sol', 'jug.sol', 'flap.sol']
4,['vow.t.sol', 'join.sol', 'vow.sol', 'cat.sol', 'flap.t.sol']
2,['vow.t.sol', 'join.sol', 'vow.sol', 'cat.sol', 'vat.t.sol']
2,['vow.t.sol', 'join.sol', 'vow.sol', 'cat.sol', 'jug.t.sol']
2,['vow.t.sol', 'join.sol', 'vow.sol', 'cat.sol', 'flap.sol']
3,['vow.t.sol', 'join.sol', 'vow.sol', 'flap.t.sol', 'vat.t.sol']
3,['vow.t.sol', 'join.sol', 'vow.sol', 'flap.t.sol', 'jug.t.sol']
3,['vow.t.sol', 'join.sol', 'vow.sol', 'flap.t.sol', 'flap.sol']
2,['vow.t.sol', 'join.sol', 'vow.sol', 'vat.t.sol', 'jug.t.sol']
2,['vow.t.sol', 'join.sol', 'vow.sol', 'vat.t.sol', 'flap.sol']
2,['vow.t.sol', 'join.sol', 'vow.sol', 'jug.t.sol', 'flap.sol']
3,['vow.t.sol', 'join.sol', 'flip.t.sol', 'pit.sol', 'move.sol']
3,['vow.t.sol', 'join.sol', 'flip.t.sol', 'pit.sol', 'vat.sol']
4,['vow.t.sol', 'join.sol', 'flip.t.sol', 'pit.sol', 'flop.t.sol']
3,['vow.t.sol', 'join.sol', 'flip.t.sol', 'pit.sol', 'jug.sol']
3,['vow.t.sol', 'join.sol', 'flip.t.sol', 'pit.sol', 'cat.sol']
4,['vow.t.sol', 'join.sol', 'flip.t.sol', 'pit.sol', 'flap.t.sol']
3,['vow.t.sol', 'join.sol', 'flip.t.sol', 'pit.sol', 'vat.t.sol']
2,['vow.t.sol', 'join.sol', 'flip.t.sol', 'pit.sol', 'jug.t.sol']
2,['vow.t.sol', 'join.sol', 'flip.t.sol', 'pit.sol', 'flap.sol']
4,['vow.t.sol', 'join.sol', 'flip.t.sol', 'move.sol', 'vat.sol']
4,['vow.t.sol', 'join.sol', 'flip.t.sol', 'move.sol', 'flop.t.sol']
4,['vow.t.sol', 'join.sol', 'flip.t.sol', 'move.sol', 'jug.sol']
3,['vow.t.sol', 'join.sol', 'flip.t.sol', 'move.sol', 'cat.sol']
4,['vow.t.sol', 'join.sol', 'flip.t.sol', 'move.sol', 'flap.t.sol']
2,['vow.t.sol', 'join.sol', 'flip.t.sol', 'move.sol', 'vat.t.sol']
2,['vow.t.sol', 'join.sol', 'flip.t.sol', 'move.sol', 'jug.t.sol']
2,['vow.t.sol', 'join.sol', 'flip.t.sol', 'move.sol', 'flap.sol']
4,['vow.t.sol', 'join.sol', 'flip.t.sol', 'vat.sol', 'flop.t.sol']
3,['vow.t.sol', 'join.sol', 'flip.t.sol', 'vat.sol', 'jug.sol']
3,['vow.t.sol', 'join.sol', 'flip.t.sol', 'vat.sol', 'cat.sol']
4,['vow.t.sol', 'join.sol', 'flip.t.sol', 'vat.sol', 'flap.t.sol']
3,['vow.t.sol', 'join.sol', 'flip.t.sol', 'vat.sol', 'vat.t.sol']
2,['vow.t.sol', 'join.sol', 'flip.t.sol', 'vat.sol', 'jug.t.sol']
3,['vow.t.sol', 'join.sol', 'flip.t.sol', 'vat.sol', 'flap.sol']
4,['vow.t.sol', 'join.sol', 'flip.t.sol', 'flop.t.sol', 'jug.sol']
4,['vow.t.sol', 'join.sol', 'flip.t.sol', 'flop.t.sol', 'cat.sol']
3,['vow.t.sol', 'join.sol', 'flip.t.sol', 'flop.t.sol', 'flap.t.sol']
2,['vow.t.sol', 'join.sol', 'flip.t.sol', 'flop.t.sol', 'vat.t.sol']
2,['vow.t.sol', 'join.sol', 'flip.t.sol', 'flop.t.sol', 'jug.t.sol']
2,['vow.t.sol', 'join.sol', 'flip.t.sol', 'flop.t.sol', 'flap.sol']
3,['vow.t.sol', 'join.sol', 'flip.t.sol', 'jug.sol', 'cat.sol']
4,['vow.t.sol', 'join.sol', 'flip.t.sol', 'jug.sol', 'flap.t.sol']
3,['vow.t.sol', 'join.sol', 'flip.t.sol', 'jug.sol', 'vat.t.sol']
3,['vow.t.sol', 'join.sol', 'flip.t.sol', 'jug.sol', 'jug.t.sol']
3,['vow.t.sol', 'join.sol', 'flip.t.sol', 'jug.sol', 'flap.sol']
4,['vow.t.sol', 'join.sol', 'flip.t.sol', 'cat.sol', 'flap.t.sol']
3,['vow.t.sol', 'join.sol', 'flip.t.sol', 'cat.sol', 'vat.t.sol']
2,['vow.t.sol', 'join.sol', 'flip.t.sol', 'cat.sol', 'jug.t.sol']
2,['vow.t.sol', 'join.sol', 'flip.t.sol', 'cat.sol', 'flap.sol']
2,['vow.t.sol', 'join.sol', 'flip.t.sol', 'flap.t.sol', 'vat.t.sol']
2,['vow.t.sol', 'join.sol', 'flip.t.sol', 'flap.t.sol', 'jug.t.sol']
4,['vow.t.sol', 'join.sol', 'flip.t.sol', 'flap.t.sol', 'flap.sol']
1,['vow.t.sol', 'join.sol', 'flip.t.sol', 'vat.t.sol', 'jug.t.sol']
1,['vow.t.sol', 'join.sol', 'flip.t.sol', 'vat.t.sol', 'flap.sol']
2,['vow.t.sol', 'join.sol', 'flip.t.sol', 'jug.t.sol', 'flap.sol']
4,['vow.t.sol', 'join.sol', 'pit.sol', 'move.sol', 'vat.sol']
4,['vow.t.sol', 'join.sol', 'pit.sol', 'move.sol', 'flop.t.sol']
4,['vow.t.sol', 'join.sol', 'pit.sol', 'move.sol', 'jug.sol']
4,['vow.t.sol', 'join.sol', 'pit.sol', 'move.sol', 'cat.sol']
4,['vow.t.sol', 'join.sol', 'pit.sol', 'move.sol', 'flap.t.sol']
2,['vow.t.sol', 'join.sol', 'pit.sol', 'move.sol', 'vat.t.sol']
2,['vow.t.sol', 'join.sol', 'pit.sol', 'move.sol', 'jug.t.sol']
2,['vow.t.sol', 'join.sol', 'pit.sol', 'move.sol', 'flap.sol']
3,['vow.t.sol', 'join.sol', 'pit.sol', 'vat.sol', 'flop.t.sol']
3,['vow.t.sol', 'join.sol', 'pit.sol', 'vat.sol', 'jug.sol']
3,['vow.t.sol', 'join.sol', 'pit.sol', 'vat.sol', 'cat.sol']
3,['vow.t.sol', 'join.sol', 'pit.sol', 'vat.sol', 'flap.t.sol']
2,['vow.t.sol', 'join.sol', 'pit.sol', 'vat.sol', 'vat.t.sol']
2,['vow.t.sol', 'join.sol', 'pit.sol', 'vat.sol', 'jug.t.sol']
2,['vow.t.sol', 'join.sol', 'pit.sol', 'vat.sol', 'flap.sol']
4,['vow.t.sol', 'join.sol', 'pit.sol', 'flop.t.sol', 'jug.sol']
4,['vow.t.sol', 'join.sol', 'pit.sol', 'flop.t.sol', 'cat.sol']
4,['vow.t.sol', 'join.sol', 'pit.sol', 'flop.t.sol', 'flap.t.sol']
3,['vow.t.sol', 'join.sol', 'pit.sol', 'flop.t.sol', 'vat.t.sol']
2,['vow.t.sol', 'join.sol', 'pit.sol', 'flop.t.sol', 'jug.t.sol']
2,['vow.t.sol', 'join.sol', 'pit.sol', 'flop.t.sol', 'flap.sol']
4,['vow.t.sol', 'join.sol', 'pit.sol', 'jug.sol', 'cat.sol']
4,['vow.t.sol', 'join.sol', 'pit.sol', 'jug.sol', 'flap.t.sol']
2,['vow.t.sol', 'join.sol', 'pit.sol', 'jug.sol', 'vat.t.sol']
2,['vow.t.sol', 'join.sol', 'pit.sol', 'jug.sol', 'jug.t.sol']
2,['vow.t.sol', 'join.sol', 'pit.sol', 'jug.sol', 'flap.sol']
4,['vow.t.sol', 'join.sol', 'pit.sol', 'cat.sol', 'flap.t.sol']
2,['vow.t.sol', 'join.sol', 'pit.sol', 'cat.sol', 'vat.t.sol']
2,['vow.t.sol', 'join.sol', 'pit.sol', 'cat.sol', 'jug.t.sol']
2,['vow.t.sol', 'join.sol', 'pit.sol', 'cat.sol', 'flap.sol']
3,['vow.t.sol', 'join.sol', 'pit.sol', 'flap.t.sol', 'vat.t.sol']
2,['vow.t.sol', 'join.sol', 'pit.sol', 'flap.t.sol', 'jug.t.sol']
2,['vow.t.sol', 'join.sol', 'pit.sol', 'flap.t.sol', 'flap.sol']
2,['vow.t.sol', 'join.sol', 'pit.sol', 'vat.t.sol', 'jug.t.sol']
1,['vow.t.sol', 'join.sol', 'pit.sol', 'vat.t.sol', 'flap.sol']
2,['vow.t.sol', 'join.sol', 'pit.sol', 'jug.t.sol', 'flap.sol']
4,['vow.t.sol', 'join.sol', 'move.sol', 'vat.sol', 'flop.t.sol']
4,['vow.t.sol', 'join.sol', 'move.sol', 'vat.sol', 'jug.sol']
3,['vow.t.sol', 'join.sol', 'move.sol', 'vat.sol', 'cat.sol']
4,['vow.t.sol', 'join.sol', 'move.sol', 'vat.sol', 'flap.t.sol']
2,['vow.t.sol', 'join.sol', 'move.sol', 'vat.sol', 'vat.t.sol']
2,['vow.t.sol', 'join.sol', 'move.sol', 'vat.sol', 'jug.t.sol']
2,['vow.t.sol', 'join.sol', 'move.sol', 'vat.sol', 'flap.sol']
4,['vow.t.sol', 'join.sol', 'move.sol', 'flop.t.sol', 'jug.sol']
4,['vow.t.sol', 'join.sol', 'move.sol', 'flop.t.sol', 'cat.sol']
4,['vow.t.sol', 'join.sol', 'move.sol', 'flop.t.sol', 'flap.t.sol']
3,['vow.t.sol', 'join.sol', 'move.sol', 'flop.t.sol', 'vat.t.sol']
2,['vow.t.sol', 'join.sol', 'move.sol', 'flop.t.sol', 'jug.t.sol']
2,['vow.t.sol', 'join.sol', 'move.sol', 'flop.t.sol', 'flap.sol']
4,['vow.t.sol', 'join.sol', 'move.sol', 'jug.sol', 'cat.sol']
4,['vow.t.sol', 'join.sol', 'move.sol', 'jug.sol', 'flap.t.sol']
2,['vow.t.sol', 'join.sol', 'move.sol', 'jug.sol', 'vat.t.sol']
2,['vow.t.sol', 'join.sol', 'move.sol', 'jug.sol', 'jug.t.sol']
3,['vow.t.sol', 'join.sol', 'move.sol', 'jug.sol', 'flap.sol']
4,['vow.t.sol', 'join.sol', 'move.sol', 'cat.sol', 'flap.t.sol']
2,['vow.t.sol', 'join.sol', 'move.sol', 'cat.sol', 'vat.t.sol']
2,['vow.t.sol', 'join.sol', 'move.sol', 'cat.sol', 'jug.t.sol']
2,['vow.t.sol', 'join.sol', 'move.sol', 'cat.sol', 'flap.sol']
3,['vow.t.sol', 'join.sol', 'move.sol', 'flap.t.sol', 'vat.t.sol']
2,['vow.t.sol', 'join.sol', 'move.sol', 'flap.t.sol', 'jug.t.sol']
2,['vow.t.sol', 'join.sol', 'move.sol', 'flap.t.sol', 'flap.sol']
1,['vow.t.sol', 'join.sol', 'move.sol', 'vat.t.sol', 'jug.t.sol']
1,['vow.t.sol', 'join.sol', 'move.sol', 'vat.t.sol', 'flap.sol']
2,['vow.t.sol', 'join.sol', 'move.sol', 'jug.t.sol', 'flap.sol']
3,['vow.t.sol', 'join.sol', 'vat.sol', 'flop.t.sol', 'jug.sol']
3,['vow.t.sol', 'join.sol', 'vat.sol', 'flop.t.sol', 'cat.sol']
4,['vow.t.sol', 'join.sol', 'vat.sol', 'flop.t.sol', 'flap.t.sol']
3,['vow.t.sol', 'join.sol', 'vat.sol', 'flop.t.sol', 'vat.t.sol']
2,['vow.t.sol', 'join.sol', 'vat.sol', 'flop.t.sol', 'jug.t.sol']
2,['vow.t.sol', 'join.sol', 'vat.sol', 'flop.t.sol', 'flap.sol']
3,['vow.t.sol', 'join.sol', 'vat.sol', 'jug.sol', 'cat.sol']
3,['vow.t.sol', 'join.sol', 'vat.sol', 'jug.sol', 'flap.t.sol']
2,['vow.t.sol', 'join.sol', 'vat.sol', 'jug.sol', 'vat.t.sol']
2,['vow.t.sol', 'join.sol', 'vat.sol', 'jug.sol', 'jug.t.sol']
2,['vow.t.sol', 'join.sol', 'vat.sol', 'jug.sol', 'flap.sol']
3,['vow.t.sol', 'join.sol', 'vat.sol', 'cat.sol', 'flap.t.sol']
2,['vow.t.sol', 'join.sol', 'vat.sol', 'cat.sol', 'vat.t.sol']
2,['vow.t.sol', 'join.sol', 'vat.sol', 'cat.sol', 'jug.t.sol']
2,['vow.t.sol', 'join.sol', 'vat.sol', 'cat.sol', 'flap.sol']
3,['vow.t.sol', 'join.sol', 'vat.sol', 'flap.t.sol', 'vat.t.sol']
2,['vow.t.sol', 'join.sol', 'vat.sol', 'flap.t.sol', 'jug.t.sol']
2,['vow.t.sol', 'join.sol', 'vat.sol', 'flap.t.sol', 'flap.sol']
1,['vow.t.sol', 'join.sol', 'vat.sol', 'vat.t.sol', 'jug.t.sol']
1,['vow.t.sol', 'join.sol', 'vat.sol', 'vat.t.sol', 'flap.sol']
2,['vow.t.sol', 'join.sol', 'vat.sol', 'jug.t.sol', 'flap.sol']
4,['vow.t.sol', 'join.sol', 'flop.t.sol', 'jug.sol', 'cat.sol']
5,['vow.t.sol', 'join.sol', 'flop.t.sol', 'jug.sol', 'flap.t.sol']
3,['vow.t.sol', 'join.sol', 'flop.t.sol', 'jug.sol', 'vat.t.sol']
3,['vow.t.sol', 'join.sol', 'flop.t.sol', 'jug.sol', 'jug.t.sol']
3,['vow.t.sol', 'join.sol', 'flop.t.sol', 'jug.sol', 'flap.sol']
4,['vow.t.sol', 'join.sol', 'flop.t.sol', 'cat.sol', 'flap.t.sol']
3,['vow.t.sol', 'join.sol', 'flop.t.sol', 'cat.sol', 'vat.t.sol']
2,['vow.t.sol', 'join.sol', 'flop.t.sol', 'cat.sol', 'jug.t.sol']
3,['vow.t.sol', 'join.sol', 'flop.t.sol', 'cat.sol', 'flap.sol']
2,['vow.t.sol', 'join.sol', 'flop.t.sol', 'flap.t.sol', 'vat.t.sol']
3,['vow.t.sol', 'join.sol', 'flop.t.sol', 'flap.t.sol', 'jug.t.sol']
3,['vow.t.sol', 'join.sol', 'flop.t.sol', 'flap.t.sol', 'flap.sol']
2,['vow.t.sol', 'join.sol', 'flop.t.sol', 'vat.t.sol', 'jug.t.sol']
2,['vow.t.sol', 'join.sol', 'flop.t.sol', 'vat.t.sol', 'flap.sol']
3,['vow.t.sol', 'join.sol', 'flop.t.sol', 'jug.t.sol', 'flap.sol']
4,['vow.t.sol', 'join.sol', 'jug.sol', 'cat.sol', 'flap.t.sol']
2,['vow.t.sol', 'join.sol', 'jug.sol', 'cat.sol', 'vat.t.sol']
2,['vow.t.sol', 'join.sol', 'jug.sol', 'cat.sol', 'jug.t.sol']
2,['vow.t.sol', 'join.sol', 'jug.sol', 'cat.sol', 'flap.sol']
3,['vow.t.sol', 'join.sol', 'jug.sol', 'flap.t.sol', 'vat.t.sol']
3,['vow.t.sol', 'join.sol', 'jug.sol', 'flap.t.sol', 'jug.t.sol']
3,['vow.t.sol', 'join.sol', 'jug.sol', 'flap.t.sol', 'flap.sol']
2,['vow.t.sol', 'join.sol', 'jug.sol', 'vat.t.sol', 'jug.t.sol']
2,['vow.t.sol', 'join.sol', 'jug.sol', 'vat.t.sol', 'flap.sol']
2,['vow.t.sol', 'join.sol', 'jug.sol', 'jug.t.sol', 'flap.sol']
3,['vow.t.sol', 'join.sol', 'cat.sol', 'flap.t.sol', 'vat.t.sol']
2,['vow.t.sol', 'join.sol', 'cat.sol', 'flap.t.sol', 'jug.t.sol']
3,['vow.t.sol', 'join.sol', 'cat.sol', 'flap.t.sol', 'flap.sol']
2,['vow.t.sol', 'join.sol', 'cat.sol', 'vat.t.sol', 'jug.t.sol']
2,['vow.t.sol', 'join.sol', 'cat.sol', 'vat.t.sol', 'flap.sol']
2,['vow.t.sol', 'join.sol', 'cat.sol', 'jug.t.sol', 'flap.sol']
2,['vow.t.sol', 'join.sol', 'flap.t.sol', 'vat.t.sol', 'jug.t.sol']
2,['vow.t.sol', 'join.sol', 'flap.t.sol', 'vat.t.sol', 'flap.sol']
2,['vow.t.sol', 'join.sol', 'flap.t.sol', 'jug.t.sol', 'flap.sol']
1,['vow.t.sol', 'join.sol', 'vat.t.sol', 'jug.t.sol', 'flap.sol']
2,['vow.t.sol', 'flip.sol', 'vow.sol', 'flip.t.sol', 'pit.sol']
2,['vow.t.sol', 'flip.sol', 'vow.sol', 'flip.t.sol', 'move.sol']
1,['vow.t.sol', 'flip.sol', 'vow.sol', 'flip.t.sol', 'vat.sol']
2,['vow.t.sol', 'flip.sol', 'vow.sol', 'flip.t.sol', 'flop.t.sol']
2,['vow.t.sol', 'flip.sol', 'vow.sol', 'flip.t.sol', 'jug.sol']
2,['vow.t.sol', 'flip.sol', 'vow.sol', 'flip.t.sol', 'cat.sol']
2,['vow.t.sol', 'flip.sol', 'vow.sol', 'flip.t.sol', 'flap.t.sol']
2,['vow.t.sol', 'flip.sol', 'vow.sol', 'flip.t.sol', 'vat.t.sol']
2,['vow.t.sol', 'flip.sol', 'vow.sol', 'flip.t.sol', 'jug.t.sol']
2,['vow.t.sol', 'flip.sol', 'vow.sol', 'flip.t.sol', 'flap.sol']
2,['vow.t.sol', 'flip.sol', 'vow.sol', 'pit.sol', 'move.sol']
2,['vow.t.sol', 'flip.sol', 'vow.sol', 'pit.sol', 'vat.sol']
2,['vow.t.sol', 'flip.sol', 'vow.sol', 'pit.sol', 'flop.t.sol']
2,['vow.t.sol', 'flip.sol', 'vow.sol', 'pit.sol', 'jug.sol']
2,['vow.t.sol', 'flip.sol', 'vow.sol', 'pit.sol', 'cat.sol']
2,['vow.t.sol', 'flip.sol', 'vow.sol', 'pit.sol', 'flap.t.sol']
1,['vow.t.sol', 'flip.sol', 'vow.sol', 'pit.sol', 'vat.t.sol']
2,['vow.t.sol', 'flip.sol', 'vow.sol', 'pit.sol', 'jug.t.sol']
2,['vow.t.sol', 'flip.sol', 'vow.sol', 'pit.sol', 'flap.sol']
2,['vow.t.sol', 'flip.sol', 'vow.sol', 'move.sol', 'vat.sol']
2,['vow.t.sol', 'flip.sol', 'vow.sol', 'move.sol', 'flop.t.sol']
2,['vow.t.sol', 'flip.sol', 'vow.sol', 'move.sol', 'jug.sol']
2,['vow.t.sol', 'flip.sol', 'vow.sol', 'move.sol', 'cat.sol']
2,['vow.t.sol', 'flip.sol', 'vow.sol', 'move.sol', 'flap.t.sol']
2,['vow.t.sol', 'flip.sol', 'vow.sol', 'move.sol', 'vat.t.sol']
2,['vow.t.sol', 'flip.sol', 'vow.sol', 'move.sol', 'jug.t.sol']
2,['vow.t.sol', 'flip.sol', 'vow.sol', 'move.sol', 'flap.sol']
2,['vow.t.sol', 'flip.sol', 'vow.sol', 'vat.sol', 'flop.t.sol']
2,['vow.t.sol', 'flip.sol', 'vow.sol', 'vat.sol', 'jug.sol']
2,['vow.t.sol', 'flip.sol', 'vow.sol', 'vat.sol', 'cat.sol']
2,['vow.t.sol', 'flip.sol', 'vow.sol', 'vat.sol', 'flap.t.sol']
1,['vow.t.sol', 'flip.sol', 'vow.sol', 'vat.sol', 'vat.t.sol']
2,['vow.t.sol', 'flip.sol', 'vow.sol', 'vat.sol', 'jug.t.sol']
2,['vow.t.sol', 'flip.sol', 'vow.sol', 'vat.sol', 'flap.sol']
3,['vow.t.sol', 'flip.sol', 'vow.sol', 'flop.t.sol', 'jug.sol']
2,['vow.t.sol', 'flip.sol', 'vow.sol', 'flop.t.sol', 'cat.sol']
3,['vow.t.sol', 'flip.sol', 'vow.sol', 'flop.t.sol', 'flap.t.sol']
2,['vow.t.sol', 'flip.sol', 'vow.sol', 'flop.t.sol', 'vat.t.sol']
3,['vow.t.sol', 'flip.sol', 'vow.sol', 'flop.t.sol', 'jug.t.sol']
3,['vow.t.sol', 'flip.sol', 'vow.sol', 'flop.t.sol', 'flap.sol']
2,['vow.t.sol', 'flip.sol', 'vow.sol', 'jug.sol', 'cat.sol']
3,['vow.t.sol', 'flip.sol', 'vow.sol', 'jug.sol', 'flap.t.sol']
2,['vow.t.sol', 'flip.sol', 'vow.sol', 'jug.sol', 'vat.t.sol']
2,['vow.t.sol', 'flip.sol', 'vow.sol', 'jug.sol', 'jug.t.sol']
2,['vow.t.sol', 'flip.sol', 'vow.sol', 'jug.sol', 'flap.sol']
2,['vow.t.sol', 'flip.sol', 'vow.sol', 'cat.sol', 'flap.t.sol']
2,['vow.t.sol', 'flip.sol', 'vow.sol', 'cat.sol', 'vat.t.sol']
2,['vow.t.sol', 'flip.sol', 'vow.sol', 'cat.sol', 'jug.t.sol']
2,['vow.t.sol', 'flip.sol', 'vow.sol', 'cat.sol', 'flap.sol']
2,['vow.t.sol', 'flip.sol', 'vow.sol', 'flap.t.sol', 'vat.t.sol']
2,['vow.t.sol', 'flip.sol', 'vow.sol', 'flap.t.sol', 'jug.t.sol']
3,['vow.t.sol', 'flip.sol', 'vow.sol', 'flap.t.sol', 'flap.sol']
2,['vow.t.sol', 'flip.sol', 'vow.sol', 'vat.t.sol', 'jug.t.sol']
2,['vow.t.sol', 'flip.sol', 'vow.sol', 'vat.t.sol', 'flap.sol']
2,['vow.t.sol', 'flip.sol', 'vow.sol', 'jug.t.sol', 'flap.sol']
3,['vow.t.sol', 'flip.sol', 'flip.t.sol', 'pit.sol', 'move.sol']
2,['vow.t.sol', 'flip.sol', 'flip.t.sol', 'pit.sol', 'vat.sol']
3,['vow.t.sol', 'flip.sol', 'flip.t.sol', 'pit.sol', 'flop.t.sol']
2,['vow.t.sol', 'flip.sol', 'flip.t.sol', 'pit.sol', 'jug.sol']
2,['vow.t.sol', 'flip.sol', 'flip.t.sol', 'pit.sol', 'cat.sol']
3,['vow.t.sol', 'flip.sol', 'flip.t.sol', 'pit.sol', 'flap.t.sol']
2,['vow.t.sol', 'flip.sol', 'flip.t.sol', 'pit.sol', 'vat.t.sol']
2,['vow.t.sol', 'flip.sol', 'flip.t.sol', 'pit.sol', 'jug.t.sol']
2,['vow.t.sol', 'flip.sol', 'flip.t.sol', 'pit.sol', 'flap.sol']
2,['vow.t.sol', 'flip.sol', 'flip.t.sol', 'move.sol', 'vat.sol']
3,['vow.t.sol', 'flip.sol', 'flip.t.sol', 'move.sol', 'flop.t.sol']
3,['vow.t.sol', 'flip.sol', 'flip.t.sol', 'move.sol', 'jug.sol']
2,['vow.t.sol', 'flip.sol', 'flip.t.sol', 'move.sol', 'cat.sol']
3,['vow.t.sol', 'flip.sol', 'flip.t.sol', 'move.sol', 'flap.t.sol']
3,['vow.t.sol', 'flip.sol', 'flip.t.sol', 'move.sol', 'vat.t.sol']
2,['vow.t.sol', 'flip.sol', 'flip.t.sol', 'move.sol', 'jug.t.sol']
3,['vow.t.sol', 'flip.sol', 'flip.t.sol', 'move.sol', 'flap.sol']
2,['vow.t.sol', 'flip.sol', 'flip.t.sol', 'vat.sol', 'flop.t.sol']
2,['vow.t.sol', 'flip.sol', 'flip.t.sol', 'vat.sol', 'jug.sol']
2,['vow.t.sol', 'flip.sol', 'flip.t.sol', 'vat.sol', 'cat.sol']
2,['vow.t.sol', 'flip.sol', 'flip.t.sol', 'vat.sol', 'flap.t.sol']
3,['vow.t.sol', 'flip.sol', 'flip.t.sol', 'vat.sol', 'vat.t.sol']
2,['vow.t.sol', 'flip.sol', 'flip.t.sol', 'vat.sol', 'jug.t.sol']
2,['vow.t.sol', 'flip.sol', 'flip.t.sol', 'vat.sol', 'flap.sol']
3,['vow.t.sol', 'flip.sol', 'flip.t.sol', 'flop.t.sol', 'jug.sol']
2,['vow.t.sol', 'flip.sol', 'flip.t.sol', 'flop.t.sol', 'cat.sol']
2,['vow.t.sol', 'flip.sol', 'flip.t.sol', 'flop.t.sol', 'flap.t.sol']
2,['vow.t.sol', 'flip.sol', 'flip.t.sol', 'flop.t.sol', 'vat.t.sol']
2,['vow.t.sol', 'flip.sol', 'flip.t.sol', 'flop.t.sol', 'jug.t.sol']
3,['vow.t.sol', 'flip.sol', 'flip.t.sol', 'flop.t.sol', 'flap.sol']
2,['vow.t.sol', 'flip.sol', 'flip.t.sol', 'jug.sol', 'cat.sol']
3,['vow.t.sol', 'flip.sol', 'flip.t.sol', 'jug.sol', 'flap.t.sol']
2,['vow.t.sol', 'flip.sol', 'flip.t.sol', 'jug.sol', 'vat.t.sol']
2,['vow.t.sol', 'flip.sol', 'flip.t.sol', 'jug.sol', 'jug.t.sol']
3,['vow.t.sol', 'flip.sol', 'flip.t.sol', 'jug.sol', 'flap.sol']
2,['vow.t.sol', 'flip.sol', 'flip.t.sol', 'cat.sol', 'flap.t.sol']
2,['vow.t.sol', 'flip.sol', 'flip.t.sol', 'cat.sol', 'vat.t.sol']
2,['vow.t.sol', 'flip.sol', 'flip.t.sol', 'cat.sol', 'jug.t.sol']
2,['vow.t.sol', 'flip.sol', 'flip.t.sol', 'cat.sol', 'flap.sol']
2,['vow.t.sol', 'flip.sol', 'flip.t.sol', 'flap.t.sol', 'vat.t.sol']
2,['vow.t.sol', 'flip.sol', 'flip.t.sol', 'flap.t.sol', 'jug.t.sol']
3,['vow.t.sol', 'flip.sol', 'flip.t.sol', 'flap.t.sol', 'flap.sol']
2,['vow.t.sol', 'flip.sol', 'flip.t.sol', 'vat.t.sol', 'jug.t.sol']
3,['vow.t.sol', 'flip.sol', 'flip.t.sol', 'vat.t.sol', 'flap.sol']
2,['vow.t.sol', 'flip.sol', 'flip.t.sol', 'jug.t.sol', 'flap.sol']
2,['vow.t.sol', 'flip.sol', 'pit.sol', 'move.sol', 'vat.sol']
2,['vow.t.sol', 'flip.sol', 'pit.sol', 'move.sol', 'flop.t.sol']
2,['vow.t.sol', 'flip.sol', 'pit.sol', 'move.sol', 'jug.sol']
2,['vow.t.sol', 'flip.sol', 'pit.sol', 'move.sol', 'cat.sol']
2,['vow.t.sol', 'flip.sol', 'pit.sol', 'move.sol', 'flap.t.sol']
1,['vow.t.sol', 'flip.sol', 'pit.sol', 'move.sol', 'vat.t.sol']
2,['vow.t.sol', 'flip.sol', 'pit.sol', 'move.sol', 'jug.t.sol']
2,['vow.t.sol', 'flip.sol', 'pit.sol', 'move.sol', 'flap.sol']
2,['vow.t.sol', 'flip.sol', 'pit.sol', 'vat.sol', 'flop.t.sol']
2,['vow.t.sol', 'flip.sol', 'pit.sol', 'vat.sol', 'jug.sol']
2,['vow.t.sol', 'flip.sol', 'pit.sol', 'vat.sol', 'cat.sol']
2,['vow.t.sol', 'flip.sol', 'pit.sol', 'vat.sol', 'flap.t.sol']
1,['vow.t.sol', 'flip.sol', 'pit.sol', 'vat.sol', 'vat.t.sol']
2,['vow.t.sol', 'flip.sol', 'pit.sol', 'vat.sol', 'jug.t.sol']
2,['vow.t.sol', 'flip.sol', 'pit.sol', 'vat.sol', 'flap.sol']
2,['vow.t.sol', 'flip.sol', 'pit.sol', 'flop.t.sol', 'jug.sol']
2,['vow.t.sol', 'flip.sol', 'pit.sol', 'flop.t.sol', 'cat.sol']
3,['vow.t.sol', 'flip.sol', 'pit.sol', 'flop.t.sol', 'flap.t.sol']
2,['vow.t.sol', 'flip.sol', 'pit.sol', 'flop.t.sol', 'vat.t.sol']
2,['vow.t.sol', 'flip.sol', 'pit.sol', 'flop.t.sol', 'jug.t.sol']
2,['vow.t.sol', 'flip.sol', 'pit.sol', 'flop.t.sol', 'flap.sol']
2,['vow.t.sol', 'flip.sol', 'pit.sol', 'jug.sol', 'cat.sol']
2,['vow.t.sol', 'flip.sol', 'pit.sol', 'jug.sol', 'flap.t.sol']
1,['vow.t.sol', 'flip.sol', 'pit.sol', 'jug.sol', 'vat.t.sol']
2,['vow.t.sol', 'flip.sol', 'pit.sol', 'jug.sol', 'jug.t.sol']
2,['vow.t.sol', 'flip.sol', 'pit.sol', 'jug.sol', 'flap.sol']
2,['vow.t.sol', 'flip.sol', 'pit.sol', 'cat.sol', 'flap.t.sol']
1,['vow.t.sol', 'flip.sol', 'pit.sol', 'cat.sol', 'vat.t.sol']
2,['vow.t.sol', 'flip.sol', 'pit.sol', 'cat.sol', 'jug.t.sol']
2,['vow.t.sol', 'flip.sol', 'pit.sol', 'cat.sol', 'flap.sol']
2,['vow.t.sol', 'flip.sol', 'pit.sol', 'flap.t.sol', 'vat.t.sol']
2,['vow.t.sol', 'flip.sol', 'pit.sol', 'flap.t.sol', 'jug.t.sol']
2,['vow.t.sol', 'flip.sol', 'pit.sol', 'flap.t.sol', 'flap.sol']
1,['vow.t.sol', 'flip.sol', 'pit.sol', 'vat.t.sol', 'jug.t.sol']
1,['vow.t.sol', 'flip.sol', 'pit.sol', 'vat.t.sol', 'flap.sol']
2,['vow.t.sol', 'flip.sol', 'pit.sol', 'jug.t.sol', 'flap.sol']
3,['vow.t.sol', 'flip.sol', 'move.sol', 'vat.sol', 'flop.t.sol']
2,['vow.t.sol', 'flip.sol', 'move.sol', 'vat.sol', 'jug.sol']
2,['vow.t.sol', 'flip.sol', 'move.sol', 'vat.sol', 'cat.sol']
3,['vow.t.sol', 'flip.sol', 'move.sol', 'vat.sol', 'flap.t.sol']
3,['vow.t.sol', 'flip.sol', 'move.sol', 'vat.sol', 'vat.t.sol']
2,['vow.t.sol', 'flip.sol', 'move.sol', 'vat.sol', 'jug.t.sol']
2,['vow.t.sol', 'flip.sol', 'move.sol', 'vat.sol', 'flap.sol']
2,['vow.t.sol', 'flip.sol', 'move.sol', 'flop.t.sol', 'jug.sol']
2,['vow.t.sol', 'flip.sol', 'move.sol', 'flop.t.sol', 'cat.sol']
2,['vow.t.sol', 'flip.sol', 'move.sol', 'flop.t.sol', 'flap.t.sol']
2,['vow.t.sol', 'flip.sol', 'move.sol', 'flop.t.sol', 'vat.t.sol']
2,['vow.t.sol', 'flip.sol', 'move.sol', 'flop.t.sol', 'jug.t.sol']
2,['vow.t.sol', 'flip.sol', 'move.sol', 'flop.t.sol', 'flap.sol']
2,['vow.t.sol', 'flip.sol', 'move.sol', 'jug.sol', 'cat.sol']
2,['vow.t.sol', 'flip.sol', 'move.sol', 'jug.sol', 'flap.t.sol']
2,['vow.t.sol', 'flip.sol', 'move.sol', 'jug.sol', 'vat.t.sol']
2,['vow.t.sol', 'flip.sol', 'move.sol', 'jug.sol', 'jug.t.sol']
2,['vow.t.sol', 'flip.sol', 'move.sol', 'jug.sol', 'flap.sol']
2,['vow.t.sol', 'flip.sol', 'move.sol', 'cat.sol', 'flap.t.sol']
2,['vow.t.sol', 'flip.sol', 'move.sol', 'cat.sol', 'vat.t.sol']
2,['vow.t.sol', 'flip.sol', 'move.sol', 'cat.sol', 'jug.t.sol']
2,['vow.t.sol', 'flip.sol', 'move.sol', 'cat.sol', 'flap.sol']
2,['vow.t.sol', 'flip.sol', 'move.sol', 'flap.t.sol', 'vat.t.sol']
2,['vow.t.sol', 'flip.sol', 'move.sol', 'flap.t.sol', 'jug.t.sol']
3,['vow.t.sol', 'flip.sol', 'move.sol', 'flap.t.sol', 'flap.sol']
1,['vow.t.sol', 'flip.sol', 'move.sol', 'vat.t.sol', 'jug.t.sol']
2,['vow.t.sol', 'flip.sol', 'move.sol', 'vat.t.sol', 'flap.sol']
2,['vow.t.sol', 'flip.sol', 'move.sol', 'jug.t.sol', 'flap.sol']
2,['vow.t.sol', 'flip.sol', 'vat.sol', 'flop.t.sol', 'jug.sol']
2,['vow.t.sol', 'flip.sol', 'vat.sol', 'flop.t.sol', 'cat.sol']
3,['vow.t.sol', 'flip.sol', 'vat.sol', 'flop.t.sol', 'flap.t.sol']
3,['vow.t.sol', 'flip.sol', 'vat.sol', 'flop.t.sol', 'vat.t.sol']
2,['vow.t.sol', 'flip.sol', 'vat.sol', 'flop.t.sol', 'jug.t.sol']
2,['vow.t.sol', 'flip.sol', 'vat.sol', 'flop.t.sol', 'flap.sol']
2,['vow.t.sol', 'flip.sol', 'vat.sol', 'jug.sol', 'cat.sol']
2,['vow.t.sol', 'flip.sol', 'vat.sol', 'jug.sol', 'flap.t.sol']
1,['vow.t.sol', 'flip.sol', 'vat.sol', 'jug.sol', 'vat.t.sol']
2,['vow.t.sol', 'flip.sol', 'vat.sol', 'jug.sol', 'jug.t.sol']
2,['vow.t.sol', 'flip.sol', 'vat.sol', 'jug.sol', 'flap.sol']
2,['vow.t.sol', 'flip.sol', 'vat.sol', 'cat.sol', 'flap.t.sol']
1,['vow.t.sol', 'flip.sol', 'vat.sol', 'cat.sol', 'vat.t.sol']
2,['vow.t.sol', 'flip.sol', 'vat.sol', 'cat.sol', 'jug.t.sol']
2,['vow.t.sol', 'flip.sol', 'vat.sol', 'cat.sol', 'flap.sol']
3,['vow.t.sol', 'flip.sol', 'vat.sol', 'flap.t.sol', 'vat.t.sol']
2,['vow.t.sol', 'flip.sol', 'vat.sol', 'flap.t.sol', 'jug.t.sol']
2,['vow.t.sol', 'flip.sol', 'vat.sol', 'flap.t.sol', 'flap.sol']
1,['vow.t.sol', 'flip.sol', 'vat.sol', 'vat.t.sol', 'jug.t.sol']
2,['vow.t.sol', 'flip.sol', 'vat.sol', 'vat.t.sol', 'flap.sol']
2,['vow.t.sol', 'flip.sol', 'vat.sol', 'jug.t.sol', 'flap.sol']
2,['vow.t.sol', 'flip.sol', 'flop.t.sol', 'jug.sol', 'cat.sol']
3,['vow.t.sol', 'flip.sol', 'flop.t.sol', 'jug.sol', 'flap.t.sol']
2,['vow.t.sol', 'flip.sol', 'flop.t.sol', 'jug.sol', 'vat.t.sol']
2,['vow.t.sol', 'flip.sol', 'flop.t.sol', 'jug.sol', 'jug.t.sol']
3,['vow.t.sol', 'flip.sol', 'flop.t.sol', 'jug.sol', 'flap.sol']
3,['vow.t.sol', 'flip.sol', 'flop.t.sol', 'cat.sol', 'flap.t.sol']
2,['vow.t.sol', 'flip.sol', 'flop.t.sol', 'cat.sol', 'vat.t.sol']
2,['vow.t.sol', 'flip.sol', 'flop.t.sol', 'cat.sol', 'jug.t.sol']
2,['vow.t.sol', 'flip.sol', 'flop.t.sol', 'cat.sol', 'flap.sol']
2,['vow.t.sol', 'flip.sol', 'flop.t.sol', 'flap.t.sol', 'vat.t.sol']
3,['vow.t.sol', 'flip.sol', 'flop.t.sol', 'flap.t.sol', 'jug.t.sol']
3,['vow.t.sol', 'flip.sol', 'flop.t.sol', 'flap.t.sol', 'flap.sol']
2,['vow.t.sol', 'flip.sol', 'flop.t.sol', 'vat.t.sol', 'jug.t.sol']
2,['vow.t.sol', 'flip.sol', 'flop.t.sol', 'vat.t.sol', 'flap.sol']
3,['vow.t.sol', 'flip.sol', 'flop.t.sol', 'jug.t.sol', 'flap.sol']
2,['vow.t.sol', 'flip.sol', 'jug.sol', 'cat.sol', 'flap.t.sol']
2,['vow.t.sol', 'flip.sol', 'jug.sol', 'cat.sol', 'vat.t.sol']
2,['vow.t.sol', 'flip.sol', 'jug.sol', 'cat.sol', 'jug.t.sol']
2,['vow.t.sol', 'flip.sol', 'jug.sol', 'cat.sol', 'flap.sol']
2,['vow.t.sol', 'flip.sol', 'jug.sol', 'flap.t.sol', 'vat.t.sol']
3,['vow.t.sol', 'flip.sol', 'jug.sol', 'flap.t.sol', 'jug.t.sol']
3,['vow.t.sol', 'flip.sol', 'jug.sol', 'flap.t.sol', 'flap.sol']
2,['vow.t.sol', 'flip.sol', 'jug.sol', 'vat.t.sol', 'jug.t.sol']
2,['vow.t.sol', 'flip.sol', 'jug.sol', 'vat.t.sol', 'flap.sol']
2,['vow.t.sol', 'flip.sol', 'jug.sol', 'jug.t.sol', 'flap.sol']
2,['vow.t.sol', 'flip.sol', 'cat.sol', 'flap.t.sol', 'vat.t.sol']
2,['vow.t.sol', 'flip.sol', 'cat.sol', 'flap.t.sol', 'jug.t.sol']
2,['vow.t.sol', 'flip.sol', 'cat.sol', 'flap.t.sol', 'flap.sol']
2,['vow.t.sol', 'flip.sol', 'cat.sol', 'vat.t.sol', 'jug.t.sol']
1,['vow.t.sol', 'flip.sol', 'cat.sol', 'vat.t.sol', 'flap.sol']
2,['vow.t.sol', 'flip.sol', 'cat.sol', 'jug.t.sol', 'flap.sol']
2,['vow.t.sol', 'flip.sol', 'flap.t.sol', 'vat.t.sol', 'jug.t.sol']
3,['vow.t.sol', 'flip.sol', 'flap.t.sol', 'vat.t.sol', 'flap.sol']
3,['vow.t.sol', 'flip.sol', 'flap.t.sol', 'jug.t.sol', 'flap.sol']
2,['vow.t.sol', 'flip.sol', 'vat.t.sol', 'jug.t.sol', 'flap.sol']
4,['vow.t.sol', 'vow.sol', 'flip.t.sol', 'pit.sol', 'move.sol']
3,['vow.t.sol', 'vow.sol', 'flip.t.sol', 'pit.sol', 'vat.sol']
4,['vow.t.sol', 'vow.sol', 'flip.t.sol', 'pit.sol', 'flop.t.sol']
4,['vow.t.sol', 'vow.sol', 'flip.t.sol', 'pit.sol', 'jug.sol']
3,['vow.t.sol', 'vow.sol', 'flip.t.sol', 'pit.sol', 'cat.sol']
4,['vow.t.sol', 'vow.sol', 'flip.t.sol', 'pit.sol', 'flap.t.sol']
3,['vow.t.sol', 'vow.sol', 'flip.t.sol', 'pit.sol', 'vat.t.sol']
3,['vow.t.sol', 'vow.sol', 'flip.t.sol', 'pit.sol', 'jug.t.sol']
3,['vow.t.sol', 'vow.sol', 'flip.t.sol', 'pit.sol', 'flap.sol']
3,['vow.t.sol', 'vow.sol', 'flip.t.sol', 'move.sol', 'vat.sol']
4,['vow.t.sol', 'vow.sol', 'flip.t.sol', 'move.sol', 'flop.t.sol']
4,['vow.t.sol', 'vow.sol', 'flip.t.sol', 'move.sol', 'jug.sol']
3,['vow.t.sol', 'vow.sol', 'flip.t.sol', 'move.sol', 'cat.sol']
4,['vow.t.sol', 'vow.sol', 'flip.t.sol', 'move.sol', 'flap.t.sol']
2,['vow.t.sol', 'vow.sol', 'flip.t.sol', 'move.sol', 'vat.t.sol']
3,['vow.t.sol', 'vow.sol', 'flip.t.sol', 'move.sol', 'jug.t.sol']
3,['vow.t.sol', 'vow.sol', 'flip.t.sol', 'move.sol', 'flap.sol']
4,['vow.t.sol', 'vow.sol', 'flip.t.sol', 'vat.sol', 'flop.t.sol']
4,['vow.t.sol', 'vow.sol', 'flip.t.sol', 'vat.sol', 'jug.sol']
3,['vow.t.sol', 'vow.sol', 'flip.t.sol', 'vat.sol', 'cat.sol']
4,['vow.t.sol', 'vow.sol', 'flip.t.sol', 'vat.sol', 'flap.t.sol']
3,['vow.t.sol', 'vow.sol', 'flip.t.sol', 'vat.sol', 'vat.t.sol']
3,['vow.t.sol', 'vow.sol', 'flip.t.sol', 'vat.sol', 'jug.t.sol']
3,['vow.t.sol', 'vow.sol', 'flip.t.sol', 'vat.sol', 'flap.sol']
4,['vow.t.sol', 'vow.sol', 'flip.t.sol', 'flop.t.sol', 'jug.sol']
4,['vow.t.sol', 'vow.sol', 'flip.t.sol', 'flop.t.sol', 'cat.sol']
4,['vow.t.sol', 'vow.sol', 'flip.t.sol', 'flop.t.sol', 'flap.t.sol']
2,['vow.t.sol', 'vow.sol', 'flip.t.sol', 'flop.t.sol', 'vat.t.sol']
2,['vow.t.sol', 'vow.sol', 'flip.t.sol', 'flop.t.sol', 'jug.t.sol']
3,['vow.t.sol', 'vow.sol', 'flip.t.sol', 'flop.t.sol', 'flap.sol']
4,['vow.t.sol', 'vow.sol', 'flip.t.sol', 'jug.sol', 'cat.sol']
4,['vow.t.sol', 'vow.sol', 'flip.t.sol', 'jug.sol', 'flap.t.sol']
2,['vow.t.sol', 'vow.sol', 'flip.t.sol', 'jug.sol', 'vat.t.sol']
3,['vow.t.sol', 'vow.sol', 'flip.t.sol', 'jug.sol', 'jug.t.sol']
3,['vow.t.sol', 'vow.sol', 'flip.t.sol', 'jug.sol', 'flap.sol']
4,['vow.t.sol', 'vow.sol', 'flip.t.sol', 'cat.sol', 'flap.t.sol']
3,['vow.t.sol', 'vow.sol', 'flip.t.sol', 'cat.sol', 'vat.t.sol']
3,['vow.t.sol', 'vow.sol', 'flip.t.sol', 'cat.sol', 'jug.t.sol']
3,['vow.t.sol', 'vow.sol', 'flip.t.sol', 'cat.sol', 'flap.sol']
2,['vow.t.sol', 'vow.sol', 'flip.t.sol', 'flap.t.sol', 'vat.t.sol']
2,['vow.t.sol', 'vow.sol', 'flip.t.sol', 'flap.t.sol', 'jug.t.sol']
2,['vow.t.sol', 'vow.sol', 'flip.t.sol', 'flap.t.sol', 'flap.sol']
2,['vow.t.sol', 'vow.sol', 'flip.t.sol', 'vat.t.sol', 'jug.t.sol']
2,['vow.t.sol', 'vow.sol', 'flip.t.sol', 'vat.t.sol', 'flap.sol']
2,['vow.t.sol', 'vow.sol', 'flip.t.sol', 'jug.t.sol', 'flap.sol']
3,['vow.t.sol', 'vow.sol', 'pit.sol', 'move.sol', 'vat.sol']
4,['vow.t.sol', 'vow.sol', 'pit.sol', 'move.sol', 'flop.t.sol']
3,['vow.t.sol', 'vow.sol', 'pit.sol', 'move.sol', 'jug.sol']
3,['vow.t.sol', 'vow.sol', 'pit.sol', 'move.sol', 'cat.sol']
4,['vow.t.sol', 'vow.sol', 'pit.sol', 'move.sol', 'flap.t.sol']
2,['vow.t.sol', 'vow.sol', 'pit.sol', 'move.sol', 'vat.t.sol']
2,['vow.t.sol', 'vow.sol', 'pit.sol', 'move.sol', 'jug.t.sol']
2,['vow.t.sol', 'vow.sol', 'pit.sol', 'move.sol', 'flap.sol']
3,['vow.t.sol', 'vow.sol', 'pit.sol', 'vat.sol', 'flop.t.sol']
3,['vow.t.sol', 'vow.sol', 'pit.sol', 'vat.sol', 'jug.sol']
3,['vow.t.sol', 'vow.sol', 'pit.sol', 'vat.sol', 'cat.sol']
3,['vow.t.sol', 'vow.sol', 'pit.sol', 'vat.sol', 'flap.t.sol']
2,['vow.t.sol', 'vow.sol', 'pit.sol', 'vat.sol', 'vat.t.sol']
2,['vow.t.sol', 'vow.sol', 'pit.sol', 'vat.sol', 'jug.t.sol']
2,['vow.t.sol', 'vow.sol', 'pit.sol', 'vat.sol', 'flap.sol']
3,['vow.t.sol', 'vow.sol', 'pit.sol', 'flop.t.sol', 'jug.sol']
3,['vow.t.sol', 'vow.sol', 'pit.sol', 'flop.t.sol', 'cat.sol']
4,['vow.t.sol', 'vow.sol', 'pit.sol', 'flop.t.sol', 'flap.t.sol']
3,['vow.t.sol', 'vow.sol', 'pit.sol', 'flop.t.sol', 'vat.t.sol']
2,['vow.t.sol', 'vow.sol', 'pit.sol', 'flop.t.sol', 'jug.t.sol']
2,['vow.t.sol', 'vow.sol', 'pit.sol', 'flop.t.sol', 'flap.sol']
3,['vow.t.sol', 'vow.sol', 'pit.sol', 'jug.sol', 'cat.sol']
3,['vow.t.sol', 'vow.sol', 'pit.sol', 'jug.sol', 'flap.t.sol']
2,['vow.t.sol', 'vow.sol', 'pit.sol', 'jug.sol', 'vat.t.sol']
2,['vow.t.sol', 'vow.sol', 'pit.sol', 'jug.sol', 'jug.t.sol']
2,['vow.t.sol', 'vow.sol', 'pit.sol', 'jug.sol', 'flap.sol']
3,['vow.t.sol', 'vow.sol', 'pit.sol', 'cat.sol', 'flap.t.sol']
2,['vow.t.sol', 'vow.sol', 'pit.sol', 'cat.sol', 'vat.t.sol']
2,['vow.t.sol', 'vow.sol', 'pit.sol', 'cat.sol', 'jug.t.sol']
2,['vow.t.sol', 'vow.sol', 'pit.sol', 'cat.sol', 'flap.sol']
3,['vow.t.sol', 'vow.sol', 'pit.sol', 'flap.t.sol', 'vat.t.sol']
2,['vow.t.sol', 'vow.sol', 'pit.sol', 'flap.t.sol', 'jug.t.sol']
2,['vow.t.sol', 'vow.sol', 'pit.sol', 'flap.t.sol', 'flap.sol']
2,['vow.t.sol', 'vow.sol', 'pit.sol', 'vat.t.sol', 'jug.t.sol']
2,['vow.t.sol', 'vow.sol', 'pit.sol', 'vat.t.sol', 'flap.sol']
2,['vow.t.sol', 'vow.sol', 'pit.sol', 'jug.t.sol', 'flap.sol']
3,['vow.t.sol', 'vow.sol', 'move.sol', 'vat.sol', 'flop.t.sol']
3,['vow.t.sol', 'vow.sol', 'move.sol', 'vat.sol', 'jug.sol']
3,['vow.t.sol', 'vow.sol', 'move.sol', 'vat.sol', 'cat.sol']
3,['vow.t.sol', 'vow.sol', 'move.sol', 'vat.sol', 'flap.t.sol']
2,['vow.t.sol', 'vow.sol', 'move.sol', 'vat.sol', 'vat.t.sol']
2,['vow.t.sol', 'vow.sol', 'move.sol', 'vat.sol', 'jug.t.sol']
2,['vow.t.sol', 'vow.sol', 'move.sol', 'vat.sol', 'flap.sol']
5,['vow.t.sol', 'vow.sol', 'move.sol', 'flop.t.sol', 'jug.sol']
3,['vow.t.sol', 'vow.sol', 'move.sol', 'flop.t.sol', 'cat.sol']
4,['vow.t.sol', 'vow.sol', 'move.sol', 'flop.t.sol', 'flap.t.sol']
3,['vow.t.sol', 'vow.sol', 'move.sol', 'flop.t.sol', 'vat.t.sol']
3,['vow.t.sol', 'vow.sol', 'move.sol', 'flop.t.sol', 'jug.t.sol']
3,['vow.t.sol', 'vow.sol', 'move.sol', 'flop.t.sol', 'flap.sol']
3,['vow.t.sol', 'vow.sol', 'move.sol', 'jug.sol', 'cat.sol']
4,['vow.t.sol', 'vow.sol', 'move.sol', 'jug.sol', 'flap.t.sol']
3,['vow.t.sol', 'vow.sol', 'move.sol', 'jug.sol', 'vat.t.sol']
2,['vow.t.sol', 'vow.sol', 'move.sol', 'jug.sol', 'jug.t.sol']
2,['vow.t.sol', 'vow.sol', 'move.sol', 'jug.sol', 'flap.sol']
3,['vow.t.sol', 'vow.sol', 'move.sol', 'cat.sol', 'flap.t.sol']
2,['vow.t.sol', 'vow.sol', 'move.sol', 'cat.sol', 'vat.t.sol']
2,['vow.t.sol', 'vow.sol', 'move.sol', 'cat.sol', 'jug.t.sol']
2,['vow.t.sol', 'vow.sol', 'move.sol', 'cat.sol', 'flap.sol']
3,['vow.t.sol', 'vow.sol', 'move.sol', 'flap.t.sol', 'vat.t.sol']
3,['vow.t.sol', 'vow.sol', 'move.sol', 'flap.t.sol', 'jug.t.sol']
3,['vow.t.sol', 'vow.sol', 'move.sol', 'flap.t.sol', 'flap.sol']
2,['vow.t.sol', 'vow.sol', 'move.sol', 'vat.t.sol', 'jug.t.sol']
2,['vow.t.sol', 'vow.sol', 'move.sol', 'vat.t.sol', 'flap.sol']
2,['vow.t.sol', 'vow.sol', 'move.sol', 'jug.t.sol', 'flap.sol']
3,['vow.t.sol', 'vow.sol', 'vat.sol', 'flop.t.sol', 'jug.sol']
3,['vow.t.sol', 'vow.sol', 'vat.sol', 'flop.t.sol', 'cat.sol']
4,['vow.t.sol', 'vow.sol', 'vat.sol', 'flop.t.sol', 'flap.t.sol']
3,['vow.t.sol', 'vow.sol', 'vat.sol', 'flop.t.sol', 'vat.t.sol']
2,['vow.t.sol', 'vow.sol', 'vat.sol', 'flop.t.sol', 'jug.t.sol']
2,['vow.t.sol', 'vow.sol', 'vat.sol', 'flop.t.sol', 'flap.sol']
3,['vow.t.sol', 'vow.sol', 'vat.sol', 'jug.sol', 'cat.sol']
3,['vow.t.sol', 'vow.sol', 'vat.sol', 'jug.sol', 'flap.t.sol']
2,['vow.t.sol', 'vow.sol', 'vat.sol', 'jug.sol', 'vat.t.sol']
2,['vow.t.sol', 'vow.sol', 'vat.sol', 'jug.sol', 'jug.t.sol']
2,['vow.t.sol', 'vow.sol', 'vat.sol', 'jug.sol', 'flap.sol']
3,['vow.t.sol', 'vow.sol', 'vat.sol', 'cat.sol', 'flap.t.sol']
2,['vow.t.sol', 'vow.sol', 'vat.sol', 'cat.sol', 'vat.t.sol']
2,['vow.t.sol', 'vow.sol', 'vat.sol', 'cat.sol', 'jug.t.sol']
2,['vow.t.sol', 'vow.sol', 'vat.sol', 'cat.sol', 'flap.sol']
3,['vow.t.sol', 'vow.sol', 'vat.sol', 'flap.t.sol', 'vat.t.sol']
2,['vow.t.sol', 'vow.sol', 'vat.sol', 'flap.t.sol', 'jug.t.sol']
2,['vow.t.sol', 'vow.sol', 'vat.sol', 'flap.t.sol', 'flap.sol']
1,['vow.t.sol', 'vow.sol', 'vat.sol', 'vat.t.sol', 'jug.t.sol']
1,['vow.t.sol', 'vow.sol', 'vat.sol', 'vat.t.sol', 'flap.sol']
2,['vow.t.sol', 'vow.sol', 'vat.sol', 'jug.t.sol', 'flap.sol']
3,['vow.t.sol', 'vow.sol', 'flop.t.sol', 'jug.sol', 'cat.sol']
4,['vow.t.sol', 'vow.sol', 'flop.t.sol', 'jug.sol', 'flap.t.sol']
3,['vow.t.sol', 'vow.sol', 'flop.t.sol', 'jug.sol', 'vat.t.sol']
3,['vow.t.sol', 'vow.sol', 'flop.t.sol', 'jug.sol', 'jug.t.sol']
3,['vow.t.sol', 'vow.sol', 'flop.t.sol', 'jug.sol', 'flap.sol']
4,['vow.t.sol', 'vow.sol', 'flop.t.sol', 'cat.sol', 'flap.t.sol']
3,['vow.t.sol', 'vow.sol', 'flop.t.sol', 'cat.sol', 'vat.t.sol']
2,['vow.t.sol', 'vow.sol', 'flop.t.sol', 'cat.sol', 'jug.t.sol']
2,['vow.t.sol', 'vow.sol', 'flop.t.sol', 'cat.sol', 'flap.sol']
3,['vow.t.sol', 'vow.sol', 'flop.t.sol', 'flap.t.sol', 'vat.t.sol']
3,['vow.t.sol', 'vow.sol', 'flop.t.sol', 'flap.t.sol', 'jug.t.sol']
3,['vow.t.sol', 'vow.sol', 'flop.t.sol', 'flap.t.sol', 'flap.sol']
2,['vow.t.sol', 'vow.sol', 'flop.t.sol', 'vat.t.sol', 'jug.t.sol']
2,['vow.t.sol', 'vow.sol', 'flop.t.sol', 'vat.t.sol', 'flap.sol']
3,['vow.t.sol', 'vow.sol', 'flop.t.sol', 'jug.t.sol', 'flap.sol']
3,['vow.t.sol', 'vow.sol', 'jug.sol', 'cat.sol', 'flap.t.sol']
2,['vow.t.sol', 'vow.sol', 'jug.sol', 'cat.sol', 'vat.t.sol']
2,['vow.t.sol', 'vow.sol', 'jug.sol', 'cat.sol', 'jug.t.sol']
2,['vow.t.sol', 'vow.sol', 'jug.sol', 'cat.sol', 'flap.sol']
3,['vow.t.sol', 'vow.sol', 'jug.sol', 'flap.t.sol', 'vat.t.sol']
3,['vow.t.sol', 'vow.sol', 'jug.sol', 'flap.t.sol', 'jug.t.sol']
3,['vow.t.sol', 'vow.sol', 'jug.sol', 'flap.t.sol', 'flap.sol']
2,['vow.t.sol', 'vow.sol', 'jug.sol', 'vat.t.sol', 'jug.t.sol']
2,['vow.t.sol', 'vow.sol', 'jug.sol', 'vat.t.sol', 'flap.sol']
2,['vow.t.sol', 'vow.sol', 'jug.sol', 'jug.t.sol', 'flap.sol']
3,['vow.t.sol', 'vow.sol', 'cat.sol', 'flap.t.sol', 'vat.t.sol']
2,['vow.t.sol', 'vow.sol', 'cat.sol', 'flap.t.sol', 'jug.t.sol']
2,['vow.t.sol', 'vow.sol', 'cat.sol', 'flap.t.sol', 'flap.sol']
2,['vow.t.sol', 'vow.sol', 'cat.sol', 'vat.t.sol', 'jug.t.sol']
2,['vow.t.sol', 'vow.sol', 'cat.sol', 'vat.t.sol', 'flap.sol']
2,['vow.t.sol', 'vow.sol', 'cat.sol', 'jug.t.sol', 'flap.sol']
2,['vow.t.sol', 'vow.sol', 'flap.t.sol', 'vat.t.sol', 'jug.t.sol']
2,['vow.t.sol', 'vow.sol', 'flap.t.sol', 'vat.t.sol', 'flap.sol']
3,['vow.t.sol', 'vow.sol', 'flap.t.sol', 'jug.t.sol', 'flap.sol']
2,['vow.t.sol', 'vow.sol', 'vat.t.sol', 'jug.t.sol', 'flap.sol']
2,['vow.t.sol', 'flip.t.sol', 'pit.sol', 'move.sol', 'vat.sol']
4,['vow.t.sol', 'flip.t.sol', 'pit.sol', 'move.sol', 'flop.t.sol']
3,['vow.t.sol', 'flip.t.sol', 'pit.sol', 'move.sol', 'jug.sol']
3,['vow.t.sol', 'flip.t.sol', 'pit.sol', 'move.sol', 'cat.sol']
4,['vow.t.sol', 'flip.t.sol', 'pit.sol', 'move.sol', 'flap.t.sol']
3,['vow.t.sol', 'flip.t.sol', 'pit.sol', 'move.sol', 'vat.t.sol']
2,['vow.t.sol', 'flip.t.sol', 'pit.sol', 'move.sol', 'jug.t.sol']
2,['vow.t.sol', 'flip.t.sol', 'pit.sol', 'move.sol', 'flap.sol']
3,['vow.t.sol', 'flip.t.sol', 'pit.sol', 'vat.sol', 'flop.t.sol']
2,['vow.t.sol', 'flip.t.sol', 'pit.sol', 'vat.sol', 'jug.sol']
2,['vow.t.sol', 'flip.t.sol', 'pit.sol', 'vat.sol', 'cat.sol']
3,['vow.t.sol', 'flip.t.sol', 'pit.sol', 'vat.sol', 'flap.t.sol']
3,['vow.t.sol', 'flip.t.sol', 'pit.sol', 'vat.sol', 'vat.t.sol']
2,['vow.t.sol', 'flip.t.sol', 'pit.sol', 'vat.sol', 'jug.t.sol']
2,['vow.t.sol', 'flip.t.sol', 'pit.sol', 'vat.sol', 'flap.sol']
4,['vow.t.sol', 'flip.t.sol', 'pit.sol', 'flop.t.sol', 'jug.sol']
4,['vow.t.sol', 'flip.t.sol', 'pit.sol', 'flop.t.sol', 'cat.sol']
3,['vow.t.sol', 'flip.t.sol', 'pit.sol', 'flop.t.sol', 'flap.t.sol']
2,['vow.t.sol', 'flip.t.sol', 'pit.sol', 'flop.t.sol', 'vat.t.sol']
2,['vow.t.sol', 'flip.t.sol', 'pit.sol', 'flop.t.sol', 'jug.t.sol']
3,['vow.t.sol', 'flip.t.sol', 'pit.sol', 'flop.t.sol', 'flap.sol']
3,['vow.t.sol', 'flip.t.sol', 'pit.sol', 'jug.sol', 'cat.sol']
4,['vow.t.sol', 'flip.t.sol', 'pit.sol', 'jug.sol', 'flap.t.sol']
3,['vow.t.sol', 'flip.t.sol', 'pit.sol', 'jug.sol', 'vat.t.sol']
3,['vow.t.sol', 'flip.t.sol', 'pit.sol', 'jug.sol', 'jug.t.sol']
3,['vow.t.sol', 'flip.t.sol', 'pit.sol', 'jug.sol', 'flap.sol']
4,['vow.t.sol', 'flip.t.sol', 'pit.sol', 'cat.sol', 'flap.t.sol']
3,['vow.t.sol', 'flip.t.sol', 'pit.sol', 'cat.sol', 'vat.t.sol']
2,['vow.t.sol', 'flip.t.sol', 'pit.sol', 'cat.sol', 'jug.t.sol']
2,['vow.t.sol', 'flip.t.sol', 'pit.sol', 'cat.sol', 'flap.sol']
2,['vow.t.sol', 'flip.t.sol', 'pit.sol', 'flap.t.sol', 'vat.t.sol']
2,['vow.t.sol', 'flip.t.sol', 'pit.sol', 'flap.t.sol', 'jug.t.sol']
3,['vow.t.sol', 'flip.t.sol', 'pit.sol', 'flap.t.sol', 'flap.sol']
2,['vow.t.sol', 'flip.t.sol', 'pit.sol', 'vat.t.sol', 'jug.t.sol']
2,['vow.t.sol', 'flip.t.sol', 'pit.sol', 'vat.t.sol', 'flap.sol']
2,['vow.t.sol', 'flip.t.sol', 'pit.sol', 'jug.t.sol', 'flap.sol']
4,['vow.t.sol', 'flip.t.sol', 'move.sol', 'vat.sol', 'flop.t.sol']
3,['vow.t.sol', 'flip.t.sol', 'move.sol', 'vat.sol', 'jug.sol']
3,['vow.t.sol', 'flip.t.sol', 'move.sol', 'vat.sol', 'cat.sol']
4,['vow.t.sol', 'flip.t.sol', 'move.sol', 'vat.sol', 'flap.t.sol']
3,['vow.t.sol', 'flip.t.sol', 'move.sol', 'vat.sol', 'vat.t.sol']
2,['vow.t.sol', 'flip.t.sol', 'move.sol', 'vat.sol', 'jug.t.sol']
2,['vow.t.sol', 'flip.t.sol', 'move.sol', 'vat.sol', 'flap.sol']
4,['vow.t.sol', 'flip.t.sol', 'move.sol', 'flop.t.sol', 'jug.sol']
4,['vow.t.sol', 'flip.t.sol', 'move.sol', 'flop.t.sol', 'cat.sol']
3,['vow.t.sol', 'flip.t.sol', 'move.sol', 'flop.t.sol', 'flap.t.sol']
2,['vow.t.sol', 'flip.t.sol', 'move.sol', 'flop.t.sol', 'vat.t.sol']
2,['vow.t.sol', 'flip.t.sol', 'move.sol', 'flop.t.sol', 'jug.t.sol']
3,['vow.t.sol', 'flip.t.sol', 'move.sol', 'flop.t.sol', 'flap.sol']
3,['vow.t.sol', 'flip.t.sol', 'move.sol', 'jug.sol', 'cat.sol']
4,['vow.t.sol', 'flip.t.sol', 'move.sol', 'jug.sol', 'flap.t.sol']
3,['vow.t.sol', 'flip.t.sol', 'move.sol', 'jug.sol', 'vat.t.sol']
3,['vow.t.sol', 'flip.t.sol', 'move.sol', 'jug.sol', 'jug.t.sol']
3,['vow.t.sol', 'flip.t.sol', 'move.sol', 'jug.sol', 'flap.sol']
4,['vow.t.sol', 'flip.t.sol', 'move.sol', 'cat.sol', 'flap.t.sol']
3,['vow.t.sol', 'flip.t.sol', 'move.sol', 'cat.sol', 'vat.t.sol']
2,['vow.t.sol', 'flip.t.sol', 'move.sol', 'cat.sol', 'jug.t.sol']
2,['vow.t.sol', 'flip.t.sol', 'move.sol', 'cat.sol', 'flap.sol']
2,['vow.t.sol', 'flip.t.sol', 'move.sol', 'flap.t.sol', 'vat.t.sol']
2,['vow.t.sol', 'flip.t.sol', 'move.sol', 'flap.t.sol', 'jug.t.sol']
3,['vow.t.sol', 'flip.t.sol', 'move.sol', 'flap.t.sol', 'flap.sol']
1,['vow.t.sol', 'flip.t.sol', 'move.sol', 'vat.t.sol', 'jug.t.sol']
1,['vow.t.sol', 'flip.t.sol', 'move.sol', 'vat.t.sol', 'flap.sol']
2,['vow.t.sol', 'flip.t.sol', 'move.sol', 'jug.t.sol', 'flap.sol']
4,['vow.t.sol', 'flip.t.sol', 'vat.sol', 'flop.t.sol', 'jug.sol']
3,['vow.t.sol', 'flip.t.sol', 'vat.sol', 'flop.t.sol', 'cat.sol']
3,['vow.t.sol', 'flip.t.sol', 'vat.sol', 'flop.t.sol', 'flap.t.sol']
3,['vow.t.sol', 'flip.t.sol', 'vat.sol', 'flop.t.sol', 'vat.t.sol']
3,['vow.t.sol', 'flip.t.sol', 'vat.sol', 'flop.t.sol', 'jug.t.sol']
3,['vow.t.sol', 'flip.t.sol', 'vat.sol', 'flop.t.sol', 'flap.sol']
2,['vow.t.sol', 'flip.t.sol', 'vat.sol', 'jug.sol', 'cat.sol']
3,['vow.t.sol', 'flip.t.sol', 'vat.sol', 'jug.sol', 'flap.t.sol']
3,['vow.t.sol', 'flip.t.sol', 'vat.sol', 'jug.sol', 'vat.t.sol']
2,['vow.t.sol', 'flip.t.sol', 'vat.sol', 'jug.sol', 'jug.t.sol']
3,['vow.t.sol', 'flip.t.sol', 'vat.sol', 'jug.sol', 'flap.sol']
3,['vow.t.sol', 'flip.t.sol', 'vat.sol', 'cat.sol', 'flap.t.sol']
3,['vow.t.sol', 'flip.t.sol', 'vat.sol', 'cat.sol', 'vat.t.sol']
2,['vow.t.sol', 'flip.t.sol', 'vat.sol', 'cat.sol', 'jug.t.sol']
2,['vow.t.sol', 'flip.t.sol', 'vat.sol', 'cat.sol', 'flap.sol']
3,['vow.t.sol', 'flip.t.sol', 'vat.sol', 'flap.t.sol', 'vat.t.sol']
3,['vow.t.sol', 'flip.t.sol', 'vat.sol', 'flap.t.sol', 'jug.t.sol']
3,['vow.t.sol', 'flip.t.sol', 'vat.sol', 'flap.t.sol', 'flap.sol']
2,['vow.t.sol', 'flip.t.sol', 'vat.sol', 'vat.t.sol', 'jug.t.sol']
3,['vow.t.sol', 'flip.t.sol', 'vat.sol', 'vat.t.sol', 'flap.sol']
2,['vow.t.sol', 'flip.t.sol', 'vat.sol', 'jug.t.sol', 'flap.sol']
4,['vow.t.sol', 'flip.t.sol', 'flop.t.sol', 'jug.sol', 'cat.sol']
3,['vow.t.sol', 'flip.t.sol', 'flop.t.sol', 'jug.sol', 'flap.t.sol']
2,['vow.t.sol', 'flip.t.sol', 'flop.t.sol', 'jug.sol', 'vat.t.sol']
3,['vow.t.sol', 'flip.t.sol', 'flop.t.sol', 'jug.sol', 'jug.t.sol']
3,['vow.t.sol', 'flip.t.sol', 'flop.t.sol', 'jug.sol', 'flap.sol']
4,['vow.t.sol', 'flip.t.sol', 'flop.t.sol', 'cat.sol', 'flap.t.sol']
3,['vow.t.sol', 'flip.t.sol', 'flop.t.sol', 'cat.sol', 'vat.t.sol']
3,['vow.t.sol', 'flip.t.sol', 'flop.t.sol', 'cat.sol', 'jug.t.sol']
3,['vow.t.sol', 'flip.t.sol', 'flop.t.sol', 'cat.sol', 'flap.sol']
1,['vow.t.sol', 'flip.t.sol', 'flop.t.sol', 'flap.t.sol', 'vat.t.sol']
2,['vow.t.sol', 'flip.t.sol', 'flop.t.sol', 'flap.t.sol', 'jug.t.sol']
3,['vow.t.sol', 'flip.t.sol', 'flop.t.sol', 'flap.t.sol', 'flap.sol']
1,['vow.t.sol', 'flip.t.sol', 'flop.t.sol', 'vat.t.sol', 'jug.t.sol']
1,['vow.t.sol', 'flip.t.sol', 'flop.t.sol', 'vat.t.sol', 'flap.sol']
2,['vow.t.sol', 'flip.t.sol', 'flop.t.sol', 'jug.t.sol', 'flap.sol']
4,['vow.t.sol', 'flip.t.sol', 'jug.sol', 'cat.sol', 'flap.t.sol']
3,['vow.t.sol', 'flip.t.sol', 'jug.sol', 'cat.sol', 'vat.t.sol']
2,['vow.t.sol', 'flip.t.sol', 'jug.sol', 'cat.sol', 'jug.t.sol']
3,['vow.t.sol', 'flip.t.sol', 'jug.sol', 'cat.sol', 'flap.sol']
2,['vow.t.sol', 'flip.t.sol', 'jug.sol', 'flap.t.sol', 'vat.t.sol']
3,['vow.t.sol', 'flip.t.sol', 'jug.sol', 'flap.t.sol', 'jug.t.sol']
3,['vow.t.sol', 'flip.t.sol', 'jug.sol', 'flap.t.sol', 'flap.sol']
2,['vow.t.sol', 'flip.t.sol', 'jug.sol', 'vat.t.sol', 'jug.t.sol']
2,['vow.t.sol', 'flip.t.sol', 'jug.sol', 'vat.t.sol', 'flap.sol']
3,['vow.t.sol', 'flip.t.sol', 'jug.sol', 'jug.t.sol', 'flap.sol']
3,['vow.t.sol', 'flip.t.sol', 'cat.sol', 'flap.t.sol', 'vat.t.sol']
3,['vow.t.sol', 'flip.t.sol', 'cat.sol', 'flap.t.sol', 'jug.t.sol']
3,['vow.t.sol', 'flip.t.sol', 'cat.sol', 'flap.t.sol', 'flap.sol']
2,['vow.t.sol', 'flip.t.sol', 'cat.sol', 'vat.t.sol', 'jug.t.sol']
2,['vow.t.sol', 'flip.t.sol', 'cat.sol', 'vat.t.sol', 'flap.sol']
3,['vow.t.sol', 'flip.t.sol', 'cat.sol', 'jug.t.sol', 'flap.sol']
1,['vow.t.sol', 'flip.t.sol', 'flap.t.sol', 'vat.t.sol', 'jug.t.sol']
2,['vow.t.sol', 'flip.t.sol', 'flap.t.sol', 'vat.t.sol', 'flap.sol']
2,['vow.t.sol', 'flip.t.sol', 'flap.t.sol', 'jug.t.sol', 'flap.sol']
1,['vow.t.sol', 'flip.t.sol', 'vat.t.sol', 'jug.t.sol', 'flap.sol']
3,['vow.t.sol', 'pit.sol', 'move.sol', 'vat.sol', 'flop.t.sol']
3,['vow.t.sol', 'pit.sol', 'move.sol', 'vat.sol', 'jug.sol']
3,['vow.t.sol', 'pit.sol', 'move.sol', 'vat.sol', 'cat.sol']
3,['vow.t.sol', 'pit.sol', 'move.sol', 'vat.sol', 'flap.t.sol']
2,['vow.t.sol', 'pit.sol', 'move.sol', 'vat.sol', 'vat.t.sol']
2,['vow.t.sol', 'pit.sol', 'move.sol', 'vat.sol', 'jug.t.sol']
2,['vow.t.sol', 'pit.sol', 'move.sol', 'vat.sol', 'flap.sol']
3,['vow.t.sol', 'pit.sol', 'move.sol', 'flop.t.sol', 'jug.sol']
3,['vow.t.sol', 'pit.sol', 'move.sol', 'flop.t.sol', 'cat.sol']
4,['vow.t.sol', 'pit.sol', 'move.sol', 'flop.t.sol', 'flap.t.sol']
3,['vow.t.sol', 'pit.sol', 'move.sol', 'flop.t.sol', 'vat.t.sol']
2,['vow.t.sol', 'pit.sol', 'move.sol', 'flop.t.sol', 'jug.t.sol']
2,['vow.t.sol', 'pit.sol', 'move.sol', 'flop.t.sol', 'flap.sol']
3,['vow.t.sol', 'pit.sol', 'move.sol', 'jug.sol', 'cat.sol']
3,['vow.t.sol', 'pit.sol', 'move.sol', 'jug.sol', 'flap.t.sol']
2,['vow.t.sol', 'pit.sol', 'move.sol', 'jug.sol', 'vat.t.sol']
2,['vow.t.sol', 'pit.sol', 'move.sol', 'jug.sol', 'jug.t.sol']
2,['vow.t.sol', 'pit.sol', 'move.sol', 'jug.sol', 'flap.sol']
3,['vow.t.sol', 'pit.sol', 'move.sol', 'cat.sol', 'flap.t.sol']
2,['vow.t.sol', 'pit.sol', 'move.sol', 'cat.sol', 'vat.t.sol']
2,['vow.t.sol', 'pit.sol', 'move.sol', 'cat.sol', 'jug.t.sol']
2,['vow.t.sol', 'pit.sol', 'move.sol', 'cat.sol', 'flap.sol']
3,['vow.t.sol', 'pit.sol', 'move.sol', 'flap.t.sol', 'vat.t.sol']
2,['vow.t.sol', 'pit.sol', 'move.sol', 'flap.t.sol', 'jug.t.sol']
2,['vow.t.sol', 'pit.sol', 'move.sol', 'flap.t.sol', 'flap.sol']
1,['vow.t.sol', 'pit.sol', 'move.sol', 'vat.t.sol', 'jug.t.sol']
1,['vow.t.sol', 'pit.sol', 'move.sol', 'vat.t.sol', 'flap.sol']
2,['vow.t.sol', 'pit.sol', 'move.sol', 'jug.t.sol', 'flap.sol']
3,['vow.t.sol', 'pit.sol', 'vat.sol', 'flop.t.sol', 'jug.sol']
3,['vow.t.sol', 'pit.sol', 'vat.sol', 'flop.t.sol', 'cat.sol']
3,['vow.t.sol', 'pit.sol', 'vat.sol', 'flop.t.sol', 'flap.t.sol']
2,['vow.t.sol', 'pit.sol', 'vat.sol', 'flop.t.sol', 'vat.t.sol']
2,['vow.t.sol', 'pit.sol', 'vat.sol', 'flop.t.sol', 'jug.t.sol']
2,['vow.t.sol', 'pit.sol', 'vat.sol', 'flop.t.sol', 'flap.sol']
2,['vow.t.sol', 'pit.sol', 'vat.sol', 'jug.sol', 'cat.sol']
3,['vow.t.sol', 'pit.sol', 'vat.sol', 'jug.sol', 'flap.t.sol']
2,['vow.t.sol', 'pit.sol', 'vat.sol', 'jug.sol', 'vat.t.sol']
2,['vow.t.sol', 'pit.sol', 'vat.sol', 'jug.sol', 'jug.t.sol']
2,['vow.t.sol', 'pit.sol', 'vat.sol', 'jug.sol', 'flap.sol']
3,['vow.t.sol', 'pit.sol', 'vat.sol', 'cat.sol', 'flap.t.sol']
2,['vow.t.sol', 'pit.sol', 'vat.sol', 'cat.sol', 'vat.t.sol']
2,['vow.t.sol', 'pit.sol', 'vat.sol', 'cat.sol', 'jug.t.sol']
2,['vow.t.sol', 'pit.sol', 'vat.sol', 'cat.sol', 'flap.sol']
2,['vow.t.sol', 'pit.sol', 'vat.sol', 'flap.t.sol', 'vat.t.sol']
2,['vow.t.sol', 'pit.sol', 'vat.sol', 'flap.t.sol', 'jug.t.sol']
2,['vow.t.sol', 'pit.sol', 'vat.sol', 'flap.t.sol', 'flap.sol']
1,['vow.t.sol', 'pit.sol', 'vat.sol', 'vat.t.sol', 'jug.t.sol']
1,['vow.t.sol', 'pit.sol', 'vat.sol', 'vat.t.sol', 'flap.sol']
2,['vow.t.sol', 'pit.sol', 'vat.sol', 'jug.t.sol', 'flap.sol']
3,['vow.t.sol', 'pit.sol', 'flop.t.sol', 'jug.sol', 'cat.sol']
4,['vow.t.sol', 'pit.sol', 'flop.t.sol', 'jug.sol', 'flap.t.sol']
3,['vow.t.sol', 'pit.sol', 'flop.t.sol', 'jug.sol', 'vat.t.sol']
2,['vow.t.sol', 'pit.sol', 'flop.t.sol', 'jug.sol', 'jug.t.sol']
2,['vow.t.sol', 'pit.sol', 'flop.t.sol', 'jug.sol', 'flap.sol']
3,['vow.t.sol', 'pit.sol', 'flop.t.sol', 'cat.sol', 'flap.t.sol']
2,['vow.t.sol', 'pit.sol', 'flop.t.sol', 'cat.sol', 'vat.t.sol']
2,['vow.t.sol', 'pit.sol', 'flop.t.sol', 'cat.sol', 'jug.t.sol']
2,['vow.t.sol', 'pit.sol', 'flop.t.sol', 'cat.sol', 'flap.sol']
3,['vow.t.sol', 'pit.sol', 'flop.t.sol', 'flap.t.sol', 'vat.t.sol']
3,['vow.t.sol', 'pit.sol', 'flop.t.sol', 'flap.t.sol', 'jug.t.sol']
3,['vow.t.sol', 'pit.sol', 'flop.t.sol', 'flap.t.sol', 'flap.sol']
2,['vow.t.sol', 'pit.sol', 'flop.t.sol', 'vat.t.sol', 'jug.t.sol']
2,['vow.t.sol', 'pit.sol', 'flop.t.sol', 'vat.t.sol', 'flap.sol']
2,['vow.t.sol', 'pit.sol', 'flop.t.sol', 'jug.t.sol', 'flap.sol']
3,['vow.t.sol', 'pit.sol', 'jug.sol', 'cat.sol', 'flap.t.sol']
2,['vow.t.sol', 'pit.sol', 'jug.sol', 'cat.sol', 'vat.t.sol']
2,['vow.t.sol', 'pit.sol', 'jug.sol', 'cat.sol', 'jug.t.sol']
2,['vow.t.sol', 'pit.sol', 'jug.sol', 'cat.sol', 'flap.sol']
3,['vow.t.sol', 'pit.sol', 'jug.sol', 'flap.t.sol', 'vat.t.sol']
2,['vow.t.sol', 'pit.sol', 'jug.sol', 'flap.t.sol', 'jug.t.sol']
2,['vow.t.sol', 'pit.sol', 'jug.sol', 'flap.t.sol', 'flap.sol']
2,['vow.t.sol', 'pit.sol', 'jug.sol', 'vat.t.sol', 'jug.t.sol']
2,['vow.t.sol', 'pit.sol', 'jug.sol', 'vat.t.sol', 'flap.sol']
2,['vow.t.sol', 'pit.sol', 'jug.sol', 'jug.t.sol', 'flap.sol']
2,['vow.t.sol', 'pit.sol', 'cat.sol', 'flap.t.sol', 'vat.t.sol']
2,['vow.t.sol', 'pit.sol', 'cat.sol', 'flap.t.sol', 'jug.t.sol']
2,['vow.t.sol', 'pit.sol', 'cat.sol', 'flap.t.sol', 'flap.sol']
2,['vow.t.sol', 'pit.sol', 'cat.sol', 'vat.t.sol', 'jug.t.sol']
1,['vow.t.sol', 'pit.sol', 'cat.sol', 'vat.t.sol', 'flap.sol']
2,['vow.t.sol', 'pit.sol', 'cat.sol', 'jug.t.sol', 'flap.sol']
2,['vow.t.sol', 'pit.sol', 'flap.t.sol', 'vat.t.sol', 'jug.t.sol']
2,['vow.t.sol', 'pit.sol', 'flap.t.sol', 'vat.t.sol', 'flap.sol']
2,['vow.t.sol', 'pit.sol', 'flap.t.sol', 'jug.t.sol', 'flap.sol']
1,['vow.t.sol', 'pit.sol', 'vat.t.sol', 'jug.t.sol', 'flap.sol']
3,['vow.t.sol', 'move.sol', 'vat.sol', 'flop.t.sol', 'jug.sol']
3,['vow.t.sol', 'move.sol', 'vat.sol', 'flop.t.sol', 'cat.sol']
4,['vow.t.sol', 'move.sol', 'vat.sol', 'flop.t.sol', 'flap.t.sol']
3,['vow.t.sol', 'move.sol', 'vat.sol', 'flop.t.sol', 'vat.t.sol']
2,['vow.t.sol', 'move.sol', 'vat.sol', 'flop.t.sol', 'jug.t.sol']
2,['vow.t.sol', 'move.sol', 'vat.sol', 'flop.t.sol', 'flap.sol']
3,['vow.t.sol', 'move.sol', 'vat.sol', 'jug.sol', 'cat.sol']
3,['vow.t.sol', 'move.sol', 'vat.sol', 'jug.sol', 'flap.t.sol']
2,['vow.t.sol', 'move.sol', 'vat.sol', 'jug.sol', 'vat.t.sol']
2,['vow.t.sol', 'move.sol', 'vat.sol', 'jug.sol', 'jug.t.sol']
2,['vow.t.sol', 'move.sol', 'vat.sol', 'jug.sol', 'flap.sol']
3,['vow.t.sol', 'move.sol', 'vat.sol', 'cat.sol', 'flap.t.sol']
2,['vow.t.sol', 'move.sol', 'vat.sol', 'cat.sol', 'vat.t.sol']
2,['vow.t.sol', 'move.sol', 'vat.sol', 'cat.sol', 'jug.t.sol']
2,['vow.t.sol', 'move.sol', 'vat.sol', 'cat.sol', 'flap.sol']
3,['vow.t.sol', 'move.sol', 'vat.sol', 'flap.t.sol', 'vat.t.sol']
2,['vow.t.sol', 'move.sol', 'vat.sol', 'flap.t.sol', 'jug.t.sol']
3,['vow.t.sol', 'move.sol', 'vat.sol', 'flap.t.sol', 'flap.sol']
1,['vow.t.sol', 'move.sol', 'vat.sol', 'vat.t.sol', 'jug.t.sol']
2,['vow.t.sol', 'move.sol', 'vat.sol', 'vat.t.sol', 'flap.sol']
2,['vow.t.sol', 'move.sol', 'vat.sol', 'jug.t.sol', 'flap.sol']
3,['vow.t.sol', 'move.sol', 'flop.t.sol', 'jug.sol', 'cat.sol']
5,['vow.t.sol', 'move.sol', 'flop.t.sol', 'jug.sol', 'flap.t.sol']
3,['vow.t.sol', 'move.sol', 'flop.t.sol', 'jug.sol', 'vat.t.sol']
3,['vow.t.sol', 'move.sol', 'flop.t.sol', 'jug.sol', 'jug.t.sol']
3,['vow.t.sol', 'move.sol', 'flop.t.sol', 'jug.sol', 'flap.sol']
4,['vow.t.sol', 'move.sol', 'flop.t.sol', 'cat.sol', 'flap.t.sol']
3,['vow.t.sol', 'move.sol', 'flop.t.sol', 'cat.sol', 'vat.t.sol']
2,['vow.t.sol', 'move.sol', 'flop.t.sol', 'cat.sol', 'jug.t.sol']
2,['vow.t.sol', 'move.sol', 'flop.t.sol', 'cat.sol', 'flap.sol']
2,['vow.t.sol', 'move.sol', 'flop.t.sol', 'flap.t.sol', 'vat.t.sol']
3,['vow.t.sol', 'move.sol', 'flop.t.sol', 'flap.t.sol', 'jug.t.sol']
3,['vow.t.sol', 'move.sol', 'flop.t.sol', 'flap.t.sol', 'flap.sol']
2,['vow.t.sol', 'move.sol', 'flop.t.sol', 'vat.t.sol', 'jug.t.sol']
2,['vow.t.sol', 'move.sol', 'flop.t.sol', 'vat.t.sol', 'flap.sol']
3,['vow.t.sol', 'move.sol', 'flop.t.sol', 'jug.t.sol', 'flap.sol']
3,['vow.t.sol', 'move.sol', 'jug.sol', 'cat.sol', 'flap.t.sol']
2,['vow.t.sol', 'move.sol', 'jug.sol', 'cat.sol', 'vat.t.sol']
2,['vow.t.sol', 'move.sol', 'jug.sol', 'cat.sol', 'jug.t.sol']
2,['vow.t.sol', 'move.sol', 'jug.sol', 'cat.sol', 'flap.sol']
3,['vow.t.sol', 'move.sol', 'jug.sol', 'flap.t.sol', 'vat.t.sol']
3,['vow.t.sol', 'move.sol', 'jug.sol', 'flap.t.sol', 'jug.t.sol']
3,['vow.t.sol', 'move.sol', 'jug.sol', 'flap.t.sol', 'flap.sol']
2,['vow.t.sol', 'move.sol', 'jug.sol', 'vat.t.sol', 'jug.t.sol']
2,['vow.t.sol', 'move.sol', 'jug.sol', 'vat.t.sol', 'flap.sol']
3,['vow.t.sol', 'move.sol', 'jug.sol', 'jug.t.sol', 'flap.sol']
3,['vow.t.sol', 'move.sol', 'cat.sol', 'flap.t.sol', 'vat.t.sol']
2,['vow.t.sol', 'move.sol', 'cat.sol', 'flap.t.sol', 'jug.t.sol']
2,['vow.t.sol', 'move.sol', 'cat.sol', 'flap.t.sol', 'flap.sol']
2,['vow.t.sol', 'move.sol', 'cat.sol', 'vat.t.sol', 'jug.t.sol']
2,['vow.t.sol', 'move.sol', 'cat.sol', 'vat.t.sol', 'flap.sol']
2,['vow.t.sol', 'move.sol', 'cat.sol', 'jug.t.sol', 'flap.sol']
2,['vow.t.sol', 'move.sol', 'flap.t.sol', 'vat.t.sol', 'jug.t.sol']
2,['vow.t.sol', 'move.sol', 'flap.t.sol', 'vat.t.sol', 'flap.sol']
3,['vow.t.sol', 'move.sol', 'flap.t.sol', 'jug.t.sol', 'flap.sol']
2,['vow.t.sol', 'move.sol', 'vat.t.sol', 'jug.t.sol', 'flap.sol']
3,['vow.t.sol', 'vat.sol', 'flop.t.sol', 'jug.sol', 'cat.sol']
4,['vow.t.sol', 'vat.sol', 'flop.t.sol', 'jug.sol', 'flap.t.sol']
3,['vow.t.sol', 'vat.sol', 'flop.t.sol', 'jug.sol', 'vat.t.sol']
2,['vow.t.sol', 'vat.sol', 'flop.t.sol', 'jug.sol', 'jug.t.sol']
2,['vow.t.sol', 'vat.sol', 'flop.t.sol', 'jug.sol', 'flap.sol']
3,['vow.t.sol', 'vat.sol', 'flop.t.sol', 'cat.sol', 'flap.t.sol']
2,['vow.t.sol', 'vat.sol', 'flop.t.sol', 'cat.sol', 'vat.t.sol']
2,['vow.t.sol', 'vat.sol', 'flop.t.sol', 'cat.sol', 'jug.t.sol']
2,['vow.t.sol', 'vat.sol', 'flop.t.sol', 'cat.sol', 'flap.sol']
3,['vow.t.sol', 'vat.sol', 'flop.t.sol', 'flap.t.sol', 'vat.t.sol']
3,['vow.t.sol', 'vat.sol', 'flop.t.sol', 'flap.t.sol', 'jug.t.sol']
3,['vow.t.sol', 'vat.sol', 'flop.t.sol', 'flap.t.sol', 'flap.sol']
2,['vow.t.sol', 'vat.sol', 'flop.t.sol', 'vat.t.sol', 'jug.t.sol']
2,['vow.t.sol', 'vat.sol', 'flop.t.sol', 'vat.t.sol', 'flap.sol']
2,['vow.t.sol', 'vat.sol', 'flop.t.sol', 'jug.t.sol', 'flap.sol']
3,['vow.t.sol', 'vat.sol', 'jug.sol', 'cat.sol', 'flap.t.sol']
2,['vow.t.sol', 'vat.sol', 'jug.sol', 'cat.sol', 'vat.t.sol']
2,['vow.t.sol', 'vat.sol', 'jug.sol', 'cat.sol', 'jug.t.sol']
2,['vow.t.sol', 'vat.sol', 'jug.sol', 'cat.sol', 'flap.sol']
3,['vow.t.sol', 'vat.sol', 'jug.sol', 'flap.t.sol', 'vat.t.sol']
2,['vow.t.sol', 'vat.sol', 'jug.sol', 'flap.t.sol', 'jug.t.sol']
2,['vow.t.sol', 'vat.sol', 'jug.sol', 'flap.t.sol', 'flap.sol']
1,['vow.t.sol', 'vat.sol', 'jug.sol', 'vat.t.sol', 'jug.t.sol']
1,['vow.t.sol', 'vat.sol', 'jug.sol', 'vat.t.sol', 'flap.sol']
2,['vow.t.sol', 'vat.sol', 'jug.sol', 'jug.t.sol', 'flap.sol']
2,['vow.t.sol', 'vat.sol', 'cat.sol', 'flap.t.sol', 'vat.t.sol']
2,['vow.t.sol', 'vat.sol', 'cat.sol', 'flap.t.sol', 'jug.t.sol']
2,['vow.t.sol', 'vat.sol', 'cat.sol', 'flap.t.sol', 'flap.sol']
1,['vow.t.sol', 'vat.sol', 'cat.sol', 'vat.t.sol', 'jug.t.sol']
1,['vow.t.sol', 'vat.sol', 'cat.sol', 'vat.t.sol', 'flap.sol']
2,['vow.t.sol', 'vat.sol', 'cat.sol', 'jug.t.sol', 'flap.sol']
2,['vow.t.sol', 'vat.sol', 'flap.t.sol', 'vat.t.sol', 'jug.t.sol']
3,['vow.t.sol', 'vat.sol', 'flap.t.sol', 'vat.t.sol', 'flap.sol']
2,['vow.t.sol', 'vat.sol', 'flap.t.sol', 'jug.t.sol', 'flap.sol']
1,['vow.t.sol', 'vat.sol', 'vat.t.sol', 'jug.t.sol', 'flap.sol']
4,['vow.t.sol', 'flop.t.sol', 'jug.sol', 'cat.sol', 'flap.t.sol']
3,['vow.t.sol', 'flop.t.sol', 'jug.sol', 'cat.sol', 'vat.t.sol']
2,['vow.t.sol', 'flop.t.sol', 'jug.sol', 'cat.sol', 'jug.t.sol']
2,['vow.t.sol', 'flop.t.sol', 'jug.sol', 'cat.sol', 'flap.sol']
3,['vow.t.sol', 'flop.t.sol', 'jug.sol', 'flap.t.sol', 'vat.t.sol']
3,['vow.t.sol', 'flop.t.sol', 'jug.sol', 'flap.t.sol', 'jug.t.sol']
3,['vow.t.sol', 'flop.t.sol', 'jug.sol', 'flap.t.sol', 'flap.sol']
2,['vow.t.sol', 'flop.t.sol', 'jug.sol', 'vat.t.sol', 'jug.t.sol']
2,['vow.t.sol', 'flop.t.sol', 'jug.sol', 'vat.t.sol', 'flap.sol']
3,['vow.t.sol', 'flop.t.sol', 'jug.sol', 'jug.t.sol', 'flap.sol']
3,['vow.t.sol', 'flop.t.sol', 'cat.sol', 'flap.t.sol', 'vat.t.sol']
3,['vow.t.sol', 'flop.t.sol', 'cat.sol', 'flap.t.sol', 'jug.t.sol']
3,['vow.t.sol', 'flop.t.sol', 'cat.sol', 'flap.t.sol', 'flap.sol']
2,['vow.t.sol', 'flop.t.sol', 'cat.sol', 'vat.t.sol', 'jug.t.sol']
2,['vow.t.sol', 'flop.t.sol', 'cat.sol', 'vat.t.sol', 'flap.sol']
2,['vow.t.sol', 'flop.t.sol', 'cat.sol', 'jug.t.sol', 'flap.sol']
1,['vow.t.sol', 'flop.t.sol', 'flap.t.sol', 'vat.t.sol', 'jug.t.sol']
2,['vow.t.sol', 'flop.t.sol', 'flap.t.sol', 'vat.t.sol', 'flap.sol']
3,['vow.t.sol', 'flop.t.sol', 'flap.t.sol', 'jug.t.sol', 'flap.sol']
1,['vow.t.sol', 'flop.t.sol', 'vat.t.sol', 'jug.t.sol', 'flap.sol']
3,['vow.t.sol', 'jug.sol', 'cat.sol', 'flap.t.sol', 'vat.t.sol']
2,['vow.t.sol', 'jug.sol', 'cat.sol', 'flap.t.sol', 'jug.t.sol']
2,['vow.t.sol', 'jug.sol', 'cat.sol', 'flap.t.sol', 'flap.sol']
2,['vow.t.sol', 'jug.sol', 'cat.sol', 'vat.t.sol', 'jug.t.sol']
2,['vow.t.sol', 'jug.sol', 'cat.sol', 'vat.t.sol', 'flap.sol']
2,['vow.t.sol', 'jug.sol', 'cat.sol', 'jug.t.sol', 'flap.sol']
2,['vow.t.sol', 'jug.sol', 'flap.t.sol', 'vat.t.sol', 'jug.t.sol']
2,['vow.t.sol', 'jug.sol', 'flap.t.sol', 'vat.t.sol', 'flap.sol']
3,['vow.t.sol', 'jug.sol', 'flap.t.sol', 'jug.t.sol', 'flap.sol']
2,['vow.t.sol', 'jug.sol', 'vat.t.sol', 'jug.t.sol', 'flap.sol']
2,['vow.t.sol', 'cat.sol', 'flap.t.sol', 'vat.t.sol', 'jug.t.sol']
2,['vow.t.sol', 'cat.sol', 'flap.t.sol', 'vat.t.sol', 'flap.sol']
2,['vow.t.sol', 'cat.sol', 'flap.t.sol', 'jug.t.sol', 'flap.sol']
2,['vow.t.sol', 'cat.sol', 'vat.t.sol', 'jug.t.sol', 'flap.sol']
1,['vow.t.sol', 'flap.t.sol', 'vat.t.sol', 'jug.t.sol', 'flap.sol']
2,['join.sol', 'flip.sol', 'vow.sol', 'flip.t.sol', 'pit.sol']
3,['join.sol', 'flip.sol', 'vow.sol', 'flip.t.sol', 'move.sol']
2,['join.sol', 'flip.sol', 'vow.sol', 'flip.t.sol', 'vat.sol']
3,['join.sol', 'flip.sol', 'vow.sol', 'flip.t.sol', 'flop.t.sol']
2,['join.sol', 'flip.sol', 'vow.sol', 'flip.t.sol', 'jug.sol']
2,['join.sol', 'flip.sol', 'vow.sol', 'flip.t.sol', 'cat.sol']
3,['join.sol', 'flip.sol', 'vow.sol', 'flip.t.sol', 'flap.t.sol']
2,['join.sol', 'flip.sol', 'vow.sol', 'flip.t.sol', 'vat.t.sol']
2,['join.sol', 'flip.sol', 'vow.sol', 'flip.t.sol', 'jug.t.sol']
3,['join.sol', 'flip.sol', 'vow.sol', 'flip.t.sol', 'flap.sol']
2,['join.sol', 'flip.sol', 'vow.sol', 'pit.sol', 'move.sol']
2,['join.sol', 'flip.sol', 'vow.sol', 'pit.sol', 'vat.sol']
2,['join.sol', 'flip.sol', 'vow.sol', 'pit.sol', 'flop.t.sol']
2,['join.sol', 'flip.sol', 'vow.sol', 'pit.sol', 'jug.sol']
2,['join.sol', 'flip.sol', 'vow.sol', 'pit.sol', 'cat.sol']
2,['join.sol', 'flip.sol', 'vow.sol', 'pit.sol', 'flap.t.sol']
2,['join.sol', 'flip.sol', 'vow.sol', 'pit.sol', 'vat.t.sol']
2,['join.sol', 'flip.sol', 'vow.sol', 'pit.sol', 'jug.t.sol']
2,['join.sol', 'flip.sol', 'vow.sol', 'pit.sol', 'flap.sol']
2,['join.sol', 'flip.sol', 'vow.sol', 'move.sol', 'vat.sol']
2,['join.sol', 'flip.sol', 'vow.sol', 'move.sol', 'flop.t.sol']
2,['join.sol', 'flip.sol', 'vow.sol', 'move.sol', 'jug.sol']
2,['join.sol', 'flip.sol', 'vow.sol', 'move.sol', 'cat.sol']
2,['join.sol', 'flip.sol', 'vow.sol', 'move.sol', 'flap.t.sol']
2,['join.sol', 'flip.sol', 'vow.sol', 'move.sol', 'vat.t.sol']
3,['join.sol', 'flip.sol', 'vow.sol', 'move.sol', 'jug.t.sol']
2,['join.sol', 'flip.sol', 'vow.sol', 'move.sol', 'flap.sol']
2,['join.sol', 'flip.sol', 'vow.sol', 'vat.sol', 'flop.t.sol']
2,['join.sol', 'flip.sol', 'vow.sol', 'vat.sol', 'jug.sol']
2,['join.sol', 'flip.sol', 'vow.sol', 'vat.sol', 'cat.sol']
2,['join.sol', 'flip.sol', 'vow.sol', 'vat.sol', 'flap.t.sol']
1,['join.sol', 'flip.sol', 'vow.sol', 'vat.sol', 'vat.t.sol']
2,['join.sol', 'flip.sol', 'vow.sol', 'vat.sol', 'jug.t.sol']
2,['join.sol', 'flip.sol', 'vow.sol', 'vat.sol', 'flap.sol']
2,['join.sol', 'flip.sol', 'vow.sol', 'flop.t.sol', 'jug.sol']
2,['join.sol', 'flip.sol', 'vow.sol', 'flop.t.sol', 'cat.sol']
2,['join.sol', 'flip.sol', 'vow.sol', 'flop.t.sol', 'flap.t.sol']
2,['join.sol', 'flip.sol', 'vow.sol', 'flop.t.sol', 'vat.t.sol']
2,['join.sol', 'flip.sol', 'vow.sol', 'flop.t.sol', 'jug.t.sol']
2,['join.sol', 'flip.sol', 'vow.sol', 'flop.t.sol', 'flap.sol']
2,['join.sol', 'flip.sol', 'vow.sol', 'jug.sol', 'cat.sol']
2,['join.sol', 'flip.sol', 'vow.sol', 'jug.sol', 'flap.t.sol']
2,['join.sol', 'flip.sol', 'vow.sol', 'jug.sol', 'vat.t.sol']
2,['join.sol', 'flip.sol', 'vow.sol', 'jug.sol', 'jug.t.sol']
2,['join.sol', 'flip.sol', 'vow.sol', 'jug.sol', 'flap.sol']
2,['join.sol', 'flip.sol', 'vow.sol', 'cat.sol', 'flap.t.sol']
2,['join.sol', 'flip.sol', 'vow.sol', 'cat.sol', 'vat.t.sol']
2,['join.sol', 'flip.sol', 'vow.sol', 'cat.sol', 'jug.t.sol']
2,['join.sol', 'flip.sol', 'vow.sol', 'cat.sol', 'flap.sol']
2,['join.sol', 'flip.sol', 'vow.sol', 'flap.t.sol', 'vat.t.sol']
2,['join.sol', 'flip.sol', 'vow.sol', 'flap.t.sol', 'jug.t.sol']
3,['join.sol', 'flip.sol', 'vow.sol', 'flap.t.sol', 'flap.sol']
1,['join.sol', 'flip.sol', 'vow.sol', 'vat.t.sol', 'jug.t.sol']
2,['join.sol', 'flip.sol', 'vow.sol', 'vat.t.sol', 'flap.sol']
2,['join.sol', 'flip.sol', 'vow.sol', 'jug.t.sol', 'flap.sol']
3,['join.sol', 'flip.sol', 'flip.t.sol', 'pit.sol', 'move.sol']
2,['join.sol', 'flip.sol', 'flip.t.sol', 'pit.sol', 'vat.sol']
3,['join.sol', 'flip.sol', 'flip.t.sol', 'pit.sol', 'flop.t.sol']
3,['join.sol', 'flip.sol', 'flip.t.sol', 'pit.sol', 'jug.sol']
2,['join.sol', 'flip.sol', 'flip.t.sol', 'pit.sol', 'cat.sol']
3,['join.sol', 'flip.sol', 'flip.t.sol', 'pit.sol', 'flap.t.sol']
2,['join.sol', 'flip.sol', 'flip.t.sol', 'pit.sol', 'vat.t.sol']
3,['join.sol', 'flip.sol', 'flip.t.sol', 'pit.sol', 'jug.t.sol']
2,['join.sol', 'flip.sol', 'flip.t.sol', 'pit.sol', 'flap.sol']
2,['join.sol', 'flip.sol', 'flip.t.sol', 'move.sol', 'vat.sol']
3,['join.sol', 'flip.sol', 'flip.t.sol', 'move.sol', 'flop.t.sol']
3,['join.sol', 'flip.sol', 'flip.t.sol', 'move.sol', 'jug.sol']
2,['join.sol', 'flip.sol', 'flip.t.sol', 'move.sol', 'cat.sol']
3,['join.sol', 'flip.sol', 'flip.t.sol', 'move.sol', 'flap.t.sol']
2,['join.sol', 'flip.sol', 'flip.t.sol', 'move.sol', 'vat.t.sol']
4,['join.sol', 'flip.sol', 'flip.t.sol', 'move.sol', 'jug.t.sol']
3,['join.sol', 'flip.sol', 'flip.t.sol', 'move.sol', 'flap.sol']
2,['join.sol', 'flip.sol', 'flip.t.sol', 'vat.sol', 'flop.t.sol']
2,['join.sol', 'flip.sol', 'flip.t.sol', 'vat.sol', 'jug.sol']
1,['join.sol', 'flip.sol', 'flip.t.sol', 'vat.sol', 'cat.sol']
2,['join.sol', 'flip.sol', 'flip.t.sol', 'vat.sol', 'flap.t.sol']
2,['join.sol', 'flip.sol', 'flip.t.sol', 'vat.sol', 'vat.t.sol']
2,['join.sol', 'flip.sol', 'flip.t.sol', 'vat.sol', 'jug.t.sol']
2,['join.sol', 'flip.sol', 'flip.t.sol', 'vat.sol', 'flap.sol']
3,['join.sol', 'flip.sol', 'flip.t.sol', 'flop.t.sol', 'jug.sol']
2,['join.sol', 'flip.sol', 'flip.t.sol', 'flop.t.sol', 'cat.sol']
3,['join.sol', 'flip.sol', 'flip.t.sol', 'flop.t.sol', 'flap.t.sol']
3,['join.sol', 'flip.sol', 'flip.t.sol', 'flop.t.sol', 'vat.t.sol']
3,['join.sol', 'flip.sol', 'flip.t.sol', 'flop.t.sol', 'jug.t.sol']
3,['join.sol', 'flip.sol', 'flip.t.sol', 'flop.t.sol', 'flap.sol']
2,['join.sol', 'flip.sol', 'flip.t.sol', 'jug.sol', 'cat.sol']
3,['join.sol', 'flip.sol', 'flip.t.sol', 'jug.sol', 'flap.t.sol']
3,['join.sol', 'flip.sol', 'flip.t.sol', 'jug.sol', 'vat.t.sol']
3,['join.sol', 'flip.sol', 'flip.t.sol', 'jug.sol', 'jug.t.sol']
3,['join.sol', 'flip.sol', 'flip.t.sol', 'jug.sol', 'flap.sol']
2,['join.sol', 'flip.sol', 'flip.t.sol', 'cat.sol', 'flap.t.sol']
2,['join.sol', 'flip.sol', 'flip.t.sol', 'cat.sol', 'vat.t.sol']
2,['join.sol', 'flip.sol', 'flip.t.sol', 'cat.sol', 'jug.t.sol']
3,['join.sol', 'flip.sol', 'flip.t.sol', 'cat.sol', 'flap.sol']
3,['join.sol', 'flip.sol', 'flip.t.sol', 'flap.t.sol', 'vat.t.sol']
3,['join.sol', 'flip.sol', 'flip.t.sol', 'flap.t.sol', 'jug.t.sol']
3,['join.sol', 'flip.sol', 'flip.t.sol', 'flap.t.sol', 'flap.sol']
2,['join.sol', 'flip.sol', 'flip.t.sol', 'vat.t.sol', 'jug.t.sol']
2,['join.sol', 'flip.sol', 'flip.t.sol', 'vat.t.sol', 'flap.sol']
2,['join.sol', 'flip.sol', 'flip.t.sol', 'jug.t.sol', 'flap.sol']
3,['join.sol', 'flip.sol', 'pit.sol', 'move.sol', 'vat.sol']
3,['join.sol', 'flip.sol', 'pit.sol', 'move.sol', 'flop.t.sol']
3,['join.sol', 'flip.sol', 'pit.sol', 'move.sol', 'jug.sol']
3,['join.sol', 'flip.sol', 'pit.sol', 'move.sol', 'cat.sol']
3,['join.sol', 'flip.sol', 'pit.sol', 'move.sol', 'flap.t.sol']
2,['join.sol', 'flip.sol', 'pit.sol', 'move.sol', 'vat.t.sol']
3,['join.sol', 'flip.sol', 'pit.sol', 'move.sol', 'jug.t.sol']
3,['join.sol', 'flip.sol', 'pit.sol', 'move.sol', 'flap.sol']
2,['join.sol', 'flip.sol', 'pit.sol', 'vat.sol', 'flop.t.sol']
2,['join.sol', 'flip.sol', 'pit.sol', 'vat.sol', 'jug.sol']
2,['join.sol', 'flip.sol', 'pit.sol', 'vat.sol', 'cat.sol']
2,['join.sol', 'flip.sol', 'pit.sol', 'vat.sol', 'flap.t.sol']
3,['join.sol', 'flip.sol', 'pit.sol', 'vat.sol', 'vat.t.sol']
2,['join.sol', 'flip.sol', 'pit.sol', 'vat.sol', 'jug.t.sol']
2,['join.sol', 'flip.sol', 'pit.sol', 'vat.sol', 'flap.sol']
3,['join.sol', 'flip.sol', 'pit.sol', 'flop.t.sol', 'jug.sol']
3,['join.sol', 'flip.sol', 'pit.sol', 'flop.t.sol', 'cat.sol']
3,['join.sol', 'flip.sol', 'pit.sol', 'flop.t.sol', 'flap.t.sol']
2,['join.sol', 'flip.sol', 'pit.sol', 'flop.t.sol', 'vat.t.sol']
3,['join.sol', 'flip.sol', 'pit.sol', 'flop.t.sol', 'jug.t.sol']
3,['join.sol', 'flip.sol', 'pit.sol', 'flop.t.sol', 'flap.sol']
3,['join.sol', 'flip.sol', 'pit.sol', 'jug.sol', 'cat.sol']
3,['join.sol', 'flip.sol', 'pit.sol', 'jug.sol', 'flap.t.sol']
3,['join.sol', 'flip.sol', 'pit.sol', 'jug.sol', 'vat.t.sol']
3,['join.sol', 'flip.sol', 'pit.sol', 'jug.sol', 'jug.t.sol']
2,['join.sol', 'flip.sol', 'pit.sol', 'jug.sol', 'flap.sol']
2,['join.sol', 'flip.sol', 'pit.sol', 'cat.sol', 'flap.t.sol']
3,['join.sol', 'flip.sol', 'pit.sol', 'cat.sol', 'vat.t.sol']
2,['join.sol', 'flip.sol', 'pit.sol', 'cat.sol', 'jug.t.sol']
2,['join.sol', 'flip.sol', 'pit.sol', 'cat.sol', 'flap.sol']
2,['join.sol', 'flip.sol', 'pit.sol', 'flap.t.sol', 'vat.t.sol']
3,['join.sol', 'flip.sol', 'pit.sol', 'flap.t.sol', 'jug.t.sol']
3,['join.sol', 'flip.sol', 'pit.sol', 'flap.t.sol', 'flap.sol']
2,['join.sol', 'flip.sol', 'pit.sol', 'vat.t.sol', 'jug.t.sol']
2,['join.sol', 'flip.sol', 'pit.sol', 'vat.t.sol', 'flap.sol']
3,['join.sol', 'flip.sol', 'pit.sol', 'jug.t.sol', 'flap.sol']
3,['join.sol', 'flip.sol', 'move.sol', 'vat.sol', 'flop.t.sol']
3,['join.sol', 'flip.sol', 'move.sol', 'vat.sol', 'jug.sol']
3,['join.sol', 'flip.sol', 'move.sol', 'vat.sol', 'cat.sol']
2,['join.sol', 'flip.sol', 'move.sol', 'vat.sol', 'flap.t.sol']
3,['join.sol', 'flip.sol', 'move.sol', 'vat.sol', 'vat.t.sol']
3,['join.sol', 'flip.sol', 'move.sol', 'vat.sol', 'jug.t.sol']
2,['join.sol', 'flip.sol', 'move.sol', 'vat.sol', 'flap.sol']
4,['join.sol', 'flip.sol', 'move.sol', 'flop.t.sol', 'jug.sol']
4,['join.sol', 'flip.sol', 'move.sol', 'flop.t.sol', 'cat.sol']
3,['join.sol', 'flip.sol', 'move.sol', 'flop.t.sol', 'flap.t.sol']
2,['join.sol', 'flip.sol', 'move.sol', 'flop.t.sol', 'vat.t.sol']
3,['join.sol', 'flip.sol', 'move.sol', 'flop.t.sol', 'jug.t.sol']
3,['join.sol', 'flip.sol', 'move.sol', 'flop.t.sol', 'flap.sol']
3,['join.sol', 'flip.sol', 'move.sol', 'jug.sol', 'cat.sol']
4,['join.sol', 'flip.sol', 'move.sol', 'jug.sol', 'flap.t.sol']
3,['join.sol', 'flip.sol', 'move.sol', 'jug.sol', 'vat.t.sol']
3,['join.sol', 'flip.sol', 'move.sol', 'jug.sol', 'jug.t.sol']
3,['join.sol', 'flip.sol', 'move.sol', 'jug.sol', 'flap.sol']
3,['join.sol', 'flip.sol', 'move.sol', 'cat.sol', 'flap.t.sol']
3,['join.sol', 'flip.sol', 'move.sol', 'cat.sol', 'vat.t.sol']
3,['join.sol', 'flip.sol', 'move.sol', 'cat.sol', 'jug.t.sol']
3,['join.sol', 'flip.sol', 'move.sol', 'cat.sol', 'flap.sol']
2,['join.sol', 'flip.sol', 'move.sol', 'flap.t.sol', 'vat.t.sol']
4,['join.sol', 'flip.sol', 'move.sol', 'flap.t.sol', 'jug.t.sol']
3,['join.sol', 'flip.sol', 'move.sol', 'flap.t.sol', 'flap.sol']
2,['join.sol', 'flip.sol', 'move.sol', 'vat.t.sol', 'jug.t.sol']
2,['join.sol', 'flip.sol', 'move.sol', 'vat.t.sol', 'flap.sol']
3,['join.sol', 'flip.sol', 'move.sol', 'jug.t.sol', 'flap.sol']
2,['join.sol', 'flip.sol', 'vat.sol', 'flop.t.sol', 'jug.sol']
2,['join.sol', 'flip.sol', 'vat.sol', 'flop.t.sol', 'cat.sol']
2,['join.sol', 'flip.sol', 'vat.sol', 'flop.t.sol', 'flap.t.sol']
3,['join.sol', 'flip.sol', 'vat.sol', 'flop.t.sol', 'vat.t.sol']
3,['join.sol', 'flip.sol', 'vat.sol', 'flop.t.sol', 'jug.t.sol']
2,['join.sol', 'flip.sol', 'vat.sol', 'flop.t.sol', 'flap.sol']
3,['join.sol', 'flip.sol', 'vat.sol', 'jug.sol', 'cat.sol']
2,['join.sol', 'flip.sol', 'vat.sol', 'jug.sol', 'flap.t.sol']
3,['join.sol', 'flip.sol', 'vat.sol', 'jug.sol', 'vat.t.sol']
3,['join.sol', 'flip.sol', 'vat.sol', 'jug.sol', 'jug.t.sol']
2,['join.sol', 'flip.sol', 'vat.sol', 'jug.sol', 'flap.sol']
2,['join.sol', 'flip.sol', 'vat.sol', 'cat.sol', 'flap.t.sol']
2,['join.sol', 'flip.sol', 'vat.sol', 'cat.sol', 'vat.t.sol']
2,['join.sol', 'flip.sol', 'vat.sol', 'cat.sol', 'jug.t.sol']
2,['join.sol', 'flip.sol', 'vat.sol', 'cat.sol', 'flap.sol']
3,['join.sol', 'flip.sol', 'vat.sol', 'flap.t.sol', 'vat.t.sol']
3,['join.sol', 'flip.sol', 'vat.sol', 'flap.t.sol', 'jug.t.sol']
2,['join.sol', 'flip.sol', 'vat.sol', 'flap.t.sol', 'flap.sol']
3,['join.sol', 'flip.sol', 'vat.sol', 'vat.t.sol', 'jug.t.sol']
3,['join.sol', 'flip.sol', 'vat.sol', 'vat.t.sol', 'flap.sol']
3,['join.sol', 'flip.sol', 'vat.sol', 'jug.t.sol', 'flap.sol']
3,['join.sol', 'flip.sol', 'flop.t.sol', 'jug.sol', 'cat.sol']
3,['join.sol', 'flip.sol', 'flop.t.sol', 'jug.sol', 'flap.t.sol']
3,['join.sol', 'flip.sol', 'flop.t.sol', 'jug.sol', 'vat.t.sol']
3,['join.sol', 'flip.sol', 'flop.t.sol', 'jug.sol', 'jug.t.sol']
3,['join.sol', 'flip.sol', 'flop.t.sol', 'jug.sol', 'flap.sol']
3,['join.sol', 'flip.sol', 'flop.t.sol', 'cat.sol', 'flap.t.sol']
3,['join.sol', 'flip.sol', 'flop.t.sol', 'cat.sol', 'vat.t.sol']
3,['join.sol', 'flip.sol', 'flop.t.sol', 'cat.sol', 'jug.t.sol']
2,['join.sol', 'flip.sol', 'flop.t.sol', 'cat.sol', 'flap.sol']
3,['join.sol', 'flip.sol', 'flop.t.sol', 'flap.t.sol', 'vat.t.sol']
3,['join.sol', 'flip.sol', 'flop.t.sol', 'flap.t.sol', 'jug.t.sol']
3,['join.sol', 'flip.sol', 'flop.t.sol', 'flap.t.sol', 'flap.sol']
2,['join.sol', 'flip.sol', 'flop.t.sol', 'vat.t.sol', 'jug.t.sol']
2,['join.sol', 'flip.sol', 'flop.t.sol', 'vat.t.sol', 'flap.sol']
3,['join.sol', 'flip.sol', 'flop.t.sol', 'jug.t.sol', 'flap.sol']
2,['join.sol', 'flip.sol', 'jug.sol', 'cat.sol', 'flap.t.sol']
3,['join.sol', 'flip.sol', 'jug.sol', 'cat.sol', 'vat.t.sol']
2,['join.sol', 'flip.sol', 'jug.sol', 'cat.sol', 'jug.t.sol']
2,['join.sol', 'flip.sol', 'jug.sol', 'cat.sol', 'flap.sol']
3,['join.sol', 'flip.sol', 'jug.sol', 'flap.t.sol', 'vat.t.sol']
3,['join.sol', 'flip.sol', 'jug.sol', 'flap.t.sol', 'jug.t.sol']
3,['join.sol', 'flip.sol', 'jug.sol', 'flap.t.sol', 'flap.sol']
3,['join.sol', 'flip.sol', 'jug.sol', 'vat.t.sol', 'jug.t.sol']
3,['join.sol', 'flip.sol', 'jug.sol', 'vat.t.sol', 'flap.sol']
3,['join.sol', 'flip.sol', 'jug.sol', 'jug.t.sol', 'flap.sol']
3,['join.sol', 'flip.sol', 'cat.sol', 'flap.t.sol', 'vat.t.sol']
3,['join.sol', 'flip.sol', 'cat.sol', 'flap.t.sol', 'jug.t.sol']
2,['join.sol', 'flip.sol', 'cat.sol', 'flap.t.sol', 'flap.sol']
1,['join.sol', 'flip.sol', 'cat.sol', 'vat.t.sol', 'jug.t.sol']
3,['join.sol', 'flip.sol', 'cat.sol', 'vat.t.sol', 'flap.sol']
3,['join.sol', 'flip.sol', 'cat.sol', 'jug.t.sol', 'flap.sol']
2,['join.sol', 'flip.sol', 'flap.t.sol', 'vat.t.sol', 'jug.t.sol']
2,['join.sol', 'flip.sol', 'flap.t.sol', 'vat.t.sol', 'flap.sol']
2,['join.sol', 'flip.sol', 'flap.t.sol', 'jug.t.sol', 'flap.sol']
2,['join.sol', 'flip.sol', 'vat.t.sol', 'jug.t.sol', 'flap.sol']
2,['join.sol', 'vow.sol', 'flip.t.sol', 'pit.sol', 'move.sol']
2,['join.sol', 'vow.sol', 'flip.t.sol', 'pit.sol', 'vat.sol']
2,['join.sol', 'vow.sol', 'flip.t.sol', 'pit.sol', 'flop.t.sol']
2,['join.sol', 'vow.sol', 'flip.t.sol', 'pit.sol', 'jug.sol']
2,['join.sol', 'vow.sol', 'flip.t.sol', 'pit.sol', 'cat.sol']
2,['join.sol', 'vow.sol', 'flip.t.sol', 'pit.sol', 'flap.t.sol']
2,['join.sol', 'vow.sol', 'flip.t.sol', 'pit.sol', 'vat.t.sol']
2,['join.sol', 'vow.sol', 'flip.t.sol', 'pit.sol', 'jug.t.sol']
2,['join.sol', 'vow.sol', 'flip.t.sol', 'pit.sol', 'flap.sol']
2,['join.sol', 'vow.sol', 'flip.t.sol', 'move.sol', 'vat.sol']
3,['join.sol', 'vow.sol', 'flip.t.sol', 'move.sol', 'flop.t.sol']
4,['join.sol', 'vow.sol', 'flip.t.sol', 'move.sol', 'jug.sol']
2,['join.sol', 'vow.sol', 'flip.t.sol', 'move.sol', 'cat.sol']
3,['join.sol', 'vow.sol', 'flip.t.sol', 'move.sol', 'flap.t.sol']
3,['join.sol', 'vow.sol', 'flip.t.sol', 'move.sol', 'vat.t.sol']
2,['join.sol', 'vow.sol', 'flip.t.sol', 'move.sol', 'jug.t.sol']
2,['join.sol', 'vow.sol', 'flip.t.sol', 'move.sol', 'flap.sol']
2,['join.sol', 'vow.sol', 'flip.t.sol', 'vat.sol', 'flop.t.sol']
2,['join.sol', 'vow.sol', 'flip.t.sol', 'vat.sol', 'jug.sol']
2,['join.sol', 'vow.sol', 'flip.t.sol', 'vat.sol', 'cat.sol']
2,['join.sol', 'vow.sol', 'flip.t.sol', 'vat.sol', 'flap.t.sol']
2,['join.sol', 'vow.sol', 'flip.t.sol', 'vat.sol', 'vat.t.sol']
2,['join.sol', 'vow.sol', 'flip.t.sol', 'vat.sol', 'jug.t.sol']
2,['join.sol', 'vow.sol', 'flip.t.sol', 'vat.sol', 'flap.sol']
3,['join.sol', 'vow.sol', 'flip.t.sol', 'flop.t.sol', 'jug.sol']
2,['join.sol', 'vow.sol', 'flip.t.sol', 'flop.t.sol', 'cat.sol']
3,['join.sol', 'vow.sol', 'flip.t.sol', 'flop.t.sol', 'flap.t.sol']
3,['join.sol', 'vow.sol', 'flip.t.sol', 'flop.t.sol', 'vat.t.sol']
3,['join.sol', 'vow.sol', 'flip.t.sol', 'flop.t.sol', 'jug.t.sol']
3,['join.sol', 'vow.sol', 'flip.t.sol', 'flop.t.sol', 'flap.sol']
2,['join.sol', 'vow.sol', 'flip.t.sol', 'jug.sol', 'cat.sol']
3,['join.sol', 'vow.sol', 'flip.t.sol', 'jug.sol', 'flap.t.sol']
3,['join.sol', 'vow.sol', 'flip.t.sol', 'jug.sol', 'vat.t.sol']
2,['join.sol', 'vow.sol', 'flip.t.sol', 'jug.sol', 'jug.t.sol']
2,['join.sol', 'vow.sol', 'flip.t.sol', 'jug.sol', 'flap.sol']
2,['join.sol', 'vow.sol', 'flip.t.sol', 'cat.sol', 'flap.t.sol']
2,['join.sol', 'vow.sol', 'flip.t.sol', 'cat.sol', 'vat.t.sol']
2,['join.sol', 'vow.sol', 'flip.t.sol', 'cat.sol', 'jug.t.sol']
2,['join.sol', 'vow.sol', 'flip.t.sol', 'cat.sol', 'flap.sol']
2,['join.sol', 'vow.sol', 'flip.t.sol', 'flap.t.sol', 'vat.t.sol']
2,['join.sol', 'vow.sol', 'flip.t.sol', 'flap.t.sol', 'jug.t.sol']
3,['join.sol', 'vow.sol', 'flip.t.sol', 'flap.t.sol', 'flap.sol']
2,['join.sol', 'vow.sol', 'flip.t.sol', 'vat.t.sol', 'jug.t.sol']
2,['join.sol', 'vow.sol', 'flip.t.sol', 'vat.t.sol', 'flap.sol']
2,['join.sol', 'vow.sol', 'flip.t.sol', 'jug.t.sol', 'flap.sol']
3,['join.sol', 'vow.sol', 'pit.sol', 'move.sol', 'vat.sol']
4,['join.sol', 'vow.sol', 'pit.sol', 'move.sol', 'flop.t.sol']
4,['join.sol', 'vow.sol', 'pit.sol', 'move.sol', 'jug.sol']
4,['join.sol', 'vow.sol', 'pit.sol', 'move.sol', 'cat.sol']
4,['join.sol', 'vow.sol', 'pit.sol', 'move.sol', 'flap.t.sol']
2,['join.sol', 'vow.sol', 'pit.sol', 'move.sol', 'vat.t.sol']
2,['join.sol', 'vow.sol', 'pit.sol', 'move.sol', 'jug.t.sol']
2,['join.sol', 'vow.sol', 'pit.sol', 'move.sol', 'flap.sol']
3,['join.sol', 'vow.sol', 'pit.sol', 'vat.sol', 'flop.t.sol']
3,['join.sol', 'vow.sol', 'pit.sol', 'vat.sol', 'jug.sol']
3,['join.sol', 'vow.sol', 'pit.sol', 'vat.sol', 'cat.sol']
3,['join.sol', 'vow.sol', 'pit.sol', 'vat.sol', 'flap.t.sol']
2,['join.sol', 'vow.sol', 'pit.sol', 'vat.sol', 'vat.t.sol']
2,['join.sol', 'vow.sol', 'pit.sol', 'vat.sol', 'jug.t.sol']
2,['join.sol', 'vow.sol', 'pit.sol', 'vat.sol', 'flap.sol']
4,['join.sol', 'vow.sol', 'pit.sol', 'flop.t.sol', 'jug.sol']
4,['join.sol', 'vow.sol', 'pit.sol', 'flop.t.sol', 'cat.sol']
4,['join.sol', 'vow.sol', 'pit.sol', 'flop.t.sol', 'flap.t.sol']
2,['join.sol', 'vow.sol', 'pit.sol', 'flop.t.sol', 'vat.t.sol']
2,['join.sol', 'vow.sol', 'pit.sol', 'flop.t.sol', 'jug.t.sol']
2,['join.sol', 'vow.sol', 'pit.sol', 'flop.t.sol', 'flap.sol']
3,['join.sol', 'vow.sol', 'pit.sol', 'jug.sol', 'cat.sol']
4,['join.sol', 'vow.sol', 'pit.sol', 'jug.sol', 'flap.t.sol']
2,['join.sol', 'vow.sol', 'pit.sol', 'jug.sol', 'vat.t.sol']
2,['join.sol', 'vow.sol', 'pit.sol', 'jug.sol', 'jug.t.sol']
2,['join.sol', 'vow.sol', 'pit.sol', 'jug.sol', 'flap.sol']
4,['join.sol', 'vow.sol', 'pit.sol', 'cat.sol', 'flap.t.sol']
2,['join.sol', 'vow.sol', 'pit.sol', 'cat.sol', 'vat.t.sol']
2,['join.sol', 'vow.sol', 'pit.sol', 'cat.sol', 'jug.t.sol']
2,['join.sol', 'vow.sol', 'pit.sol', 'cat.sol', 'flap.sol']
2,['join.sol', 'vow.sol', 'pit.sol', 'flap.t.sol', 'vat.t.sol']
2,['join.sol', 'vow.sol', 'pit.sol', 'flap.t.sol', 'jug.t.sol']
2,['join.sol', 'vow.sol', 'pit.sol', 'flap.t.sol', 'flap.sol']
2,['join.sol', 'vow.sol', 'pit.sol', 'vat.t.sol', 'jug.t.sol']
2,['join.sol', 'vow.sol', 'pit.sol', 'vat.t.sol', 'flap.sol']
2,['join.sol', 'vow.sol', 'pit.sol', 'jug.t.sol', 'flap.sol']
4,['join.sol', 'vow.sol', 'move.sol', 'vat.sol', 'flop.t.sol']
4,['join.sol', 'vow.sol', 'move.sol', 'vat.sol', 'jug.sol']
4,['join.sol', 'vow.sol', 'move.sol', 'vat.sol', 'cat.sol']
4,['join.sol', 'vow.sol', 'move.sol', 'vat.sol', 'flap.t.sol']
2,['join.sol', 'vow.sol', 'move.sol', 'vat.sol', 'vat.t.sol']
2,['join.sol', 'vow.sol', 'move.sol', 'vat.sol', 'jug.t.sol']
3,['join.sol', 'vow.sol', 'move.sol', 'vat.sol', 'flap.sol']
4,['join.sol', 'vow.sol', 'move.sol', 'flop.t.sol', 'jug.sol']
4,['join.sol', 'vow.sol', 'move.sol', 'flop.t.sol', 'cat.sol']
4,['join.sol', 'vow.sol', 'move.sol', 'flop.t.sol', 'flap.t.sol']
2,['join.sol', 'vow.sol', 'move.sol', 'flop.t.sol', 'vat.t.sol']
2,['join.sol', 'vow.sol', 'move.sol', 'flop.t.sol', 'jug.t.sol']
3,['join.sol', 'vow.sol', 'move.sol', 'flop.t.sol', 'flap.sol']
4,['join.sol', 'vow.sol', 'move.sol', 'jug.sol', 'cat.sol']
4,['join.sol', 'vow.sol', 'move.sol', 'jug.sol', 'flap.t.sol']
2,['join.sol', 'vow.sol', 'move.sol', 'jug.sol', 'vat.t.sol']
3,['join.sol', 'vow.sol', 'move.sol', 'jug.sol', 'jug.t.sol']
2,['join.sol', 'vow.sol', 'move.sol', 'jug.sol', 'flap.sol']
4,['join.sol', 'vow.sol', 'move.sol', 'cat.sol', 'flap.t.sol']
2,['join.sol', 'vow.sol', 'move.sol', 'cat.sol', 'vat.t.sol']
2,['join.sol', 'vow.sol', 'move.sol', 'cat.sol', 'jug.t.sol']
2,['join.sol', 'vow.sol', 'move.sol', 'cat.sol', 'flap.sol']
2,['join.sol', 'vow.sol', 'move.sol', 'flap.t.sol', 'vat.t.sol']
3,['join.sol', 'vow.sol', 'move.sol', 'flap.t.sol', 'jug.t.sol']
2,['join.sol', 'vow.sol', 'move.sol', 'flap.t.sol', 'flap.sol']
2,['join.sol', 'vow.sol', 'move.sol', 'vat.t.sol', 'jug.t.sol']
2,['join.sol', 'vow.sol', 'move.sol', 'vat.t.sol', 'flap.sol']
3,['join.sol', 'vow.sol', 'move.sol', 'jug.t.sol', 'flap.sol']
3,['join.sol', 'vow.sol', 'vat.sol', 'flop.t.sol', 'jug.sol']
3,['join.sol', 'vow.sol', 'vat.sol', 'flop.t.sol', 'cat.sol']
2,['join.sol', 'vow.sol', 'vat.sol', 'flop.t.sol', 'flap.t.sol']
2,['join.sol', 'vow.sol', 'vat.sol', 'flop.t.sol', 'vat.t.sol']
2,['join.sol', 'vow.sol', 'vat.sol', 'flop.t.sol', 'jug.t.sol']
2,['join.sol', 'vow.sol', 'vat.sol', 'flop.t.sol', 'flap.sol']
3,['join.sol', 'vow.sol', 'vat.sol', 'jug.sol', 'cat.sol']
3,['join.sol', 'vow.sol', 'vat.sol', 'jug.sol', 'flap.t.sol']
2,['join.sol', 'vow.sol', 'vat.sol', 'jug.sol', 'vat.t.sol']
2,['join.sol', 'vow.sol', 'vat.sol', 'jug.sol', 'jug.t.sol']
2,['join.sol', 'vow.sol', 'vat.sol', 'jug.sol', 'flap.sol']
3,['join.sol', 'vow.sol', 'vat.sol', 'cat.sol', 'flap.t.sol']
2,['join.sol', 'vow.sol', 'vat.sol', 'cat.sol', 'vat.t.sol']
2,['join.sol', 'vow.sol', 'vat.sol', 'cat.sol', 'jug.t.sol']
2,['join.sol', 'vow.sol', 'vat.sol', 'cat.sol', 'flap.sol']
2,['join.sol', 'vow.sol', 'vat.sol', 'flap.t.sol', 'vat.t.sol']
2,['join.sol', 'vow.sol', 'vat.sol', 'flap.t.sol', 'jug.t.sol']
2,['join.sol', 'vow.sol', 'vat.sol', 'flap.t.sol', 'flap.sol']
1,['join.sol', 'vow.sol', 'vat.sol', 'vat.t.sol', 'jug.t.sol']
2,['join.sol', 'vow.sol', 'vat.sol', 'vat.t.sol', 'flap.sol']
2,['join.sol', 'vow.sol', 'vat.sol', 'jug.t.sol', 'flap.sol']
4,['join.sol', 'vow.sol', 'flop.t.sol', 'jug.sol', 'cat.sol']
4,['join.sol', 'vow.sol', 'flop.t.sol', 'jug.sol', 'flap.t.sol']
2,['join.sol', 'vow.sol', 'flop.t.sol', 'jug.sol', 'vat.t.sol']
2,['join.sol', 'vow.sol', 'flop.t.sol', 'jug.sol', 'jug.t.sol']
2,['join.sol', 'vow.sol', 'flop.t.sol', 'jug.sol', 'flap.sol']
2,['join.sol', 'vow.sol', 'flop.t.sol', 'cat.sol', 'flap.t.sol']
2,['join.sol', 'vow.sol', 'flop.t.sol', 'cat.sol', 'vat.t.sol']
2,['join.sol', 'vow.sol', 'flop.t.sol', 'cat.sol', 'jug.t.sol']
2,['join.sol', 'vow.sol', 'flop.t.sol', 'cat.sol', 'flap.sol']
3,['join.sol', 'vow.sol', 'flop.t.sol', 'flap.t.sol', 'vat.t.sol']
2,['join.sol', 'vow.sol', 'flop.t.sol', 'flap.t.sol', 'jug.t.sol']
2,['join.sol', 'vow.sol', 'flop.t.sol', 'flap.t.sol', 'flap.sol']
2,['join.sol', 'vow.sol', 'flop.t.sol', 'vat.t.sol', 'jug.t.sol']
2,['join.sol', 'vow.sol', 'flop.t.sol', 'vat.t.sol', 'flap.sol']
2,['join.sol', 'vow.sol', 'flop.t.sol', 'jug.t.sol', 'flap.sol']
4,['join.sol', 'vow.sol', 'jug.sol', 'cat.sol', 'flap.t.sol']
2,['join.sol', 'vow.sol', 'jug.sol', 'cat.sol', 'vat.t.sol']
2,['join.sol', 'vow.sol', 'jug.sol', 'cat.sol', 'jug.t.sol']
2,['join.sol', 'vow.sol', 'jug.sol', 'cat.sol', 'flap.sol']
2,['join.sol', 'vow.sol', 'jug.sol', 'flap.t.sol', 'vat.t.sol']
2,['join.sol', 'vow.sol', 'jug.sol', 'flap.t.sol', 'jug.t.sol']
2,['join.sol', 'vow.sol', 'jug.sol', 'flap.t.sol', 'flap.sol']
2,['join.sol', 'vow.sol', 'jug.sol', 'vat.t.sol', 'jug.t.sol']
2,['join.sol', 'vow.sol', 'jug.sol', 'vat.t.sol', 'flap.sol']
2,['join.sol', 'vow.sol', 'jug.sol', 'jug.t.sol', 'flap.sol']
2,['join.sol', 'vow.sol', 'cat.sol', 'flap.t.sol', 'vat.t.sol']
2,['join.sol', 'vow.sol', 'cat.sol', 'flap.t.sol', 'jug.t.sol']
2,['join.sol', 'vow.sol', 'cat.sol', 'flap.t.sol', 'flap.sol']
1,['join.sol', 'vow.sol', 'cat.sol', 'vat.t.sol', 'jug.t.sol']
2,['join.sol', 'vow.sol', 'cat.sol', 'vat.t.sol', 'flap.sol']
2,['join.sol', 'vow.sol', 'cat.sol', 'jug.t.sol', 'flap.sol']
2,['join.sol', 'vow.sol', 'flap.t.sol', 'vat.t.sol', 'jug.t.sol']
2,['join.sol', 'vow.sol', 'flap.t.sol', 'vat.t.sol', 'flap.sol']
2,['join.sol', 'vow.sol', 'flap.t.sol', 'jug.t.sol', 'flap.sol']
1,['join.sol', 'vow.sol', 'vat.t.sol', 'jug.t.sol', 'flap.sol']
5,['join.sol', 'flip.t.sol', 'pit.sol', 'move.sol', 'vat.sol']
4,['join.sol', 'flip.t.sol', 'pit.sol', 'move.sol', 'flop.t.sol']
5,['join.sol', 'flip.t.sol', 'pit.sol', 'move.sol', 'jug.sol']
5,['join.sol', 'flip.t.sol', 'pit.sol', 'move.sol', 'cat.sol']
4,['join.sol', 'flip.t.sol', 'pit.sol', 'move.sol', 'flap.t.sol']
2,['join.sol', 'flip.t.sol', 'pit.sol', 'move.sol', 'vat.t.sol']
4,['join.sol', 'flip.t.sol', 'pit.sol', 'move.sol', 'jug.t.sol']
3,['join.sol', 'flip.t.sol', 'pit.sol', 'move.sol', 'flap.sol']
3,['join.sol', 'flip.t.sol', 'pit.sol', 'vat.sol', 'flop.t.sol']
3,['join.sol', 'flip.t.sol', 'pit.sol', 'vat.sol', 'jug.sol']
2,['join.sol', 'flip.t.sol', 'pit.sol', 'vat.sol', 'cat.sol']
3,['join.sol', 'flip.t.sol', 'pit.sol', 'vat.sol', 'flap.t.sol']
2,['join.sol', 'flip.t.sol', 'pit.sol', 'vat.sol', 'vat.t.sol']
2,['join.sol', 'flip.t.sol', 'pit.sol', 'vat.sol', 'jug.t.sol']
2,['join.sol', 'flip.t.sol', 'pit.sol', 'vat.sol', 'flap.sol']
3,['join.sol', 'flip.t.sol', 'pit.sol', 'flop.t.sol', 'jug.sol']
3,['join.sol', 'flip.t.sol', 'pit.sol', 'flop.t.sol', 'cat.sol']
4,['join.sol', 'flip.t.sol', 'pit.sol', 'flop.t.sol', 'flap.t.sol']
3,['join.sol', 'flip.t.sol', 'pit.sol', 'flop.t.sol', 'vat.t.sol']
3,['join.sol', 'flip.t.sol', 'pit.sol', 'flop.t.sol', 'jug.t.sol']
3,['join.sol', 'flip.t.sol', 'pit.sol', 'flop.t.sol', 'flap.sol']
3,['join.sol', 'flip.t.sol', 'pit.sol', 'jug.sol', 'cat.sol']
3,['join.sol', 'flip.t.sol', 'pit.sol', 'jug.sol', 'flap.t.sol']
2,['join.sol', 'flip.t.sol', 'pit.sol', 'jug.sol', 'vat.t.sol']
3,['join.sol', 'flip.t.sol', 'pit.sol', 'jug.sol', 'jug.t.sol']
3,['join.sol', 'flip.t.sol', 'pit.sol', 'jug.sol', 'flap.sol']
3,['join.sol', 'flip.t.sol', 'pit.sol', 'cat.sol', 'flap.t.sol']
2,['join.sol', 'flip.t.sol', 'pit.sol', 'cat.sol', 'vat.t.sol']
3,['join.sol', 'flip.t.sol', 'pit.sol', 'cat.sol', 'jug.t.sol']
2,['join.sol', 'flip.t.sol', 'pit.sol', 'cat.sol', 'flap.sol']
3,['join.sol', 'flip.t.sol', 'pit.sol', 'flap.t.sol', 'vat.t.sol']
3,['join.sol', 'flip.t.sol', 'pit.sol', 'flap.t.sol', 'jug.t.sol']
3,['join.sol', 'flip.t.sol', 'pit.sol', 'flap.t.sol', 'flap.sol']
2,['join.sol', 'flip.t.sol', 'pit.sol', 'vat.t.sol', 'jug.t.sol']
2,['join.sol', 'flip.t.sol', 'pit.sol', 'vat.t.sol', 'flap.sol']
3,['join.sol', 'flip.t.sol', 'pit.sol', 'jug.t.sol', 'flap.sol']
5,['join.sol', 'flip.t.sol', 'move.sol', 'vat.sol', 'flop.t.sol']
5,['join.sol', 'flip.t.sol', 'move.sol', 'vat.sol', 'jug.sol']
4,['join.sol', 'flip.t.sol', 'move.sol', 'vat.sol', 'cat.sol']
5,['join.sol', 'flip.t.sol', 'move.sol', 'vat.sol', 'flap.t.sol']
2,['join.sol', 'flip.t.sol', 'move.sol', 'vat.sol', 'vat.t.sol']
5,['join.sol', 'flip.t.sol', 'move.sol', 'vat.sol', 'jug.t.sol']
2,['join.sol', 'flip.t.sol', 'move.sol', 'vat.sol', 'flap.sol']
2,['join.sol', 'flip.t.sol', 'move.sol', 'flop.t.sol', 'jug.sol']
5,['join.sol', 'flip.t.sol', 'move.sol', 'flop.t.sol', 'cat.sol']
2,['join.sol', 'flip.t.sol', 'move.sol', 'flop.t.sol', 'flap.t.sol']
1,['join.sol', 'flip.t.sol', 'move.sol', 'flop.t.sol', 'vat.t.sol']
2,['join.sol', 'flip.t.sol', 'move.sol', 'flop.t.sol', 'jug.t.sol']
3,['join.sol', 'flip.t.sol', 'move.sol', 'flop.t.sol', 'flap.sol']
5,['join.sol', 'flip.t.sol', 'move.sol', 'jug.sol', 'cat.sol']
2,['join.sol', 'flip.t.sol', 'move.sol', 'jug.sol', 'flap.t.sol']
3,['join.sol', 'flip.t.sol', 'move.sol', 'jug.sol', 'vat.t.sol']
5,['join.sol', 'flip.t.sol', 'move.sol', 'jug.sol', 'jug.t.sol']
3,['join.sol', 'flip.t.sol', 'move.sol', 'jug.sol', 'flap.sol']
5,['join.sol', 'flip.t.sol', 'move.sol', 'cat.sol', 'flap.t.sol']
2,['join.sol', 'flip.t.sol', 'move.sol', 'cat.sol', 'vat.t.sol']
5,['join.sol', 'flip.t.sol', 'move.sol', 'cat.sol', 'jug.t.sol']
3,['join.sol', 'flip.t.sol', 'move.sol', 'cat.sol', 'flap.sol']
1,['join.sol', 'flip.t.sol', 'move.sol', 'flap.t.sol', 'vat.t.sol']
2,['join.sol', 'flip.t.sol', 'move.sol', 'flap.t.sol', 'jug.t.sol']
3,['join.sol', 'flip.t.sol', 'move.sol', 'flap.t.sol', 'flap.sol']
1,['join.sol', 'flip.t.sol', 'move.sol', 'vat.t.sol', 'jug.t.sol']
2,['join.sol', 'flip.t.sol', 'move.sol', 'vat.t.sol', 'flap.sol']
4,['join.sol', 'flip.t.sol', 'move.sol', 'jug.t.sol', 'flap.sol']
2,['join.sol', 'flip.t.sol', 'vat.sol', 'flop.t.sol', 'jug.sol']
3,['join.sol', 'flip.t.sol', 'vat.sol', 'flop.t.sol', 'cat.sol']
4,['join.sol', 'flip.t.sol', 'vat.sol', 'flop.t.sol', 'flap.t.sol']
3,['join.sol', 'flip.t.sol', 'vat.sol', 'flop.t.sol', 'vat.t.sol']
3,['join.sol', 'flip.t.sol', 'vat.sol', 'flop.t.sol', 'jug.t.sol']
2,['join.sol', 'flip.t.sol', 'vat.sol', 'flop.t.sol', 'flap.sol']
2,['join.sol', 'flip.t.sol', 'vat.sol', 'jug.sol', 'cat.sol']
2,['join.sol', 'flip.t.sol', 'vat.sol', 'jug.sol', 'flap.t.sol']
2,['join.sol', 'flip.t.sol', 'vat.sol', 'jug.sol', 'vat.t.sol']
3,['join.sol', 'flip.t.sol', 'vat.sol', 'jug.sol', 'jug.t.sol']
2,['join.sol', 'flip.t.sol', 'vat.sol', 'jug.sol', 'flap.sol']
3,['join.sol', 'flip.t.sol', 'vat.sol', 'cat.sol', 'flap.t.sol']
2,['join.sol', 'flip.t.sol', 'vat.sol', 'cat.sol', 'vat.t.sol']
2,['join.sol', 'flip.t.sol', 'vat.sol', 'cat.sol', 'jug.t.sol']
2,['join.sol', 'flip.t.sol', 'vat.sol', 'cat.sol', 'flap.sol']
3,['join.sol', 'flip.t.sol', 'vat.sol', 'flap.t.sol', 'vat.t.sol']
3,['join.sol', 'flip.t.sol', 'vat.sol', 'flap.t.sol', 'jug.t.sol']
2,['join.sol', 'flip.t.sol', 'vat.sol', 'flap.t.sol', 'flap.sol']
2,['join.sol', 'flip.t.sol', 'vat.sol', 'vat.t.sol', 'jug.t.sol']
2,['join.sol', 'flip.t.sol', 'vat.sol', 'vat.t.sol', 'flap.sol']
2,['join.sol', 'flip.t.sol', 'vat.sol', 'jug.t.sol', 'flap.sol']
2,['join.sol', 'flip.t.sol', 'flop.t.sol', 'jug.sol', 'cat.sol']
3,['join.sol', 'flip.t.sol', 'flop.t.sol', 'jug.sol', 'flap.t.sol']
3,['join.sol', 'flip.t.sol', 'flop.t.sol', 'jug.sol', 'vat.t.sol']
3,['join.sol', 'flip.t.sol', 'flop.t.sol', 'jug.sol', 'jug.t.sol']
3,['join.sol', 'flip.t.sol', 'flop.t.sol', 'jug.sol', 'flap.sol']
5,['join.sol', 'flip.t.sol', 'flop.t.sol', 'cat.sol', 'flap.t.sol']
3,['join.sol', 'flip.t.sol', 'flop.t.sol', 'cat.sol', 'vat.t.sol']
5,['join.sol', 'flip.t.sol', 'flop.t.sol', 'cat.sol', 'jug.t.sol']
2,['join.sol', 'flip.t.sol', 'flop.t.sol', 'cat.sol', 'flap.sol']
1,['join.sol', 'flip.t.sol', 'flop.t.sol', 'flap.t.sol', 'vat.t.sol']
2,['join.sol', 'flip.t.sol', 'flop.t.sol', 'flap.t.sol', 'jug.t.sol']
3,['join.sol', 'flip.t.sol', 'flop.t.sol', 'flap.t.sol', 'flap.sol']
1,['join.sol', 'flip.t.sol', 'flop.t.sol', 'vat.t.sol', 'jug.t.sol']
2,['join.sol', 'flip.t.sol', 'flop.t.sol', 'vat.t.sol', 'flap.sol']
3,['join.sol', 'flip.t.sol', 'flop.t.sol', 'jug.t.sol', 'flap.sol']
2,['join.sol', 'flip.t.sol', 'jug.sol', 'cat.sol', 'flap.t.sol']
2,['join.sol', 'flip.t.sol', 'jug.sol', 'cat.sol', 'vat.t.sol']
2,['join.sol', 'flip.t.sol', 'jug.sol', 'cat.sol', 'jug.t.sol']
2,['join.sol', 'flip.t.sol', 'jug.sol', 'cat.sol', 'flap.sol']
3,['join.sol', 'flip.t.sol', 'jug.sol', 'flap.t.sol', 'vat.t.sol']
3,['join.sol', 'flip.t.sol', 'jug.sol', 'flap.t.sol', 'jug.t.sol']
3,['join.sol', 'flip.t.sol', 'jug.sol', 'flap.t.sol', 'flap.sol']
3,['join.sol', 'flip.t.sol', 'jug.sol', 'vat.t.sol', 'jug.t.sol']
3,['join.sol', 'flip.t.sol', 'jug.sol', 'vat.t.sol', 'flap.sol']
3,['join.sol', 'flip.t.sol', 'jug.sol', 'jug.t.sol', 'flap.sol']
3,['join.sol', 'flip.t.sol', 'cat.sol', 'flap.t.sol', 'vat.t.sol']
5,['join.sol', 'flip.t.sol', 'cat.sol', 'flap.t.sol', 'jug.t.sol']
2,['join.sol', 'flip.t.sol', 'cat.sol', 'flap.t.sol', 'flap.sol']
3,['join.sol', 'flip.t.sol', 'cat.sol', 'vat.t.sol', 'jug.t.sol']
3,['join.sol', 'flip.t.sol', 'cat.sol', 'vat.t.sol', 'flap.sol']
3,['join.sol', 'flip.t.sol', 'cat.sol', 'jug.t.sol', 'flap.sol']
1,['join.sol', 'flip.t.sol', 'flap.t.sol', 'vat.t.sol', 'jug.t.sol']
2,['join.sol', 'flip.t.sol', 'flap.t.sol', 'vat.t.sol', 'flap.sol']
3,['join.sol', 'flip.t.sol', 'flap.t.sol', 'jug.t.sol', 'flap.sol']
2,['join.sol', 'flip.t.sol', 'vat.t.sol', 'jug.t.sol', 'flap.sol']
3,['join.sol', 'pit.sol', 'move.sol', 'vat.sol', 'flop.t.sol']
3,['join.sol', 'pit.sol', 'move.sol', 'vat.sol', 'jug.sol']
3,['join.sol', 'pit.sol', 'move.sol', 'vat.sol', 'cat.sol']
3,['join.sol', 'pit.sol', 'move.sol', 'vat.sol', 'flap.t.sol']
3,['join.sol', 'pit.sol', 'move.sol', 'vat.sol', 'vat.t.sol']
3,['join.sol', 'pit.sol', 'move.sol', 'vat.sol', 'jug.t.sol']
3,['join.sol', 'pit.sol', 'move.sol', 'vat.sol', 'flap.sol']
4,['join.sol', 'pit.sol', 'move.sol', 'flop.t.sol', 'jug.sol']
3,['join.sol', 'pit.sol', 'move.sol', 'flop.t.sol', 'cat.sol']
4,['join.sol', 'pit.sol', 'move.sol', 'flop.t.sol', 'flap.t.sol']
2,['join.sol', 'pit.sol', 'move.sol', 'flop.t.sol', 'vat.t.sol']
4,['join.sol', 'pit.sol', 'move.sol', 'flop.t.sol', 'jug.t.sol']
4,['join.sol', 'pit.sol', 'move.sol', 'flop.t.sol', 'flap.sol']
3,['join.sol', 'pit.sol', 'move.sol', 'jug.sol', 'cat.sol']
4,['join.sol', 'pit.sol', 'move.sol', 'jug.sol', 'flap.t.sol']
3,['join.sol', 'pit.sol', 'move.sol', 'jug.sol', 'vat.t.sol']
2,['join.sol', 'pit.sol', 'move.sol', 'jug.sol', 'jug.t.sol']
3,['join.sol', 'pit.sol', 'move.sol', 'jug.sol', 'flap.sol']
3,['join.sol', 'pit.sol', 'move.sol', 'cat.sol', 'flap.t.sol']
3,['join.sol', 'pit.sol', 'move.sol', 'cat.sol', 'vat.t.sol']
2,['join.sol', 'pit.sol', 'move.sol', 'cat.sol', 'jug.t.sol']
3,['join.sol', 'pit.sol', 'move.sol', 'cat.sol', 'flap.sol']
2,['join.sol', 'pit.sol', 'move.sol', 'flap.t.sol', 'vat.t.sol']
4,['join.sol', 'pit.sol', 'move.sol', 'flap.t.sol', 'jug.t.sol']
4,['join.sol', 'pit.sol', 'move.sol', 'flap.t.sol', 'flap.sol']
2,['join.sol', 'pit.sol', 'move.sol', 'vat.t.sol', 'jug.t.sol']
2,['join.sol', 'pit.sol', 'move.sol', 'vat.t.sol', 'flap.sol']
3,['join.sol', 'pit.sol', 'move.sol', 'jug.t.sol', 'flap.sol']
3,['join.sol', 'pit.sol', 'vat.sol', 'flop.t.sol', 'jug.sol']
3,['join.sol', 'pit.sol', 'vat.sol', 'flop.t.sol', 'cat.sol']
3,['join.sol', 'pit.sol', 'vat.sol', 'flop.t.sol', 'flap.t.sol']
3,['join.sol', 'pit.sol', 'vat.sol', 'flop.t.sol', 'vat.t.sol']
3,['join.sol', 'pit.sol', 'vat.sol', 'flop.t.sol', 'jug.t.sol']
3,['join.sol', 'pit.sol', 'vat.sol', 'flop.t.sol', 'flap.sol']
2,['join.sol', 'pit.sol', 'vat.sol', 'jug.sol', 'cat.sol']
3,['join.sol', 'pit.sol', 'vat.sol', 'jug.sol', 'flap.t.sol']
3,['join.sol', 'pit.sol', 'vat.sol', 'jug.sol', 'vat.t.sol']
3,['join.sol', 'pit.sol', 'vat.sol', 'jug.sol', 'jug.t.sol']
3,['join.sol', 'pit.sol', 'vat.sol', 'jug.sol', 'flap.sol']
3,['join.sol', 'pit.sol', 'vat.sol', 'cat.sol', 'flap.t.sol']
2,['join.sol', 'pit.sol', 'vat.sol', 'cat.sol', 'vat.t.sol']
2,['join.sol', 'pit.sol', 'vat.sol', 'cat.sol', 'jug.t.sol']
2,['join.sol', 'pit.sol', 'vat.sol', 'cat.sol', 'flap.sol']
3,['join.sol', 'pit.sol', 'vat.sol', 'flap.t.sol', 'vat.t.sol']
3,['join.sol', 'pit.sol', 'vat.sol', 'flap.t.sol', 'jug.t.sol']
3,['join.sol', 'pit.sol', 'vat.sol', 'flap.t.sol', 'flap.sol']
3,['join.sol', 'pit.sol', 'vat.sol', 'vat.t.sol', 'jug.t.sol']
3,['join.sol', 'pit.sol', 'vat.sol', 'vat.t.sol', 'flap.sol']
3,['join.sol', 'pit.sol', 'vat.sol', 'jug.t.sol', 'flap.sol']
3,['join.sol', 'pit.sol', 'flop.t.sol', 'jug.sol', 'cat.sol']
3,['join.sol', 'pit.sol', 'flop.t.sol', 'jug.sol', 'flap.t.sol']
3,['join.sol', 'pit.sol', 'flop.t.sol', 'jug.sol', 'vat.t.sol']
3,['join.sol', 'pit.sol', 'flop.t.sol', 'jug.sol', 'jug.t.sol']
3,['join.sol', 'pit.sol', 'flop.t.sol', 'jug.sol', 'flap.sol']
3,['join.sol', 'pit.sol', 'flop.t.sol', 'cat.sol', 'flap.t.sol']
3,['join.sol', 'pit.sol', 'flop.t.sol', 'cat.sol', 'vat.t.sol']
2,['join.sol', 'pit.sol', 'flop.t.sol', 'cat.sol', 'jug.t.sol']
3,['join.sol', 'pit.sol', 'flop.t.sol', 'cat.sol', 'flap.sol']
3,['join.sol', 'pit.sol', 'flop.t.sol', 'flap.t.sol', 'vat.t.sol']
3,['join.sol', 'pit.sol', 'flop.t.sol', 'flap.t.sol', 'jug.t.sol']
3,['join.sol', 'pit.sol', 'flop.t.sol', 'flap.t.sol', 'flap.sol']
2,['join.sol', 'pit.sol', 'flop.t.sol', 'vat.t.sol', 'jug.t.sol']
2,['join.sol', 'pit.sol', 'flop.t.sol', 'vat.t.sol', 'flap.sol']
3,['join.sol', 'pit.sol', 'flop.t.sol', 'jug.t.sol', 'flap.sol']
3,['join.sol', 'pit.sol', 'jug.sol', 'cat.sol', 'flap.t.sol']
2,['join.sol', 'pit.sol', 'jug.sol', 'cat.sol', 'vat.t.sol']
2,['join.sol', 'pit.sol', 'jug.sol', 'cat.sol', 'jug.t.sol']
3,['join.sol', 'pit.sol', 'jug.sol', 'cat.sol', 'flap.sol']
3,['join.sol', 'pit.sol', 'jug.sol', 'flap.t.sol', 'vat.t.sol']
3,['join.sol', 'pit.sol', 'jug.sol', 'flap.t.sol', 'jug.t.sol']
3,['join.sol', 'pit.sol', 'jug.sol', 'flap.t.sol', 'flap.sol']
2,['join.sol', 'pit.sol', 'jug.sol', 'vat.t.sol', 'jug.t.sol']
3,['join.sol', 'pit.sol', 'jug.sol', 'vat.t.sol', 'flap.sol']
2,['join.sol', 'pit.sol', 'jug.sol', 'jug.t.sol', 'flap.sol']
3,['join.sol', 'pit.sol', 'cat.sol', 'flap.t.sol', 'vat.t.sol']
3,['join.sol', 'pit.sol', 'cat.sol', 'flap.t.sol', 'jug.t.sol']
3,['join.sol', 'pit.sol', 'cat.sol', 'flap.t.sol', 'flap.sol']
1,['join.sol', 'pit.sol', 'cat.sol', 'vat.t.sol', 'jug.t.sol']
3,['join.sol', 'pit.sol', 'cat.sol', 'vat.t.sol', 'flap.sol']
2,['join.sol', 'pit.sol', 'cat.sol', 'jug.t.sol', 'flap.sol']
2,['join.sol', 'pit.sol', 'flap.t.sol', 'vat.t.sol', 'jug.t.sol']
2,['join.sol', 'pit.sol', 'flap.t.sol', 'vat.t.sol', 'flap.sol']
3,['join.sol', 'pit.sol', 'flap.t.sol', 'jug.t.sol', 'flap.sol']
2,['join.sol', 'pit.sol', 'vat.t.sol', 'jug.t.sol', 'flap.sol']
3,['join.sol', 'move.sol', 'vat.sol', 'flop.t.sol', 'jug.sol']
3,['join.sol', 'move.sol', 'vat.sol', 'flop.t.sol', 'cat.sol']
3,['join.sol', 'move.sol', 'vat.sol', 'flop.t.sol', 'flap.t.sol']
3,['join.sol', 'move.sol', 'vat.sol', 'flop.t.sol', 'vat.t.sol']
3,['join.sol', 'move.sol', 'vat.sol', 'flop.t.sol', 'jug.t.sol']
3,['join.sol', 'move.sol', 'vat.sol', 'flop.t.sol', 'flap.sol']
3,['join.sol', 'move.sol', 'vat.sol', 'jug.sol', 'cat.sol']
3,['join.sol', 'move.sol', 'vat.sol', 'jug.sol', 'flap.t.sol']
3,['join.sol', 'move.sol', 'vat.sol', 'jug.sol', 'vat.t.sol']
3,['join.sol', 'move.sol', 'vat.sol', 'jug.sol', 'jug.t.sol']
3,['join.sol', 'move.sol', 'vat.sol', 'jug.sol', 'flap.sol']
3,['join.sol', 'move.sol', 'vat.sol', 'cat.sol', 'flap.t.sol']
3,['join.sol', 'move.sol', 'vat.sol', 'cat.sol', 'vat.t.sol']
3,['join.sol', 'move.sol', 'vat.sol', 'cat.sol', 'jug.t.sol']
3,['join.sol', 'move.sol', 'vat.sol', 'cat.sol', 'flap.sol']
3,['join.sol', 'move.sol', 'vat.sol', 'flap.t.sol', 'vat.t.sol']
3,['join.sol', 'move.sol', 'vat.sol', 'flap.t.sol', 'jug.t.sol']
3,['join.sol', 'move.sol', 'vat.sol', 'flap.t.sol', 'flap.sol']
3,['join.sol', 'move.sol', 'vat.sol', 'vat.t.sol', 'jug.t.sol']
3,['join.sol', 'move.sol', 'vat.sol', 'vat.t.sol', 'flap.sol']
3,['join.sol', 'move.sol', 'vat.sol', 'jug.t.sol', 'flap.sol']
4,['join.sol', 'move.sol', 'flop.t.sol', 'jug.sol', 'cat.sol']
2,['join.sol', 'move.sol', 'flop.t.sol', 'jug.sol', 'flap.t.sol']
3,['join.sol', 'move.sol', 'flop.t.sol', 'jug.sol', 'vat.t.sol']
2,['join.sol', 'move.sol', 'flop.t.sol', 'jug.sol', 'jug.t.sol']
4,['join.sol', 'move.sol', 'flop.t.sol', 'jug.sol', 'flap.sol']
6,['join.sol', 'move.sol', 'flop.t.sol', 'cat.sol', 'flap.t.sol']
3,['join.sol', 'move.sol', 'flop.t.sol', 'cat.sol', 'vat.t.sol']
2,['join.sol', 'move.sol', 'flop.t.sol', 'cat.sol', 'jug.t.sol']
4,['join.sol', 'move.sol', 'flop.t.sol', 'cat.sol', 'flap.sol']
1,['join.sol', 'move.sol', 'flop.t.sol', 'flap.t.sol', 'vat.t.sol']
2,['join.sol', 'move.sol', 'flop.t.sol', 'flap.t.sol', 'jug.t.sol']
4,['join.sol', 'move.sol', 'flop.t.sol', 'flap.t.sol', 'flap.sol']
1,['join.sol', 'move.sol', 'flop.t.sol', 'vat.t.sol', 'jug.t.sol']
2,['join.sol', 'move.sol', 'flop.t.sol', 'vat.t.sol', 'flap.sol']
4,['join.sol', 'move.sol', 'flop.t.sol', 'jug.t.sol', 'flap.sol']
4,['join.sol', 'move.sol', 'jug.sol', 'cat.sol', 'flap.t.sol']
2,['join.sol', 'move.sol', 'jug.sol', 'cat.sol', 'vat.t.sol']
2,['join.sol', 'move.sol', 'jug.sol', 'cat.sol', 'jug.t.sol']
3,['join.sol', 'move.sol', 'jug.sol', 'cat.sol', 'flap.sol']
3,['join.sol', 'move.sol', 'jug.sol', 'flap.t.sol', 'vat.t.sol']
2,['join.sol', 'move.sol', 'jug.sol', 'flap.t.sol', 'jug.t.sol']
4,['join.sol', 'move.sol', 'jug.sol', 'flap.t.sol', 'flap.sol']
2,['join.sol', 'move.sol', 'jug.sol', 'vat.t.sol', 'jug.t.sol']
3,['join.sol', 'move.sol', 'jug.sol', 'vat.t.sol', 'flap.sol']
3,['join.sol', 'move.sol', 'jug.sol', 'jug.t.sol', 'flap.sol']
3,['join.sol', 'move.sol', 'cat.sol', 'flap.t.sol', 'vat.t.sol']
3,['join.sol', 'move.sol', 'cat.sol', 'flap.t.sol', 'jug.t.sol']
4,['join.sol', 'move.sol', 'cat.sol', 'flap.t.sol', 'flap.sol']
2,['join.sol', 'move.sol', 'cat.sol', 'vat.t.sol', 'jug.t.sol']
3,['join.sol', 'move.sol', 'cat.sol', 'vat.t.sol', 'flap.sol']
2,['join.sol', 'move.sol', 'cat.sol', 'jug.t.sol', 'flap.sol']
1,['join.sol', 'move.sol', 'flap.t.sol', 'vat.t.sol', 'jug.t.sol']
2,['join.sol', 'move.sol', 'flap.t.sol', 'vat.t.sol', 'flap.sol']
4,['join.sol', 'move.sol', 'flap.t.sol', 'jug.t.sol', 'flap.sol']
3,['join.sol', 'move.sol', 'vat.t.sol', 'jug.t.sol', 'flap.sol']
3,['join.sol', 'vat.sol', 'flop.t.sol', 'jug.sol', 'cat.sol']
3,['join.sol', 'vat.sol', 'flop.t.sol', 'jug.sol', 'flap.t.sol']
3,['join.sol', 'vat.sol', 'flop.t.sol', 'jug.sol', 'vat.t.sol']
3,['join.sol', 'vat.sol', 'flop.t.sol', 'jug.sol', 'jug.t.sol']
3,['join.sol', 'vat.sol', 'flop.t.sol', 'jug.sol', 'flap.sol']
3,['join.sol', 'vat.sol', 'flop.t.sol', 'cat.sol', 'flap.t.sol']
2,['join.sol', 'vat.sol', 'flop.t.sol', 'cat.sol', 'vat.t.sol']
3,['join.sol', 'vat.sol', 'flop.t.sol', 'cat.sol', 'jug.t.sol']
3,['join.sol', 'vat.sol', 'flop.t.sol', 'cat.sol', 'flap.sol']
3,['join.sol', 'vat.sol', 'flop.t.sol', 'flap.t.sol', 'vat.t.sol']
3,['join.sol', 'vat.sol', 'flop.t.sol', 'flap.t.sol', 'jug.t.sol']
2,['join.sol', 'vat.sol', 'flop.t.sol', 'flap.t.sol', 'flap.sol']
3,['join.sol', 'vat.sol', 'flop.t.sol', 'vat.t.sol', 'jug.t.sol']
3,['join.sol', 'vat.sol', 'flop.t.sol', 'vat.t.sol', 'flap.sol']
3,['join.sol', 'vat.sol', 'flop.t.sol', 'jug.t.sol', 'flap.sol']
3,['join.sol', 'vat.sol', 'jug.sol', 'cat.sol', 'flap.t.sol']
2,['join.sol', 'vat.sol', 'jug.sol', 'cat.sol', 'vat.t.sol']
2,['join.sol', 'vat.sol', 'jug.sol', 'cat.sol', 'jug.t.sol']
3,['join.sol', 'vat.sol', 'jug.sol', 'cat.sol', 'flap.sol']
3,['join.sol', 'vat.sol', 'jug.sol', 'flap.t.sol', 'vat.t.sol']
3,['join.sol', 'vat.sol', 'jug.sol', 'flap.t.sol', 'jug.t.sol']
3,['join.sol', 'vat.sol', 'jug.sol', 'flap.t.sol', 'flap.sol']
3,['join.sol', 'vat.sol', 'jug.sol', 'vat.t.sol', 'jug.t.sol']
3,['join.sol', 'vat.sol', 'jug.sol', 'vat.t.sol', 'flap.sol']
3,['join.sol', 'vat.sol', 'jug.sol', 'jug.t.sol', 'flap.sol']
2,['join.sol', 'vat.sol', 'cat.sol', 'flap.t.sol', 'vat.t.sol']
3,['join.sol', 'vat.sol', 'cat.sol', 'flap.t.sol', 'jug.t.sol']
2,['join.sol', 'vat.sol', 'cat.sol', 'flap.t.sol', 'flap.sol']
2,['join.sol', 'vat.sol', 'cat.sol', 'vat.t.sol', 'jug.t.sol']
3,['join.sol', 'vat.sol', 'cat.sol', 'vat.t.sol', 'flap.sol']
3,['join.sol', 'vat.sol', 'cat.sol', 'jug.t.sol', 'flap.sol']
3,['join.sol', 'vat.sol', 'flap.t.sol', 'vat.t.sol', 'jug.t.sol']
3,['join.sol', 'vat.sol', 'flap.t.sol', 'vat.t.sol', 'flap.sol']
3,['join.sol', 'vat.sol', 'flap.t.sol', 'jug.t.sol', 'flap.sol']
3,['join.sol', 'vat.sol', 'vat.t.sol', 'jug.t.sol', 'flap.sol']
3,['join.sol', 'flop.t.sol', 'jug.sol', 'cat.sol', 'flap.t.sol']
2,['join.sol', 'flop.t.sol', 'jug.sol', 'cat.sol', 'vat.t.sol']
2,['join.sol', 'flop.t.sol', 'jug.sol', 'cat.sol', 'jug.t.sol']
4,['join.sol', 'flop.t.sol', 'jug.sol', 'cat.sol', 'flap.sol']
3,['join.sol', 'flop.t.sol', 'jug.sol', 'flap.t.sol', 'vat.t.sol']
2,['join.sol', 'flop.t.sol', 'jug.sol', 'flap.t.sol', 'jug.t.sol']
3,['join.sol', 'flop.t.sol', 'jug.sol', 'flap.t.sol', 'flap.sol']
2,['join.sol', 'flop.t.sol', 'jug.sol', 'vat.t.sol', 'jug.t.sol']
3,['join.sol', 'flop.t.sol', 'jug.sol', 'vat.t.sol', 'flap.sol']
3,['join.sol', 'flop.t.sol', 'jug.sol', 'jug.t.sol', 'flap.sol']
3,['join.sol', 'flop.t.sol', 'cat.sol', 'flap.t.sol', 'vat.t.sol']
3,['join.sol', 'flop.t.sol', 'cat.sol', 'flap.t.sol', 'jug.t.sol']
3,['join.sol', 'flop.t.sol', 'cat.sol', 'flap.t.sol', 'flap.sol']
2,['join.sol', 'flop.t.sol', 'cat.sol', 'vat.t.sol', 'jug.t.sol']
3,['join.sol', 'flop.t.sol', 'cat.sol', 'vat.t.sol', 'flap.sol']
2,['join.sol', 'flop.t.sol', 'cat.sol', 'jug.t.sol', 'flap.sol']
1,['join.sol', 'flop.t.sol', 'flap.t.sol', 'vat.t.sol', 'jug.t.sol']
3,['join.sol', 'flop.t.sol', 'flap.t.sol', 'vat.t.sol', 'flap.sol']
3,['join.sol', 'flop.t.sol', 'flap.t.sol', 'jug.t.sol', 'flap.sol']
3,['join.sol', 'flop.t.sol', 'vat.t.sol', 'jug.t.sol', 'flap.sol']
3,['join.sol', 'jug.sol', 'cat.sol', 'flap.t.sol', 'vat.t.sol']
2,['join.sol', 'jug.sol', 'cat.sol', 'flap.t.sol', 'jug.t.sol']
3,['join.sol', 'jug.sol', 'cat.sol', 'flap.t.sol', 'flap.sol']
2,['join.sol', 'jug.sol', 'cat.sol', 'vat.t.sol', 'jug.t.sol']
3,['join.sol', 'jug.sol', 'cat.sol', 'vat.t.sol', 'flap.sol']
2,['join.sol', 'jug.sol', 'cat.sol', 'jug.t.sol', 'flap.sol']
2,['join.sol', 'jug.sol', 'flap.t.sol', 'vat.t.sol', 'jug.t.sol']
3,['join.sol', 'jug.sol', 'flap.t.sol', 'vat.t.sol', 'flap.sol']
3,['join.sol', 'jug.sol', 'flap.t.sol', 'jug.t.sol', 'flap.sol']
2,['join.sol', 'jug.sol', 'vat.t.sol', 'jug.t.sol', 'flap.sol']
2,['join.sol', 'cat.sol', 'flap.t.sol', 'vat.t.sol', 'jug.t.sol']
3,['join.sol', 'cat.sol', 'flap.t.sol', 'vat.t.sol', 'flap.sol']
3,['join.sol', 'cat.sol', 'flap.t.sol', 'jug.t.sol', 'flap.sol']
1,['join.sol', 'cat.sol', 'vat.t.sol', 'jug.t.sol', 'flap.sol']
2,['join.sol', 'flap.t.sol', 'vat.t.sol', 'jug.t.sol', 'flap.sol']
2,['flip.sol', 'vow.sol', 'flip.t.sol', 'pit.sol', 'move.sol']
2,['flip.sol', 'vow.sol', 'flip.t.sol', 'pit.sol', 'vat.sol']
2,['flip.sol', 'vow.sol', 'flip.t.sol', 'pit.sol', 'flop.t.sol']
2,['flip.sol', 'vow.sol', 'flip.t.sol', 'pit.sol', 'jug.sol']
2,['flip.sol', 'vow.sol', 'flip.t.sol', 'pit.sol', 'cat.sol']
2,['flip.sol', 'vow.sol', 'flip.t.sol', 'pit.sol', 'flap.t.sol']
2,['flip.sol', 'vow.sol', 'flip.t.sol', 'pit.sol', 'vat.t.sol']
2,['flip.sol', 'vow.sol', 'flip.t.sol', 'pit.sol', 'jug.t.sol']
2,['flip.sol', 'vow.sol', 'flip.t.sol', 'pit.sol', 'flap.sol']
2,['flip.sol', 'vow.sol', 'flip.t.sol', 'move.sol', 'vat.sol']
3,['flip.sol', 'vow.sol', 'flip.t.sol', 'move.sol', 'flop.t.sol']
2,['flip.sol', 'vow.sol', 'flip.t.sol', 'move.sol', 'jug.sol']
2,['flip.sol', 'vow.sol', 'flip.t.sol', 'move.sol', 'cat.sol']
3,['flip.sol', 'vow.sol', 'flip.t.sol', 'move.sol', 'flap.t.sol']
3,['flip.sol', 'vow.sol', 'flip.t.sol', 'move.sol', 'vat.t.sol']
2,['flip.sol', 'vow.sol', 'flip.t.sol', 'move.sol', 'jug.t.sol']
3,['flip.sol', 'vow.sol', 'flip.t.sol', 'move.sol', 'flap.sol']
2,['flip.sol', 'vow.sol', 'flip.t.sol', 'vat.sol', 'flop.t.sol']
2,['flip.sol', 'vow.sol', 'flip.t.sol', 'vat.sol', 'jug.sol']
2,['flip.sol', 'vow.sol', 'flip.t.sol', 'vat.sol', 'cat.sol']
2,['flip.sol', 'vow.sol', 'flip.t.sol', 'vat.sol', 'flap.t.sol']
2,['flip.sol', 'vow.sol', 'flip.t.sol', 'vat.sol', 'vat.t.sol']
2,['flip.sol', 'vow.sol', 'flip.t.sol', 'vat.sol', 'jug.t.sol']
2,['flip.sol', 'vow.sol', 'flip.t.sol', 'vat.sol', 'flap.sol']
2,['flip.sol', 'vow.sol', 'flip.t.sol', 'flop.t.sol', 'jug.sol']
2,['flip.sol', 'vow.sol', 'flip.t.sol', 'flop.t.sol', 'cat.sol']
3,['flip.sol', 'vow.sol', 'flip.t.sol', 'flop.t.sol', 'flap.t.sol']
3,['flip.sol', 'vow.sol', 'flip.t.sol', 'flop.t.sol', 'vat.t.sol']
2,['flip.sol', 'vow.sol', 'flip.t.sol', 'flop.t.sol', 'jug.t.sol']
3,['flip.sol', 'vow.sol', 'flip.t.sol', 'flop.t.sol', 'flap.sol']
2,['flip.sol', 'vow.sol', 'flip.t.sol', 'jug.sol', 'cat.sol']
3,['flip.sol', 'vow.sol', 'flip.t.sol', 'jug.sol', 'flap.t.sol']
2,['flip.sol', 'vow.sol', 'flip.t.sol', 'jug.sol', 'vat.t.sol']
2,['flip.sol', 'vow.sol', 'flip.t.sol', 'jug.sol', 'jug.t.sol']
3,['flip.sol', 'vow.sol', 'flip.t.sol', 'jug.sol', 'flap.sol']
2,['flip.sol', 'vow.sol', 'flip.t.sol', 'cat.sol', 'flap.t.sol']
1,['flip.sol', 'vow.sol', 'flip.t.sol', 'cat.sol', 'vat.t.sol']
1,['flip.sol', 'vow.sol', 'flip.t.sol', 'cat.sol', 'jug.t.sol']
2,['flip.sol', 'vow.sol', 'flip.t.sol', 'cat.sol', 'flap.sol']
3,['flip.sol', 'vow.sol', 'flip.t.sol', 'flap.t.sol', 'vat.t.sol']
2,['flip.sol', 'vow.sol', 'flip.t.sol', 'flap.t.sol', 'jug.t.sol']
3,['flip.sol', 'vow.sol', 'flip.t.sol', 'flap.t.sol', 'flap.sol']
2,['flip.sol', 'vow.sol', 'flip.t.sol', 'vat.t.sol', 'jug.t.sol']
3,['flip.sol', 'vow.sol', 'flip.t.sol', 'vat.t.sol', 'flap.sol']
2,['flip.sol', 'vow.sol', 'flip.t.sol', 'jug.t.sol', 'flap.sol']
2,['flip.sol', 'vow.sol', 'pit.sol', 'move.sol', 'vat.sol']
2,['flip.sol', 'vow.sol', 'pit.sol', 'move.sol', 'flop.t.sol']
2,['flip.sol', 'vow.sol', 'pit.sol', 'move.sol', 'jug.sol']
2,['flip.sol', 'vow.sol', 'pit.sol', 'move.sol', 'cat.sol']
2,['flip.sol', 'vow.sol', 'pit.sol', 'move.sol', 'flap.t.sol']
2,['flip.sol', 'vow.sol', 'pit.sol', 'move.sol', 'vat.t.sol']
2,['flip.sol', 'vow.sol', 'pit.sol', 'move.sol', 'jug.t.sol']
2,['flip.sol', 'vow.sol', 'pit.sol', 'move.sol', 'flap.sol']
2,['flip.sol', 'vow.sol', 'pit.sol', 'vat.sol', 'flop.t.sol']
2,['flip.sol', 'vow.sol', 'pit.sol', 'vat.sol', 'jug.sol']
2,['flip.sol', 'vow.sol', 'pit.sol', 'vat.sol', 'cat.sol']
2,['flip.sol', 'vow.sol', 'pit.sol', 'vat.sol', 'flap.t.sol']
2,['flip.sol', 'vow.sol', 'pit.sol', 'vat.sol', 'vat.t.sol']
2,['flip.sol', 'vow.sol', 'pit.sol', 'vat.sol', 'jug.t.sol']
2,['flip.sol', 'vow.sol', 'pit.sol', 'vat.sol', 'flap.sol']
2,['flip.sol', 'vow.sol', 'pit.sol', 'flop.t.sol', 'jug.sol']
2,['flip.sol', 'vow.sol', 'pit.sol', 'flop.t.sol', 'cat.sol']
2,['flip.sol', 'vow.sol', 'pit.sol', 'flop.t.sol', 'flap.t.sol']
2,['flip.sol', 'vow.sol', 'pit.sol', 'flop.t.sol', 'vat.t.sol']
2,['flip.sol', 'vow.sol', 'pit.sol', 'flop.t.sol', 'jug.t.sol']
3,['flip.sol', 'vow.sol', 'pit.sol', 'flop.t.sol', 'flap.sol']
2,['flip.sol', 'vow.sol', 'pit.sol', 'jug.sol', 'cat.sol']
2,['flip.sol', 'vow.sol', 'pit.sol', 'jug.sol', 'flap.t.sol']
1,['flip.sol', 'vow.sol', 'pit.sol', 'jug.sol', 'vat.t.sol']
2,['flip.sol', 'vow.sol', 'pit.sol', 'jug.sol', 'jug.t.sol']
2,['flip.sol', 'vow.sol', 'pit.sol', 'jug.sol', 'flap.sol']
2,['flip.sol', 'vow.sol', 'pit.sol', 'cat.sol', 'flap.t.sol']
1,['flip.sol', 'vow.sol', 'pit.sol', 'cat.sol', 'vat.t.sol']
2,['flip.sol', 'vow.sol', 'pit.sol', 'cat.sol', 'jug.t.sol']
2,['flip.sol', 'vow.sol', 'pit.sol', 'cat.sol', 'flap.sol']
2,['flip.sol', 'vow.sol', 'pit.sol', 'flap.t.sol', 'vat.t.sol']
2,['flip.sol', 'vow.sol', 'pit.sol', 'flap.t.sol', 'jug.t.sol']
3,['flip.sol', 'vow.sol', 'pit.sol', 'flap.t.sol', 'flap.sol']
1,['flip.sol', 'vow.sol', 'pit.sol', 'vat.t.sol', 'jug.t.sol']
1,['flip.sol', 'vow.sol', 'pit.sol', 'vat.t.sol', 'flap.sol']
2,['flip.sol', 'vow.sol', 'pit.sol', 'jug.t.sol', 'flap.sol']
2,['flip.sol', 'vow.sol', 'move.sol', 'vat.sol', 'flop.t.sol']
2,['flip.sol', 'vow.sol', 'move.sol', 'vat.sol', 'jug.sol']
2,['flip.sol', 'vow.sol', 'move.sol', 'vat.sol', 'cat.sol']
2,['flip.sol', 'vow.sol', 'move.sol', 'vat.sol', 'flap.t.sol']
3,['flip.sol', 'vow.sol', 'move.sol', 'vat.sol', 'vat.t.sol']
2,['flip.sol', 'vow.sol', 'move.sol', 'vat.sol', 'jug.t.sol']
2,['flip.sol', 'vow.sol', 'move.sol', 'vat.sol', 'flap.sol']
2,['flip.sol', 'vow.sol', 'move.sol', 'flop.t.sol', 'jug.sol']
2,['flip.sol', 'vow.sol', 'move.sol', 'flop.t.sol', 'cat.sol']
2,['flip.sol', 'vow.sol', 'move.sol', 'flop.t.sol', 'flap.t.sol']
2,['flip.sol', 'vow.sol', 'move.sol', 'flop.t.sol', 'vat.t.sol']
2,['flip.sol', 'vow.sol', 'move.sol', 'flop.t.sol', 'jug.t.sol']
3,['flip.sol', 'vow.sol', 'move.sol', 'flop.t.sol', 'flap.sol']
2,['flip.sol', 'vow.sol', 'move.sol', 'jug.sol', 'cat.sol']
2,['flip.sol', 'vow.sol', 'move.sol', 'jug.sol', 'flap.t.sol']
2,['flip.sol', 'vow.sol', 'move.sol', 'jug.sol', 'vat.t.sol']
2,['flip.sol', 'vow.sol', 'move.sol', 'jug.sol', 'jug.t.sol']
2,['flip.sol', 'vow.sol', 'move.sol', 'jug.sol', 'flap.sol']
2,['flip.sol', 'vow.sol', 'move.sol', 'cat.sol', 'flap.t.sol']
2,['flip.sol', 'vow.sol', 'move.sol', 'cat.sol', 'vat.t.sol']
2,['flip.sol', 'vow.sol', 'move.sol', 'cat.sol', 'jug.t.sol']
2,['flip.sol', 'vow.sol', 'move.sol', 'cat.sol', 'flap.sol']
2,['flip.sol', 'vow.sol', 'move.sol', 'flap.t.sol', 'vat.t.sol']
2,['flip.sol', 'vow.sol', 'move.sol', 'flap.t.sol', 'jug.t.sol']
3,['flip.sol', 'vow.sol', 'move.sol', 'flap.t.sol', 'flap.sol']
1,['flip.sol', 'vow.sol', 'move.sol', 'vat.t.sol', 'jug.t.sol']
2,['flip.sol', 'vow.sol', 'move.sol', 'vat.t.sol', 'flap.sol']
2,['flip.sol', 'vow.sol', 'move.sol', 'jug.t.sol', 'flap.sol']
2,['flip.sol', 'vow.sol', 'vat.sol', 'flop.t.sol', 'jug.sol']
2,['flip.sol', 'vow.sol', 'vat.sol', 'flop.t.sol', 'cat.sol']
2,['flip.sol', 'vow.sol', 'vat.sol', 'flop.t.sol', 'flap.t.sol']
2,['flip.sol', 'vow.sol', 'vat.sol', 'flop.t.sol', 'vat.t.sol']
2,['flip.sol', 'vow.sol', 'vat.sol', 'flop.t.sol', 'jug.t.sol']
2,['flip.sol', 'vow.sol', 'vat.sol', 'flop.t.sol', 'flap.sol']
2,['flip.sol', 'vow.sol', 'vat.sol', 'jug.sol', 'cat.sol']
2,['flip.sol', 'vow.sol', 'vat.sol', 'jug.sol', 'flap.t.sol']
1,['flip.sol', 'vow.sol', 'vat.sol', 'jug.sol', 'vat.t.sol']
2,['flip.sol', 'vow.sol', 'vat.sol', 'jug.sol', 'jug.t.sol']
2,['flip.sol', 'vow.sol', 'vat.sol', 'jug.sol', 'flap.sol']
2,['flip.sol', 'vow.sol', 'vat.sol', 'cat.sol', 'flap.t.sol']
1,['flip.sol', 'vow.sol', 'vat.sol', 'cat.sol', 'vat.t.sol']
2,['flip.sol', 'vow.sol', 'vat.sol', 'cat.sol', 'jug.t.sol']
2,['flip.sol', 'vow.sol', 'vat.sol', 'cat.sol', 'flap.sol']
2,['flip.sol', 'vow.sol', 'vat.sol', 'flap.t.sol', 'vat.t.sol']
2,['flip.sol', 'vow.sol', 'vat.sol', 'flap.t.sol', 'jug.t.sol']
2,['flip.sol', 'vow.sol', 'vat.sol', 'flap.t.sol', 'flap.sol']
1,['flip.sol', 'vow.sol', 'vat.sol', 'vat.t.sol', 'jug.t.sol']
2,['flip.sol', 'vow.sol', 'vat.sol', 'vat.t.sol', 'flap.sol']
2,['flip.sol', 'vow.sol', 'vat.sol', 'jug.t.sol', 'flap.sol']
2,['flip.sol', 'vow.sol', 'flop.t.sol', 'jug.sol', 'cat.sol']
2,['flip.sol', 'vow.sol', 'flop.t.sol', 'jug.sol', 'flap.t.sol']
2,['flip.sol', 'vow.sol', 'flop.t.sol', 'jug.sol', 'vat.t.sol']
2,['flip.sol', 'vow.sol', 'flop.t.sol', 'jug.sol', 'jug.t.sol']
2,['flip.sol', 'vow.sol', 'flop.t.sol', 'jug.sol', 'flap.sol']
2,['flip.sol', 'vow.sol', 'flop.t.sol', 'cat.sol', 'flap.t.sol']
2,['flip.sol', 'vow.sol', 'flop.t.sol', 'cat.sol', 'vat.t.sol']
2,['flip.sol', 'vow.sol', 'flop.t.sol', 'cat.sol', 'jug.t.sol']
2,['flip.sol', 'vow.sol', 'flop.t.sol', 'cat.sol', 'flap.sol']
2,['flip.sol', 'vow.sol', 'flop.t.sol', 'flap.t.sol', 'vat.t.sol']
2,['flip.sol', 'vow.sol', 'flop.t.sol', 'flap.t.sol', 'jug.t.sol']
3,['flip.sol', 'vow.sol', 'flop.t.sol', 'flap.t.sol', 'flap.sol']
1,['flip.sol', 'vow.sol', 'flop.t.sol', 'vat.t.sol', 'jug.t.sol']
2,['flip.sol', 'vow.sol', 'flop.t.sol', 'vat.t.sol', 'flap.sol']
2,['flip.sol', 'vow.sol', 'flop.t.sol', 'jug.t.sol', 'flap.sol']
2,['flip.sol', 'vow.sol', 'jug.sol', 'cat.sol', 'flap.t.sol']
2,['flip.sol', 'vow.sol', 'jug.sol', 'cat.sol', 'vat.t.sol']
2,['flip.sol', 'vow.sol', 'jug.sol', 'cat.sol', 'jug.t.sol']
2,['flip.sol', 'vow.sol', 'jug.sol', 'cat.sol', 'flap.sol']
2,['flip.sol', 'vow.sol', 'jug.sol', 'flap.t.sol', 'vat.t.sol']
2,['flip.sol', 'vow.sol', 'jug.sol', 'flap.t.sol', 'jug.t.sol']
2,['flip.sol', 'vow.sol', 'jug.sol', 'flap.t.sol', 'flap.sol']
1,['flip.sol', 'vow.sol', 'jug.sol', 'vat.t.sol', 'jug.t.sol']
1,['flip.sol', 'vow.sol', 'jug.sol', 'vat.t.sol', 'flap.sol']
2,['flip.sol', 'vow.sol', 'jug.sol', 'jug.t.sol', 'flap.sol']
2,['flip.sol', 'vow.sol', 'cat.sol', 'flap.t.sol', 'vat.t.sol']
2,['flip.sol', 'vow.sol', 'cat.sol', 'flap.t.sol', 'jug.t.sol']
2,['flip.sol', 'vow.sol', 'cat.sol', 'flap.t.sol', 'flap.sol']
1,['flip.sol', 'vow.sol', 'cat.sol', 'vat.t.sol', 'jug.t.sol']
2,['flip.sol', 'vow.sol', 'cat.sol', 'vat.t.sol', 'flap.sol']
2,['flip.sol', 'vow.sol', 'cat.sol', 'jug.t.sol', 'flap.sol']
2,['flip.sol', 'vow.sol', 'flap.t.sol', 'vat.t.sol', 'jug.t.sol']
2,['flip.sol', 'vow.sol', 'flap.t.sol', 'vat.t.sol', 'flap.sol']
2,['flip.sol', 'vow.sol', 'flap.t.sol', 'jug.t.sol', 'flap.sol']
1,['flip.sol', 'vow.sol', 'vat.t.sol', 'jug.t.sol', 'flap.sol']
2,['flip.sol', 'flip.t.sol', 'pit.sol', 'move.sol', 'vat.sol']
2,['flip.sol', 'flip.t.sol', 'pit.sol', 'move.sol', 'flop.t.sol']
2,['flip.sol', 'flip.t.sol', 'pit.sol', 'move.sol', 'jug.sol']
2,['flip.sol', 'flip.t.sol', 'pit.sol', 'move.sol', 'cat.sol']
2,['flip.sol', 'flip.t.sol', 'pit.sol', 'move.sol', 'flap.t.sol']
2,['flip.sol', 'flip.t.sol', 'pit.sol', 'move.sol', 'vat.t.sol']
2,['flip.sol', 'flip.t.sol', 'pit.sol', 'move.sol', 'jug.t.sol']
2,['flip.sol', 'flip.t.sol', 'pit.sol', 'move.sol', 'flap.sol']
2,['flip.sol', 'flip.t.sol', 'pit.sol', 'vat.sol', 'flop.t.sol']
2,['flip.sol', 'flip.t.sol', 'pit.sol', 'vat.sol', 'jug.sol']
2,['flip.sol', 'flip.t.sol', 'pit.sol', 'vat.sol', 'cat.sol']
2,['flip.sol', 'flip.t.sol', 'pit.sol', 'vat.sol', 'flap.t.sol']
2,['flip.sol', 'flip.t.sol', 'pit.sol', 'vat.sol', 'vat.t.sol']
2,['flip.sol', 'flip.t.sol', 'pit.sol', 'vat.sol', 'jug.t.sol']
2,['flip.sol', 'flip.t.sol', 'pit.sol', 'vat.sol', 'flap.sol']
2,['flip.sol', 'flip.t.sol', 'pit.sol', 'flop.t.sol', 'jug.sol']
2,['flip.sol', 'flip.t.sol', 'pit.sol', 'flop.t.sol', 'cat.sol']
3,['flip.sol', 'flip.t.sol', 'pit.sol', 'flop.t.sol', 'flap.t.sol']
3,['flip.sol', 'flip.t.sol', 'pit.sol', 'flop.t.sol', 'vat.t.sol']
2,['flip.sol', 'flip.t.sol', 'pit.sol', 'flop.t.sol', 'jug.t.sol']
2,['flip.sol', 'flip.t.sol', 'pit.sol', 'flop.t.sol', 'flap.sol']
2,['flip.sol', 'flip.t.sol', 'pit.sol', 'jug.sol', 'cat.sol']
2,['flip.sol', 'flip.t.sol', 'pit.sol', 'jug.sol', 'flap.t.sol']
2,['flip.sol', 'flip.t.sol', 'pit.sol', 'jug.sol', 'vat.t.sol']
2,['flip.sol', 'flip.t.sol', 'pit.sol', 'jug.sol', 'jug.t.sol']
2,['flip.sol', 'flip.t.sol', 'pit.sol', 'jug.sol', 'flap.sol']
2,['flip.sol', 'flip.t.sol', 'pit.sol', 'cat.sol', 'flap.t.sol']
2,['flip.sol', 'flip.t.sol', 'pit.sol', 'cat.sol', 'vat.t.sol']
2,['flip.sol', 'flip.t.sol', 'pit.sol', 'cat.sol', 'jug.t.sol']
2,['flip.sol', 'flip.t.sol', 'pit.sol', 'cat.sol', 'flap.sol']
3,['flip.sol', 'flip.t.sol', 'pit.sol', 'flap.t.sol', 'vat.t.sol']
2,['flip.sol', 'flip.t.sol', 'pit.sol', 'flap.t.sol', 'jug.t.sol']
2,['flip.sol', 'flip.t.sol', 'pit.sol', 'flap.t.sol', 'flap.sol']
2,['flip.sol', 'flip.t.sol', 'pit.sol', 'vat.t.sol', 'jug.t.sol']
2,['flip.sol', 'flip.t.sol', 'pit.sol', 'vat.t.sol', 'flap.sol']
2,['flip.sol', 'flip.t.sol', 'pit.sol', 'jug.t.sol', 'flap.sol']
2,['flip.sol', 'flip.t.sol', 'move.sol', 'vat.sol', 'flop.t.sol']
2,['flip.sol', 'flip.t.sol', 'move.sol', 'vat.sol', 'jug.sol']
2,['flip.sol', 'flip.t.sol', 'move.sol', 'vat.sol', 'cat.sol']
2,['flip.sol', 'flip.t.sol', 'move.sol', 'vat.sol', 'flap.t.sol']
2,['flip.sol', 'flip.t.sol', 'move.sol', 'vat.sol', 'vat.t.sol']
2,['flip.sol', 'flip.t.sol', 'move.sol', 'vat.sol', 'jug.t.sol']
2,['flip.sol', 'flip.t.sol', 'move.sol', 'vat.sol', 'flap.sol']
3,['flip.sol', 'flip.t.sol', 'move.sol', 'flop.t.sol', 'jug.sol']
2,['flip.sol', 'flip.t.sol', 'move.sol', 'flop.t.sol', 'cat.sol']
3,['flip.sol', 'flip.t.sol', 'move.sol', 'flop.t.sol', 'flap.t.sol']
3,['flip.sol', 'flip.t.sol', 'move.sol', 'flop.t.sol', 'vat.t.sol']
2,['flip.sol', 'flip.t.sol', 'move.sol', 'flop.t.sol', 'jug.t.sol']
3,['flip.sol', 'flip.t.sol', 'move.sol', 'flop.t.sol', 'flap.sol']
2,['flip.sol', 'flip.t.sol', 'move.sol', 'jug.sol', 'cat.sol']
3,['flip.sol', 'flip.t.sol', 'move.sol', 'jug.sol', 'flap.t.sol']
3,['flip.sol', 'flip.t.sol', 'move.sol', 'jug.sol', 'vat.t.sol']
3,['flip.sol', 'flip.t.sol', 'move.sol', 'jug.sol', 'jug.t.sol']
3,['flip.sol', 'flip.t.sol', 'move.sol', 'jug.sol', 'flap.sol']
2,['flip.sol', 'flip.t.sol', 'move.sol', 'cat.sol', 'flap.t.sol']
3,['flip.sol', 'flip.t.sol', 'move.sol', 'cat.sol', 'vat.t.sol']
2,['flip.sol', 'flip.t.sol', 'move.sol', 'cat.sol', 'jug.t.sol']
2,['flip.sol', 'flip.t.sol', 'move.sol', 'cat.sol', 'flap.sol']
3,['flip.sol', 'flip.t.sol', 'move.sol', 'flap.t.sol', 'vat.t.sol']
2,['flip.sol', 'flip.t.sol', 'move.sol', 'flap.t.sol', 'jug.t.sol']
3,['flip.sol', 'flip.t.sol', 'move.sol', 'flap.t.sol', 'flap.sol']
2,['flip.sol', 'flip.t.sol', 'move.sol', 'vat.t.sol', 'jug.t.sol']
2,['flip.sol', 'flip.t.sol', 'move.sol', 'vat.t.sol', 'flap.sol']
2,['flip.sol', 'flip.t.sol', 'move.sol', 'jug.t.sol', 'flap.sol']
2,['flip.sol', 'flip.t.sol', 'vat.sol', 'flop.t.sol', 'jug.sol']
2,['flip.sol', 'flip.t.sol', 'vat.sol', 'flop.t.sol', 'cat.sol']
3,['flip.sol', 'flip.t.sol', 'vat.sol', 'flop.t.sol', 'flap.t.sol']
3,['flip.sol', 'flip.t.sol', 'vat.sol', 'flop.t.sol', 'vat.t.sol']
2,['flip.sol', 'flip.t.sol', 'vat.sol', 'flop.t.sol', 'jug.t.sol']
2,['flip.sol', 'flip.t.sol', 'vat.sol', 'flop.t.sol', 'flap.sol']
2,['flip.sol', 'flip.t.sol', 'vat.sol', 'jug.sol', 'cat.sol']
2,['flip.sol', 'flip.t.sol', 'vat.sol', 'jug.sol', 'flap.t.sol']
2,['flip.sol', 'flip.t.sol', 'vat.sol', 'jug.sol', 'vat.t.sol']
2,['flip.sol', 'flip.t.sol', 'vat.sol', 'jug.sol', 'jug.t.sol']
2,['flip.sol', 'flip.t.sol', 'vat.sol', 'jug.sol', 'flap.sol']
2,['flip.sol', 'flip.t.sol', 'vat.sol', 'cat.sol', 'flap.t.sol']
2,['flip.sol', 'flip.t.sol', 'vat.sol', 'cat.sol', 'vat.t.sol']
2,['flip.sol', 'flip.t.sol', 'vat.sol', 'cat.sol', 'jug.t.sol']
2,['flip.sol', 'flip.t.sol', 'vat.sol', 'cat.sol', 'flap.sol']
3,['flip.sol', 'flip.t.sol', 'vat.sol', 'flap.t.sol', 'vat.t.sol']
2,['flip.sol', 'flip.t.sol', 'vat.sol', 'flap.t.sol', 'jug.t.sol']
2,['flip.sol', 'flip.t.sol', 'vat.sol', 'flap.t.sol', 'flap.sol']
2,['flip.sol', 'flip.t.sol', 'vat.sol', 'vat.t.sol', 'jug.t.sol']
2,['flip.sol', 'flip.t.sol', 'vat.sol', 'vat.t.sol', 'flap.sol']
2,['flip.sol', 'flip.t.sol', 'vat.sol', 'jug.t.sol', 'flap.sol']
2,['flip.sol', 'flip.t.sol', 'flop.t.sol', 'jug.sol', 'cat.sol']
3,['flip.sol', 'flip.t.sol', 'flop.t.sol', 'jug.sol', 'flap.t.sol']
3,['flip.sol', 'flip.t.sol', 'flop.t.sol', 'jug.sol', 'vat.t.sol']
3,['flip.sol', 'flip.t.sol', 'flop.t.sol', 'jug.sol', 'jug.t.sol']
3,['flip.sol', 'flip.t.sol', 'flop.t.sol', 'jug.sol', 'flap.sol']
3,['flip.sol', 'flip.t.sol', 'flop.t.sol', 'cat.sol', 'flap.t.sol']
3,['flip.sol', 'flip.t.sol', 'flop.t.sol', 'cat.sol', 'vat.t.sol']
2,['flip.sol', 'flip.t.sol', 'flop.t.sol', 'cat.sol', 'jug.t.sol']
2,['flip.sol', 'flip.t.sol', 'flop.t.sol', 'cat.sol', 'flap.sol']
2,['flip.sol', 'flip.t.sol', 'flop.t.sol', 'flap.t.sol', 'vat.t.sol']
3,['flip.sol', 'flip.t.sol', 'flop.t.sol', 'flap.t.sol', 'jug.t.sol']
3,['flip.sol', 'flip.t.sol', 'flop.t.sol', 'flap.t.sol', 'flap.sol']
2,['flip.sol', 'flip.t.sol', 'flop.t.sol', 'vat.t.sol', 'jug.t.sol']
3,['flip.sol', 'flip.t.sol', 'flop.t.sol', 'vat.t.sol', 'flap.sol']
3,['flip.sol', 'flip.t.sol', 'flop.t.sol', 'jug.t.sol', 'flap.sol']
2,['flip.sol', 'flip.t.sol', 'jug.sol', 'cat.sol', 'flap.t.sol']
3,['flip.sol', 'flip.t.sol', 'jug.sol', 'cat.sol', 'vat.t.sol']
2,['flip.sol', 'flip.t.sol', 'jug.sol', 'cat.sol', 'jug.t.sol']
2,['flip.sol', 'flip.t.sol', 'jug.sol', 'cat.sol', 'flap.sol']
3,['flip.sol', 'flip.t.sol', 'jug.sol', 'flap.t.sol', 'vat.t.sol']
3,['flip.sol', 'flip.t.sol', 'jug.sol', 'flap.t.sol', 'jug.t.sol']
3,['flip.sol', 'flip.t.sol', 'jug.sol', 'flap.t.sol', 'flap.sol']
3,['flip.sol', 'flip.t.sol', 'jug.sol', 'vat.t.sol', 'jug.t.sol']
3,['flip.sol', 'flip.t.sol', 'jug.sol', 'vat.t.sol', 'flap.sol']
3,['flip.sol', 'flip.t.sol', 'jug.sol', 'jug.t.sol', 'flap.sol']
3,['flip.sol', 'flip.t.sol', 'cat.sol', 'flap.t.sol', 'vat.t.sol']
2,['flip.sol', 'flip.t.sol', 'cat.sol', 'flap.t.sol', 'jug.t.sol']
2,['flip.sol', 'flip.t.sol', 'cat.sol', 'flap.t.sol', 'flap.sol']
3,['flip.sol', 'flip.t.sol', 'cat.sol', 'vat.t.sol', 'jug.t.sol']
3,['flip.sol', 'flip.t.sol', 'cat.sol', 'vat.t.sol', 'flap.sol']
2,['flip.sol', 'flip.t.sol', 'cat.sol', 'jug.t.sol', 'flap.sol']
2,['flip.sol', 'flip.t.sol', 'flap.t.sol', 'vat.t.sol', 'jug.t.sol']
3,['flip.sol', 'flip.t.sol', 'flap.t.sol', 'vat.t.sol', 'flap.sol']
3,['flip.sol', 'flip.t.sol', 'flap.t.sol', 'jug.t.sol', 'flap.sol']
3,['flip.sol', 'flip.t.sol', 'vat.t.sol', 'jug.t.sol', 'flap.sol']
2,['flip.sol', 'pit.sol', 'move.sol', 'vat.sol', 'flop.t.sol']
2,['flip.sol', 'pit.sol', 'move.sol', 'vat.sol', 'jug.sol']
2,['flip.sol', 'pit.sol', 'move.sol', 'vat.sol', 'cat.sol']
2,['flip.sol', 'pit.sol', 'move.sol', 'vat.sol', 'flap.t.sol']
2,['flip.sol', 'pit.sol', 'move.sol', 'vat.sol', 'vat.t.sol']
2,['flip.sol', 'pit.sol', 'move.sol', 'vat.sol', 'jug.t.sol']
2,['flip.sol', 'pit.sol', 'move.sol', 'vat.sol', 'flap.sol']
3,['flip.sol', 'pit.sol', 'move.sol', 'flop.t.sol', 'jug.sol']
2,['flip.sol', 'pit.sol', 'move.sol', 'flop.t.sol', 'cat.sol']
3,['flip.sol', 'pit.sol', 'move.sol', 'flop.t.sol', 'flap.t.sol']
2,['flip.sol', 'pit.sol', 'move.sol', 'flop.t.sol', 'vat.t.sol']
3,['flip.sol', 'pit.sol', 'move.sol', 'flop.t.sol', 'jug.t.sol']
2,['flip.sol', 'pit.sol', 'move.sol', 'flop.t.sol', 'flap.sol']
2,['flip.sol', 'pit.sol', 'move.sol', 'jug.sol', 'cat.sol']
3,['flip.sol', 'pit.sol', 'move.sol', 'jug.sol', 'flap.t.sol']
2,['flip.sol', 'pit.sol', 'move.sol', 'jug.sol', 'vat.t.sol']
3,['flip.sol', 'pit.sol', 'move.sol', 'jug.sol', 'jug.t.sol']
2,['flip.sol', 'pit.sol', 'move.sol', 'jug.sol', 'flap.sol']
2,['flip.sol', 'pit.sol', 'move.sol', 'cat.sol', 'flap.t.sol']
3,['flip.sol', 'pit.sol', 'move.sol', 'cat.sol', 'vat.t.sol']
2,['flip.sol', 'pit.sol', 'move.sol', 'cat.sol', 'jug.t.sol']
2,['flip.sol', 'pit.sol', 'move.sol', 'cat.sol', 'flap.sol']
2,['flip.sol', 'pit.sol', 'move.sol', 'flap.t.sol', 'vat.t.sol']
3,['flip.sol', 'pit.sol', 'move.sol', 'flap.t.sol', 'jug.t.sol']
2,['flip.sol', 'pit.sol', 'move.sol', 'flap.t.sol', 'flap.sol']
2,['flip.sol', 'pit.sol', 'move.sol', 'vat.t.sol', 'jug.t.sol']
2,['flip.sol', 'pit.sol', 'move.sol', 'vat.t.sol', 'flap.sol']
3,['flip.sol', 'pit.sol', 'move.sol', 'jug.t.sol', 'flap.sol']
2,['flip.sol', 'pit.sol', 'vat.sol', 'flop.t.sol', 'jug.sol']
2,['flip.sol', 'pit.sol', 'vat.sol', 'flop.t.sol', 'cat.sol']
2,['flip.sol', 'pit.sol', 'vat.sol', 'flop.t.sol', 'flap.t.sol']
2,['flip.sol', 'pit.sol', 'vat.sol', 'flop.t.sol', 'vat.t.sol']
3,['flip.sol', 'pit.sol', 'vat.sol', 'flop.t.sol', 'jug.t.sol']
2,['flip.sol', 'pit.sol', 'vat.sol', 'flop.t.sol', 'flap.sol']
2,['flip.sol', 'pit.sol', 'vat.sol', 'jug.sol', 'cat.sol']
2,['flip.sol', 'pit.sol', 'vat.sol', 'jug.sol', 'flap.t.sol']
2,['flip.sol', 'pit.sol', 'vat.sol', 'jug.sol', 'vat.t.sol']
2,['flip.sol', 'pit.sol', 'vat.sol', 'jug.sol', 'jug.t.sol']
2,['flip.sol', 'pit.sol', 'vat.sol', 'jug.sol', 'flap.sol']
2,['flip.sol', 'pit.sol', 'vat.sol', 'cat.sol', 'flap.t.sol']
2,['flip.sol', 'pit.sol', 'vat.sol', 'cat.sol', 'vat.t.sol']
2,['flip.sol', 'pit.sol', 'vat.sol', 'cat.sol', 'jug.t.sol']
2,['flip.sol', 'pit.sol', 'vat.sol', 'cat.sol', 'flap.sol']
2,['flip.sol', 'pit.sol', 'vat.sol', 'flap.t.sol', 'vat.t.sol']
2,['flip.sol', 'pit.sol', 'vat.sol', 'flap.t.sol', 'jug.t.sol']
2,['flip.sol', 'pit.sol', 'vat.sol', 'flap.t.sol', 'flap.sol']
2,['flip.sol', 'pit.sol', 'vat.sol', 'vat.t.sol', 'jug.t.sol']
2,['flip.sol', 'pit.sol', 'vat.sol', 'vat.t.sol', 'flap.sol']
2,['flip.sol', 'pit.sol', 'vat.sol', 'jug.t.sol', 'flap.sol']
2,['flip.sol', 'pit.sol', 'flop.t.sol', 'jug.sol', 'cat.sol']
2,['flip.sol', 'pit.sol', 'flop.t.sol', 'jug.sol', 'flap.t.sol']
2,['flip.sol', 'pit.sol', 'flop.t.sol', 'jug.sol', 'vat.t.sol']
3,['flip.sol', 'pit.sol', 'flop.t.sol', 'jug.sol', 'jug.t.sol']
2,['flip.sol', 'pit.sol', 'flop.t.sol', 'jug.sol', 'flap.sol']
2,['flip.sol', 'pit.sol', 'flop.t.sol', 'cat.sol', 'flap.t.sol']
2,['flip.sol', 'pit.sol', 'flop.t.sol', 'cat.sol', 'vat.t.sol']
2,['flip.sol', 'pit.sol', 'flop.t.sol', 'cat.sol', 'jug.t.sol']
2,['flip.sol', 'pit.sol', 'flop.t.sol', 'cat.sol', 'flap.sol']
2,['flip.sol', 'pit.sol', 'flop.t.sol', 'flap.t.sol', 'vat.t.sol']
3,['flip.sol', 'pit.sol', 'flop.t.sol', 'flap.t.sol', 'jug.t.sol']
2,['flip.sol', 'pit.sol', 'flop.t.sol', 'flap.t.sol', 'flap.sol']
2,['flip.sol', 'pit.sol', 'flop.t.sol', 'vat.t.sol', 'jug.t.sol']
2,['flip.sol', 'pit.sol', 'flop.t.sol', 'vat.t.sol', 'flap.sol']
3,['flip.sol', 'pit.sol', 'flop.t.sol', 'jug.t.sol', 'flap.sol']
2,['flip.sol', 'pit.sol', 'jug.sol', 'cat.sol', 'flap.t.sol']
2,['flip.sol', 'pit.sol', 'jug.sol', 'cat.sol', 'vat.t.sol']
2,['flip.sol', 'pit.sol', 'jug.sol', 'cat.sol', 'jug.t.sol']
2,['flip.sol', 'pit.sol', 'jug.sol', 'cat.sol', 'flap.sol']
2,['flip.sol', 'pit.sol', 'jug.sol', 'flap.t.sol', 'vat.t.sol']
3,['flip.sol', 'pit.sol', 'jug.sol', 'flap.t.sol', 'jug.t.sol']
2,['flip.sol', 'pit.sol', 'jug.sol', 'flap.t.sol', 'flap.sol']
2,['flip.sol', 'pit.sol', 'jug.sol', 'vat.t.sol', 'jug.t.sol']
2,['flip.sol', 'pit.sol', 'jug.sol', 'vat.t.sol', 'flap.sol']
3,['flip.sol', 'pit.sol', 'jug.sol', 'jug.t.sol', 'flap.sol']
2,['flip.sol', 'pit.sol', 'cat.sol', 'flap.t.sol', 'vat.t.sol']
2,['flip.sol', 'pit.sol', 'cat.sol', 'flap.t.sol', 'jug.t.sol']
2,['flip.sol', 'pit.sol', 'cat.sol', 'flap.t.sol', 'flap.sol']
2,['flip.sol', 'pit.sol', 'cat.sol', 'vat.t.sol', 'jug.t.sol']
2,['flip.sol', 'pit.sol', 'cat.sol', 'vat.t.sol', 'flap.sol']
2,['flip.sol', 'pit.sol', 'cat.sol', 'jug.t.sol', 'flap.sol']
2,['flip.sol', 'pit.sol', 'flap.t.sol', 'vat.t.sol', 'jug.t.sol']
2,['flip.sol', 'pit.sol', 'flap.t.sol', 'vat.t.sol', 'flap.sol']
3,['flip.sol', 'pit.sol', 'flap.t.sol', 'jug.t.sol', 'flap.sol']
2,['flip.sol', 'pit.sol', 'vat.t.sol', 'jug.t.sol', 'flap.sol']
2,['flip.sol', 'move.sol', 'vat.sol', 'flop.t.sol', 'jug.sol']
2,['flip.sol', 'move.sol', 'vat.sol', 'flop.t.sol', 'cat.sol']
2,['flip.sol', 'move.sol', 'vat.sol', 'flop.t.sol', 'flap.t.sol']
3,['flip.sol', 'move.sol', 'vat.sol', 'flop.t.sol', 'vat.t.sol']
3,['flip.sol', 'move.sol', 'vat.sol', 'flop.t.sol', 'jug.t.sol']
2,['flip.sol', 'move.sol', 'vat.sol', 'flop.t.sol', 'flap.sol']
2,['flip.sol', 'move.sol', 'vat.sol', 'jug.sol', 'cat.sol']
2,['flip.sol', 'move.sol', 'vat.sol', 'jug.sol', 'flap.t.sol']
2,['flip.sol', 'move.sol', 'vat.sol', 'jug.sol', 'vat.t.sol']
2,['flip.sol', 'move.sol', 'vat.sol', 'jug.sol', 'jug.t.sol']
2,['flip.sol', 'move.sol', 'vat.sol', 'jug.sol', 'flap.sol']
2,['flip.sol', 'move.sol', 'vat.sol', 'cat.sol', 'flap.t.sol']
2,['flip.sol', 'move.sol', 'vat.sol', 'cat.sol', 'vat.t.sol']
2,['flip.sol', 'move.sol', 'vat.sol', 'cat.sol', 'jug.t.sol']
2,['flip.sol', 'move.sol', 'vat.sol', 'cat.sol', 'flap.sol']
3,['flip.sol', 'move.sol', 'vat.sol', 'flap.t.sol', 'vat.t.sol']
3,['flip.sol', 'move.sol', 'vat.sol', 'flap.t.sol', 'jug.t.sol']
2,['flip.sol', 'move.sol', 'vat.sol', 'flap.t.sol', 'flap.sol']
3,['flip.sol', 'move.sol', 'vat.sol', 'vat.t.sol', 'jug.t.sol']
2,['flip.sol', 'move.sol', 'vat.sol', 'vat.t.sol', 'flap.sol']
2,['flip.sol', 'move.sol', 'vat.sol', 'jug.t.sol', 'flap.sol']
3,['flip.sol', 'move.sol', 'flop.t.sol', 'jug.sol', 'cat.sol']
3,['flip.sol', 'move.sol', 'flop.t.sol', 'jug.sol', 'flap.t.sol']
3,['flip.sol', 'move.sol', 'flop.t.sol', 'jug.sol', 'vat.t.sol']
3,['flip.sol', 'move.sol', 'flop.t.sol', 'jug.sol', 'jug.t.sol']
3,['flip.sol', 'move.sol', 'flop.t.sol', 'jug.sol', 'flap.sol']
2,['flip.sol', 'move.sol', 'flop.t.sol', 'cat.sol', 'flap.t.sol']
3,['flip.sol', 'move.sol', 'flop.t.sol', 'cat.sol', 'vat.t.sol']
2,['flip.sol', 'move.sol', 'flop.t.sol', 'cat.sol', 'jug.t.sol']
2,['flip.sol', 'move.sol', 'flop.t.sol', 'cat.sol', 'flap.sol']
3,['flip.sol', 'move.sol', 'flop.t.sol', 'flap.t.sol', 'vat.t.sol']
3,['flip.sol', 'move.sol', 'flop.t.sol', 'flap.t.sol', 'jug.t.sol']
3,['flip.sol', 'move.sol', 'flop.t.sol', 'flap.t.sol', 'flap.sol']
2,['flip.sol', 'move.sol', 'flop.t.sol', 'vat.t.sol', 'jug.t.sol']
2,['flip.sol', 'move.sol', 'flop.t.sol', 'vat.t.sol', 'flap.sol']
3,['flip.sol', 'move.sol', 'flop.t.sol', 'jug.t.sol', 'flap.sol']
3,['flip.sol', 'move.sol', 'jug.sol', 'cat.sol', 'flap.t.sol']
3,['flip.sol', 'move.sol', 'jug.sol', 'cat.sol', 'vat.t.sol']
2,['flip.sol', 'move.sol', 'jug.sol', 'cat.sol', 'jug.t.sol']
2,['flip.sol', 'move.sol', 'jug.sol', 'cat.sol', 'flap.sol']
3,['flip.sol', 'move.sol', 'jug.sol', 'flap.t.sol', 'vat.t.sol']
3,['flip.sol', 'move.sol', 'jug.sol', 'flap.t.sol', 'jug.t.sol']
3,['flip.sol', 'move.sol', 'jug.sol', 'flap.t.sol', 'flap.sol']
3,['flip.sol', 'move.sol', 'jug.sol', 'vat.t.sol', 'jug.t.sol']
2,['flip.sol', 'move.sol', 'jug.sol', 'vat.t.sol', 'flap.sol']
3,['flip.sol', 'move.sol', 'jug.sol', 'jug.t.sol', 'flap.sol']
3,['flip.sol', 'move.sol', 'cat.sol', 'flap.t.sol', 'vat.t.sol']
3,['flip.sol', 'move.sol', 'cat.sol', 'flap.t.sol', 'jug.t.sol']
2,['flip.sol', 'move.sol', 'cat.sol', 'flap.t.sol', 'flap.sol']
3,['flip.sol', 'move.sol', 'cat.sol', 'vat.t.sol', 'jug.t.sol']
3,['flip.sol', 'move.sol', 'cat.sol', 'vat.t.sol', 'flap.sol']
2,['flip.sol', 'move.sol', 'cat.sol', 'jug.t.sol', 'flap.sol']
2,['flip.sol', 'move.sol', 'flap.t.sol', 'vat.t.sol', 'jug.t.sol']
2,['flip.sol', 'move.sol', 'flap.t.sol', 'vat.t.sol', 'flap.sol']
3,['flip.sol', 'move.sol', 'flap.t.sol', 'jug.t.sol', 'flap.sol']
2,['flip.sol', 'move.sol', 'vat.t.sol', 'jug.t.sol', 'flap.sol']
2,['flip.sol', 'vat.sol', 'flop.t.sol', 'jug.sol', 'cat.sol']
2,['flip.sol', 'vat.sol', 'flop.t.sol', 'jug.sol', 'flap.t.sol']
2,['flip.sol', 'vat.sol', 'flop.t.sol', 'jug.sol', 'vat.t.sol']
2,['flip.sol', 'vat.sol', 'flop.t.sol', 'jug.sol', 'jug.t.sol']
2,['flip.sol', 'vat.sol', 'flop.t.sol', 'jug.sol', 'flap.sol']
2,['flip.sol', 'vat.sol', 'flop.t.sol', 'cat.sol', 'flap.t.sol']
2,['flip.sol', 'vat.sol', 'flop.t.sol', 'cat.sol', 'vat.t.sol']
2,['flip.sol', 'vat.sol', 'flop.t.sol', 'cat.sol', 'jug.t.sol']
2,['flip.sol', 'vat.sol', 'flop.t.sol', 'cat.sol', 'flap.sol']
2,['flip.sol', 'vat.sol', 'flop.t.sol', 'flap.t.sol', 'vat.t.sol']
2,['flip.sol', 'vat.sol', 'flop.t.sol', 'flap.t.sol', 'jug.t.sol']
2,['flip.sol', 'vat.sol', 'flop.t.sol', 'flap.t.sol', 'flap.sol']
2,['flip.sol', 'vat.sol', 'flop.t.sol', 'vat.t.sol', 'jug.t.sol']
2,['flip.sol', 'vat.sol', 'flop.t.sol', 'vat.t.sol', 'flap.sol']
3,['flip.sol', 'vat.sol', 'flop.t.sol', 'jug.t.sol', 'flap.sol']
2,['flip.sol', 'vat.sol', 'jug.sol', 'cat.sol', 'flap.t.sol']
2,['flip.sol', 'vat.sol', 'jug.sol', 'cat.sol', 'vat.t.sol']
2,['flip.sol', 'vat.sol', 'jug.sol', 'cat.sol', 'jug.t.sol']
2,['flip.sol', 'vat.sol', 'jug.sol', 'cat.sol', 'flap.sol']
2,['flip.sol', 'vat.sol', 'jug.sol', 'flap.t.sol', 'vat.t.sol']
2,['flip.sol', 'vat.sol', 'jug.sol', 'flap.t.sol', 'jug.t.sol']
2,['flip.sol', 'vat.sol', 'jug.sol', 'flap.t.sol', 'flap.sol']
2,['flip.sol', 'vat.sol', 'jug.sol', 'vat.t.sol', 'jug.t.sol']
2,['flip.sol', 'vat.sol', 'jug.sol', 'vat.t.sol', 'flap.sol']
3,['flip.sol', 'vat.sol', 'jug.sol', 'jug.t.sol', 'flap.sol']
2,['flip.sol', 'vat.sol', 'cat.sol', 'flap.t.sol', 'vat.t.sol']
2,['flip.sol', 'vat.sol', 'cat.sol', 'flap.t.sol', 'jug.t.sol']
2,['flip.sol', 'vat.sol', 'cat.sol', 'flap.t.sol', 'flap.sol']
2,['flip.sol', 'vat.sol', 'cat.sol', 'vat.t.sol', 'jug.t.sol']
2,['flip.sol', 'vat.sol', 'cat.sol', 'vat.t.sol', 'flap.sol']
2,['flip.sol', 'vat.sol', 'cat.sol', 'jug.t.sol', 'flap.sol']
2,['flip.sol', 'vat.sol', 'flap.t.sol', 'vat.t.sol', 'jug.t.sol']
2,['flip.sol', 'vat.sol', 'flap.t.sol', 'vat.t.sol', 'flap.sol']
3,['flip.sol', 'vat.sol', 'flap.t.sol', 'jug.t.sol', 'flap.sol']
2,['flip.sol', 'vat.sol', 'vat.t.sol', 'jug.t.sol', 'flap.sol']
2,['flip.sol', 'flop.t.sol', 'jug.sol', 'cat.sol', 'flap.t.sol']
2,['flip.sol', 'flop.t.sol', 'jug.sol', 'cat.sol', 'vat.t.sol']
2,['flip.sol', 'flop.t.sol', 'jug.sol', 'cat.sol', 'jug.t.sol']
3,['flip.sol', 'flop.t.sol', 'jug.sol', 'cat.sol', 'flap.sol']
3,['flip.sol', 'flop.t.sol', 'jug.sol', 'flap.t.sol', 'vat.t.sol']
3,['flip.sol', 'flop.t.sol', 'jug.sol', 'flap.t.sol', 'jug.t.sol']
3,['flip.sol', 'flop.t.sol', 'jug.sol', 'flap.t.sol', 'flap.sol']
2,['flip.sol', 'flop.t.sol', 'jug.sol', 'vat.t.sol', 'jug.t.sol']
2,['flip.sol', 'flop.t.sol', 'jug.sol', 'vat.t.sol', 'flap.sol']
2,['flip.sol', 'flop.t.sol', 'jug.sol', 'jug.t.sol', 'flap.sol']
2,['flip.sol', 'flop.t.sol', 'cat.sol', 'flap.t.sol', 'vat.t.sol']
2,['flip.sol', 'flop.t.sol', 'cat.sol', 'flap.t.sol', 'jug.t.sol']
2,['flip.sol', 'flop.t.sol', 'cat.sol', 'flap.t.sol', 'flap.sol']
2,['flip.sol', 'flop.t.sol', 'cat.sol', 'vat.t.sol', 'jug.t.sol']
2,['flip.sol', 'flop.t.sol', 'cat.sol', 'vat.t.sol', 'flap.sol']
2,['flip.sol', 'flop.t.sol', 'cat.sol', 'jug.t.sol', 'flap.sol']
2,['flip.sol', 'flop.t.sol', 'flap.t.sol', 'vat.t.sol', 'jug.t.sol']
3,['flip.sol', 'flop.t.sol', 'flap.t.sol', 'vat.t.sol', 'flap.sol']
3,['flip.sol', 'flop.t.sol', 'flap.t.sol', 'jug.t.sol', 'flap.sol']
2,['flip.sol', 'flop.t.sol', 'vat.t.sol', 'jug.t.sol', 'flap.sol']
2,['flip.sol', 'jug.sol', 'cat.sol', 'flap.t.sol', 'vat.t.sol']
2,['flip.sol', 'jug.sol', 'cat.sol', 'flap.t.sol', 'jug.t.sol']
3,['flip.sol', 'jug.sol', 'cat.sol', 'flap.t.sol', 'flap.sol']
1,['flip.sol', 'jug.sol', 'cat.sol', 'vat.t.sol', 'jug.t.sol']
2,['flip.sol', 'jug.sol', 'cat.sol', 'vat.t.sol', 'flap.sol']
2,['flip.sol', 'jug.sol', 'cat.sol', 'jug.t.sol', 'flap.sol']
2,['flip.sol', 'jug.sol', 'flap.t.sol', 'vat.t.sol', 'jug.t.sol']
2,['flip.sol', 'jug.sol', 'flap.t.sol', 'vat.t.sol', 'flap.sol']
2,['flip.sol', 'jug.sol', 'flap.t.sol', 'jug.t.sol', 'flap.sol']
2,['flip.sol', 'jug.sol', 'vat.t.sol', 'jug.t.sol', 'flap.sol']
2,['flip.sol', 'cat.sol', 'flap.t.sol', 'vat.t.sol', 'jug.t.sol']
2,['flip.sol', 'cat.sol', 'flap.t.sol', 'vat.t.sol', 'flap.sol']
2,['flip.sol', 'cat.sol', 'flap.t.sol', 'jug.t.sol', 'flap.sol']
2,['flip.sol', 'cat.sol', 'vat.t.sol', 'jug.t.sol', 'flap.sol']
2,['flip.sol', 'flap.t.sol', 'vat.t.sol', 'jug.t.sol', 'flap.sol']
2,['vow.sol', 'flip.t.sol', 'pit.sol', 'move.sol', 'vat.sol']
2,['vow.sol', 'flip.t.sol', 'pit.sol', 'move.sol', 'flop.t.sol']
2,['vow.sol', 'flip.t.sol', 'pit.sol', 'move.sol', 'jug.sol']
2,['vow.sol', 'flip.t.sol', 'pit.sol', 'move.sol', 'cat.sol']
2,['vow.sol', 'flip.t.sol', 'pit.sol', 'move.sol', 'flap.t.sol']
2,['vow.sol', 'flip.t.sol', 'pit.sol', 'move.sol', 'vat.t.sol']
2,['vow.sol', 'flip.t.sol', 'pit.sol', 'move.sol', 'jug.t.sol']
2,['vow.sol', 'flip.t.sol', 'pit.sol', 'move.sol', 'flap.sol']
2,['vow.sol', 'flip.t.sol', 'pit.sol', 'vat.sol', 'flop.t.sol']
2,['vow.sol', 'flip.t.sol', 'pit.sol', 'vat.sol', 'jug.sol']
2,['vow.sol', 'flip.t.sol', 'pit.sol', 'vat.sol', 'cat.sol']
2,['vow.sol', 'flip.t.sol', 'pit.sol', 'vat.sol', 'flap.t.sol']
2,['vow.sol', 'flip.t.sol', 'pit.sol', 'vat.sol', 'vat.t.sol']
2,['vow.sol', 'flip.t.sol', 'pit.sol', 'vat.sol', 'jug.t.sol']
2,['vow.sol', 'flip.t.sol', 'pit.sol', 'vat.sol', 'flap.sol']
2,['vow.sol', 'flip.t.sol', 'pit.sol', 'flop.t.sol', 'jug.sol']
2,['vow.sol', 'flip.t.sol', 'pit.sol', 'flop.t.sol', 'cat.sol']
3,['vow.sol', 'flip.t.sol', 'pit.sol', 'flop.t.sol', 'flap.t.sol']
3,['vow.sol', 'flip.t.sol', 'pit.sol', 'flop.t.sol', 'vat.t.sol']
2,['vow.sol', 'flip.t.sol', 'pit.sol', 'flop.t.sol', 'jug.t.sol']
3,['vow.sol', 'flip.t.sol', 'pit.sol', 'flop.t.sol', 'flap.sol']
2,['vow.sol', 'flip.t.sol', 'pit.sol', 'jug.sol', 'cat.sol']
3,['vow.sol', 'flip.t.sol', 'pit.sol', 'jug.sol', 'flap.t.sol']
2,['vow.sol', 'flip.t.sol', 'pit.sol', 'jug.sol', 'vat.t.sol']
2,['vow.sol', 'flip.t.sol', 'pit.sol', 'jug.sol', 'jug.t.sol']
2,['vow.sol', 'flip.t.sol', 'pit.sol', 'jug.sol', 'flap.sol']
2,['vow.sol', 'flip.t.sol', 'pit.sol', 'cat.sol', 'flap.t.sol']
2,['vow.sol', 'flip.t.sol', 'pit.sol', 'cat.sol', 'vat.t.sol']
2,['vow.sol', 'flip.t.sol', 'pit.sol', 'cat.sol', 'jug.t.sol']
2,['vow.sol', 'flip.t.sol', 'pit.sol', 'cat.sol', 'flap.sol']
3,['vow.sol', 'flip.t.sol', 'pit.sol', 'flap.t.sol', 'vat.t.sol']
2,['vow.sol', 'flip.t.sol', 'pit.sol', 'flap.t.sol', 'jug.t.sol']
3,['vow.sol', 'flip.t.sol', 'pit.sol', 'flap.t.sol', 'flap.sol']
1,['vow.sol', 'flip.t.sol', 'pit.sol', 'vat.t.sol', 'jug.t.sol']
3,['vow.sol', 'flip.t.sol', 'pit.sol', 'vat.t.sol', 'flap.sol']
2,['vow.sol', 'flip.t.sol', 'pit.sol', 'jug.t.sol', 'flap.sol']
2,['vow.sol', 'flip.t.sol', 'move.sol', 'vat.sol', 'flop.t.sol']
2,['vow.sol', 'flip.t.sol', 'move.sol', 'vat.sol', 'jug.sol']
2,['vow.sol', 'flip.t.sol', 'move.sol', 'vat.sol', 'cat.sol']
2,['vow.sol', 'flip.t.sol', 'move.sol', 'vat.sol', 'flap.t.sol']
2,['vow.sol', 'flip.t.sol', 'move.sol', 'vat.sol', 'vat.t.sol']
2,['vow.sol', 'flip.t.sol', 'move.sol', 'vat.sol', 'jug.t.sol']
2,['vow.sol', 'flip.t.sol', 'move.sol', 'vat.sol', 'flap.sol']
3,['vow.sol', 'flip.t.sol', 'move.sol', 'flop.t.sol', 'jug.sol']
2,['vow.sol', 'flip.t.sol', 'move.sol', 'flop.t.sol', 'cat.sol']
3,['vow.sol', 'flip.t.sol', 'move.sol', 'flop.t.sol', 'flap.t.sol']
3,['vow.sol', 'flip.t.sol', 'move.sol', 'flop.t.sol', 'vat.t.sol']
3,['vow.sol', 'flip.t.sol', 'move.sol', 'flop.t.sol', 'jug.t.sol']
3,['vow.sol', 'flip.t.sol', 'move.sol', 'flop.t.sol', 'flap.sol']
2,['vow.sol', 'flip.t.sol', 'move.sol', 'jug.sol', 'cat.sol']
3,['vow.sol', 'flip.t.sol', 'move.sol', 'jug.sol', 'flap.t.sol']
3,['vow.sol', 'flip.t.sol', 'move.sol', 'jug.sol', 'vat.t.sol']
2,['vow.sol', 'flip.t.sol', 'move.sol', 'jug.sol', 'jug.t.sol']
2,['vow.sol', 'flip.t.sol', 'move.sol', 'jug.sol', 'flap.sol']
2,['vow.sol', 'flip.t.sol', 'move.sol', 'cat.sol', 'flap.t.sol']
2,['vow.sol', 'flip.t.sol', 'move.sol', 'cat.sol', 'vat.t.sol']
2,['vow.sol', 'flip.t.sol', 'move.sol', 'cat.sol', 'jug.t.sol']
2,['vow.sol', 'flip.t.sol', 'move.sol', 'cat.sol', 'flap.sol']
3,['vow.sol', 'flip.t.sol', 'move.sol', 'flap.t.sol', 'vat.t.sol']
2,['vow.sol', 'flip.t.sol', 'move.sol', 'flap.t.sol', 'jug.t.sol']
3,['vow.sol', 'flip.t.sol', 'move.sol', 'flap.t.sol', 'flap.sol']
2,['vow.sol', 'flip.t.sol', 'move.sol', 'vat.t.sol', 'jug.t.sol']
3,['vow.sol', 'flip.t.sol', 'move.sol', 'vat.t.sol', 'flap.sol']
2,['vow.sol', 'flip.t.sol', 'move.sol', 'jug.t.sol', 'flap.sol']
2,['vow.sol', 'flip.t.sol', 'vat.sol', 'flop.t.sol', 'jug.sol']
2,['vow.sol', 'flip.t.sol', 'vat.sol', 'flop.t.sol', 'cat.sol']
3,['vow.sol', 'flip.t.sol', 'vat.sol', 'flop.t.sol', 'flap.t.sol']
3,['vow.sol', 'flip.t.sol', 'vat.sol', 'flop.t.sol', 'vat.t.sol']
2,['vow.sol', 'flip.t.sol', 'vat.sol', 'flop.t.sol', 'jug.t.sol']
2,['vow.sol', 'flip.t.sol', 'vat.sol', 'flop.t.sol', 'flap.sol']
2,['vow.sol', 'flip.t.sol', 'vat.sol', 'jug.sol', 'cat.sol']
2,['vow.sol', 'flip.t.sol', 'vat.sol', 'jug.sol', 'flap.t.sol']
2,['vow.sol', 'flip.t.sol', 'vat.sol', 'jug.sol', 'vat.t.sol']
2,['vow.sol', 'flip.t.sol', 'vat.sol', 'jug.sol', 'jug.t.sol']
2,['vow.sol', 'flip.t.sol', 'vat.sol', 'jug.sol', 'flap.sol']
2,['vow.sol', 'flip.t.sol', 'vat.sol', 'cat.sol', 'flap.t.sol']
2,['vow.sol', 'flip.t.sol', 'vat.sol', 'cat.sol', 'vat.t.sol']
2,['vow.sol', 'flip.t.sol', 'vat.sol', 'cat.sol', 'jug.t.sol']
2,['vow.sol', 'flip.t.sol', 'vat.sol', 'cat.sol', 'flap.sol']
3,['vow.sol', 'flip.t.sol', 'vat.sol', 'flap.t.sol', 'vat.t.sol']
2,['vow.sol', 'flip.t.sol', 'vat.sol', 'flap.t.sol', 'jug.t.sol']
2,['vow.sol', 'flip.t.sol', 'vat.sol', 'flap.t.sol', 'flap.sol']
1,['vow.sol', 'flip.t.sol', 'vat.sol', 'vat.t.sol', 'jug.t.sol']
2,['vow.sol', 'flip.t.sol', 'vat.sol', 'vat.t.sol', 'flap.sol']
2,['vow.sol', 'flip.t.sol', 'vat.sol', 'jug.t.sol', 'flap.sol']
2,['vow.sol', 'flip.t.sol', 'flop.t.sol', 'jug.sol', 'cat.sol']
3,['vow.sol', 'flip.t.sol', 'flop.t.sol', 'jug.sol', 'flap.t.sol']
3,['vow.sol', 'flip.t.sol', 'flop.t.sol', 'jug.sol', 'vat.t.sol']
2,['vow.sol', 'flip.t.sol', 'flop.t.sol', 'jug.sol', 'jug.t.sol']
2,['vow.sol', 'flip.t.sol', 'flop.t.sol', 'jug.sol', 'flap.sol']
3,['vow.sol', 'flip.t.sol', 'flop.t.sol', 'cat.sol', 'flap.t.sol']
3,['vow.sol', 'flip.t.sol', 'flop.t.sol', 'cat.sol', 'vat.t.sol']
2,['vow.sol', 'flip.t.sol', 'flop.t.sol', 'cat.sol', 'jug.t.sol']
2,['vow.sol', 'flip.t.sol', 'flop.t.sol', 'cat.sol', 'flap.sol']
3,['vow.sol', 'flip.t.sol', 'flop.t.sol', 'flap.t.sol', 'vat.t.sol']
2,['vow.sol', 'flip.t.sol', 'flop.t.sol', 'flap.t.sol', 'jug.t.sol']
3,['vow.sol', 'flip.t.sol', 'flop.t.sol', 'flap.t.sol', 'flap.sol']
2,['vow.sol', 'flip.t.sol', 'flop.t.sol', 'vat.t.sol', 'jug.t.sol']
3,['vow.sol', 'flip.t.sol', 'flop.t.sol', 'vat.t.sol', 'flap.sol']
2,['vow.sol', 'flip.t.sol', 'flop.t.sol', 'jug.t.sol', 'flap.sol']
2,['vow.sol', 'flip.t.sol', 'jug.sol', 'cat.sol', 'flap.t.sol']
2,['vow.sol', 'flip.t.sol', 'jug.sol', 'cat.sol', 'vat.t.sol']
2,['vow.sol', 'flip.t.sol', 'jug.sol', 'cat.sol', 'jug.t.sol']
2,['vow.sol', 'flip.t.sol', 'jug.sol', 'cat.sol', 'flap.sol']
3,['vow.sol', 'flip.t.sol', 'jug.sol', 'flap.t.sol', 'vat.t.sol']
2,['vow.sol', 'flip.t.sol', 'jug.sol', 'flap.t.sol', 'jug.t.sol']
2,['vow.sol', 'flip.t.sol', 'jug.sol', 'flap.t.sol', 'flap.sol']
2,['vow.sol', 'flip.t.sol', 'jug.sol', 'vat.t.sol', 'jug.t.sol']
2,['vow.sol', 'flip.t.sol', 'jug.sol', 'vat.t.sol', 'flap.sol']
2,['vow.sol', 'flip.t.sol', 'jug.sol', 'jug.t.sol', 'flap.sol']
3,['vow.sol', 'flip.t.sol', 'cat.sol', 'flap.t.sol', 'vat.t.sol']
1,['vow.sol', 'flip.t.sol', 'cat.sol', 'flap.t.sol', 'jug.t.sol']
2,['vow.sol', 'flip.t.sol', 'cat.sol', 'flap.t.sol', 'flap.sol']
1,['vow.sol', 'flip.t.sol', 'cat.sol', 'vat.t.sol', 'jug.t.sol']
2,['vow.sol', 'flip.t.sol', 'cat.sol', 'vat.t.sol', 'flap.sol']
2,['vow.sol', 'flip.t.sol', 'cat.sol', 'jug.t.sol', 'flap.sol']
2,['vow.sol', 'flip.t.sol', 'flap.t.sol', 'vat.t.sol', 'jug.t.sol']
3,['vow.sol', 'flip.t.sol', 'flap.t.sol', 'vat.t.sol', 'flap.sol']
2,['vow.sol', 'flip.t.sol', 'flap.t.sol', 'jug.t.sol', 'flap.sol']
2,['vow.sol', 'flip.t.sol', 'vat.t.sol', 'jug.t.sol', 'flap.sol']
3,['vow.sol', 'pit.sol', 'move.sol', 'vat.sol', 'flop.t.sol']
3,['vow.sol', 'pit.sol', 'move.sol', 'vat.sol', 'jug.sol']
3,['vow.sol', 'pit.sol', 'move.sol', 'vat.sol', 'cat.sol']
3,['vow.sol', 'pit.sol', 'move.sol', 'vat.sol', 'flap.t.sol']
2,['vow.sol', 'pit.sol', 'move.sol', 'vat.sol', 'vat.t.sol']
2,['vow.sol', 'pit.sol', 'move.sol', 'vat.sol', 'jug.t.sol']
2,['vow.sol', 'pit.sol', 'move.sol', 'vat.sol', 'flap.sol']
3,['vow.sol', 'pit.sol', 'move.sol', 'flop.t.sol', 'jug.sol']
3,['vow.sol', 'pit.sol', 'move.sol', 'flop.t.sol', 'cat.sol']
2,['vow.sol', 'pit.sol', 'move.sol', 'flop.t.sol', 'flap.t.sol']
2,['vow.sol', 'pit.sol', 'move.sol', 'flop.t.sol', 'vat.t.sol']
3,['vow.sol', 'pit.sol', 'move.sol', 'flop.t.sol', 'jug.t.sol']
2,['vow.sol', 'pit.sol', 'move.sol', 'flop.t.sol', 'flap.sol']
3,['vow.sol', 'pit.sol', 'move.sol', 'jug.sol', 'cat.sol']
3,['vow.sol', 'pit.sol', 'move.sol', 'jug.sol', 'flap.t.sol']
2,['vow.sol', 'pit.sol', 'move.sol', 'jug.sol', 'vat.t.sol']
2,['vow.sol', 'pit.sol', 'move.sol', 'jug.sol', 'jug.t.sol']
2,['vow.sol', 'pit.sol', 'move.sol', 'jug.sol', 'flap.sol']
3,['vow.sol', 'pit.sol', 'move.sol', 'cat.sol', 'flap.t.sol']
2,['vow.sol', 'pit.sol', 'move.sol', 'cat.sol', 'vat.t.sol']
2,['vow.sol', 'pit.sol', 'move.sol', 'cat.sol', 'jug.t.sol']
2,['vow.sol', 'pit.sol', 'move.sol', 'cat.sol', 'flap.sol']
2,['vow.sol', 'pit.sol', 'move.sol', 'flap.t.sol', 'vat.t.sol']
3,['vow.sol', 'pit.sol', 'move.sol', 'flap.t.sol', 'jug.t.sol']
2,['vow.sol', 'pit.sol', 'move.sol', 'flap.t.sol', 'flap.sol']
2,['vow.sol', 'pit.sol', 'move.sol', 'vat.t.sol', 'jug.t.sol']
2,['vow.sol', 'pit.sol', 'move.sol', 'vat.t.sol', 'flap.sol']
3,['vow.sol', 'pit.sol', 'move.sol', 'jug.t.sol', 'flap.sol']
3,['vow.sol', 'pit.sol', 'vat.sol', 'flop.t.sol', 'jug.sol']
2,['vow.sol', 'pit.sol', 'vat.sol', 'flop.t.sol', 'cat.sol']
2,['vow.sol', 'pit.sol', 'vat.sol', 'flop.t.sol', 'flap.t.sol']
2,['vow.sol', 'pit.sol', 'vat.sol', 'flop.t.sol', 'vat.t.sol']
2,['vow.sol', 'pit.sol', 'vat.sol', 'flop.t.sol', 'jug.t.sol']
2,['vow.sol', 'pit.sol', 'vat.sol', 'flop.t.sol', 'flap.sol']
3,['vow.sol', 'pit.sol', 'vat.sol', 'jug.sol', 'cat.sol']
2,['vow.sol', 'pit.sol', 'vat.sol', 'jug.sol', 'flap.t.sol']
2,['vow.sol', 'pit.sol', 'vat.sol', 'jug.sol', 'vat.t.sol']
2,['vow.sol', 'pit.sol', 'vat.sol', 'jug.sol', 'jug.t.sol']
2,['vow.sol', 'pit.sol', 'vat.sol', 'jug.sol', 'flap.sol']
2,['vow.sol', 'pit.sol', 'vat.sol', 'cat.sol', 'flap.t.sol']
2,['vow.sol', 'pit.sol', 'vat.sol', 'cat.sol', 'vat.t.sol']
2,['vow.sol', 'pit.sol', 'vat.sol', 'cat.sol', 'jug.t.sol']
2,['vow.sol', 'pit.sol', 'vat.sol', 'cat.sol', 'flap.sol']
2,['vow.sol', 'pit.sol', 'vat.sol', 'flap.t.sol', 'vat.t.sol']
2,['vow.sol', 'pit.sol', 'vat.sol', 'flap.t.sol', 'jug.t.sol']
2,['vow.sol', 'pit.sol', 'vat.sol', 'flap.t.sol', 'flap.sol']
1,['vow.sol', 'pit.sol', 'vat.sol', 'vat.t.sol', 'jug.t.sol']
2,['vow.sol', 'pit.sol', 'vat.sol', 'vat.t.sol', 'flap.sol']
2,['vow.sol', 'pit.sol', 'vat.sol', 'jug.t.sol', 'flap.sol']
3,['vow.sol', 'pit.sol', 'flop.t.sol', 'jug.sol', 'cat.sol']
2,['vow.sol', 'pit.sol', 'flop.t.sol', 'jug.sol', 'flap.t.sol']
2,['vow.sol', 'pit.sol', 'flop.t.sol', 'jug.sol', 'vat.t.sol']
2,['vow.sol', 'pit.sol', 'flop.t.sol', 'jug.sol', 'jug.t.sol']
2,['vow.sol', 'pit.sol', 'flop.t.sol', 'jug.sol', 'flap.sol']
2,['vow.sol', 'pit.sol', 'flop.t.sol', 'cat.sol', 'flap.t.sol']
2,['vow.sol', 'pit.sol', 'flop.t.sol', 'cat.sol', 'vat.t.sol']
2,['vow.sol', 'pit.sol', 'flop.t.sol', 'cat.sol', 'jug.t.sol']
2,['vow.sol', 'pit.sol', 'flop.t.sol', 'cat.sol', 'flap.sol']
3,['vow.sol', 'pit.sol', 'flop.t.sol', 'flap.t.sol', 'vat.t.sol']
2,['vow.sol', 'pit.sol', 'flop.t.sol', 'flap.t.sol', 'jug.t.sol']
2,['vow.sol', 'pit.sol', 'flop.t.sol', 'flap.t.sol', 'flap.sol']
2,['vow.sol', 'pit.sol', 'flop.t.sol', 'vat.t.sol', 'jug.t.sol']
2,['vow.sol', 'pit.sol', 'flop.t.sol', 'vat.t.sol', 'flap.sol']
3,['vow.sol', 'pit.sol', 'flop.t.sol', 'jug.t.sol', 'flap.sol']
3,['vow.sol', 'pit.sol', 'jug.sol', 'cat.sol', 'flap.t.sol']
2,['vow.sol', 'pit.sol', 'jug.sol', 'cat.sol', 'vat.t.sol']
2,['vow.sol', 'pit.sol', 'jug.sol', 'cat.sol', 'jug.t.sol']
2,['vow.sol', 'pit.sol', 'jug.sol', 'cat.sol', 'flap.sol']
2,['vow.sol', 'pit.sol', 'jug.sol', 'flap.t.sol', 'vat.t.sol']
2,['vow.sol', 'pit.sol', 'jug.sol', 'flap.t.sol', 'jug.t.sol']
2,['vow.sol', 'pit.sol', 'jug.sol', 'flap.t.sol', 'flap.sol']
1,['vow.sol', 'pit.sol', 'jug.sol', 'vat.t.sol', 'jug.t.sol']
2,['vow.sol', 'pit.sol', 'jug.sol', 'vat.t.sol', 'flap.sol']
3,['vow.sol', 'pit.sol', 'jug.sol', 'jug.t.sol', 'flap.sol']
2,['vow.sol', 'pit.sol', 'cat.sol', 'flap.t.sol', 'vat.t.sol']
2,['vow.sol', 'pit.sol', 'cat.sol', 'flap.t.sol', 'jug.t.sol']
2,['vow.sol', 'pit.sol', 'cat.sol', 'flap.t.sol', 'flap.sol']
1,['vow.sol', 'pit.sol', 'cat.sol', 'vat.t.sol', 'jug.t.sol']
1,['vow.sol', 'pit.sol', 'cat.sol', 'vat.t.sol', 'flap.sol']
2,['vow.sol', 'pit.sol', 'cat.sol', 'jug.t.sol', 'flap.sol']
2,['vow.sol', 'pit.sol', 'flap.t.sol', 'vat.t.sol', 'jug.t.sol']
2,['vow.sol', 'pit.sol', 'flap.t.sol', 'vat.t.sol', 'flap.sol']
2,['vow.sol', 'pit.sol', 'flap.t.sol', 'jug.t.sol', 'flap.sol']
2,['vow.sol', 'pit.sol', 'vat.t.sol', 'jug.t.sol', 'flap.sol']
3,['vow.sol', 'move.sol', 'vat.sol', 'flop.t.sol', 'jug.sol']
3,['vow.sol', 'move.sol', 'vat.sol', 'flop.t.sol', 'cat.sol']
2,['vow.sol', 'move.sol', 'vat.sol', 'flop.t.sol', 'flap.t.sol']
2,['vow.sol', 'move.sol', 'vat.sol', 'flop.t.sol', 'vat.t.sol']
2,['vow.sol', 'move.sol', 'vat.sol', 'flop.t.sol', 'jug.t.sol']
2,['vow.sol', 'move.sol', 'vat.sol', 'flop.t.sol', 'flap.sol']
3,['vow.sol', 'move.sol', 'vat.sol', 'jug.sol', 'cat.sol']
3,['vow.sol', 'move.sol', 'vat.sol', 'jug.sol', 'flap.t.sol']
2,['vow.sol', 'move.sol', 'vat.sol', 'jug.sol', 'vat.t.sol']
2,['vow.sol', 'move.sol', 'vat.sol', 'jug.sol', 'jug.t.sol']
2,['vow.sol', 'move.sol', 'vat.sol', 'jug.sol', 'flap.sol']
2,['vow.sol', 'move.sol', 'vat.sol', 'cat.sol', 'flap.t.sol']
2,['vow.sol', 'move.sol', 'vat.sol', 'cat.sol', 'vat.t.sol']
2,['vow.sol', 'move.sol', 'vat.sol', 'cat.sol', 'jug.t.sol']
2,['vow.sol', 'move.sol', 'vat.sol', 'cat.sol', 'flap.sol']
2,['vow.sol', 'move.sol', 'vat.sol', 'flap.t.sol', 'vat.t.sol']
2,['vow.sol', 'move.sol', 'vat.sol', 'flap.t.sol', 'jug.t.sol']
2,['vow.sol', 'move.sol', 'vat.sol', 'flap.t.sol', 'flap.sol']
2,['vow.sol', 'move.sol', 'vat.sol', 'vat.t.sol', 'jug.t.sol']
3,['vow.sol', 'move.sol', 'vat.sol', 'vat.t.sol', 'flap.sol']
2,['vow.sol', 'move.sol', 'vat.sol', 'jug.t.sol', 'flap.sol']
3,['vow.sol', 'move.sol', 'flop.t.sol', 'jug.sol', 'cat.sol']
2,['vow.sol', 'move.sol', 'flop.t.sol', 'jug.sol', 'flap.t.sol']
2,['vow.sol', 'move.sol', 'flop.t.sol', 'jug.sol', 'vat.t.sol']
3,['vow.sol', 'move.sol', 'flop.t.sol', 'jug.sol', 'jug.t.sol']
2,['vow.sol', 'move.sol', 'flop.t.sol', 'jug.sol', 'flap.sol']
2,['vow.sol', 'move.sol', 'flop.t.sol', 'cat.sol', 'flap.t.sol']
2,['vow.sol', 'move.sol', 'flop.t.sol', 'cat.sol', 'vat.t.sol']
2,['vow.sol', 'move.sol', 'flop.t.sol', 'cat.sol', 'jug.t.sol']
2,['vow.sol', 'move.sol', 'flop.t.sol', 'cat.sol', 'flap.sol']
3,['vow.sol', 'move.sol', 'flop.t.sol', 'flap.t.sol', 'vat.t.sol']
3,['vow.sol', 'move.sol', 'flop.t.sol', 'flap.t.sol', 'jug.t.sol']
2,['vow.sol', 'move.sol', 'flop.t.sol', 'flap.t.sol', 'flap.sol']
2,['vow.sol', 'move.sol', 'flop.t.sol', 'vat.t.sol', 'jug.t.sol']
2,['vow.sol', 'move.sol', 'flop.t.sol', 'vat.t.sol', 'flap.sol']
2,['vow.sol', 'move.sol', 'flop.t.sol', 'jug.t.sol', 'flap.sol']
3,['vow.sol', 'move.sol', 'jug.sol', 'cat.sol', 'flap.t.sol']
2,['vow.sol', 'move.sol', 'jug.sol', 'cat.sol', 'vat.t.sol']
2,['vow.sol', 'move.sol', 'jug.sol', 'cat.sol', 'jug.t.sol']
2,['vow.sol', 'move.sol', 'jug.sol', 'cat.sol', 'flap.sol']
2,['vow.sol', 'move.sol', 'jug.sol', 'flap.t.sol', 'vat.t.sol']
3,['vow.sol', 'move.sol', 'jug.sol', 'flap.t.sol', 'jug.t.sol']
2,['vow.sol', 'move.sol', 'jug.sol', 'flap.t.sol', 'flap.sol']
2,['vow.sol', 'move.sol', 'jug.sol', 'vat.t.sol', 'jug.t.sol']
2,['vow.sol', 'move.sol', 'jug.sol', 'vat.t.sol', 'flap.sol']
2,['vow.sol', 'move.sol', 'jug.sol', 'jug.t.sol', 'flap.sol']
2,['vow.sol', 'move.sol', 'cat.sol', 'flap.t.sol', 'vat.t.sol']
2,['vow.sol', 'move.sol', 'cat.sol', 'flap.t.sol', 'jug.t.sol']
2,['vow.sol', 'move.sol', 'cat.sol', 'flap.t.sol', 'flap.sol']
1,['vow.sol', 'move.sol', 'cat.sol', 'vat.t.sol', 'jug.t.sol']
2,['vow.sol', 'move.sol', 'cat.sol', 'vat.t.sol', 'flap.sol']
2,['vow.sol', 'move.sol', 'cat.sol', 'jug.t.sol', 'flap.sol']
2,['vow.sol', 'move.sol', 'flap.t.sol', 'vat.t.sol', 'jug.t.sol']
2,['vow.sol', 'move.sol', 'flap.t.sol', 'vat.t.sol', 'flap.sol']
2,['vow.sol', 'move.sol', 'flap.t.sol', 'jug.t.sol', 'flap.sol']
2,['vow.sol', 'move.sol', 'vat.t.sol', 'jug.t.sol', 'flap.sol']
2,['vow.sol', 'vat.sol', 'flop.t.sol', 'jug.sol', 'cat.sol']
2,['vow.sol', 'vat.sol', 'flop.t.sol', 'jug.sol', 'flap.t.sol']
2,['vow.sol', 'vat.sol', 'flop.t.sol', 'jug.sol', 'vat.t.sol']
2,['vow.sol', 'vat.sol', 'flop.t.sol', 'jug.sol', 'jug.t.sol']
2,['vow.sol', 'vat.sol', 'flop.t.sol', 'jug.sol', 'flap.sol']
2,['vow.sol', 'vat.sol', 'flop.t.sol', 'cat.sol', 'flap.t.sol']
2,['vow.sol', 'vat.sol', 'flop.t.sol', 'cat.sol', 'vat.t.sol']
2,['vow.sol', 'vat.sol', 'flop.t.sol', 'cat.sol', 'jug.t.sol']
2,['vow.sol', 'vat.sol', 'flop.t.sol', 'cat.sol', 'flap.sol']
3,['vow.sol', 'vat.sol', 'flop.t.sol', 'flap.t.sol', 'vat.t.sol']
2,['vow.sol', 'vat.sol', 'flop.t.sol', 'flap.t.sol', 'jug.t.sol']
2,['vow.sol', 'vat.sol', 'flop.t.sol', 'flap.t.sol', 'flap.sol']
1,['vow.sol', 'vat.sol', 'flop.t.sol', 'vat.t.sol', 'jug.t.sol']
2,['vow.sol', 'vat.sol', 'flop.t.sol', 'vat.t.sol', 'flap.sol']
2,['vow.sol', 'vat.sol', 'flop.t.sol', 'jug.t.sol', 'flap.sol']
2,['vow.sol', 'vat.sol', 'jug.sol', 'cat.sol', 'flap.t.sol']
2,['vow.sol', 'vat.sol', 'jug.sol', 'cat.sol', 'vat.t.sol']
2,['vow.sol', 'vat.sol', 'jug.sol', 'cat.sol', 'jug.t.sol']
2,['vow.sol', 'vat.sol', 'jug.sol', 'cat.sol', 'flap.sol']
2,['vow.sol', 'vat.sol', 'jug.sol', 'flap.t.sol', 'vat.t.sol']
2,['vow.sol', 'vat.sol', 'jug.sol', 'flap.t.sol', 'jug.t.sol']
2,['vow.sol', 'vat.sol', 'jug.sol', 'flap.t.sol', 'flap.sol']
1,['vow.sol', 'vat.sol', 'jug.sol', 'vat.t.sol', 'jug.t.sol']
2,['vow.sol', 'vat.sol', 'jug.sol', 'vat.t.sol', 'flap.sol']
2,['vow.sol', 'vat.sol', 'jug.sol', 'jug.t.sol', 'flap.sol']
2,['vow.sol', 'vat.sol', 'cat.sol', 'flap.t.sol', 'vat.t.sol']
2,['vow.sol', 'vat.sol', 'cat.sol', 'flap.t.sol', 'jug.t.sol']
2,['vow.sol', 'vat.sol', 'cat.sol', 'flap.t.sol', 'flap.sol']
1,['vow.sol', 'vat.sol', 'cat.sol', 'vat.t.sol', 'jug.t.sol']
1,['vow.sol', 'vat.sol', 'cat.sol', 'vat.t.sol', 'flap.sol']
2,['vow.sol', 'vat.sol', 'cat.sol', 'jug.t.sol', 'flap.sol']
1,['vow.sol', 'vat.sol', 'flap.t.sol', 'vat.t.sol', 'jug.t.sol']
2,['vow.sol', 'vat.sol', 'flap.t.sol', 'vat.t.sol', 'flap.sol']
2,['vow.sol', 'vat.sol', 'flap.t.sol', 'jug.t.sol', 'flap.sol']
1,['vow.sol', 'vat.sol', 'vat.t.sol', 'jug.t.sol', 'flap.sol']
2,['vow.sol', 'flop.t.sol', 'jug.sol', 'cat.sol', 'flap.t.sol']
2,['vow.sol', 'flop.t.sol', 'jug.sol', 'cat.sol', 'vat.t.sol']
2,['vow.sol', 'flop.t.sol', 'jug.sol', 'cat.sol', 'jug.t.sol']
2,['vow.sol', 'flop.t.sol', 'jug.sol', 'cat.sol', 'flap.sol']
3,['vow.sol', 'flop.t.sol', 'jug.sol', 'flap.t.sol', 'vat.t.sol']
3,['vow.sol', 'flop.t.sol', 'jug.sol', 'flap.t.sol', 'jug.t.sol']
3,['vow.sol', 'flop.t.sol', 'jug.sol', 'flap.t.sol', 'flap.sol']
2,['vow.sol', 'flop.t.sol', 'jug.sol', 'vat.t.sol', 'jug.t.sol']
2,['vow.sol', 'flop.t.sol', 'jug.sol', 'vat.t.sol', 'flap.sol']
2,['vow.sol', 'flop.t.sol', 'jug.sol', 'jug.t.sol', 'flap.sol']
3,['vow.sol', 'flop.t.sol', 'cat.sol', 'flap.t.sol', 'vat.t.sol']
2,['vow.sol', 'flop.t.sol', 'cat.sol', 'flap.t.sol', 'jug.t.sol']
2,['vow.sol', 'flop.t.sol', 'cat.sol', 'flap.t.sol', 'flap.sol']
2,['vow.sol', 'flop.t.sol', 'cat.sol', 'vat.t.sol', 'jug.t.sol']
2,['vow.sol', 'flop.t.sol', 'cat.sol', 'vat.t.sol', 'flap.sol']
2,['vow.sol', 'flop.t.sol', 'cat.sol', 'jug.t.sol', 'flap.sol']
2,['vow.sol', 'flop.t.sol', 'flap.t.sol', 'vat.t.sol', 'jug.t.sol']
2,['vow.sol', 'flop.t.sol', 'flap.t.sol', 'vat.t.sol', 'flap.sol']
2,['vow.sol', 'flop.t.sol', 'flap.t.sol', 'jug.t.sol', 'flap.sol']
2,['vow.sol', 'flop.t.sol', 'vat.t.sol', 'jug.t.sol', 'flap.sol']
2,['vow.sol', 'jug.sol', 'cat.sol', 'flap.t.sol', 'vat.t.sol']
2,['vow.sol', 'jug.sol', 'cat.sol', 'flap.t.sol', 'jug.t.sol']
2,['vow.sol', 'jug.sol', 'cat.sol', 'flap.t.sol', 'flap.sol']
1,['vow.sol', 'jug.sol', 'cat.sol', 'vat.t.sol', 'jug.t.sol']
2,['vow.sol', 'jug.sol', 'cat.sol', 'vat.t.sol', 'flap.sol']
2,['vow.sol', 'jug.sol', 'cat.sol', 'jug.t.sol', 'flap.sol']
2,['vow.sol', 'jug.sol', 'flap.t.sol', 'vat.t.sol', 'jug.t.sol']
2,['vow.sol', 'jug.sol', 'flap.t.sol', 'vat.t.sol', 'flap.sol']
2,['vow.sol', 'jug.sol', 'flap.t.sol', 'jug.t.sol', 'flap.sol']
2,['vow.sol', 'jug.sol', 'vat.t.sol', 'jug.t.sol', 'flap.sol']
2,['vow.sol', 'cat.sol', 'flap.t.sol', 'vat.t.sol', 'jug.t.sol']
2,['vow.sol', 'cat.sol', 'flap.t.sol', 'vat.t.sol', 'flap.sol']
2,['vow.sol', 'cat.sol', 'flap.t.sol', 'jug.t.sol', 'flap.sol']
1,['vow.sol', 'cat.sol', 'vat.t.sol', 'jug.t.sol', 'flap.sol']
2,['vow.sol', 'flap.t.sol', 'vat.t.sol', 'jug.t.sol', 'flap.sol']
2,['flip.t.sol', 'pit.sol', 'move.sol', 'vat.sol', 'flop.t.sol']
2,['flip.t.sol', 'pit.sol', 'move.sol', 'vat.sol', 'jug.sol']
2,['flip.t.sol', 'pit.sol', 'move.sol', 'vat.sol', 'cat.sol']
2,['flip.t.sol', 'pit.sol', 'move.sol', 'vat.sol', 'flap.t.sol']
2,['flip.t.sol', 'pit.sol', 'move.sol', 'vat.sol', 'vat.t.sol']
2,['flip.t.sol', 'pit.sol', 'move.sol', 'vat.sol', 'jug.t.sol']
2,['flip.t.sol', 'pit.sol', 'move.sol', 'vat.sol', 'flap.sol']
2,['flip.t.sol', 'pit.sol', 'move.sol', 'flop.t.sol', 'jug.sol']
3,['flip.t.sol', 'pit.sol', 'move.sol', 'flop.t.sol', 'cat.sol']
4,['flip.t.sol', 'pit.sol', 'move.sol', 'flop.t.sol', 'flap.t.sol']
3,['flip.t.sol', 'pit.sol', 'move.sol', 'flop.t.sol', 'vat.t.sol']
3,['flip.t.sol', 'pit.sol', 'move.sol', 'flop.t.sol', 'jug.t.sol']
2,['flip.t.sol', 'pit.sol', 'move.sol', 'flop.t.sol', 'flap.sol']
3,['flip.t.sol', 'pit.sol', 'move.sol', 'jug.sol', 'cat.sol']
2,['flip.t.sol', 'pit.sol', 'move.sol', 'jug.sol', 'flap.t.sol']
2,['flip.t.sol', 'pit.sol', 'move.sol', 'jug.sol', 'vat.t.sol']
3,['flip.t.sol', 'pit.sol', 'move.sol', 'jug.sol', 'jug.t.sol']
2,['flip.t.sol', 'pit.sol', 'move.sol', 'jug.sol', 'flap.sol']
3,['flip.t.sol', 'pit.sol', 'move.sol', 'cat.sol', 'flap.t.sol']
2,['flip.t.sol', 'pit.sol', 'move.sol', 'cat.sol', 'vat.t.sol']
3,['flip.t.sol', 'pit.sol', 'move.sol', 'cat.sol', 'jug.t.sol']
2,['flip.t.sol', 'pit.sol', 'move.sol', 'cat.sol', 'flap.sol']
3,['flip.t.sol', 'pit.sol', 'move.sol', 'flap.t.sol', 'vat.t.sol']
3,['flip.t.sol', 'pit.sol', 'move.sol', 'flap.t.sol', 'jug.t.sol']
2,['flip.t.sol', 'pit.sol', 'move.sol', 'flap.t.sol', 'flap.sol']
2,['flip.t.sol', 'pit.sol', 'move.sol', 'vat.t.sol', 'jug.t.sol']
2,['flip.t.sol', 'pit.sol', 'move.sol', 'vat.t.sol', 'flap.sol']
3,['flip.t.sol', 'pit.sol', 'move.sol', 'jug.t.sol', 'flap.sol']
2,['flip.t.sol', 'pit.sol', 'vat.sol', 'flop.t.sol', 'jug.sol']
2,['flip.t.sol', 'pit.sol', 'vat.sol', 'flop.t.sol', 'cat.sol']
2,['flip.t.sol', 'pit.sol', 'vat.sol', 'flop.t.sol', 'flap.t.sol']
2,['flip.t.sol', 'pit.sol', 'vat.sol', 'flop.t.sol', 'vat.t.sol']
2,['flip.t.sol', 'pit.sol', 'vat.sol', 'flop.t.sol', 'jug.t.sol']
2,['flip.t.sol', 'pit.sol', 'vat.sol', 'flop.t.sol', 'flap.sol']
2,['flip.t.sol', 'pit.sol', 'vat.sol', 'jug.sol', 'cat.sol']
2,['flip.t.sol', 'pit.sol', 'vat.sol', 'jug.sol', 'flap.t.sol']
2,['flip.t.sol', 'pit.sol', 'vat.sol', 'jug.sol', 'vat.t.sol']
2,['flip.t.sol', 'pit.sol', 'vat.sol', 'jug.sol', 'jug.t.sol']
2,['flip.t.sol', 'pit.sol', 'vat.sol', 'jug.sol', 'flap.sol']
2,['flip.t.sol', 'pit.sol', 'vat.sol', 'cat.sol', 'flap.t.sol']
2,['flip.t.sol', 'pit.sol', 'vat.sol', 'cat.sol', 'vat.t.sol']
2,['flip.t.sol', 'pit.sol', 'vat.sol', 'cat.sol', 'jug.t.sol']
2,['flip.t.sol', 'pit.sol', 'vat.sol', 'cat.sol', 'flap.sol']
2,['flip.t.sol', 'pit.sol', 'vat.sol', 'flap.t.sol', 'vat.t.sol']
2,['flip.t.sol', 'pit.sol', 'vat.sol', 'flap.t.sol', 'jug.t.sol']
2,['flip.t.sol', 'pit.sol', 'vat.sol', 'flap.t.sol', 'flap.sol']
2,['flip.t.sol', 'pit.sol', 'vat.sol', 'vat.t.sol', 'jug.t.sol']
2,['flip.t.sol', 'pit.sol', 'vat.sol', 'vat.t.sol', 'flap.sol']
2,['flip.t.sol', 'pit.sol', 'vat.sol', 'jug.t.sol', 'flap.sol']
2,['flip.t.sol', 'pit.sol', 'flop.t.sol', 'jug.sol', 'cat.sol']
3,['flip.t.sol', 'pit.sol', 'flop.t.sol', 'jug.sol', 'flap.t.sol']
3,['flip.t.sol', 'pit.sol', 'flop.t.sol', 'jug.sol', 'vat.t.sol']
3,['flip.t.sol', 'pit.sol', 'flop.t.sol', 'jug.sol', 'jug.t.sol']
2,['flip.t.sol', 'pit.sol', 'flop.t.sol', 'jug.sol', 'flap.sol']
2,['flip.t.sol', 'pit.sol', 'flop.t.sol', 'cat.sol', 'flap.t.sol']
2,['flip.t.sol', 'pit.sol', 'flop.t.sol', 'cat.sol', 'vat.t.sol']
2,['flip.t.sol', 'pit.sol', 'flop.t.sol', 'cat.sol', 'jug.t.sol']
2,['flip.t.sol', 'pit.sol', 'flop.t.sol', 'cat.sol', 'flap.sol']
2,['flip.t.sol', 'pit.sol', 'flop.t.sol', 'flap.t.sol', 'vat.t.sol']
3,['flip.t.sol', 'pit.sol', 'flop.t.sol', 'flap.t.sol', 'jug.t.sol']
3,['flip.t.sol', 'pit.sol', 'flop.t.sol', 'flap.t.sol', 'flap.sol']
2,['flip.t.sol', 'pit.sol', 'flop.t.sol', 'vat.t.sol', 'jug.t.sol']
3,['flip.t.sol', 'pit.sol', 'flop.t.sol', 'vat.t.sol', 'flap.sol']
2,['flip.t.sol', 'pit.sol', 'flop.t.sol', 'jug.t.sol', 'flap.sol']
2,['flip.t.sol', 'pit.sol', 'jug.sol', 'cat.sol', 'flap.t.sol']
2,['flip.t.sol', 'pit.sol', 'jug.sol', 'cat.sol', 'vat.t.sol']
2,['flip.t.sol', 'pit.sol', 'jug.sol', 'cat.sol', 'jug.t.sol']
2,['flip.t.sol', 'pit.sol', 'jug.sol', 'cat.sol', 'flap.sol']
3,['flip.t.sol', 'pit.sol', 'jug.sol', 'flap.t.sol', 'vat.t.sol']
2,['flip.t.sol', 'pit.sol', 'jug.sol', 'flap.t.sol', 'jug.t.sol']
2,['flip.t.sol', 'pit.sol', 'jug.sol', 'flap.t.sol', 'flap.sol']
2,['flip.t.sol', 'pit.sol', 'jug.sol', 'vat.t.sol', 'jug.t.sol']
2,['flip.t.sol', 'pit.sol', 'jug.sol', 'vat.t.sol', 'flap.sol']
2,['flip.t.sol', 'pit.sol', 'jug.sol', 'jug.t.sol', 'flap.sol']
2,['flip.t.sol', 'pit.sol', 'cat.sol', 'flap.t.sol', 'vat.t.sol']
2,['flip.t.sol', 'pit.sol', 'cat.sol', 'flap.t.sol', 'jug.t.sol']
2,['flip.t.sol', 'pit.sol', 'cat.sol', 'flap.t.sol', 'flap.sol']
2,['flip.t.sol', 'pit.sol', 'cat.sol', 'vat.t.sol', 'jug.t.sol']
2,['flip.t.sol', 'pit.sol', 'cat.sol', 'vat.t.sol', 'flap.sol']
2,['flip.t.sol', 'pit.sol', 'cat.sol', 'jug.t.sol', 'flap.sol']
2,['flip.t.sol', 'pit.sol', 'flap.t.sol', 'vat.t.sol', 'jug.t.sol']
3,['flip.t.sol', 'pit.sol', 'flap.t.sol', 'vat.t.sol', 'flap.sol']
2,['flip.t.sol', 'pit.sol', 'flap.t.sol', 'jug.t.sol', 'flap.sol']
2,['flip.t.sol', 'pit.sol', 'vat.t.sol', 'jug.t.sol', 'flap.sol']
2,['flip.t.sol', 'move.sol', 'vat.sol', 'flop.t.sol', 'jug.sol']
2,['flip.t.sol', 'move.sol', 'vat.sol', 'flop.t.sol', 'cat.sol']
4,['flip.t.sol', 'move.sol', 'vat.sol', 'flop.t.sol', 'flap.t.sol']
3,['flip.t.sol', 'move.sol', 'vat.sol', 'flop.t.sol', 'vat.t.sol']
2,['flip.t.sol', 'move.sol', 'vat.sol', 'flop.t.sol', 'jug.t.sol']
2,['flip.t.sol', 'move.sol', 'vat.sol', 'flop.t.sol', 'flap.sol']
2,['flip.t.sol', 'move.sol', 'vat.sol', 'jug.sol', 'cat.sol']
2,['flip.t.sol', 'move.sol', 'vat.sol', 'jug.sol', 'flap.t.sol']
2,['flip.t.sol', 'move.sol', 'vat.sol', 'jug.sol', 'vat.t.sol']
2,['flip.t.sol', 'move.sol', 'vat.sol', 'jug.sol', 'jug.t.sol']
2,['flip.t.sol', 'move.sol', 'vat.sol', 'jug.sol', 'flap.sol']
2,['flip.t.sol', 'move.sol', 'vat.sol', 'cat.sol', 'flap.t.sol']
2,['flip.t.sol', 'move.sol', 'vat.sol', 'cat.sol', 'vat.t.sol']
2,['flip.t.sol', 'move.sol', 'vat.sol', 'cat.sol', 'jug.t.sol']
2,['flip.t.sol', 'move.sol', 'vat.sol', 'cat.sol', 'flap.sol']
3,['flip.t.sol', 'move.sol', 'vat.sol', 'flap.t.sol', 'vat.t.sol']
2,['flip.t.sol', 'move.sol', 'vat.sol', 'flap.t.sol', 'jug.t.sol']
2,['flip.t.sol', 'move.sol', 'vat.sol', 'flap.t.sol', 'flap.sol']
2,['flip.t.sol', 'move.sol', 'vat.sol', 'vat.t.sol', 'jug.t.sol']
2,['flip.t.sol', 'move.sol', 'vat.sol', 'vat.t.sol', 'flap.sol']
2,['flip.t.sol', 'move.sol', 'vat.sol', 'jug.t.sol', 'flap.sol']
2,['flip.t.sol', 'move.sol', 'flop.t.sol', 'jug.sol', 'cat.sol']
3,['flip.t.sol', 'move.sol', 'flop.t.sol', 'jug.sol', 'flap.t.sol']
3,['flip.t.sol', 'move.sol', 'flop.t.sol', 'jug.sol', 'vat.t.sol']
3,['flip.t.sol', 'move.sol', 'flop.t.sol', 'jug.sol', 'jug.t.sol']
3,['flip.t.sol', 'move.sol', 'flop.t.sol', 'jug.sol', 'flap.sol']
4,['flip.t.sol', 'move.sol', 'flop.t.sol', 'cat.sol', 'flap.t.sol']
3,['flip.t.sol', 'move.sol', 'flop.t.sol', 'cat.sol', 'vat.t.sol']
3,['flip.t.sol', 'move.sol', 'flop.t.sol', 'cat.sol', 'jug.t.sol']
2,['flip.t.sol', 'move.sol', 'flop.t.sol', 'cat.sol', 'flap.sol']
1,['flip.t.sol', 'move.sol', 'flop.t.sol', 'flap.t.sol', 'vat.t.sol']
2,['flip.t.sol', 'move.sol', 'flop.t.sol', 'flap.t.sol', 'jug.t.sol']
3,['flip.t.sol', 'move.sol', 'flop.t.sol', 'flap.t.sol', 'flap.sol']
1,['flip.t.sol', 'move.sol', 'flop.t.sol', 'vat.t.sol', 'jug.t.sol']
2,['flip.t.sol', 'move.sol', 'flop.t.sol', 'vat.t.sol', 'flap.sol']
3,['flip.t.sol', 'move.sol', 'flop.t.sol', 'jug.t.sol', 'flap.sol']
2,['flip.t.sol', 'move.sol', 'jug.sol', 'cat.sol', 'flap.t.sol']
2,['flip.t.sol', 'move.sol', 'jug.sol', 'cat.sol', 'vat.t.sol']
2,['flip.t.sol', 'move.sol', 'jug.sol', 'cat.sol', 'jug.t.sol']
2,['flip.t.sol', 'move.sol', 'jug.sol', 'cat.sol', 'flap.sol']
3,['flip.t.sol', 'move.sol', 'jug.sol', 'flap.t.sol', 'vat.t.sol']
3,['flip.t.sol', 'move.sol', 'jug.sol', 'flap.t.sol', 'jug.t.sol']
3,['flip.t.sol', 'move.sol', 'jug.sol', 'flap.t.sol', 'flap.sol']
3,['flip.t.sol', 'move.sol', 'jug.sol', 'vat.t.sol', 'jug.t.sol']
3,['flip.t.sol', 'move.sol', 'jug.sol', 'vat.t.sol', 'flap.sol']
3,['flip.t.sol', 'move.sol', 'jug.sol', 'jug.t.sol', 'flap.sol']
3,['flip.t.sol', 'move.sol', 'cat.sol', 'flap.t.sol', 'vat.t.sol']
3,['flip.t.sol', 'move.sol', 'cat.sol', 'flap.t.sol', 'jug.t.sol']
2,['flip.t.sol', 'move.sol', 'cat.sol', 'flap.t.sol', 'flap.sol']
3,['flip.t.sol', 'move.sol', 'cat.sol', 'vat.t.sol', 'jug.t.sol']
3,['flip.t.sol', 'move.sol', 'cat.sol', 'vat.t.sol', 'flap.sol']
3,['flip.t.sol', 'move.sol', 'cat.sol', 'jug.t.sol', 'flap.sol']
1,['flip.t.sol', 'move.sol', 'flap.t.sol', 'vat.t.sol', 'jug.t.sol']
2,['flip.t.sol', 'move.sol', 'flap.t.sol', 'vat.t.sol', 'flap.sol']
3,['flip.t.sol', 'move.sol', 'flap.t.sol', 'jug.t.sol', 'flap.sol']
2,['flip.t.sol', 'move.sol', 'vat.t.sol', 'jug.t.sol', 'flap.sol']
2,['flip.t.sol', 'vat.sol', 'flop.t.sol', 'jug.sol', 'cat.sol']
3,['flip.t.sol', 'vat.sol', 'flop.t.sol', 'jug.sol', 'flap.t.sol']
3,['flip.t.sol', 'vat.sol', 'flop.t.sol', 'jug.sol', 'vat.t.sol']
2,['flip.t.sol', 'vat.sol', 'flop.t.sol', 'jug.sol', 'jug.t.sol']
2,['flip.t.sol', 'vat.sol', 'flop.t.sol', 'jug.sol', 'flap.sol']
2,['flip.t.sol', 'vat.sol', 'flop.t.sol', 'cat.sol', 'flap.t.sol']
2,['flip.t.sol', 'vat.sol', 'flop.t.sol', 'cat.sol', 'vat.t.sol']
2,['flip.t.sol', 'vat.sol', 'flop.t.sol', 'cat.sol', 'jug.t.sol']
2,['flip.t.sol', 'vat.sol', 'flop.t.sol', 'cat.sol', 'flap.sol']
3,['flip.t.sol', 'vat.sol', 'flop.t.sol', 'flap.t.sol', 'vat.t.sol']
3,['flip.t.sol', 'vat.sol', 'flop.t.sol', 'flap.t.sol', 'jug.t.sol']
3,['flip.t.sol', 'vat.sol', 'flop.t.sol', 'flap.t.sol', 'flap.sol']
3,['flip.t.sol', 'vat.sol', 'flop.t.sol', 'vat.t.sol', 'jug.t.sol']
3,['flip.t.sol', 'vat.sol', 'flop.t.sol', 'vat.t.sol', 'flap.sol']
2,['flip.t.sol', 'vat.sol', 'flop.t.sol', 'jug.t.sol', 'flap.sol']
2,['flip.t.sol', 'vat.sol', 'jug.sol', 'cat.sol', 'flap.t.sol']
2,['flip.t.sol', 'vat.sol', 'jug.sol', 'cat.sol', 'vat.t.sol']
2,['flip.t.sol', 'vat.sol', 'jug.sol', 'cat.sol', 'jug.t.sol']
2,['flip.t.sol', 'vat.sol', 'jug.sol', 'cat.sol', 'flap.sol']
3,['flip.t.sol', 'vat.sol', 'jug.sol', 'flap.t.sol', 'vat.t.sol']
2,['flip.t.sol', 'vat.sol', 'jug.sol', 'flap.t.sol', 'jug.t.sol']
2,['flip.t.sol', 'vat.sol', 'jug.sol', 'flap.t.sol', 'flap.sol']
2,['flip.t.sol', 'vat.sol', 'jug.sol', 'vat.t.sol', 'jug.t.sol']
2,['flip.t.sol', 'vat.sol', 'jug.sol', 'vat.t.sol', 'flap.sol']
2,['flip.t.sol', 'vat.sol', 'jug.sol', 'jug.t.sol', 'flap.sol']
2,['flip.t.sol', 'vat.sol', 'cat.sol', 'flap.t.sol', 'vat.t.sol']
2,['flip.t.sol', 'vat.sol', 'cat.sol', 'flap.t.sol', 'jug.t.sol']
2,['flip.t.sol', 'vat.sol', 'cat.sol', 'flap.t.sol', 'flap.sol']
2,['flip.t.sol', 'vat.sol', 'cat.sol', 'vat.t.sol', 'jug.t.sol']
2,['flip.t.sol', 'vat.sol', 'cat.sol', 'vat.t.sol', 'flap.sol']
2,['flip.t.sol', 'vat.sol', 'cat.sol', 'jug.t.sol', 'flap.sol']
3,['flip.t.sol', 'vat.sol', 'flap.t.sol', 'vat.t.sol', 'jug.t.sol']
3,['flip.t.sol', 'vat.sol', 'flap.t.sol', 'vat.t.sol', 'flap.sol']
2,['flip.t.sol', 'vat.sol', 'flap.t.sol', 'jug.t.sol', 'flap.sol']
2,['flip.t.sol', 'vat.sol', 'vat.t.sol', 'jug.t.sol', 'flap.sol']
3,['flip.t.sol', 'flop.t.sol', 'jug.sol', 'cat.sol', 'flap.t.sol']
3,['flip.t.sol', 'flop.t.sol', 'jug.sol', 'cat.sol', 'vat.t.sol']
2,['flip.t.sol', 'flop.t.sol', 'jug.sol', 'cat.sol', 'jug.t.sol']
2,['flip.t.sol', 'flop.t.sol', 'jug.sol', 'cat.sol', 'flap.sol']
3,['flip.t.sol', 'flop.t.sol', 'jug.sol', 'flap.t.sol', 'vat.t.sol']
3,['flip.t.sol', 'flop.t.sol', 'jug.sol', 'flap.t.sol', 'jug.t.sol']
3,['flip.t.sol', 'flop.t.sol', 'jug.sol', 'flap.t.sol', 'flap.sol']
3,['flip.t.sol', 'flop.t.sol', 'jug.sol', 'vat.t.sol', 'jug.t.sol']
3,['flip.t.sol', 'flop.t.sol', 'jug.sol', 'vat.t.sol', 'flap.sol']
3,['flip.t.sol', 'flop.t.sol', 'jug.sol', 'jug.t.sol', 'flap.sol']
3,['flip.t.sol', 'flop.t.sol', 'cat.sol', 'flap.t.sol', 'vat.t.sol']
3,['flip.t.sol', 'flop.t.sol', 'cat.sol', 'flap.t.sol', 'jug.t.sol']
3,['flip.t.sol', 'flop.t.sol', 'cat.sol', 'flap.t.sol', 'flap.sol']
3,['flip.t.sol', 'flop.t.sol', 'cat.sol', 'vat.t.sol', 'jug.t.sol']
3,['flip.t.sol', 'flop.t.sol', 'cat.sol', 'vat.t.sol', 'flap.sol']
2,['flip.t.sol', 'flop.t.sol', 'cat.sol', 'jug.t.sol', 'flap.sol']
1,['flip.t.sol', 'flop.t.sol', 'flap.t.sol', 'vat.t.sol', 'jug.t.sol']
2,['flip.t.sol', 'flop.t.sol', 'flap.t.sol', 'vat.t.sol', 'flap.sol']
3,['flip.t.sol', 'flop.t.sol', 'flap.t.sol', 'jug.t.sol', 'flap.sol']
2,['flip.t.sol', 'flop.t.sol', 'vat.t.sol', 'jug.t.sol', 'flap.sol']
3,['flip.t.sol', 'jug.sol', 'cat.sol', 'flap.t.sol', 'vat.t.sol']
2,['flip.t.sol', 'jug.sol', 'cat.sol', 'flap.t.sol', 'jug.t.sol']
2,['flip.t.sol', 'jug.sol', 'cat.sol', 'flap.t.sol', 'flap.sol']
1,['flip.t.sol', 'jug.sol', 'cat.sol', 'vat.t.sol', 'jug.t.sol']
3,['flip.t.sol', 'jug.sol', 'cat.sol', 'vat.t.sol', 'flap.sol']
2,['flip.t.sol', 'jug.sol', 'cat.sol', 'jug.t.sol', 'flap.sol']
3,['flip.t.sol', 'jug.sol', 'flap.t.sol', 'vat.t.sol', 'jug.t.sol']
3,['flip.t.sol', 'jug.sol', 'flap.t.sol', 'vat.t.sol', 'flap.sol']
3,['flip.t.sol', 'jug.sol', 'flap.t.sol', 'jug.t.sol', 'flap.sol']
3,['flip.t.sol', 'jug.sol', 'vat.t.sol', 'jug.t.sol', 'flap.sol']
3,['flip.t.sol', 'cat.sol', 'flap.t.sol', 'vat.t.sol', 'jug.t.sol']
3,['flip.t.sol', 'cat.sol', 'flap.t.sol', 'vat.t.sol', 'flap.sol']
2,['flip.t.sol', 'cat.sol', 'flap.t.sol', 'jug.t.sol', 'flap.sol']
3,['flip.t.sol', 'cat.sol', 'vat.t.sol', 'jug.t.sol', 'flap.sol']
2,['flip.t.sol', 'flap.t.sol', 'vat.t.sol', 'jug.t.sol', 'flap.sol']
3,['pit.sol', 'move.sol', 'vat.sol', 'flop.t.sol', 'jug.sol']
2,['pit.sol', 'move.sol', 'vat.sol', 'flop.t.sol', 'cat.sol']
3,['pit.sol', 'move.sol', 'vat.sol', 'flop.t.sol', 'flap.t.sol']
3,['pit.sol', 'move.sol', 'vat.sol', 'flop.t.sol', 'vat.t.sol']
3,['pit.sol', 'move.sol', 'vat.sol', 'flop.t.sol', 'jug.t.sol']
3,['pit.sol', 'move.sol', 'vat.sol', 'flop.t.sol', 'flap.sol']
2,['pit.sol', 'move.sol', 'vat.sol', 'jug.sol', 'cat.sol']
2,['pit.sol', 'move.sol', 'vat.sol', 'jug.sol', 'flap.t.sol']
2,['pit.sol', 'move.sol', 'vat.sol', 'jug.sol', 'vat.t.sol']
2,['pit.sol', 'move.sol', 'vat.sol', 'jug.sol', 'jug.t.sol']
3,['pit.sol', 'move.sol', 'vat.sol', 'jug.sol', 'flap.sol']
2,['pit.sol', 'move.sol', 'vat.sol', 'cat.sol', 'flap.t.sol']
3,['pit.sol', 'move.sol', 'vat.sol', 'cat.sol', 'vat.t.sol']
2,['pit.sol', 'move.sol', 'vat.sol', 'cat.sol', 'jug.t.sol']
2,['pit.sol', 'move.sol', 'vat.sol', 'cat.sol', 'flap.sol']
3,['pit.sol', 'move.sol', 'vat.sol', 'flap.t.sol', 'vat.t.sol']
3,['pit.sol', 'move.sol', 'vat.sol', 'flap.t.sol', 'jug.t.sol']
2,['pit.sol', 'move.sol', 'vat.sol', 'flap.t.sol', 'flap.sol']
3,['pit.sol', 'move.sol', 'vat.sol', 'vat.t.sol', 'jug.t.sol']
2,['pit.sol', 'move.sol', 'vat.sol', 'vat.t.sol', 'flap.sol']
3,['pit.sol', 'move.sol', 'vat.sol', 'jug.t.sol', 'flap.sol']
3,['pit.sol', 'move.sol', 'flop.t.sol', 'jug.sol', 'cat.sol']
3,['pit.sol', 'move.sol', 'flop.t.sol', 'jug.sol', 'flap.t.sol']
3,['pit.sol', 'move.sol', 'flop.t.sol', 'jug.sol', 'vat.t.sol']
3,['pit.sol', 'move.sol', 'flop.t.sol', 'jug.sol', 'jug.t.sol']
3,['pit.sol', 'move.sol', 'flop.t.sol', 'jug.sol', 'flap.sol']
3,['pit.sol', 'move.sol', 'flop.t.sol', 'cat.sol', 'flap.t.sol']
3,['pit.sol', 'move.sol', 'flop.t.sol', 'cat.sol', 'vat.t.sol']
2,['pit.sol', 'move.sol', 'flop.t.sol', 'cat.sol', 'jug.t.sol']
3,['pit.sol', 'move.sol', 'flop.t.sol', 'cat.sol', 'flap.sol']
3,['pit.sol', 'move.sol', 'flop.t.sol', 'flap.t.sol', 'vat.t.sol']
3,['pit.sol', 'move.sol', 'flop.t.sol', 'flap.t.sol', 'jug.t.sol']
3,['pit.sol', 'move.sol', 'flop.t.sol', 'flap.t.sol', 'flap.sol']
2,['pit.sol', 'move.sol', 'flop.t.sol', 'vat.t.sol', 'jug.t.sol']
2,['pit.sol', 'move.sol', 'flop.t.sol', 'vat.t.sol', 'flap.sol']
3,['pit.sol', 'move.sol', 'flop.t.sol', 'jug.t.sol', 'flap.sol']
3,['pit.sol', 'move.sol', 'jug.sol', 'cat.sol', 'flap.t.sol']
3,['pit.sol', 'move.sol', 'jug.sol', 'cat.sol', 'vat.t.sol']
2,['pit.sol', 'move.sol', 'jug.sol', 'cat.sol', 'jug.t.sol']
2,['pit.sol', 'move.sol', 'jug.sol', 'cat.sol', 'flap.sol']
3,['pit.sol', 'move.sol', 'jug.sol', 'flap.t.sol', 'vat.t.sol']
3,['pit.sol', 'move.sol', 'jug.sol', 'flap.t.sol', 'jug.t.sol']
3,['pit.sol', 'move.sol', 'jug.sol', 'flap.t.sol', 'flap.sol']
2,['pit.sol', 'move.sol', 'jug.sol', 'vat.t.sol', 'jug.t.sol']
2,['pit.sol', 'move.sol', 'jug.sol', 'vat.t.sol', 'flap.sol']
3,['pit.sol', 'move.sol', 'jug.sol', 'jug.t.sol', 'flap.sol']
3,['pit.sol', 'move.sol', 'cat.sol', 'flap.t.sol', 'vat.t.sol']
3,['pit.sol', 'move.sol', 'cat.sol', 'flap.t.sol', 'jug.t.sol']
3,['pit.sol', 'move.sol', 'cat.sol', 'flap.t.sol', 'flap.sol']
2,['pit.sol', 'move.sol', 'cat.sol', 'vat.t.sol', 'jug.t.sol']
3,['pit.sol', 'move.sol', 'cat.sol', 'vat.t.sol', 'flap.sol']
3,['pit.sol', 'move.sol', 'cat.sol', 'jug.t.sol', 'flap.sol']
2,['pit.sol', 'move.sol', 'flap.t.sol', 'vat.t.sol', 'jug.t.sol']
2,['pit.sol', 'move.sol', 'flap.t.sol', 'vat.t.sol', 'flap.sol']
3,['pit.sol', 'move.sol', 'flap.t.sol', 'jug.t.sol', 'flap.sol']
2,['pit.sol', 'move.sol', 'vat.t.sol', 'jug.t.sol', 'flap.sol']
2,['pit.sol', 'vat.sol', 'flop.t.sol', 'jug.sol', 'cat.sol']
2,['pit.sol', 'vat.sol', 'flop.t.sol', 'jug.sol', 'flap.t.sol']
2,['pit.sol', 'vat.sol', 'flop.t.sol', 'jug.sol', 'vat.t.sol']
2,['pit.sol', 'vat.sol', 'flop.t.sol', 'jug.sol', 'jug.t.sol']
2,['pit.sol', 'vat.sol', 'flop.t.sol', 'jug.sol', 'flap.sol']
2,['pit.sol', 'vat.sol', 'flop.t.sol', 'cat.sol', 'flap.t.sol']
2,['pit.sol', 'vat.sol', 'flop.t.sol', 'cat.sol', 'vat.t.sol']
2,['pit.sol', 'vat.sol', 'flop.t.sol', 'cat.sol', 'jug.t.sol']
2,['pit.sol', 'vat.sol', 'flop.t.sol', 'cat.sol', 'flap.sol']
2,['pit.sol', 'vat.sol', 'flop.t.sol', 'flap.t.sol', 'vat.t.sol']
2,['pit.sol', 'vat.sol', 'flop.t.sol', 'flap.t.sol', 'jug.t.sol']
2,['pit.sol', 'vat.sol', 'flop.t.sol', 'flap.t.sol', 'flap.sol']
2,['pit.sol', 'vat.sol', 'flop.t.sol', 'vat.t.sol', 'jug.t.sol']
2,['pit.sol', 'vat.sol', 'flop.t.sol', 'vat.t.sol', 'flap.sol']
2,['pit.sol', 'vat.sol', 'flop.t.sol', 'jug.t.sol', 'flap.sol']
2,['pit.sol', 'vat.sol', 'jug.sol', 'cat.sol', 'flap.t.sol']
2,['pit.sol', 'vat.sol', 'jug.sol', 'cat.sol', 'vat.t.sol']
2,['pit.sol', 'vat.sol', 'jug.sol', 'cat.sol', 'jug.t.sol']
2,['pit.sol', 'vat.sol', 'jug.sol', 'cat.sol', 'flap.sol']
2,['pit.sol', 'vat.sol', 'jug.sol', 'flap.t.sol', 'vat.t.sol']
2,['pit.sol', 'vat.sol', 'jug.sol', 'flap.t.sol', 'jug.t.sol']
2,['pit.sol', 'vat.sol', 'jug.sol', 'flap.t.sol', 'flap.sol']
2,['pit.sol', 'vat.sol', 'jug.sol', 'vat.t.sol', 'jug.t.sol']
2,['pit.sol', 'vat.sol', 'jug.sol', 'vat.t.sol', 'flap.sol']
3,['pit.sol', 'vat.sol', 'jug.sol', 'jug.t.sol', 'flap.sol']
2,['pit.sol', 'vat.sol', 'cat.sol', 'flap.t.sol', 'vat.t.sol']
2,['pit.sol', 'vat.sol', 'cat.sol', 'flap.t.sol', 'jug.t.sol']
2,['pit.sol', 'vat.sol', 'cat.sol', 'flap.t.sol', 'flap.sol']
2,['pit.sol', 'vat.sol', 'cat.sol', 'vat.t.sol', 'jug.t.sol']
2,['pit.sol', 'vat.sol', 'cat.sol', 'vat.t.sol', 'flap.sol']
2,['pit.sol', 'vat.sol', 'cat.sol', 'jug.t.sol', 'flap.sol']
2,['pit.sol', 'vat.sol', 'flap.t.sol', 'vat.t.sol', 'jug.t.sol']
2,['pit.sol', 'vat.sol', 'flap.t.sol', 'vat.t.sol', 'flap.sol']
2,['pit.sol', 'vat.sol', 'flap.t.sol', 'jug.t.sol', 'flap.sol']
2,['pit.sol', 'vat.sol', 'vat.t.sol', 'jug.t.sol', 'flap.sol']
2,['pit.sol', 'flop.t.sol', 'jug.sol', 'cat.sol', 'flap.t.sol']
2,['pit.sol', 'flop.t.sol', 'jug.sol', 'cat.sol', 'vat.t.sol']
2,['pit.sol', 'flop.t.sol', 'jug.sol', 'cat.sol', 'jug.t.sol']
3,['pit.sol', 'flop.t.sol', 'jug.sol', 'cat.sol', 'flap.sol']
3,['pit.sol', 'flop.t.sol', 'jug.sol', 'flap.t.sol', 'vat.t.sol']
3,['pit.sol', 'flop.t.sol', 'jug.sol', 'flap.t.sol', 'jug.t.sol']
3,['pit.sol', 'flop.t.sol', 'jug.sol', 'flap.t.sol', 'flap.sol']
2,['pit.sol', 'flop.t.sol', 'jug.sol', 'vat.t.sol', 'jug.t.sol']
2,['pit.sol', 'flop.t.sol', 'jug.sol', 'vat.t.sol', 'flap.sol']
3,['pit.sol', 'flop.t.sol', 'jug.sol', 'jug.t.sol', 'flap.sol']
2,['pit.sol', 'flop.t.sol', 'cat.sol', 'flap.t.sol', 'vat.t.sol']
2,['pit.sol', 'flop.t.sol', 'cat.sol', 'flap.t.sol', 'jug.t.sol']
2,['pit.sol', 'flop.t.sol', 'cat.sol', 'flap.t.sol', 'flap.sol']
2,['pit.sol', 'flop.t.sol', 'cat.sol', 'vat.t.sol', 'jug.t.sol']
2,['pit.sol', 'flop.t.sol', 'cat.sol', 'vat.t.sol', 'flap.sol']
2,['pit.sol', 'flop.t.sol', 'cat.sol', 'jug.t.sol', 'flap.sol']
3,['pit.sol', 'flop.t.sol', 'flap.t.sol', 'vat.t.sol', 'jug.t.sol']
3,['pit.sol', 'flop.t.sol', 'flap.t.sol', 'vat.t.sol', 'flap.sol']
3,['pit.sol', 'flop.t.sol', 'flap.t.sol', 'jug.t.sol', 'flap.sol']
2,['pit.sol', 'flop.t.sol', 'vat.t.sol', 'jug.t.sol', 'flap.sol']
2,['pit.sol', 'jug.sol', 'cat.sol', 'flap.t.sol', 'vat.t.sol']
2,['pit.sol', 'jug.sol', 'cat.sol', 'flap.t.sol', 'jug.t.sol']
2,['pit.sol', 'jug.sol', 'cat.sol', 'flap.t.sol', 'flap.sol']
1,['pit.sol', 'jug.sol', 'cat.sol', 'vat.t.sol', 'jug.t.sol']
2,['pit.sol', 'jug.sol', 'cat.sol', 'vat.t.sol', 'flap.sol']
2,['pit.sol', 'jug.sol', 'cat.sol', 'jug.t.sol', 'flap.sol']
2,['pit.sol', 'jug.sol', 'flap.t.sol', 'vat.t.sol', 'jug.t.sol']
2,['pit.sol', 'jug.sol', 'flap.t.sol', 'vat.t.sol', 'flap.sol']
3,['pit.sol', 'jug.sol', 'flap.t.sol', 'jug.t.sol', 'flap.sol']
2,['pit.sol', 'jug.sol', 'vat.t.sol', 'jug.t.sol', 'flap.sol']
2,['pit.sol', 'cat.sol', 'flap.t.sol', 'vat.t.sol', 'jug.t.sol']
2,['pit.sol', 'cat.sol', 'flap.t.sol', 'vat.t.sol', 'flap.sol']
2,['pit.sol', 'cat.sol', 'flap.t.sol', 'jug.t.sol', 'flap.sol']
2,['pit.sol', 'cat.sol', 'vat.t.sol', 'jug.t.sol', 'flap.sol']
2,['pit.sol', 'flap.t.sol', 'vat.t.sol', 'jug.t.sol', 'flap.sol']
2,['move.sol', 'vat.sol', 'flop.t.sol', 'jug.sol', 'cat.sol']
3,['move.sol', 'vat.sol', 'flop.t.sol', 'jug.sol', 'flap.t.sol']
3,['move.sol', 'vat.sol', 'flop.t.sol', 'jug.sol', 'vat.t.sol']
3,['move.sol', 'vat.sol', 'flop.t.sol', 'jug.sol', 'jug.t.sol']
3,['move.sol', 'vat.sol', 'flop.t.sol', 'jug.sol', 'flap.sol']
3,['move.sol', 'vat.sol', 'flop.t.sol', 'cat.sol', 'flap.t.sol']
3,['move.sol', 'vat.sol', 'flop.t.sol', 'cat.sol', 'vat.t.sol']
2,['move.sol', 'vat.sol', 'flop.t.sol', 'cat.sol', 'jug.t.sol']
2,['move.sol', 'vat.sol', 'flop.t.sol', 'cat.sol', 'flap.sol']
3,['move.sol', 'vat.sol', 'flop.t.sol', 'flap.t.sol', 'vat.t.sol']
3,['move.sol', 'vat.sol', 'flop.t.sol', 'flap.t.sol', 'jug.t.sol']
2,['move.sol', 'vat.sol', 'flop.t.sol', 'flap.t.sol', 'flap.sol']
3,['move.sol', 'vat.sol', 'flop.t.sol', 'vat.t.sol', 'jug.t.sol']
3,['move.sol', 'vat.sol', 'flop.t.sol', 'vat.t.sol', 'flap.sol']
3,['move.sol', 'vat.sol', 'flop.t.sol', 'jug.t.sol', 'flap.sol']
2,['move.sol', 'vat.sol', 'jug.sol', 'cat.sol', 'flap.t.sol']
3,['move.sol', 'vat.sol', 'jug.sol', 'cat.sol', 'vat.t.sol']
2,['move.sol', 'vat.sol', 'jug.sol', 'cat.sol', 'jug.t.sol']
3,['move.sol', 'vat.sol', 'jug.sol', 'cat.sol', 'flap.sol']
3,['move.sol', 'vat.sol', 'jug.sol', 'flap.t.sol', 'vat.t.sol']
3,['move.sol', 'vat.sol', 'jug.sol', 'flap.t.sol', 'jug.t.sol']
2,['move.sol', 'vat.sol', 'jug.sol', 'flap.t.sol', 'flap.sol']
3,['move.sol', 'vat.sol', 'jug.sol', 'vat.t.sol', 'jug.t.sol']
2,['move.sol', 'vat.sol', 'jug.sol', 'vat.t.sol', 'flap.sol']
3,['move.sol', 'vat.sol', 'jug.sol', 'jug.t.sol', 'flap.sol']
3,['move.sol', 'vat.sol', 'cat.sol', 'flap.t.sol', 'vat.t.sol']
2,['move.sol', 'vat.sol', 'cat.sol', 'flap.t.sol', 'jug.t.sol']
2,['move.sol', 'vat.sol', 'cat.sol', 'flap.t.sol', 'flap.sol']
3,['move.sol', 'vat.sol', 'cat.sol', 'vat.t.sol', 'jug.t.sol']
3,['move.sol', 'vat.sol', 'cat.sol', 'vat.t.sol', 'flap.sol']
2,['move.sol', 'vat.sol', 'cat.sol', 'jug.t.sol', 'flap.sol']
3,['move.sol', 'vat.sol', 'flap.t.sol', 'vat.t.sol', 'jug.t.sol']
3,['move.sol', 'vat.sol', 'flap.t.sol', 'vat.t.sol', 'flap.sol']
3,['move.sol', 'vat.sol', 'flap.t.sol', 'jug.t.sol', 'flap.sol']
3,['move.sol', 'vat.sol', 'vat.t.sol', 'jug.t.sol', 'flap.sol']
3,['move.sol', 'flop.t.sol', 'jug.sol', 'cat.sol', 'flap.t.sol']
3,['move.sol', 'flop.t.sol', 'jug.sol', 'cat.sol', 'vat.t.sol']
3,['move.sol', 'flop.t.sol', 'jug.sol', 'cat.sol', 'jug.t.sol']
3,['move.sol', 'flop.t.sol', 'jug.sol', 'cat.sol', 'flap.sol']
3,['move.sol', 'flop.t.sol', 'jug.sol', 'flap.t.sol', 'vat.t.sol']
3,['move.sol', 'flop.t.sol', 'jug.sol', 'flap.t.sol', 'jug.t.sol']
3,['move.sol', 'flop.t.sol', 'jug.sol', 'flap.t.sol', 'flap.sol']
2,['move.sol', 'flop.t.sol', 'jug.sol', 'vat.t.sol', 'jug.t.sol']
3,['move.sol', 'flop.t.sol', 'jug.sol', 'vat.t.sol', 'flap.sol']
3,['move.sol', 'flop.t.sol', 'jug.sol', 'jug.t.sol', 'flap.sol']
3,['move.sol', 'flop.t.sol', 'cat.sol', 'flap.t.sol', 'vat.t.sol']
3,['move.sol', 'flop.t.sol', 'cat.sol', 'flap.t.sol', 'jug.t.sol']
2,['move.sol', 'flop.t.sol', 'cat.sol', 'flap.t.sol', 'flap.sol']
2,['move.sol', 'flop.t.sol', 'cat.sol', 'vat.t.sol', 'jug.t.sol']
3,['move.sol', 'flop.t.sol', 'cat.sol', 'vat.t.sol', 'flap.sol']
3,['move.sol', 'flop.t.sol', 'cat.sol', 'jug.t.sol', 'flap.sol']
1,['move.sol', 'flop.t.sol', 'flap.t.sol', 'vat.t.sol', 'jug.t.sol']
3,['move.sol', 'flop.t.sol', 'flap.t.sol', 'vat.t.sol', 'flap.sol']
3,['move.sol', 'flop.t.sol', 'flap.t.sol', 'jug.t.sol', 'flap.sol']
3,['move.sol', 'flop.t.sol', 'vat.t.sol', 'jug.t.sol', 'flap.sol']
3,['move.sol', 'jug.sol', 'cat.sol', 'flap.t.sol', 'vat.t.sol']
2,['move.sol', 'jug.sol', 'cat.sol', 'flap.t.sol', 'jug.t.sol']
3,['move.sol', 'jug.sol', 'cat.sol', 'flap.t.sol', 'flap.sol']
2,['move.sol', 'jug.sol', 'cat.sol', 'vat.t.sol', 'jug.t.sol']
3,['move.sol', 'jug.sol', 'cat.sol', 'vat.t.sol', 'flap.sol']
2,['move.sol', 'jug.sol', 'cat.sol', 'jug.t.sol', 'flap.sol']
3,['move.sol', 'jug.sol', 'flap.t.sol', 'vat.t.sol', 'jug.t.sol']
3,['move.sol', 'jug.sol', 'flap.t.sol', 'vat.t.sol', 'flap.sol']
3,['move.sol', 'jug.sol', 'flap.t.sol', 'jug.t.sol', 'flap.sol']
3,['move.sol', 'jug.sol', 'vat.t.sol', 'jug.t.sol', 'flap.sol']
2,['move.sol', 'cat.sol', 'flap.t.sol', 'vat.t.sol', 'jug.t.sol']
3,['move.sol', 'cat.sol', 'flap.t.sol', 'vat.t.sol', 'flap.sol']
3,['move.sol', 'cat.sol', 'flap.t.sol', 'jug.t.sol', 'flap.sol']
3,['move.sol', 'cat.sol', 'vat.t.sol', 'jug.t.sol', 'flap.sol']
3,['move.sol', 'flap.t.sol', 'vat.t.sol', 'jug.t.sol', 'flap.sol']
2,['vat.sol', 'flop.t.sol', 'jug.sol', 'cat.sol', 'flap.t.sol']
2,['vat.sol', 'flop.t.sol', 'jug.sol', 'cat.sol', 'vat.t.sol']
2,['vat.sol', 'flop.t.sol', 'jug.sol', 'cat.sol', 'jug.t.sol']
2,['vat.sol', 'flop.t.sol', 'jug.sol', 'cat.sol', 'flap.sol']
3,['vat.sol', 'flop.t.sol', 'jug.sol', 'flap.t.sol', 'vat.t.sol']
2,['vat.sol', 'flop.t.sol', 'jug.sol', 'flap.t.sol', 'jug.t.sol']
2,['vat.sol', 'flop.t.sol', 'jug.sol', 'flap.t.sol', 'flap.sol']
2,['vat.sol', 'flop.t.sol', 'jug.sol', 'vat.t.sol', 'jug.t.sol']
2,['vat.sol', 'flop.t.sol', 'jug.sol', 'vat.t.sol', 'flap.sol']
2,['vat.sol', 'flop.t.sol', 'jug.sol', 'jug.t.sol', 'flap.sol']
2,['vat.sol', 'flop.t.sol', 'cat.sol', 'flap.t.sol', 'vat.t.sol']
2,['vat.sol', 'flop.t.sol', 'cat.sol', 'flap.t.sol', 'jug.t.sol']
2,['vat.sol', 'flop.t.sol', 'cat.sol', 'flap.t.sol', 'flap.sol']
2,['vat.sol', 'flop.t.sol', 'cat.sol', 'vat.t.sol', 'jug.t.sol']
2,['vat.sol', 'flop.t.sol', 'cat.sol', 'vat.t.sol', 'flap.sol']
2,['vat.sol', 'flop.t.sol', 'cat.sol', 'jug.t.sol', 'flap.sol']
3,['vat.sol', 'flop.t.sol', 'flap.t.sol', 'vat.t.sol', 'jug.t.sol']
3,['vat.sol', 'flop.t.sol', 'flap.t.sol', 'vat.t.sol', 'flap.sol']
2,['vat.sol', 'flop.t.sol', 'flap.t.sol', 'jug.t.sol', 'flap.sol']
2,['vat.sol', 'flop.t.sol', 'vat.t.sol', 'jug.t.sol', 'flap.sol']
2,['vat.sol', 'jug.sol', 'cat.sol', 'flap.t.sol', 'vat.t.sol']
2,['vat.sol', 'jug.sol', 'cat.sol', 'flap.t.sol', 'jug.t.sol']
2,['vat.sol', 'jug.sol', 'cat.sol', 'flap.t.sol', 'flap.sol']
1,['vat.sol', 'jug.sol', 'cat.sol', 'vat.t.sol', 'jug.t.sol']
2,['vat.sol', 'jug.sol', 'cat.sol', 'vat.t.sol', 'flap.sol']
2,['vat.sol', 'jug.sol', 'cat.sol', 'jug.t.sol', 'flap.sol']
2,['vat.sol', 'jug.sol', 'flap.t.sol', 'vat.t.sol', 'jug.t.sol']
2,['vat.sol', 'jug.sol', 'flap.t.sol', 'vat.t.sol', 'flap.sol']
2,['vat.sol', 'jug.sol', 'flap.t.sol', 'jug.t.sol', 'flap.sol']
2,['vat.sol', 'jug.sol', 'vat.t.sol', 'jug.t.sol', 'flap.sol']
2,['vat.sol', 'cat.sol', 'flap.t.sol', 'vat.t.sol', 'jug.t.sol']
2,['vat.sol', 'cat.sol', 'flap.t.sol', 'vat.t.sol', 'flap.sol']
2,['vat.sol', 'cat.sol', 'flap.t.sol', 'jug.t.sol', 'flap.sol']
2,['vat.sol', 'cat.sol', 'vat.t.sol', 'jug.t.sol', 'flap.sol']
2,['vat.sol', 'flap.t.sol', 'vat.t.sol', 'jug.t.sol', 'flap.sol']
3,['flop.t.sol', 'jug.sol', 'cat.sol', 'flap.t.sol', 'vat.t.sol']
2,['flop.t.sol', 'jug.sol', 'cat.sol', 'flap.t.sol', 'jug.t.sol']
3,['flop.t.sol', 'jug.sol', 'cat.sol', 'flap.t.sol', 'flap.sol']
2,['flop.t.sol', 'jug.sol', 'cat.sol', 'vat.t.sol', 'jug.t.sol']
2,['flop.t.sol', 'jug.sol', 'cat.sol', 'vat.t.sol', 'flap.sol']
2,['flop.t.sol', 'jug.sol', 'cat.sol', 'jug.t.sol', 'flap.sol']
2,['flop.t.sol', 'jug.sol', 'flap.t.sol', 'vat.t.sol', 'jug.t.sol']
2,['flop.t.sol', 'jug.sol', 'flap.t.sol', 'vat.t.sol', 'flap.sol']
3,['flop.t.sol', 'jug.sol', 'flap.t.sol', 'jug.t.sol', 'flap.sol']
2,['flop.t.sol', 'jug.sol', 'vat.t.sol', 'jug.t.sol', 'flap.sol']
2,['flop.t.sol', 'cat.sol', 'flap.t.sol', 'vat.t.sol', 'jug.t.sol']
3,['flop.t.sol', 'cat.sol', 'flap.t.sol', 'vat.t.sol', 'flap.sol']
2,['flop.t.sol', 'cat.sol', 'flap.t.sol', 'jug.t.sol', 'flap.sol']
2,['flop.t.sol', 'cat.sol', 'vat.t.sol', 'jug.t.sol', 'flap.sol']
2,['flop.t.sol', 'flap.t.sol', 'vat.t.sol', 'jug.t.sol', 'flap.sol']
2,['jug.sol', 'cat.sol', 'flap.t.sol', 'vat.t.sol', 'jug.t.sol']
2,['jug.sol', 'cat.sol', 'flap.t.sol', 'vat.t.sol', 'flap.sol']
2,['jug.sol', 'cat.sol', 'flap.t.sol', 'jug.t.sol', 'flap.sol']
2,['jug.sol', 'cat.sol', 'vat.t.sol', 'jug.t.sol', 'flap.sol']
2,['jug.sol', 'flap.t.sol', 'vat.t.sol', 'jug.t.sol', 'flap.sol']
2,['cat.sol', 'flap.t.sol', 'vat.t.sol', 'jug.t.sol', 'flap.sol']
