similarity,combination
2,['flop.sol', 'join.sol', 'flip.sol', 'frob.sol', 'flip.t.sol', 'move.sol', 'flop.t.sol', 'flap.t.sol', 'heal.sol', 'drip.t.sol']
3,['flop.sol', 'join.sol', 'flip.sol', 'frob.sol', 'flip.t.sol', 'move.sol', 'flop.t.sol', 'flap.t.sol', 'heal.sol', 'heal.t.sol']
2,['flop.sol', 'join.sol', 'flip.sol', 'frob.sol', 'flip.t.sol', 'move.sol', 'flop.t.sol', 'flap.t.sol', 'heal.sol', 'flap.sol']
2,['flop.sol', 'join.sol', 'flip.sol', 'frob.sol', 'flip.t.sol', 'move.sol', 'flop.t.sol', 'flap.t.sol', 'heal.sol', 'drip.sol']
3,['flop.sol', 'join.sol', 'flip.sol', 'frob.sol', 'flip.t.sol', 'move.sol', 'flop.t.sol', 'flap.t.sol', 'heal.sol', 'frob.t.sol']
1,['flop.sol', 'join.sol', 'flip.sol', 'frob.sol', 'flip.t.sol', 'move.sol', 'flop.t.sol', 'flap.t.sol', 'heal.sol', 'tune.sol']
2,['flop.sol', 'join.sol', 'flip.sol', 'frob.sol', 'flip.t.sol', 'move.sol', 'flop.t.sol', 'flap.t.sol', 'heal.sol', 'bite.sol']
2,['flop.sol', 'join.sol', 'flip.sol', 'frob.sol', 'flip.t.sol', 'move.sol', 'flop.t.sol', 'flap.t.sol', 'drip.t.sol', 'heal.t.sol']
2,['flop.sol', 'join.sol', 'flip.sol', 'frob.sol', 'flip.t.sol', 'move.sol', 'flop.t.sol', 'flap.t.sol', 'drip.t.sol', 'flap.sol']
2,['flop.sol', 'join.sol', 'flip.sol', 'frob.sol', 'flip.t.sol', 'move.sol', 'flop.t.sol', 'flap.t.sol', 'drip.t.sol', 'drip.sol']
2,['flop.sol', 'join.sol', 'flip.sol', 'frob.sol', 'flip.t.sol', 'move.sol', 'flop.t.sol', 'flap.t.sol', 'drip.t.sol', 'frob.t.sol']
1,['flop.sol', 'join.sol', 'flip.sol', 'frob.sol', 'flip.t.sol', 'move.sol', 'flop.t.sol', 'flap.t.sol', 'drip.t.sol', 'tune.sol']
1,['flop.sol', 'join.sol', 'flip.sol', 'frob.sol', 'flip.t.sol', 'move.sol', 'flop.t.sol', 'flap.t.sol', 'drip.t.sol', 'bite.sol']
3,['flop.sol', 'join.sol', 'flip.sol', 'frob.sol', 'flip.t.sol', 'move.sol', 'flop.t.sol', 'flap.t.sol', 'heal.t.sol', 'flap.sol']
3,['flop.sol', 'join.sol', 'flip.sol', 'frob.sol', 'flip.t.sol', 'move.sol', 'flop.t.sol', 'flap.t.sol', 'heal.t.sol', 'drip.sol']
3,['flop.sol', 'join.sol', 'flip.sol', 'frob.sol', 'flip.t.sol', 'move.sol', 'flop.t.sol', 'flap.t.sol', 'heal.t.sol', 'frob.t.sol']
2,['flop.sol', 'join.sol', 'flip.sol', 'frob.sol', 'flip.t.sol', 'move.sol', 'flop.t.sol', 'flap.t.sol', 'heal.t.sol', 'tune.sol']
3,['flop.sol', 'join.sol', 'flip.sol', 'frob.sol', 'flip.t.sol', 'move.sol', 'flop.t.sol', 'flap.t.sol', 'heal.t.sol', 'bite.sol']
2,['flop.sol', 'join.sol', 'flip.sol', 'frob.sol', 'flip.t.sol', 'move.sol', 'flop.t.sol', 'flap.t.sol', 'flap.sol', 'drip.sol']
3,['flop.sol', 'join.sol', 'flip.sol', 'frob.sol', 'flip.t.sol', 'move.sol', 'flop.t.sol', 'flap.t.sol', 'flap.sol', 'frob.t.sol']
1,['flop.sol', 'join.sol', 'flip.sol', 'frob.sol', 'flip.t.sol', 'move.sol', 'flop.t.sol', 'flap.t.sol', 'flap.sol', 'tune.sol']
2,['flop.sol', 'join.sol', 'flip.sol', 'frob.sol', 'flip.t.sol', 'move.sol', 'flop.t.sol', 'flap.t.sol', 'flap.sol', 'bite.sol']
3,['flop.sol', 'join.sol', 'flip.sol', 'frob.sol', 'flip.t.sol', 'move.sol', 'flop.t.sol', 'flap.t.sol', 'drip.sol', 'frob.t.sol']
1,['flop.sol', 'join.sol', 'flip.sol', 'frob.sol', 'flip.t.sol', 'move.sol', 'flop.t.sol', 'flap.t.sol', 'drip.sol', 'tune.sol']
2,['flop.sol', 'join.sol', 'flip.sol', 'frob.sol', 'flip.t.sol', 'move.sol', 'flop.t.sol', 'flap.t.sol', 'drip.sol', 'bite.sol']
2,['flop.sol', 'join.sol', 'flip.sol', 'frob.sol', 'flip.t.sol', 'move.sol', 'flop.t.sol', 'flap.t.sol', 'frob.t.sol', 'tune.sol']
2,['flop.sol', 'join.sol', 'flip.sol', 'frob.sol', 'flip.t.sol', 'move.sol', 'flop.t.sol', 'flap.t.sol', 'frob.t.sol', 'bite.sol']
1,['flop.sol', 'join.sol', 'flip.sol', 'frob.sol', 'flip.t.sol', 'move.sol', 'flop.t.sol', 'flap.t.sol', 'tune.sol', 'bite.sol']
1,['flop.sol', 'join.sol', 'flip.sol', 'frob.sol', 'flip.t.sol', 'move.sol', 'flop.t.sol', 'heal.sol', 'drip.t.sol', 'heal.t.sol']
2,['flop.sol', 'join.sol', 'flip.sol', 'frob.sol', 'flip.t.sol', 'move.sol', 'flop.t.sol', 'heal.sol', 'drip.t.sol', 'flap.sol']
2,['flop.sol', 'join.sol', 'flip.sol', 'frob.sol', 'flip.t.sol', 'move.sol', 'flop.t.sol', 'heal.sol', 'drip.t.sol', 'drip.sol']
2,['flop.sol', 'join.sol', 'flip.sol', 'frob.sol', 'flip.t.sol', 'move.sol', 'flop.t.sol', 'heal.sol', 'drip.t.sol', 'frob.t.sol']
1,['flop.sol', 'join.sol', 'flip.sol', 'frob.sol', 'flip.t.sol', 'move.sol', 'flop.t.sol', 'heal.sol', 'drip.t.sol', 'tune.sol']
1,['flop.sol', 'join.sol', 'flip.sol', 'frob.sol', 'flip.t.sol', 'move.sol', 'flop.t.sol', 'heal.sol', 'drip.t.sol', 'bite.sol']
3,['flop.sol', 'join.sol', 'flip.sol', 'frob.sol', 'flip.t.sol', 'move.sol', 'flop.t.sol', 'heal.sol', 'heal.t.sol', 'flap.sol']
2,['flop.sol', 'join.sol', 'flip.sol', 'frob.sol', 'flip.t.sol', 'move.sol', 'flop.t.sol', 'heal.sol', 'heal.t.sol', 'drip.sol']
2,['flop.sol', 'join.sol', 'flip.sol', 'frob.sol', 'flip.t.sol', 'move.sol', 'flop.t.sol', 'heal.sol', 'heal.t.sol', 'frob.t.sol']
2,['flop.sol', 'join.sol', 'flip.sol', 'frob.sol', 'flip.t.sol', 'move.sol', 'flop.t.sol', 'heal.sol', 'heal.t.sol', 'tune.sol']
2,['flop.sol', 'join.sol', 'flip.sol', 'frob.sol', 'flip.t.sol', 'move.sol', 'flop.t.sol', 'heal.sol', 'heal.t.sol', 'bite.sol']
2,['flop.sol', 'join.sol', 'flip.sol', 'frob.sol', 'flip.t.sol', 'move.sol', 'flop.t.sol', 'heal.sol', 'flap.sol', 'drip.sol']
3,['flop.sol', 'join.sol', 'flip.sol', 'frob.sol', 'flip.t.sol', 'move.sol', 'flop.t.sol', 'heal.sol', 'flap.sol', 'frob.t.sol']
1,['flop.sol', 'join.sol', 'flip.sol', 'frob.sol', 'flip.t.sol', 'move.sol', 'flop.t.sol', 'heal.sol', 'flap.sol', 'tune.sol']
2,['flop.sol', 'join.sol', 'flip.sol', 'frob.sol', 'flip.t.sol', 'move.sol', 'flop.t.sol', 'heal.sol', 'flap.sol', 'bite.sol']
3,['flop.sol', 'join.sol', 'flip.sol', 'frob.sol', 'flip.t.sol', 'move.sol', 'flop.t.sol', 'heal.sol', 'drip.sol', 'frob.t.sol']
1,['flop.sol', 'join.sol', 'flip.sol', 'frob.sol', 'flip.t.sol', 'move.sol', 'flop.t.sol', 'heal.sol', 'drip.sol', 'tune.sol']
1,['flop.sol', 'join.sol', 'flip.sol', 'frob.sol', 'flip.t.sol', 'move.sol', 'flop.t.sol', 'heal.sol', 'drip.sol', 'bite.sol']
2,['flop.sol', 'join.sol', 'flip.sol', 'frob.sol', 'flip.t.sol', 'move.sol', 'flop.t.sol', 'heal.sol', 'frob.t.sol', 'tune.sol']
2,['flop.sol', 'join.sol', 'flip.sol', 'frob.sol', 'flip.t.sol', 'move.sol', 'flop.t.sol', 'heal.sol', 'frob.t.sol', 'bite.sol']
1,['flop.sol', 'join.sol', 'flip.sol', 'frob.sol', 'flip.t.sol', 'move.sol', 'flop.t.sol', 'heal.sol', 'tune.sol', 'bite.sol']
3,['flop.sol', 'join.sol', 'flip.sol', 'frob.sol', 'flip.t.sol', 'move.sol', 'flop.t.sol', 'drip.t.sol', 'heal.t.sol', 'flap.sol']
2,['flop.sol', 'join.sol', 'flip.sol', 'frob.sol', 'flip.t.sol', 'move.sol', 'flop.t.sol', 'drip.t.sol', 'heal.t.sol', 'drip.sol']
2,['flop.sol', 'join.sol', 'flip.sol', 'frob.sol', 'flip.t.sol', 'move.sol', 'flop.t.sol', 'drip.t.sol', 'heal.t.sol', 'frob.t.sol']
2,['flop.sol', 'join.sol', 'flip.sol', 'frob.sol', 'flip.t.sol', 'move.sol', 'flop.t.sol', 'drip.t.sol', 'heal.t.sol', 'tune.sol']
2,['flop.sol', 'join.sol', 'flip.sol', 'frob.sol', 'flip.t.sol', 'move.sol', 'flop.t.sol', 'drip.t.sol', 'heal.t.sol', 'bite.sol']
2,['flop.sol', 'join.sol', 'flip.sol', 'frob.sol', 'flip.t.sol', 'move.sol', 'flop.t.sol', 'drip.t.sol', 'flap.sol', 'drip.sol']
3,['flop.sol', 'join.sol', 'flip.sol', 'frob.sol', 'flip.t.sol', 'move.sol', 'flop.t.sol', 'drip.t.sol', 'flap.sol', 'frob.t.sol']
1,['flop.sol', 'join.sol', 'flip.sol', 'frob.sol', 'flip.t.sol', 'move.sol', 'flop.t.sol', 'drip.t.sol', 'flap.sol', 'tune.sol']
1,['flop.sol', 'join.sol', 'flip.sol', 'frob.sol', 'flip.t.sol', 'move.sol', 'flop.t.sol', 'drip.t.sol', 'flap.sol', 'bite.sol']
2,['flop.sol', 'join.sol', 'flip.sol', 'frob.sol', 'flip.t.sol', 'move.sol', 'flop.t.sol', 'drip.t.sol', 'drip.sol', 'frob.t.sol']
1,['flop.sol', 'join.sol', 'flip.sol', 'frob.sol', 'flip.t.sol', 'move.sol', 'flop.t.sol', 'drip.t.sol', 'drip.sol', 'tune.sol']
3,['flop.sol', 'join.sol', 'flip.sol', 'frob.sol', 'flip.t.sol', 'move.sol', 'flop.t.sol', 'drip.t.sol', 'drip.sol', 'bite.sol']
2,['flop.sol', 'join.sol', 'flip.sol', 'frob.sol', 'flip.t.sol', 'move.sol', 'flop.t.sol', 'drip.t.sol', 'frob.t.sol', 'tune.sol']
2,['flop.sol', 'join.sol', 'flip.sol', 'frob.sol', 'flip.t.sol', 'move.sol', 'flop.t.sol', 'drip.t.sol', 'frob.t.sol', 'bite.sol']
1,['flop.sol', 'join.sol', 'flip.sol', 'frob.sol', 'flip.t.sol', 'move.sol', 'flop.t.sol', 'drip.t.sol', 'tune.sol', 'bite.sol']
3,['flop.sol', 'join.sol', 'flip.sol', 'frob.sol', 'flip.t.sol', 'move.sol', 'flop.t.sol', 'heal.t.sol', 'flap.sol', 'drip.sol']
3,['flop.sol', 'join.sol', 'flip.sol', 'frob.sol', 'flip.t.sol', 'move.sol', 'flop.t.sol', 'heal.t.sol', 'flap.sol', 'frob.t.sol']
2,['flop.sol', 'join.sol', 'flip.sol', 'frob.sol', 'flip.t.sol', 'move.sol', 'flop.t.sol', 'heal.t.sol', 'flap.sol', 'tune.sol']
3,['flop.sol', 'join.sol', 'flip.sol', 'frob.sol', 'flip.t.sol', 'move.sol', 'flop.t.sol', 'heal.t.sol', 'flap.sol', 'bite.sol']
2,['flop.sol', 'join.sol', 'flip.sol', 'frob.sol', 'flip.t.sol', 'move.sol', 'flop.t.sol', 'heal.t.sol', 'drip.sol', 'frob.t.sol']
2,['flop.sol', 'join.sol', 'flip.sol', 'frob.sol', 'flip.t.sol', 'move.sol', 'flop.t.sol', 'heal.t.sol', 'drip.sol', 'tune.sol']
3,['flop.sol', 'join.sol', 'flip.sol', 'frob.sol', 'flip.t.sol', 'move.sol', 'flop.t.sol', 'heal.t.sol', 'drip.sol', 'bite.sol']
2,['flop.sol', 'join.sol', 'flip.sol', 'frob.sol', 'flip.t.sol', 'move.sol', 'flop.t.sol', 'heal.t.sol', 'frob.t.sol', 'tune.sol']
2,['flop.sol', 'join.sol', 'flip.sol', 'frob.sol', 'flip.t.sol', 'move.sol', 'flop.t.sol', 'heal.t.sol', 'frob.t.sol', 'bite.sol']
2,['flop.sol', 'join.sol', 'flip.sol', 'frob.sol', 'flip.t.sol', 'move.sol', 'flop.t.sol', 'heal.t.sol', 'tune.sol', 'bite.sol']
3,['flop.sol', 'join.sol', 'flip.sol', 'frob.sol', 'flip.t.sol', 'move.sol', 'flop.t.sol', 'flap.sol', 'drip.sol', 'frob.t.sol']
1,['flop.sol', 'join.sol', 'flip.sol', 'frob.sol', 'flip.t.sol', 'move.sol', 'flop.t.sol', 'flap.sol', 'drip.sol', 'tune.sol']
2,['flop.sol', 'join.sol', 'flip.sol', 'frob.sol', 'flip.t.sol', 'move.sol', 'flop.t.sol', 'flap.sol', 'drip.sol', 'bite.sol']
2,['flop.sol', 'join.sol', 'flip.sol', 'frob.sol', 'flip.t.sol', 'move.sol', 'flop.t.sol', 'flap.sol', 'frob.t.sol', 'tune.sol']
3,['flop.sol', 'join.sol', 'flip.sol', 'frob.sol', 'flip.t.sol', 'move.sol', 'flop.t.sol', 'flap.sol', 'frob.t.sol', 'bite.sol']
1,['flop.sol', 'join.sol', 'flip.sol', 'frob.sol', 'flip.t.sol', 'move.sol', 'flop.t.sol', 'flap.sol', 'tune.sol', 'bite.sol']
2,['flop.sol', 'join.sol', 'flip.sol', 'frob.sol', 'flip.t.sol', 'move.sol', 'flop.t.sol', 'drip.sol', 'frob.t.sol', 'tune.sol']
2,['flop.sol', 'join.sol', 'flip.sol', 'frob.sol', 'flip.t.sol', 'move.sol', 'flop.t.sol', 'drip.sol', 'frob.t.sol', 'bite.sol']
1,['flop.sol', 'join.sol', 'flip.sol', 'frob.sol', 'flip.t.sol', 'move.sol', 'flop.t.sol', 'drip.sol', 'tune.sol', 'bite.sol']
2,['flop.sol', 'join.sol', 'flip.sol', 'frob.sol', 'flip.t.sol', 'move.sol', 'flop.t.sol', 'frob.t.sol', 'tune.sol', 'bite.sol']
1,['flop.sol', 'join.sol', 'flip.sol', 'frob.sol', 'flip.t.sol', 'move.sol', 'flap.t.sol', 'heal.sol', 'drip.t.sol', 'heal.t.sol']
2,['flop.sol', 'join.sol', 'flip.sol', 'frob.sol', 'flip.t.sol', 'move.sol', 'flap.t.sol', 'heal.sol', 'drip.t.sol', 'flap.sol']
2,['flop.sol', 'join.sol', 'flip.sol', 'frob.sol', 'flip.t.sol', 'move.sol', 'flap.t.sol', 'heal.sol', 'drip.t.sol', 'drip.sol']
2,['flop.sol', 'join.sol', 'flip.sol', 'frob.sol', 'flip.t.sol', 'move.sol', 'flap.t.sol', 'heal.sol', 'drip.t.sol', 'frob.t.sol']
1,['flop.sol', 'join.sol', 'flip.sol', 'frob.sol', 'flip.t.sol', 'move.sol', 'flap.t.sol', 'heal.sol', 'drip.t.sol', 'tune.sol']
1,['flop.sol', 'join.sol', 'flip.sol', 'frob.sol', 'flip.t.sol', 'move.sol', 'flap.t.sol', 'heal.sol', 'drip.t.sol', 'bite.sol']
3,['flop.sol', 'join.sol', 'flip.sol', 'frob.sol', 'flip.t.sol', 'move.sol', 'flap.t.sol', 'heal.sol', 'heal.t.sol', 'flap.sol']
2,['flop.sol', 'join.sol', 'flip.sol', 'frob.sol', 'flip.t.sol', 'move.sol', 'flap.t.sol', 'heal.sol', 'heal.t.sol', 'drip.sol']
2,['flop.sol', 'join.sol', 'flip.sol', 'frob.sol', 'flip.t.sol', 'move.sol', 'flap.t.sol', 'heal.sol', 'heal.t.sol', 'frob.t.sol']
2,['flop.sol', 'join.sol', 'flip.sol', 'frob.sol', 'flip.t.sol', 'move.sol', 'flap.t.sol', 'heal.sol', 'heal.t.sol', 'tune.sol']
2,['flop.sol', 'join.sol', 'flip.sol', 'frob.sol', 'flip.t.sol', 'move.sol', 'flap.t.sol', 'heal.sol', 'heal.t.sol', 'bite.sol']
2,['flop.sol', 'join.sol', 'flip.sol', 'frob.sol', 'flip.t.sol', 'move.sol', 'flap.t.sol', 'heal.sol', 'flap.sol', 'drip.sol']
3,['flop.sol', 'join.sol', 'flip.sol', 'frob.sol', 'flip.t.sol', 'move.sol', 'flap.t.sol', 'heal.sol', 'flap.sol', 'frob.t.sol']
1,['flop.sol', 'join.sol', 'flip.sol', 'frob.sol', 'flip.t.sol', 'move.sol', 'flap.t.sol', 'heal.sol', 'flap.sol', 'tune.sol']
2,['flop.sol', 'join.sol', 'flip.sol', 'frob.sol', 'flip.t.sol', 'move.sol', 'flap.t.sol', 'heal.sol', 'flap.sol', 'bite.sol']
3,['flop.sol', 'join.sol', 'flip.sol', 'frob.sol', 'flip.t.sol', 'move.sol', 'flap.t.sol', 'heal.sol', 'drip.sol', 'frob.t.sol']
1,['flop.sol', 'join.sol', 'flip.sol', 'frob.sol', 'flip.t.sol', 'move.sol', 'flap.t.sol', 'heal.sol', 'drip.sol', 'tune.sol']
1,['flop.sol', 'join.sol', 'flip.sol', 'frob.sol', 'flip.t.sol', 'move.sol', 'flap.t.sol', 'heal.sol', 'drip.sol', 'bite.sol']
2,['flop.sol', 'join.sol', 'flip.sol', 'frob.sol', 'flip.t.sol', 'move.sol', 'flap.t.sol', 'heal.sol', 'frob.t.sol', 'tune.sol']
2,['flop.sol', 'join.sol', 'flip.sol', 'frob.sol', 'flip.t.sol', 'move.sol', 'flap.t.sol', 'heal.sol', 'frob.t.sol', 'bite.sol']
1,['flop.sol', 'join.sol', 'flip.sol', 'frob.sol', 'flip.t.sol', 'move.sol', 'flap.t.sol', 'heal.sol', 'tune.sol', 'bite.sol']
2,['flop.sol', 'join.sol', 'flip.sol', 'frob.sol', 'flip.t.sol', 'move.sol', 'flap.t.sol', 'drip.t.sol', 'heal.t.sol', 'flap.sol']
2,['flop.sol', 'join.sol', 'flip.sol', 'frob.sol', 'flip.t.sol', 'move.sol', 'flap.t.sol', 'drip.t.sol', 'heal.t.sol', 'drip.sol']
2,['flop.sol', 'join.sol', 'flip.sol', 'frob.sol', 'flip.t.sol', 'move.sol', 'flap.t.sol', 'drip.t.sol', 'heal.t.sol', 'frob.t.sol']
2,['flop.sol', 'join.sol', 'flip.sol', 'frob.sol', 'flip.t.sol', 'move.sol', 'flap.t.sol', 'drip.t.sol', 'heal.t.sol', 'tune.sol']
2,['flop.sol', 'join.sol', 'flip.sol', 'frob.sol', 'flip.t.sol', 'move.sol', 'flap.t.sol', 'drip.t.sol', 'heal.t.sol', 'bite.sol']
2,['flop.sol', 'join.sol', 'flip.sol', 'frob.sol', 'flip.t.sol', 'move.sol', 'flap.t.sol', 'drip.t.sol', 'flap.sol', 'drip.sol']
3,['flop.sol', 'join.sol', 'flip.sol', 'frob.sol', 'flip.t.sol', 'move.sol', 'flap.t.sol', 'drip.t.sol', 'flap.sol', 'frob.t.sol']
1,['flop.sol', 'join.sol', 'flip.sol', 'frob.sol', 'flip.t.sol', 'move.sol', 'flap.t.sol', 'drip.t.sol', 'flap.sol', 'tune.sol']
1,['flop.sol', 'join.sol', 'flip.sol', 'frob.sol', 'flip.t.sol', 'move.sol', 'flap.t.sol', 'drip.t.sol', 'flap.sol', 'bite.sol']
2,['flop.sol', 'join.sol', 'flip.sol', 'frob.sol', 'flip.t.sol', 'move.sol', 'flap.t.sol', 'drip.t.sol', 'drip.sol', 'frob.t.sol']
1,['flop.sol', 'join.sol', 'flip.sol', 'frob.sol', 'flip.t.sol', 'move.sol', 'flap.t.sol', 'drip.t.sol', 'drip.sol', 'tune.sol']
1,['flop.sol', 'join.sol', 'flip.sol', 'frob.sol', 'flip.t.sol', 'move.sol', 'flap.t.sol', 'drip.t.sol', 'drip.sol', 'bite.sol']
2,['flop.sol', 'join.sol', 'flip.sol', 'frob.sol', 'flip.t.sol', 'move.sol', 'flap.t.sol', 'drip.t.sol', 'frob.t.sol', 'tune.sol']
2,['flop.sol', 'join.sol', 'flip.sol', 'frob.sol', 'flip.t.sol', 'move.sol', 'flap.t.sol', 'drip.t.sol', 'frob.t.sol', 'bite.sol']
1,['flop.sol', 'join.sol', 'flip.sol', 'frob.sol', 'flip.t.sol', 'move.sol', 'flap.t.sol', 'drip.t.sol', 'tune.sol', 'bite.sol']
3,['flop.sol', 'join.sol', 'flip.sol', 'frob.sol', 'flip.t.sol', 'move.sol', 'flap.t.sol', 'heal.t.sol', 'flap.sol', 'drip.sol']
3,['flop.sol', 'join.sol', 'flip.sol', 'frob.sol', 'flip.t.sol', 'move.sol', 'flap.t.sol', 'heal.t.sol', 'flap.sol', 'frob.t.sol']
2,['flop.sol', 'join.sol', 'flip.sol', 'frob.sol', 'flip.t.sol', 'move.sol', 'flap.t.sol', 'heal.t.sol', 'flap.sol', 'tune.sol']
3,['flop.sol', 'join.sol', 'flip.sol', 'frob.sol', 'flip.t.sol', 'move.sol', 'flap.t.sol', 'heal.t.sol', 'flap.sol', 'bite.sol']
2,['flop.sol', 'join.sol', 'flip.sol', 'frob.sol', 'flip.t.sol', 'move.sol', 'flap.t.sol', 'heal.t.sol', 'drip.sol', 'frob.t.sol']
2,['flop.sol', 'join.sol', 'flip.sol', 'frob.sol', 'flip.t.sol', 'move.sol', 'flap.t.sol', 'heal.t.sol', 'drip.sol', 'tune.sol']
3,['flop.sol', 'join.sol', 'flip.sol', 'frob.sol', 'flip.t.sol', 'move.sol', 'flap.t.sol', 'heal.t.sol', 'drip.sol', 'bite.sol']
2,['flop.sol', 'join.sol', 'flip.sol', 'frob.sol', 'flip.t.sol', 'move.sol', 'flap.t.sol', 'heal.t.sol', 'frob.t.sol', 'tune.sol']
2,['flop.sol', 'join.sol', 'flip.sol', 'frob.sol', 'flip.t.sol', 'move.sol', 'flap.t.sol', 'heal.t.sol', 'frob.t.sol', 'bite.sol']
2,['flop.sol', 'join.sol', 'flip.sol', 'frob.sol', 'flip.t.sol', 'move.sol', 'flap.t.sol', 'heal.t.sol', 'tune.sol', 'bite.sol']
3,['flop.sol', 'join.sol', 'flip.sol', 'frob.sol', 'flip.t.sol', 'move.sol', 'flap.t.sol', 'flap.sol', 'drip.sol', 'frob.t.sol']
1,['flop.sol', 'join.sol', 'flip.sol', 'frob.sol', 'flip.t.sol', 'move.sol', 'flap.t.sol', 'flap.sol', 'drip.sol', 'tune.sol']
2,['flop.sol', 'join.sol', 'flip.sol', 'frob.sol', 'flip.t.sol', 'move.sol', 'flap.t.sol', 'flap.sol', 'drip.sol', 'bite.sol']
2,['flop.sol', 'join.sol', 'flip.sol', 'frob.sol', 'flip.t.sol', 'move.sol', 'flap.t.sol', 'flap.sol', 'frob.t.sol', 'tune.sol']
3,['flop.sol', 'join.sol', 'flip.sol', 'frob.sol', 'flip.t.sol', 'move.sol', 'flap.t.sol', 'flap.sol', 'frob.t.sol', 'bite.sol']
1,['flop.sol', 'join.sol', 'flip.sol', 'frob.sol', 'flip.t.sol', 'move.sol', 'flap.t.sol', 'flap.sol', 'tune.sol', 'bite.sol']
2,['flop.sol', 'join.sol', 'flip.sol', 'frob.sol', 'flip.t.sol', 'move.sol', 'flap.t.sol', 'drip.sol', 'frob.t.sol', 'tune.sol']
2,['flop.sol', 'join.sol', 'flip.sol', 'frob.sol', 'flip.t.sol', 'move.sol', 'flap.t.sol', 'drip.sol', 'frob.t.sol', 'bite.sol']
1,['flop.sol', 'join.sol', 'flip.sol', 'frob.sol', 'flip.t.sol', 'move.sol', 'flap.t.sol', 'drip.sol', 'tune.sol', 'bite.sol']
2,['flop.sol', 'join.sol', 'flip.sol', 'frob.sol', 'flip.t.sol', 'move.sol', 'flap.t.sol', 'frob.t.sol', 'tune.sol', 'bite.sol']
1,['flop.sol', 'join.sol', 'flip.sol', 'frob.sol', 'flip.t.sol', 'move.sol', 'heal.sol', 'drip.t.sol', 'heal.t.sol', 'flap.sol']
1,['flop.sol', 'join.sol', 'flip.sol', 'frob.sol', 'flip.t.sol', 'move.sol', 'heal.sol', 'drip.t.sol', 'heal.t.sol', 'drip.sol']
2,['flop.sol', 'join.sol', 'flip.sol', 'frob.sol', 'flip.t.sol', 'move.sol', 'heal.sol', 'drip.t.sol', 'heal.t.sol', 'frob.t.sol']
1,['flop.sol', 'join.sol', 'flip.sol', 'frob.sol', 'flip.t.sol', 'move.sol', 'heal.sol', 'drip.t.sol', 'heal.t.sol', 'tune.sol']
1,['flop.sol', 'join.sol', 'flip.sol', 'frob.sol', 'flip.t.sol', 'move.sol', 'heal.sol', 'drip.t.sol', 'heal.t.sol', 'bite.sol']
2,['flop.sol', 'join.sol', 'flip.sol', 'frob.sol', 'flip.t.sol', 'move.sol', 'heal.sol', 'drip.t.sol', 'flap.sol', 'drip.sol']
2,['flop.sol', 'join.sol', 'flip.sol', 'frob.sol', 'flip.t.sol', 'move.sol', 'heal.sol', 'drip.t.sol', 'flap.sol', 'frob.t.sol']
1,['flop.sol', 'join.sol', 'flip.sol', 'frob.sol', 'flip.t.sol', 'move.sol', 'heal.sol', 'drip.t.sol', 'flap.sol', 'tune.sol']
2,['flop.sol', 'join.sol', 'flip.sol', 'frob.sol', 'flip.t.sol', 'move.sol', 'heal.sol', 'drip.t.sol', 'flap.sol', 'bite.sol']
2,['flop.sol', 'join.sol', 'flip.sol', 'frob.sol', 'flip.t.sol', 'move.sol', 'heal.sol', 'drip.t.sol', 'drip.sol', 'frob.t.sol']
1,['flop.sol', 'join.sol', 'flip.sol', 'frob.sol', 'flip.t.sol', 'move.sol', 'heal.sol', 'drip.t.sol', 'drip.sol', 'tune.sol']
2,['flop.sol', 'join.sol', 'flip.sol', 'frob.sol', 'flip.t.sol', 'move.sol', 'heal.sol', 'drip.t.sol', 'drip.sol', 'bite.sol']
2,['flop.sol', 'join.sol', 'flip.sol', 'frob.sol', 'flip.t.sol', 'move.sol', 'heal.sol', 'drip.t.sol', 'frob.t.sol', 'tune.sol']
1,['flop.sol', 'join.sol', 'flip.sol', 'frob.sol', 'flip.t.sol', 'move.sol', 'heal.sol', 'drip.t.sol', 'frob.t.sol', 'bite.sol']
1,['flop.sol', 'join.sol', 'flip.sol', 'frob.sol', 'flip.t.sol', 'move.sol', 'heal.sol', 'drip.t.sol', 'tune.sol', 'bite.sol']
2,['flop.sol', 'join.sol', 'flip.sol', 'frob.sol', 'flip.t.sol', 'move.sol', 'heal.sol', 'heal.t.sol', 'flap.sol', 'drip.sol']
2,['flop.sol', 'join.sol', 'flip.sol', 'frob.sol', 'flip.t.sol', 'move.sol', 'heal.sol', 'heal.t.sol', 'flap.sol', 'frob.t.sol']
2,['flop.sol', 'join.sol', 'flip.sol', 'frob.sol', 'flip.t.sol', 'move.sol', 'heal.sol', 'heal.t.sol', 'flap.sol', 'tune.sol']
2,['flop.sol', 'join.sol', 'flip.sol', 'frob.sol', 'flip.t.sol', 'move.sol', 'heal.sol', 'heal.t.sol', 'flap.sol', 'bite.sol']
2,['flop.sol', 'join.sol', 'flip.sol', 'frob.sol', 'flip.t.sol', 'move.sol', 'heal.sol', 'heal.t.sol', 'drip.sol', 'frob.t.sol']
2,['flop.sol', 'join.sol', 'flip.sol', 'frob.sol', 'flip.t.sol', 'move.sol', 'heal.sol', 'heal.t.sol', 'drip.sol', 'tune.sol']
2,['flop.sol', 'join.sol', 'flip.sol', 'frob.sol', 'flip.t.sol', 'move.sol', 'heal.sol', 'heal.t.sol', 'drip.sol', 'bite.sol']
2,['flop.sol', 'join.sol', 'flip.sol', 'frob.sol', 'flip.t.sol', 'move.sol', 'heal.sol', 'heal.t.sol', 'frob.t.sol', 'tune.sol']
2,['flop.sol', 'join.sol', 'flip.sol', 'frob.sol', 'flip.t.sol', 'move.sol', 'heal.sol', 'heal.t.sol', 'frob.t.sol', 'bite.sol']
2,['flop.sol', 'join.sol', 'flip.sol', 'frob.sol', 'flip.t.sol', 'move.sol', 'heal.sol', 'heal.t.sol', 'tune.sol', 'bite.sol']
3,['flop.sol', 'join.sol', 'flip.sol', 'frob.sol', 'flip.t.sol', 'move.sol', 'heal.sol', 'flap.sol', 'drip.sol', 'frob.t.sol']
1,['flop.sol', 'join.sol', 'flip.sol', 'frob.sol', 'flip.t.sol', 'move.sol', 'heal.sol', 'flap.sol', 'drip.sol', 'tune.sol']
2,['flop.sol', 'join.sol', 'flip.sol', 'frob.sol', 'flip.t.sol', 'move.sol', 'heal.sol', 'flap.sol', 'drip.sol', 'bite.sol']
2,['flop.sol', 'join.sol', 'flip.sol', 'frob.sol', 'flip.t.sol', 'move.sol', 'heal.sol', 'flap.sol', 'frob.t.sol', 'tune.sol']
3,['flop.sol', 'join.sol', 'flip.sol', 'frob.sol', 'flip.t.sol', 'move.sol', 'heal.sol', 'flap.sol', 'frob.t.sol', 'bite.sol']
1,['flop.sol', 'join.sol', 'flip.sol', 'frob.sol', 'flip.t.sol', 'move.sol', 'heal.sol', 'flap.sol', 'tune.sol', 'bite.sol']
2,['flop.sol', 'join.sol', 'flip.sol', 'frob.sol', 'flip.t.sol', 'move.sol', 'heal.sol', 'drip.sol', 'frob.t.sol', 'tune.sol']
2,['flop.sol', 'join.sol', 'flip.sol', 'frob.sol', 'flip.t.sol', 'move.sol', 'heal.sol', 'drip.sol', 'frob.t.sol', 'bite.sol']
1,['flop.sol', 'join.sol', 'flip.sol', 'frob.sol', 'flip.t.sol', 'move.sol', 'heal.sol', 'drip.sol', 'tune.sol', 'bite.sol']
2,['flop.sol', 'join.sol', 'flip.sol', 'frob.sol', 'flip.t.sol', 'move.sol', 'heal.sol', 'frob.t.sol', 'tune.sol', 'bite.sol']
2,['flop.sol', 'join.sol', 'flip.sol', 'frob.sol', 'flip.t.sol', 'move.sol', 'drip.t.sol', 'heal.t.sol', 'flap.sol', 'drip.sol']
2,['flop.sol', 'join.sol', 'flip.sol', 'frob.sol', 'flip.t.sol', 'move.sol', 'drip.t.sol', 'heal.t.sol', 'flap.sol', 'frob.t.sol']
2,['flop.sol', 'join.sol', 'flip.sol', 'frob.sol', 'flip.t.sol', 'move.sol', 'drip.t.sol', 'heal.t.sol', 'flap.sol', 'tune.sol']
2,['flop.sol', 'join.sol', 'flip.sol', 'frob.sol', 'flip.t.sol', 'move.sol', 'drip.t.sol', 'heal.t.sol', 'flap.sol', 'bite.sol']
2,['flop.sol', 'join.sol', 'flip.sol', 'frob.sol', 'flip.t.sol', 'move.sol', 'drip.t.sol', 'heal.t.sol', 'drip.sol', 'frob.t.sol']
2,['flop.sol', 'join.sol', 'flip.sol', 'frob.sol', 'flip.t.sol', 'move.sol', 'drip.t.sol', 'heal.t.sol', 'drip.sol', 'tune.sol']
1,['flop.sol', 'join.sol', 'flip.sol', 'frob.sol', 'flip.t.sol', 'move.sol', 'drip.t.sol', 'heal.t.sol', 'drip.sol', 'bite.sol']
2,['flop.sol', 'join.sol', 'flip.sol', 'frob.sol', 'flip.t.sol', 'move.sol', 'drip.t.sol', 'heal.t.sol', 'frob.t.sol', 'tune.sol']
1,['flop.sol', 'join.sol', 'flip.sol', 'frob.sol', 'flip.t.sol', 'move.sol', 'drip.t.sol', 'heal.t.sol', 'frob.t.sol', 'bite.sol']
2,['flop.sol', 'join.sol', 'flip.sol', 'frob.sol', 'flip.t.sol', 'move.sol', 'drip.t.sol', 'heal.t.sol', 'tune.sol', 'bite.sol']
2,['flop.sol', 'join.sol', 'flip.sol', 'frob.sol', 'flip.t.sol', 'move.sol', 'drip.t.sol', 'flap.sol', 'drip.sol', 'frob.t.sol']
1,['flop.sol', 'join.sol', 'flip.sol', 'frob.sol', 'flip.t.sol', 'move.sol', 'drip.t.sol', 'flap.sol', 'drip.sol', 'tune.sol']
2,['flop.sol', 'join.sol', 'flip.sol', 'frob.sol', 'flip.t.sol', 'move.sol', 'drip.t.sol', 'flap.sol', 'drip.sol', 'bite.sol']
2,['flop.sol', 'join.sol', 'flip.sol', 'frob.sol', 'flip.t.sol', 'move.sol', 'drip.t.sol', 'flap.sol', 'frob.t.sol', 'tune.sol']
2,['flop.sol', 'join.sol', 'flip.sol', 'frob.sol', 'flip.t.sol', 'move.sol', 'drip.t.sol', 'flap.sol', 'frob.t.sol', 'bite.sol']
1,['flop.sol', 'join.sol', 'flip.sol', 'frob.sol', 'flip.t.sol', 'move.sol', 'drip.t.sol', 'flap.sol', 'tune.sol', 'bite.sol']
2,['flop.sol', 'join.sol', 'flip.sol', 'frob.sol', 'flip.t.sol', 'move.sol', 'drip.t.sol', 'drip.sol', 'frob.t.sol', 'tune.sol']
2,['flop.sol', 'join.sol', 'flip.sol', 'frob.sol', 'flip.t.sol', 'move.sol', 'drip.t.sol', 'drip.sol', 'frob.t.sol', 'bite.sol']
1,['flop.sol', 'join.sol', 'flip.sol', 'frob.sol', 'flip.t.sol', 'move.sol', 'drip.t.sol', 'drip.sol', 'tune.sol', 'bite.sol']
2,['flop.sol', 'join.sol', 'flip.sol', 'frob.sol', 'flip.t.sol', 'move.sol', 'drip.t.sol', 'frob.t.sol', 'tune.sol', 'bite.sol']
2,['flop.sol', 'join.sol', 'flip.sol', 'frob.sol', 'flip.t.sol', 'move.sol', 'heal.t.sol', 'flap.sol', 'drip.sol', 'frob.t.sol']
2,['flop.sol', 'join.sol', 'flip.sol', 'frob.sol', 'flip.t.sol', 'move.sol', 'heal.t.sol', 'flap.sol', 'drip.sol', 'tune.sol']
3,['flop.sol', 'join.sol', 'flip.sol', 'frob.sol', 'flip.t.sol', 'move.sol', 'heal.t.sol', 'flap.sol', 'drip.sol', 'bite.sol']
2,['flop.sol', 'join.sol', 'flip.sol', 'frob.sol', 'flip.t.sol', 'move.sol', 'heal.t.sol', 'flap.sol', 'frob.t.sol', 'tune.sol']
2,['flop.sol', 'join.sol', 'flip.sol', 'frob.sol', 'flip.t.sol', 'move.sol', 'heal.t.sol', 'flap.sol', 'frob.t.sol', 'bite.sol']
2,['flop.sol', 'join.sol', 'flip.sol', 'frob.sol', 'flip.t.sol', 'move.sol', 'heal.t.sol', 'flap.sol', 'tune.sol', 'bite.sol']
2,['flop.sol', 'join.sol', 'flip.sol', 'frob.sol', 'flip.t.sol', 'move.sol', 'heal.t.sol', 'drip.sol', 'frob.t.sol', 'tune.sol']
2,['flop.sol', 'join.sol', 'flip.sol', 'frob.sol', 'flip.t.sol', 'move.sol', 'heal.t.sol', 'drip.sol', 'frob.t.sol', 'bite.sol']
2,['flop.sol', 'join.sol', 'flip.sol', 'frob.sol', 'flip.t.sol', 'move.sol', 'heal.t.sol', 'drip.sol', 'tune.sol', 'bite.sol']
2,['flop.sol', 'join.sol', 'flip.sol', 'frob.sol', 'flip.t.sol', 'move.sol', 'heal.t.sol', 'frob.t.sol', 'tune.sol', 'bite.sol']
2,['flop.sol', 'join.sol', 'flip.sol', 'frob.sol', 'flip.t.sol', 'move.sol', 'flap.sol', 'drip.sol', 'frob.t.sol', 'tune.sol']
2,['flop.sol', 'join.sol', 'flip.sol', 'frob.sol', 'flip.t.sol', 'move.sol', 'flap.sol', 'drip.sol', 'frob.t.sol', 'bite.sol']
1,['flop.sol', 'join.sol', 'flip.sol', 'frob.sol', 'flip.t.sol', 'move.sol', 'flap.sol', 'drip.sol', 'tune.sol', 'bite.sol']
2,['flop.sol', 'join.sol', 'flip.sol', 'frob.sol', 'flip.t.sol', 'move.sol', 'flap.sol', 'frob.t.sol', 'tune.sol', 'bite.sol']
2,['flop.sol', 'join.sol', 'flip.sol', 'frob.sol', 'flip.t.sol', 'move.sol', 'drip.sol', 'frob.t.sol', 'tune.sol', 'bite.sol']
2,['flop.sol', 'join.sol', 'flip.sol', 'frob.sol', 'flip.t.sol', 'flop.t.sol', 'flap.t.sol', 'heal.sol', 'drip.t.sol', 'heal.t.sol']
2,['flop.sol', 'join.sol', 'flip.sol', 'frob.sol', 'flip.t.sol', 'flop.t.sol', 'flap.t.sol', 'heal.sol', 'drip.t.sol', 'flap.sol']
2,['flop.sol', 'join.sol', 'flip.sol', 'frob.sol', 'flip.t.sol', 'flop.t.sol', 'flap.t.sol', 'heal.sol', 'drip.t.sol', 'drip.sol']
2,['flop.sol', 'join.sol', 'flip.sol', 'frob.sol', 'flip.t.sol', 'flop.t.sol', 'flap.t.sol', 'heal.sol', 'drip.t.sol', 'frob.t.sol']
1,['flop.sol', 'join.sol', 'flip.sol', 'frob.sol', 'flip.t.sol', 'flop.t.sol', 'flap.t.sol', 'heal.sol', 'drip.t.sol', 'tune.sol']
1,['flop.sol', 'join.sol', 'flip.sol', 'frob.sol', 'flip.t.sol', 'flop.t.sol', 'flap.t.sol', 'heal.sol', 'drip.t.sol', 'bite.sol']
2,['flop.sol', 'join.sol', 'flip.sol', 'frob.sol', 'flip.t.sol', 'flop.t.sol', 'flap.t.sol', 'heal.sol', 'heal.t.sol', 'flap.sol']
3,['flop.sol', 'join.sol', 'flip.sol', 'frob.sol', 'flip.t.sol', 'flop.t.sol', 'flap.t.sol', 'heal.sol', 'heal.t.sol', 'drip.sol']
2,['flop.sol', 'join.sol', 'flip.sol', 'frob.sol', 'flip.t.sol', 'flop.t.sol', 'flap.t.sol', 'heal.sol', 'heal.t.sol', 'frob.t.sol']
1,['flop.sol', 'join.sol', 'flip.sol', 'frob.sol', 'flip.t.sol', 'flop.t.sol', 'flap.t.sol', 'heal.sol', 'heal.t.sol', 'tune.sol']
2,['flop.sol', 'join.sol', 'flip.sol', 'frob.sol', 'flip.t.sol', 'flop.t.sol', 'flap.t.sol', 'heal.sol', 'heal.t.sol', 'bite.sol']
2,['flop.sol', 'join.sol', 'flip.sol', 'frob.sol', 'flip.t.sol', 'flop.t.sol', 'flap.t.sol', 'heal.sol', 'flap.sol', 'drip.sol']
2,['flop.sol', 'join.sol', 'flip.sol', 'frob.sol', 'flip.t.sol', 'flop.t.sol', 'flap.t.sol', 'heal.sol', 'flap.sol', 'frob.t.sol']
1,['flop.sol', 'join.sol', 'flip.sol', 'frob.sol', 'flip.t.sol', 'flop.t.sol', 'flap.t.sol', 'heal.sol', 'flap.sol', 'tune.sol']
1,['flop.sol', 'join.sol', 'flip.sol', 'frob.sol', 'flip.t.sol', 'flop.t.sol', 'flap.t.sol', 'heal.sol', 'flap.sol', 'bite.sol']
2,['flop.sol', 'join.sol', 'flip.sol', 'frob.sol', 'flip.t.sol', 'flop.t.sol', 'flap.t.sol', 'heal.sol', 'drip.sol', 'frob.t.sol']
1,['flop.sol', 'join.sol', 'flip.sol', 'frob.sol', 'flip.t.sol', 'flop.t.sol', 'flap.t.sol', 'heal.sol', 'drip.sol', 'tune.sol']
1,['flop.sol', 'join.sol', 'flip.sol', 'frob.sol', 'flip.t.sol', 'flop.t.sol', 'flap.t.sol', 'heal.sol', 'drip.sol', 'bite.sol']
2,['flop.sol', 'join.sol', 'flip.sol', 'frob.sol', 'flip.t.sol', 'flop.t.sol', 'flap.t.sol', 'heal.sol', 'frob.t.sol', 'tune.sol']
2,['flop.sol', 'join.sol', 'flip.sol', 'frob.sol', 'flip.t.sol', 'flop.t.sol', 'flap.t.sol', 'heal.sol', 'frob.t.sol', 'bite.sol']
1,['flop.sol', 'join.sol', 'flip.sol', 'frob.sol', 'flip.t.sol', 'flop.t.sol', 'flap.t.sol', 'heal.sol', 'tune.sol', 'bite.sol']
2,['flop.sol', 'join.sol', 'flip.sol', 'frob.sol', 'flip.t.sol', 'flop.t.sol', 'flap.t.sol', 'drip.t.sol', 'heal.t.sol', 'flap.sol']
2,['flop.sol', 'join.sol', 'flip.sol', 'frob.sol', 'flip.t.sol', 'flop.t.sol', 'flap.t.sol', 'drip.t.sol', 'heal.t.sol', 'drip.sol']
2,['flop.sol', 'join.sol', 'flip.sol', 'frob.sol', 'flip.t.sol', 'flop.t.sol', 'flap.t.sol', 'drip.t.sol', 'heal.t.sol', 'frob.t.sol']
2,['flop.sol', 'join.sol', 'flip.sol', 'frob.sol', 'flip.t.sol', 'flop.t.sol', 'flap.t.sol', 'drip.t.sol', 'heal.t.sol', 'tune.sol']
2,['flop.sol', 'join.sol', 'flip.sol', 'frob.sol', 'flip.t.sol', 'flop.t.sol', 'flap.t.sol', 'drip.t.sol', 'heal.t.sol', 'bite.sol']
2,['flop.sol', 'join.sol', 'flip.sol', 'frob.sol', 'flip.t.sol', 'flop.t.sol', 'flap.t.sol', 'drip.t.sol', 'flap.sol', 'drip.sol']
2,['flop.sol', 'join.sol', 'flip.sol', 'frob.sol', 'flip.t.sol', 'flop.t.sol', 'flap.t.sol', 'drip.t.sol', 'flap.sol', 'frob.t.sol']
1,['flop.sol', 'join.sol', 'flip.sol', 'frob.sol', 'flip.t.sol', 'flop.t.sol', 'flap.t.sol', 'drip.t.sol', 'flap.sol', 'tune.sol']
1,['flop.sol', 'join.sol', 'flip.sol', 'frob.sol', 'flip.t.sol', 'flop.t.sol', 'flap.t.sol', 'drip.t.sol', 'flap.sol', 'bite.sol']
2,['flop.sol', 'join.sol', 'flip.sol', 'frob.sol', 'flip.t.sol', 'flop.t.sol', 'flap.t.sol', 'drip.t.sol', 'drip.sol', 'frob.t.sol']
1,['flop.sol', 'join.sol', 'flip.sol', 'frob.sol', 'flip.t.sol', 'flop.t.sol', 'flap.t.sol', 'drip.t.sol', 'drip.sol', 'tune.sol']
1,['flop.sol', 'join.sol', 'flip.sol', 'frob.sol', 'flip.t.sol', 'flop.t.sol', 'flap.t.sol', 'drip.t.sol', 'drip.sol', 'bite.sol']
2,['flop.sol', 'join.sol', 'flip.sol', 'frob.sol', 'flip.t.sol', 'flop.t.sol', 'flap.t.sol', 'drip.t.sol', 'frob.t.sol', 'tune.sol']
2,['flop.sol', 'join.sol', 'flip.sol', 'frob.sol', 'flip.t.sol', 'flop.t.sol', 'flap.t.sol', 'drip.t.sol', 'frob.t.sol', 'bite.sol']
1,['flop.sol', 'join.sol', 'flip.sol', 'frob.sol', 'flip.t.sol', 'flop.t.sol', 'flap.t.sol', 'drip.t.sol', 'tune.sol', 'bite.sol']
3,['flop.sol', 'join.sol', 'flip.sol', 'frob.sol', 'flip.t.sol', 'flop.t.sol', 'flap.t.sol', 'heal.t.sol', 'flap.sol', 'drip.sol']
2,['flop.sol', 'join.sol', 'flip.sol', 'frob.sol', 'flip.t.sol', 'flop.t.sol', 'flap.t.sol', 'heal.t.sol', 'flap.sol', 'frob.t.sol']
1,['flop.sol', 'join.sol', 'flip.sol', 'frob.sol', 'flip.t.sol', 'flop.t.sol', 'flap.t.sol', 'heal.t.sol', 'flap.sol', 'tune.sol']
2,['flop.sol', 'join.sol', 'flip.sol', 'frob.sol', 'flip.t.sol', 'flop.t.sol', 'flap.t.sol', 'heal.t.sol', 'flap.sol', 'bite.sol']
2,['flop.sol', 'join.sol', 'flip.sol', 'frob.sol', 'flip.t.sol', 'flop.t.sol', 'flap.t.sol', 'heal.t.sol', 'drip.sol', 'frob.t.sol']
2,['flop.sol', 'join.sol', 'flip.sol', 'frob.sol', 'flip.t.sol', 'flop.t.sol', 'flap.t.sol', 'heal.t.sol', 'drip.sol', 'tune.sol']
2,['flop.sol', 'join.sol', 'flip.sol', 'frob.sol', 'flip.t.sol', 'flop.t.sol', 'flap.t.sol', 'heal.t.sol', 'drip.sol', 'bite.sol']
2,['flop.sol', 'join.sol', 'flip.sol', 'frob.sol', 'flip.t.sol', 'flop.t.sol', 'flap.t.sol', 'heal.t.sol', 'frob.t.sol', 'tune.sol']
2,['flop.sol', 'join.sol', 'flip.sol', 'frob.sol', 'flip.t.sol', 'flop.t.sol', 'flap.t.sol', 'heal.t.sol', 'frob.t.sol', 'bite.sol']
2,['flop.sol', 'join.sol', 'flip.sol', 'frob.sol', 'flip.t.sol', 'flop.t.sol', 'flap.t.sol', 'heal.t.sol', 'tune.sol', 'bite.sol']
2,['flop.sol', 'join.sol', 'flip.sol', 'frob.sol', 'flip.t.sol', 'flop.t.sol', 'flap.t.sol', 'flap.sol', 'drip.sol', 'frob.t.sol']
1,['flop.sol', 'join.sol', 'flip.sol', 'frob.sol', 'flip.t.sol', 'flop.t.sol', 'flap.t.sol', 'flap.sol', 'drip.sol', 'tune.sol']
2,['flop.sol', 'join.sol', 'flip.sol', 'frob.sol', 'flip.t.sol', 'flop.t.sol', 'flap.t.sol', 'flap.sol', 'drip.sol', 'bite.sol']
2,['flop.sol', 'join.sol', 'flip.sol', 'frob.sol', 'flip.t.sol', 'flop.t.sol', 'flap.t.sol', 'flap.sol', 'frob.t.sol', 'tune.sol']
2,['flop.sol', 'join.sol', 'flip.sol', 'frob.sol', 'flip.t.sol', 'flop.t.sol', 'flap.t.sol', 'flap.sol', 'frob.t.sol', 'bite.sol']
1,['flop.sol', 'join.sol', 'flip.sol', 'frob.sol', 'flip.t.sol', 'flop.t.sol', 'flap.t.sol', 'flap.sol', 'tune.sol', 'bite.sol']
2,['flop.sol', 'join.sol', 'flip.sol', 'frob.sol', 'flip.t.sol', 'flop.t.sol', 'flap.t.sol', 'drip.sol', 'frob.t.sol', 'tune.sol']
2,['flop.sol', 'join.sol', 'flip.sol', 'frob.sol', 'flip.t.sol', 'flop.t.sol', 'flap.t.sol', 'drip.sol', 'frob.t.sol', 'bite.sol']
1,['flop.sol', 'join.sol', 'flip.sol', 'frob.sol', 'flip.t.sol', 'flop.t.sol', 'flap.t.sol', 'drip.sol', 'tune.sol', 'bite.sol']
2,['flop.sol', 'join.sol', 'flip.sol', 'frob.sol', 'flip.t.sol', 'flop.t.sol', 'flap.t.sol', 'frob.t.sol', 'tune.sol', 'bite.sol']
2,['flop.sol', 'join.sol', 'flip.sol', 'frob.sol', 'flip.t.sol', 'flop.t.sol', 'heal.sol', 'drip.t.sol', 'heal.t.sol', 'flap.sol']
1,['flop.sol', 'join.sol', 'flip.sol', 'frob.sol', 'flip.t.sol', 'flop.t.sol', 'heal.sol', 'drip.t.sol', 'heal.t.sol', 'drip.sol']
2,['flop.sol', 'join.sol', 'flip.sol', 'frob.sol', 'flip.t.sol', 'flop.t.sol', 'heal.sol', 'drip.t.sol', 'heal.t.sol', 'frob.t.sol']
1,['flop.sol', 'join.sol', 'flip.sol', 'frob.sol', 'flip.t.sol', 'flop.t.sol', 'heal.sol', 'drip.t.sol', 'heal.t.sol', 'tune.sol']
1,['flop.sol', 'join.sol', 'flip.sol', 'frob.sol', 'flip.t.sol', 'flop.t.sol', 'heal.sol', 'drip.t.sol', 'heal.t.sol', 'bite.sol']
2,['flop.sol', 'join.sol', 'flip.sol', 'frob.sol', 'flip.t.sol', 'flop.t.sol', 'heal.sol', 'drip.t.sol', 'flap.sol', 'drip.sol']
2,['flop.sol', 'join.sol', 'flip.sol', 'frob.sol', 'flip.t.sol', 'flop.t.sol', 'heal.sol', 'drip.t.sol', 'flap.sol', 'frob.t.sol']
1,['flop.sol', 'join.sol', 'flip.sol', 'frob.sol', 'flip.t.sol', 'flop.t.sol', 'heal.sol', 'drip.t.sol', 'flap.sol', 'tune.sol']
1,['flop.sol', 'join.sol', 'flip.sol', 'frob.sol', 'flip.t.sol', 'flop.t.sol', 'heal.sol', 'drip.t.sol', 'flap.sol', 'bite.sol']
2,['flop.sol', 'join.sol', 'flip.sol', 'frob.sol', 'flip.t.sol', 'flop.t.sol', 'heal.sol', 'drip.t.sol', 'drip.sol', 'frob.t.sol']
1,['flop.sol', 'join.sol', 'flip.sol', 'frob.sol', 'flip.t.sol', 'flop.t.sol', 'heal.sol', 'drip.t.sol', 'drip.sol', 'tune.sol']
1,['flop.sol', 'join.sol', 'flip.sol', 'frob.sol', 'flip.t.sol', 'flop.t.sol', 'heal.sol', 'drip.t.sol', 'drip.sol', 'bite.sol']
2,['flop.sol', 'join.sol', 'flip.sol', 'frob.sol', 'flip.t.sol', 'flop.t.sol', 'heal.sol', 'drip.t.sol', 'frob.t.sol', 'tune.sol']
2,['flop.sol', 'join.sol', 'flip.sol', 'frob.sol', 'flip.t.sol', 'flop.t.sol', 'heal.sol', 'drip.t.sol', 'frob.t.sol', 'bite.sol']
1,['flop.sol', 'join.sol', 'flip.sol', 'frob.sol', 'flip.t.sol', 'flop.t.sol', 'heal.sol', 'drip.t.sol', 'tune.sol', 'bite.sol']
3,['flop.sol', 'join.sol', 'flip.sol', 'frob.sol', 'flip.t.sol', 'flop.t.sol', 'heal.sol', 'heal.t.sol', 'flap.sol', 'drip.sol']
2,['flop.sol', 'join.sol', 'flip.sol', 'frob.sol', 'flip.t.sol', 'flop.t.sol', 'heal.sol', 'heal.t.sol', 'flap.sol', 'frob.t.sol']
1,['flop.sol', 'join.sol', 'flip.sol', 'frob.sol', 'flip.t.sol', 'flop.t.sol', 'heal.sol', 'heal.t.sol', 'flap.sol', 'tune.sol']
2,['flop.sol', 'join.sol', 'flip.sol', 'frob.sol', 'flip.t.sol', 'flop.t.sol', 'heal.sol', 'heal.t.sol', 'flap.sol', 'bite.sol']
2,['flop.sol', 'join.sol', 'flip.sol', 'frob.sol', 'flip.t.sol', 'flop.t.sol', 'heal.sol', 'heal.t.sol', 'drip.sol', 'frob.t.sol']
2,['flop.sol', 'join.sol', 'flip.sol', 'frob.sol', 'flip.t.sol', 'flop.t.sol', 'heal.sol', 'heal.t.sol', 'drip.sol', 'tune.sol']
2,['flop.sol', 'join.sol', 'flip.sol', 'frob.sol', 'flip.t.sol', 'flop.t.sol', 'heal.sol', 'heal.t.sol', 'drip.sol', 'bite.sol']
2,['flop.sol', 'join.sol', 'flip.sol', 'frob.sol', 'flip.t.sol', 'flop.t.sol', 'heal.sol', 'heal.t.sol', 'frob.t.sol', 'tune.sol']
2,['flop.sol', 'join.sol', 'flip.sol', 'frob.sol', 'flip.t.sol', 'flop.t.sol', 'heal.sol', 'heal.t.sol', 'frob.t.sol', 'bite.sol']
2,['flop.sol', 'join.sol', 'flip.sol', 'frob.sol', 'flip.t.sol', 'flop.t.sol', 'heal.sol', 'heal.t.sol', 'tune.sol', 'bite.sol']
2,['flop.sol', 'join.sol', 'flip.sol', 'frob.sol', 'flip.t.sol', 'flop.t.sol', 'heal.sol', 'flap.sol', 'drip.sol', 'frob.t.sol']
1,['flop.sol', 'join.sol', 'flip.sol', 'frob.sol', 'flip.t.sol', 'flop.t.sol', 'heal.sol', 'flap.sol', 'drip.sol', 'tune.sol']
2,['flop.sol', 'join.sol', 'flip.sol', 'frob.sol', 'flip.t.sol', 'flop.t.sol', 'heal.sol', 'flap.sol', 'drip.sol', 'bite.sol']
2,['flop.sol', 'join.sol', 'flip.sol', 'frob.sol', 'flip.t.sol', 'flop.t.sol', 'heal.sol', 'flap.sol', 'frob.t.sol', 'tune.sol']
2,['flop.sol', 'join.sol', 'flip.sol', 'frob.sol', 'flip.t.sol', 'flop.t.sol', 'heal.sol', 'flap.sol', 'frob.t.sol', 'bite.sol']
1,['flop.sol', 'join.sol', 'flip.sol', 'frob.sol', 'flip.t.sol', 'flop.t.sol', 'heal.sol', 'flap.sol', 'tune.sol', 'bite.sol']
2,['flop.sol', 'join.sol', 'flip.sol', 'frob.sol', 'flip.t.sol', 'flop.t.sol', 'heal.sol', 'drip.sol', 'frob.t.sol', 'tune.sol']
2,['flop.sol', 'join.sol', 'flip.sol', 'frob.sol', 'flip.t.sol', 'flop.t.sol', 'heal.sol', 'drip.sol', 'frob.t.sol', 'bite.sol']
1,['flop.sol', 'join.sol', 'flip.sol', 'frob.sol', 'flip.t.sol', 'flop.t.sol', 'heal.sol', 'drip.sol', 'tune.sol', 'bite.sol']
2,['flop.sol', 'join.sol', 'flip.sol', 'frob.sol', 'flip.t.sol', 'flop.t.sol', 'heal.sol', 'frob.t.sol', 'tune.sol', 'bite.sol']
2,['flop.sol', 'join.sol', 'flip.sol', 'frob.sol', 'flip.t.sol', 'flop.t.sol', 'drip.t.sol', 'heal.t.sol', 'flap.sol', 'drip.sol']
2,['flop.sol', 'join.sol', 'flip.sol', 'frob.sol', 'flip.t.sol', 'flop.t.sol', 'drip.t.sol', 'heal.t.sol', 'flap.sol', 'frob.t.sol']
2,['flop.sol', 'join.sol', 'flip.sol', 'frob.sol', 'flip.t.sol', 'flop.t.sol', 'drip.t.sol', 'heal.t.sol', 'flap.sol', 'tune.sol']
2,['flop.sol', 'join.sol', 'flip.sol', 'frob.sol', 'flip.t.sol', 'flop.t.sol', 'drip.t.sol', 'heal.t.sol', 'flap.sol', 'bite.sol']
2,['flop.sol', 'join.sol', 'flip.sol', 'frob.sol', 'flip.t.sol', 'flop.t.sol', 'drip.t.sol', 'heal.t.sol', 'drip.sol', 'frob.t.sol']
2,['flop.sol', 'join.sol', 'flip.sol', 'frob.sol', 'flip.t.sol', 'flop.t.sol', 'drip.t.sol', 'heal.t.sol', 'drip.sol', 'tune.sol']
1,['flop.sol', 'join.sol', 'flip.sol', 'frob.sol', 'flip.t.sol', 'flop.t.sol', 'drip.t.sol', 'heal.t.sol', 'drip.sol', 'bite.sol']
2,['flop.sol', 'join.sol', 'flip.sol', 'frob.sol', 'flip.t.sol', 'flop.t.sol', 'drip.t.sol', 'heal.t.sol', 'frob.t.sol', 'tune.sol']
1,['flop.sol', 'join.sol', 'flip.sol', 'frob.sol', 'flip.t.sol', 'flop.t.sol', 'drip.t.sol', 'heal.t.sol', 'frob.t.sol', 'bite.sol']
2,['flop.sol', 'join.sol', 'flip.sol', 'frob.sol', 'flip.t.sol', 'flop.t.sol', 'drip.t.sol', 'heal.t.sol', 'tune.sol', 'bite.sol']
2,['flop.sol', 'join.sol', 'flip.sol', 'frob.sol', 'flip.t.sol', 'flop.t.sol', 'drip.t.sol', 'flap.sol', 'drip.sol', 'frob.t.sol']
1,['flop.sol', 'join.sol', 'flip.sol', 'frob.sol', 'flip.t.sol', 'flop.t.sol', 'drip.t.sol', 'flap.sol', 'drip.sol', 'tune.sol']
1,['flop.sol', 'join.sol', 'flip.sol', 'frob.sol', 'flip.t.sol', 'flop.t.sol', 'drip.t.sol', 'flap.sol', 'drip.sol', 'bite.sol']
2,['flop.sol', 'join.sol', 'flip.sol', 'frob.sol', 'flip.t.sol', 'flop.t.sol', 'drip.t.sol', 'flap.sol', 'frob.t.sol', 'tune.sol']
2,['flop.sol', 'join.sol', 'flip.sol', 'frob.sol', 'flip.t.sol', 'flop.t.sol', 'drip.t.sol', 'flap.sol', 'frob.t.sol', 'bite.sol']
1,['flop.sol', 'join.sol', 'flip.sol', 'frob.sol', 'flip.t.sol', 'flop.t.sol', 'drip.t.sol', 'flap.sol', 'tune.sol', 'bite.sol']
2,['flop.sol', 'join.sol', 'flip.sol', 'frob.sol', 'flip.t.sol', 'flop.t.sol', 'drip.t.sol', 'drip.sol', 'frob.t.sol', 'tune.sol']
2,['flop.sol', 'join.sol', 'flip.sol', 'frob.sol', 'flip.t.sol', 'flop.t.sol', 'drip.t.sol', 'drip.sol', 'frob.t.sol', 'bite.sol']
1,['flop.sol', 'join.sol', 'flip.sol', 'frob.sol', 'flip.t.sol', 'flop.t.sol', 'drip.t.sol', 'drip.sol', 'tune.sol', 'bite.sol']
2,['flop.sol', 'join.sol', 'flip.sol', 'frob.sol', 'flip.t.sol', 'flop.t.sol', 'drip.t.sol', 'frob.t.sol', 'tune.sol', 'bite.sol']
2,['flop.sol', 'join.sol', 'flip.sol', 'frob.sol', 'flip.t.sol', 'flop.t.sol', 'heal.t.sol', 'flap.sol', 'drip.sol', 'frob.t.sol']
2,['flop.sol', 'join.sol', 'flip.sol', 'frob.sol', 'flip.t.sol', 'flop.t.sol', 'heal.t.sol', 'flap.sol', 'drip.sol', 'tune.sol']
2,['flop.sol', 'join.sol', 'flip.sol', 'frob.sol', 'flip.t.sol', 'flop.t.sol', 'heal.t.sol', 'flap.sol', 'drip.sol', 'bite.sol']
2,['flop.sol', 'join.sol', 'flip.sol', 'frob.sol', 'flip.t.sol', 'flop.t.sol', 'heal.t.sol', 'flap.sol', 'frob.t.sol', 'tune.sol']
2,['flop.sol', 'join.sol', 'flip.sol', 'frob.sol', 'flip.t.sol', 'flop.t.sol', 'heal.t.sol', 'flap.sol', 'frob.t.sol', 'bite.sol']
1,['flop.sol', 'join.sol', 'flip.sol', 'frob.sol', 'flip.t.sol', 'flop.t.sol', 'heal.t.sol', 'flap.sol', 'tune.sol', 'bite.sol']
2,['flop.sol', 'join.sol', 'flip.sol', 'frob.sol', 'flip.t.sol', 'flop.t.sol', 'heal.t.sol', 'drip.sol', 'frob.t.sol', 'tune.sol']
2,['flop.sol', 'join.sol', 'flip.sol', 'frob.sol', 'flip.t.sol', 'flop.t.sol', 'heal.t.sol', 'drip.sol', 'frob.t.sol', 'bite.sol']
2,['flop.sol', 'join.sol', 'flip.sol', 'frob.sol', 'flip.t.sol', 'flop.t.sol', 'heal.t.sol', 'drip.sol', 'tune.sol', 'bite.sol']
2,['flop.sol', 'join.sol', 'flip.sol', 'frob.sol', 'flip.t.sol', 'flop.t.sol', 'heal.t.sol', 'frob.t.sol', 'tune.sol', 'bite.sol']
2,['flop.sol', 'join.sol', 'flip.sol', 'frob.sol', 'flip.t.sol', 'flop.t.sol', 'flap.sol', 'drip.sol', 'frob.t.sol', 'tune.sol']
2,['flop.sol', 'join.sol', 'flip.sol', 'frob.sol', 'flip.t.sol', 'flop.t.sol', 'flap.sol', 'drip.sol', 'frob.t.sol', 'bite.sol']
1,['flop.sol', 'join.sol', 'flip.sol', 'frob.sol', 'flip.t.sol', 'flop.t.sol', 'flap.sol', 'drip.sol', 'tune.sol', 'bite.sol']
2,['flop.sol', 'join.sol', 'flip.sol', 'frob.sol', 'flip.t.sol', 'flop.t.sol', 'flap.sol', 'frob.t.sol', 'tune.sol', 'bite.sol']
2,['flop.sol', 'join.sol', 'flip.sol', 'frob.sol', 'flip.t.sol', 'flop.t.sol', 'drip.sol', 'frob.t.sol', 'tune.sol', 'bite.sol']
2,['flop.sol', 'join.sol', 'flip.sol', 'frob.sol', 'flip.t.sol', 'flap.t.sol', 'heal.sol', 'drip.t.sol', 'heal.t.sol', 'flap.sol']
1,['flop.sol', 'join.sol', 'flip.sol', 'frob.sol', 'flip.t.sol', 'flap.t.sol', 'heal.sol', 'drip.t.sol', 'heal.t.sol', 'drip.sol']
2,['flop.sol', 'join.sol', 'flip.sol', 'frob.sol', 'flip.t.sol', 'flap.t.sol', 'heal.sol', 'drip.t.sol', 'heal.t.sol', 'frob.t.sol']
1,['flop.sol', 'join.sol', 'flip.sol', 'frob.sol', 'flip.t.sol', 'flap.t.sol', 'heal.sol', 'drip.t.sol', 'heal.t.sol', 'tune.sol']
1,['flop.sol', 'join.sol', 'flip.sol', 'frob.sol', 'flip.t.sol', 'flap.t.sol', 'heal.sol', 'drip.t.sol', 'heal.t.sol', 'bite.sol']
2,['flop.sol', 'join.sol', 'flip.sol', 'frob.sol', 'flip.t.sol', 'flap.t.sol', 'heal.sol', 'drip.t.sol', 'flap.sol', 'drip.sol']
3,['flop.sol', 'join.sol', 'flip.sol', 'frob.sol', 'flip.t.sol', 'flap.t.sol', 'heal.sol', 'drip.t.sol', 'flap.sol', 'frob.t.sol']
1,['flop.sol', 'join.sol', 'flip.sol', 'frob.sol', 'flip.t.sol', 'flap.t.sol', 'heal.sol', 'drip.t.sol', 'flap.sol', 'tune.sol']
1,['flop.sol', 'join.sol', 'flip.sol', 'frob.sol', 'flip.t.sol', 'flap.t.sol', 'heal.sol', 'drip.t.sol', 'flap.sol', 'bite.sol']
2,['flop.sol', 'join.sol', 'flip.sol', 'frob.sol', 'flip.t.sol', 'flap.t.sol', 'heal.sol', 'drip.t.sol', 'drip.sol', 'frob.t.sol']
1,['flop.sol', 'join.sol', 'flip.sol', 'frob.sol', 'flip.t.sol', 'flap.t.sol', 'heal.sol', 'drip.t.sol', 'drip.sol', 'tune.sol']
1,['flop.sol', 'join.sol', 'flip.sol', 'frob.sol', 'flip.t.sol', 'flap.t.sol', 'heal.sol', 'drip.t.sol', 'drip.sol', 'bite.sol']
2,['flop.sol', 'join.sol', 'flip.sol', 'frob.sol', 'flip.t.sol', 'flap.t.sol', 'heal.sol', 'drip.t.sol', 'frob.t.sol', 'tune.sol']
2,['flop.sol', 'join.sol', 'flip.sol', 'frob.sol', 'flip.t.sol', 'flap.t.sol', 'heal.sol', 'drip.t.sol', 'frob.t.sol', 'bite.sol']
1,['flop.sol', 'join.sol', 'flip.sol', 'frob.sol', 'flip.t.sol', 'flap.t.sol', 'heal.sol', 'drip.t.sol', 'tune.sol', 'bite.sol']
3,['flop.sol', 'join.sol', 'flip.sol', 'frob.sol', 'flip.t.sol', 'flap.t.sol', 'heal.sol', 'heal.t.sol', 'flap.sol', 'drip.sol']
2,['flop.sol', 'join.sol', 'flip.sol', 'frob.sol', 'flip.t.sol', 'flap.t.sol', 'heal.sol', 'heal.t.sol', 'flap.sol', 'frob.t.sol']
1,['flop.sol', 'join.sol', 'flip.sol', 'frob.sol', 'flip.t.sol', 'flap.t.sol', 'heal.sol', 'heal.t.sol', 'flap.sol', 'tune.sol']
1,['flop.sol', 'join.sol', 'flip.sol', 'frob.sol', 'flip.t.sol', 'flap.t.sol', 'heal.sol', 'heal.t.sol', 'flap.sol', 'bite.sol']
2,['flop.sol', 'join.sol', 'flip.sol', 'frob.sol', 'flip.t.sol', 'flap.t.sol', 'heal.sol', 'heal.t.sol', 'drip.sol', 'frob.t.sol']
2,['flop.sol', 'join.sol', 'flip.sol', 'frob.sol', 'flip.t.sol', 'flap.t.sol', 'heal.sol', 'heal.t.sol', 'drip.sol', 'tune.sol']
2,['flop.sol', 'join.sol', 'flip.sol', 'frob.sol', 'flip.t.sol', 'flap.t.sol', 'heal.sol', 'heal.t.sol', 'drip.sol', 'bite.sol']
2,['flop.sol', 'join.sol', 'flip.sol', 'frob.sol', 'flip.t.sol', 'flap.t.sol', 'heal.sol', 'heal.t.sol', 'frob.t.sol', 'tune.sol']
2,['flop.sol', 'join.sol', 'flip.sol', 'frob.sol', 'flip.t.sol', 'flap.t.sol', 'heal.sol', 'heal.t.sol', 'frob.t.sol', 'bite.sol']
2,['flop.sol', 'join.sol', 'flip.sol', 'frob.sol', 'flip.t.sol', 'flap.t.sol', 'heal.sol', 'heal.t.sol', 'tune.sol', 'bite.sol']
2,['flop.sol', 'join.sol', 'flip.sol', 'frob.sol', 'flip.t.sol', 'flap.t.sol', 'heal.sol', 'flap.sol', 'drip.sol', 'frob.t.sol']
1,['flop.sol', 'join.sol', 'flip.sol', 'frob.sol', 'flip.t.sol', 'flap.t.sol', 'heal.sol', 'flap.sol', 'drip.sol', 'tune.sol']
2,['flop.sol', 'join.sol', 'flip.sol', 'frob.sol', 'flip.t.sol', 'flap.t.sol', 'heal.sol', 'flap.sol', 'drip.sol', 'bite.sol']
2,['flop.sol', 'join.sol', 'flip.sol', 'frob.sol', 'flip.t.sol', 'flap.t.sol', 'heal.sol', 'flap.sol', 'frob.t.sol', 'tune.sol']
2,['flop.sol', 'join.sol', 'flip.sol', 'frob.sol', 'flip.t.sol', 'flap.t.sol', 'heal.sol', 'flap.sol', 'frob.t.sol', 'bite.sol']
1,['flop.sol', 'join.sol', 'flip.sol', 'frob.sol', 'flip.t.sol', 'flap.t.sol', 'heal.sol', 'flap.sol', 'tune.sol', 'bite.sol']
2,['flop.sol', 'join.sol', 'flip.sol', 'frob.sol', 'flip.t.sol', 'flap.t.sol', 'heal.sol', 'drip.sol', 'frob.t.sol', 'tune.sol']
2,['flop.sol', 'join.sol', 'flip.sol', 'frob.sol', 'flip.t.sol', 'flap.t.sol', 'heal.sol', 'drip.sol', 'frob.t.sol', 'bite.sol']
1,['flop.sol', 'join.sol', 'flip.sol', 'frob.sol', 'flip.t.sol', 'flap.t.sol', 'heal.sol', 'drip.sol', 'tune.sol', 'bite.sol']
2,['flop.sol', 'join.sol', 'flip.sol', 'frob.sol', 'flip.t.sol', 'flap.t.sol', 'heal.sol', 'frob.t.sol', 'tune.sol', 'bite.sol']
2,['flop.sol', 'join.sol', 'flip.sol', 'frob.sol', 'flip.t.sol', 'flap.t.sol', 'drip.t.sol', 'heal.t.sol', 'flap.sol', 'drip.sol']
2,['flop.sol', 'join.sol', 'flip.sol', 'frob.sol', 'flip.t.sol', 'flap.t.sol', 'drip.t.sol', 'heal.t.sol', 'flap.sol', 'frob.t.sol']
2,['flop.sol', 'join.sol', 'flip.sol', 'frob.sol', 'flip.t.sol', 'flap.t.sol', 'drip.t.sol', 'heal.t.sol', 'flap.sol', 'tune.sol']
2,['flop.sol', 'join.sol', 'flip.sol', 'frob.sol', 'flip.t.sol', 'flap.t.sol', 'drip.t.sol', 'heal.t.sol', 'flap.sol', 'bite.sol']
2,['flop.sol', 'join.sol', 'flip.sol', 'frob.sol', 'flip.t.sol', 'flap.t.sol', 'drip.t.sol', 'heal.t.sol', 'drip.sol', 'frob.t.sol']
2,['flop.sol', 'join.sol', 'flip.sol', 'frob.sol', 'flip.t.sol', 'flap.t.sol', 'drip.t.sol', 'heal.t.sol', 'drip.sol', 'tune.sol']
1,['flop.sol', 'join.sol', 'flip.sol', 'frob.sol', 'flip.t.sol', 'flap.t.sol', 'drip.t.sol', 'heal.t.sol', 'drip.sol', 'bite.sol']
2,['flop.sol', 'join.sol', 'flip.sol', 'frob.sol', 'flip.t.sol', 'flap.t.sol', 'drip.t.sol', 'heal.t.sol', 'frob.t.sol', 'tune.sol']
1,['flop.sol', 'join.sol', 'flip.sol', 'frob.sol', 'flip.t.sol', 'flap.t.sol', 'drip.t.sol', 'heal.t.sol', 'frob.t.sol', 'bite.sol']
2,['flop.sol', 'join.sol', 'flip.sol', 'frob.sol', 'flip.t.sol', 'flap.t.sol', 'drip.t.sol', 'heal.t.sol', 'tune.sol', 'bite.sol']
2,['flop.sol', 'join.sol', 'flip.sol', 'frob.sol', 'flip.t.sol', 'flap.t.sol', 'drip.t.sol', 'flap.sol', 'drip.sol', 'frob.t.sol']
1,['flop.sol', 'join.sol', 'flip.sol', 'frob.sol', 'flip.t.sol', 'flap.t.sol', 'drip.t.sol', 'flap.sol', 'drip.sol', 'tune.sol']
1,['flop.sol', 'join.sol', 'flip.sol', 'frob.sol', 'flip.t.sol', 'flap.t.sol', 'drip.t.sol', 'flap.sol', 'drip.sol', 'bite.sol']
2,['flop.sol', 'join.sol', 'flip.sol', 'frob.sol', 'flip.t.sol', 'flap.t.sol', 'drip.t.sol', 'flap.sol', 'frob.t.sol', 'tune.sol']
2,['flop.sol', 'join.sol', 'flip.sol', 'frob.sol', 'flip.t.sol', 'flap.t.sol', 'drip.t.sol', 'flap.sol', 'frob.t.sol', 'bite.sol']
1,['flop.sol', 'join.sol', 'flip.sol', 'frob.sol', 'flip.t.sol', 'flap.t.sol', 'drip.t.sol', 'flap.sol', 'tune.sol', 'bite.sol']
2,['flop.sol', 'join.sol', 'flip.sol', 'frob.sol', 'flip.t.sol', 'flap.t.sol', 'drip.t.sol', 'drip.sol', 'frob.t.sol', 'tune.sol']
2,['flop.sol', 'join.sol', 'flip.sol', 'frob.sol', 'flip.t.sol', 'flap.t.sol', 'drip.t.sol', 'drip.sol', 'frob.t.sol', 'bite.sol']
1,['flop.sol', 'join.sol', 'flip.sol', 'frob.sol', 'flip.t.sol', 'flap.t.sol', 'drip.t.sol', 'drip.sol', 'tune.sol', 'bite.sol']
2,['flop.sol', 'join.sol', 'flip.sol', 'frob.sol', 'flip.t.sol', 'flap.t.sol', 'drip.t.sol', 'frob.t.sol', 'tune.sol', 'bite.sol']
2,['flop.sol', 'join.sol', 'flip.sol', 'frob.sol', 'flip.t.sol', 'flap.t.sol', 'heal.t.sol', 'flap.sol', 'drip.sol', 'frob.t.sol']
2,['flop.sol', 'join.sol', 'flip.sol', 'frob.sol', 'flip.t.sol', 'flap.t.sol', 'heal.t.sol', 'flap.sol', 'drip.sol', 'tune.sol']
2,['flop.sol', 'join.sol', 'flip.sol', 'frob.sol', 'flip.t.sol', 'flap.t.sol', 'heal.t.sol', 'flap.sol', 'drip.sol', 'bite.sol']
2,['flop.sol', 'join.sol', 'flip.sol', 'frob.sol', 'flip.t.sol', 'flap.t.sol', 'heal.t.sol', 'flap.sol', 'frob.t.sol', 'tune.sol']
2,['flop.sol', 'join.sol', 'flip.sol', 'frob.sol', 'flip.t.sol', 'flap.t.sol', 'heal.t.sol', 'flap.sol', 'frob.t.sol', 'bite.sol']
1,['flop.sol', 'join.sol', 'flip.sol', 'frob.sol', 'flip.t.sol', 'flap.t.sol', 'heal.t.sol', 'flap.sol', 'tune.sol', 'bite.sol']
2,['flop.sol', 'join.sol', 'flip.sol', 'frob.sol', 'flip.t.sol', 'flap.t.sol', 'heal.t.sol', 'drip.sol', 'frob.t.sol', 'tune.sol']
2,['flop.sol', 'join.sol', 'flip.sol', 'frob.sol', 'flip.t.sol', 'flap.t.sol', 'heal.t.sol', 'drip.sol', 'frob.t.sol', 'bite.sol']
2,['flop.sol', 'join.sol', 'flip.sol', 'frob.sol', 'flip.t.sol', 'flap.t.sol', 'heal.t.sol', 'drip.sol', 'tune.sol', 'bite.sol']
2,['flop.sol', 'join.sol', 'flip.sol', 'frob.sol', 'flip.t.sol', 'flap.t.sol', 'heal.t.sol', 'frob.t.sol', 'tune.sol', 'bite.sol']
2,['flop.sol', 'join.sol', 'flip.sol', 'frob.sol', 'flip.t.sol', 'flap.t.sol', 'flap.sol', 'drip.sol', 'frob.t.sol', 'tune.sol']
2,['flop.sol', 'join.sol', 'flip.sol', 'frob.sol', 'flip.t.sol', 'flap.t.sol', 'flap.sol', 'drip.sol', 'frob.t.sol', 'bite.sol']
1,['flop.sol', 'join.sol', 'flip.sol', 'frob.sol', 'flip.t.sol', 'flap.t.sol', 'flap.sol', 'drip.sol', 'tune.sol', 'bite.sol']
2,['flop.sol', 'join.sol', 'flip.sol', 'frob.sol', 'flip.t.sol', 'flap.t.sol', 'flap.sol', 'frob.t.sol', 'tune.sol', 'bite.sol']
2,['flop.sol', 'join.sol', 'flip.sol', 'frob.sol', 'flip.t.sol', 'flap.t.sol', 'drip.sol', 'frob.t.sol', 'tune.sol', 'bite.sol']
1,['flop.sol', 'join.sol', 'flip.sol', 'frob.sol', 'flip.t.sol', 'heal.sol', 'drip.t.sol', 'heal.t.sol', 'flap.sol', 'drip.sol']
2,['flop.sol', 'join.sol', 'flip.sol', 'frob.sol', 'flip.t.sol', 'heal.sol', 'drip.t.sol', 'heal.t.sol', 'flap.sol', 'frob.t.sol']
1,['flop.sol', 'join.sol', 'flip.sol', 'frob.sol', 'flip.t.sol', 'heal.sol', 'drip.t.sol', 'heal.t.sol', 'flap.sol', 'tune.sol']
1,['flop.sol', 'join.sol', 'flip.sol', 'frob.sol', 'flip.t.sol', 'heal.sol', 'drip.t.sol', 'heal.t.sol', 'flap.sol', 'bite.sol']
2,['flop.sol', 'join.sol', 'flip.sol', 'frob.sol', 'flip.t.sol', 'heal.sol', 'drip.t.sol', 'heal.t.sol', 'drip.sol', 'frob.t.sol']
1,['flop.sol', 'join.sol', 'flip.sol', 'frob.sol', 'flip.t.sol', 'heal.sol', 'drip.t.sol', 'heal.t.sol', 'drip.sol', 'tune.sol']
1,['flop.sol', 'join.sol', 'flip.sol', 'frob.sol', 'flip.t.sol', 'heal.sol', 'drip.t.sol', 'heal.t.sol', 'drip.sol', 'bite.sol']
1,['flop.sol', 'join.sol', 'flip.sol', 'frob.sol', 'flip.t.sol', 'heal.sol', 'drip.t.sol', 'heal.t.sol', 'frob.t.sol', 'tune.sol']
1,['flop.sol', 'join.sol', 'flip.sol', 'frob.sol', 'flip.t.sol', 'heal.sol', 'drip.t.sol', 'heal.t.sol', 'frob.t.sol', 'bite.sol']
1,['flop.sol', 'join.sol', 'flip.sol', 'frob.sol', 'flip.t.sol', 'heal.sol', 'drip.t.sol', 'heal.t.sol', 'tune.sol', 'bite.sol']
2,['flop.sol', 'join.sol', 'flip.sol', 'frob.sol', 'flip.t.sol', 'heal.sol', 'drip.t.sol', 'flap.sol', 'drip.sol', 'frob.t.sol']
1,['flop.sol', 'join.sol', 'flip.sol', 'frob.sol', 'flip.t.sol', 'heal.sol', 'drip.t.sol', 'flap.sol', 'drip.sol', 'tune.sol']
2,['flop.sol', 'join.sol', 'flip.sol', 'frob.sol', 'flip.t.sol', 'heal.sol', 'drip.t.sol', 'flap.sol', 'drip.sol', 'bite.sol']
2,['flop.sol', 'join.sol', 'flip.sol', 'frob.sol', 'flip.t.sol', 'heal.sol', 'drip.t.sol', 'flap.sol', 'frob.t.sol', 'tune.sol']
1,['flop.sol', 'join.sol', 'flip.sol', 'frob.sol', 'flip.t.sol', 'heal.sol', 'drip.t.sol', 'flap.sol', 'frob.t.sol', 'bite.sol']
1,['flop.sol', 'join.sol', 'flip.sol', 'frob.sol', 'flip.t.sol', 'heal.sol', 'drip.t.sol', 'flap.sol', 'tune.sol', 'bite.sol']
1,['flop.sol', 'join.sol', 'flip.sol', 'frob.sol', 'flip.t.sol', 'heal.sol', 'drip.t.sol', 'drip.sol', 'frob.t.sol', 'tune.sol']
1,['flop.sol', 'join.sol', 'flip.sol', 'frob.sol', 'flip.t.sol', 'heal.sol', 'drip.t.sol', 'drip.sol', 'frob.t.sol', 'bite.sol']
1,['flop.sol', 'join.sol', 'flip.sol', 'frob.sol', 'flip.t.sol', 'heal.sol', 'drip.t.sol', 'drip.sol', 'tune.sol', 'bite.sol']
1,['flop.sol', 'join.sol', 'flip.sol', 'frob.sol', 'flip.t.sol', 'heal.sol', 'drip.t.sol', 'frob.t.sol', 'tune.sol', 'bite.sol']
2,['flop.sol', 'join.sol', 'flip.sol', 'frob.sol', 'flip.t.sol', 'heal.sol', 'heal.t.sol', 'flap.sol', 'drip.sol', 'frob.t.sol']
2,['flop.sol', 'join.sol', 'flip.sol', 'frob.sol', 'flip.t.sol', 'heal.sol', 'heal.t.sol', 'flap.sol', 'drip.sol', 'tune.sol']
2,['flop.sol', 'join.sol', 'flip.sol', 'frob.sol', 'flip.t.sol', 'heal.sol', 'heal.t.sol', 'flap.sol', 'drip.sol', 'bite.sol']
2,['flop.sol', 'join.sol', 'flip.sol', 'frob.sol', 'flip.t.sol', 'heal.sol', 'heal.t.sol', 'flap.sol', 'frob.t.sol', 'tune.sol']
2,['flop.sol', 'join.sol', 'flip.sol', 'frob.sol', 'flip.t.sol', 'heal.sol', 'heal.t.sol', 'flap.sol', 'frob.t.sol', 'bite.sol']
1,['flop.sol', 'join.sol', 'flip.sol', 'frob.sol', 'flip.t.sol', 'heal.sol', 'heal.t.sol', 'flap.sol', 'tune.sol', 'bite.sol']
2,['flop.sol', 'join.sol', 'flip.sol', 'frob.sol', 'flip.t.sol', 'heal.sol', 'heal.t.sol', 'drip.sol', 'frob.t.sol', 'tune.sol']
2,['flop.sol', 'join.sol', 'flip.sol', 'frob.sol', 'flip.t.sol', 'heal.sol', 'heal.t.sol', 'drip.sol', 'frob.t.sol', 'bite.sol']
2,['flop.sol', 'join.sol', 'flip.sol', 'frob.sol', 'flip.t.sol', 'heal.sol', 'heal.t.sol', 'drip.sol', 'tune.sol', 'bite.sol']
2,['flop.sol', 'join.sol', 'flip.sol', 'frob.sol', 'flip.t.sol', 'heal.sol', 'heal.t.sol', 'frob.t.sol', 'tune.sol', 'bite.sol']
2,['flop.sol', 'join.sol', 'flip.sol', 'frob.sol', 'flip.t.sol', 'heal.sol', 'flap.sol', 'drip.sol', 'frob.t.sol', 'tune.sol']
2,['flop.sol', 'join.sol', 'flip.sol', 'frob.sol', 'flip.t.sol', 'heal.sol', 'flap.sol', 'drip.sol', 'frob.t.sol', 'bite.sol']
1,['flop.sol', 'join.sol', 'flip.sol', 'frob.sol', 'flip.t.sol', 'heal.sol', 'flap.sol', 'drip.sol', 'tune.sol', 'bite.sol']
2,['flop.sol', 'join.sol', 'flip.sol', 'frob.sol', 'flip.t.sol', 'heal.sol', 'flap.sol', 'frob.t.sol', 'tune.sol', 'bite.sol']
2,['flop.sol', 'join.sol', 'flip.sol', 'frob.sol', 'flip.t.sol', 'heal.sol', 'drip.sol', 'frob.t.sol', 'tune.sol', 'bite.sol']
2,['flop.sol', 'join.sol', 'flip.sol', 'frob.sol', 'flip.t.sol', 'drip.t.sol', 'heal.t.sol', 'flap.sol', 'drip.sol', 'frob.t.sol']
2,['flop.sol', 'join.sol', 'flip.sol', 'frob.sol', 'flip.t.sol', 'drip.t.sol', 'heal.t.sol', 'flap.sol', 'drip.sol', 'tune.sol']
1,['flop.sol', 'join.sol', 'flip.sol', 'frob.sol', 'flip.t.sol', 'drip.t.sol', 'heal.t.sol', 'flap.sol', 'drip.sol', 'bite.sol']
2,['flop.sol', 'join.sol', 'flip.sol', 'frob.sol', 'flip.t.sol', 'drip.t.sol', 'heal.t.sol', 'flap.sol', 'frob.t.sol', 'tune.sol']
1,['flop.sol', 'join.sol', 'flip.sol', 'frob.sol', 'flip.t.sol', 'drip.t.sol', 'heal.t.sol', 'flap.sol', 'frob.t.sol', 'bite.sol']
2,['flop.sol', 'join.sol', 'flip.sol', 'frob.sol', 'flip.t.sol', 'drip.t.sol', 'heal.t.sol', 'flap.sol', 'tune.sol', 'bite.sol']
1,['flop.sol', 'join.sol', 'flip.sol', 'frob.sol', 'flip.t.sol', 'drip.t.sol', 'heal.t.sol', 'drip.sol', 'frob.t.sol', 'tune.sol']
1,['flop.sol', 'join.sol', 'flip.sol', 'frob.sol', 'flip.t.sol', 'drip.t.sol', 'heal.t.sol', 'drip.sol', 'frob.t.sol', 'bite.sol']
2,['flop.sol', 'join.sol', 'flip.sol', 'frob.sol', 'flip.t.sol', 'drip.t.sol', 'heal.t.sol', 'drip.sol', 'tune.sol', 'bite.sol']
1,['flop.sol', 'join.sol', 'flip.sol', 'frob.sol', 'flip.t.sol', 'drip.t.sol', 'heal.t.sol', 'frob.t.sol', 'tune.sol', 'bite.sol']
2,['flop.sol', 'join.sol', 'flip.sol', 'frob.sol', 'flip.t.sol', 'drip.t.sol', 'flap.sol', 'drip.sol', 'frob.t.sol', 'tune.sol']
2,['flop.sol', 'join.sol', 'flip.sol', 'frob.sol', 'flip.t.sol', 'drip.t.sol', 'flap.sol', 'drip.sol', 'frob.t.sol', 'bite.sol']
1,['flop.sol', 'join.sol', 'flip.sol', 'frob.sol', 'flip.t.sol', 'drip.t.sol', 'flap.sol', 'drip.sol', 'tune.sol', 'bite.sol']
2,['flop.sol', 'join.sol', 'flip.sol', 'frob.sol', 'flip.t.sol', 'drip.t.sol', 'flap.sol', 'frob.t.sol', 'tune.sol', 'bite.sol']
2,['flop.sol', 'join.sol', 'flip.sol', 'frob.sol', 'flip.t.sol', 'drip.t.sol', 'drip.sol', 'frob.t.sol', 'tune.sol', 'bite.sol']
2,['flop.sol', 'join.sol', 'flip.sol', 'frob.sol', 'flip.t.sol', 'heal.t.sol', 'flap.sol', 'drip.sol', 'frob.t.sol', 'tune.sol']
2,['flop.sol', 'join.sol', 'flip.sol', 'frob.sol', 'flip.t.sol', 'heal.t.sol', 'flap.sol', 'drip.sol', 'frob.t.sol', 'bite.sol']
2,['flop.sol', 'join.sol', 'flip.sol', 'frob.sol', 'flip.t.sol', 'heal.t.sol', 'flap.sol', 'drip.sol', 'tune.sol', 'bite.sol']
2,['flop.sol', 'join.sol', 'flip.sol', 'frob.sol', 'flip.t.sol', 'heal.t.sol', 'flap.sol', 'frob.t.sol', 'tune.sol', 'bite.sol']
2,['flop.sol', 'join.sol', 'flip.sol', 'frob.sol', 'flip.t.sol', 'heal.t.sol', 'drip.sol', 'frob.t.sol', 'tune.sol', 'bite.sol']
2,['flop.sol', 'join.sol', 'flip.sol', 'frob.sol', 'flip.t.sol', 'flap.sol', 'drip.sol', 'frob.t.sol', 'tune.sol', 'bite.sol']
1,['flop.sol', 'join.sol', 'flip.sol', 'frob.sol', 'move.sol', 'flop.t.sol', 'flap.t.sol', 'heal.sol', 'drip.t.sol', 'heal.t.sol']
4,['flop.sol', 'join.sol', 'flip.sol', 'frob.sol', 'move.sol', 'flop.t.sol', 'flap.t.sol', 'heal.sol', 'drip.t.sol', 'flap.sol']
2,['flop.sol', 'join.sol', 'flip.sol', 'frob.sol', 'move.sol', 'flop.t.sol', 'flap.t.sol', 'heal.sol', 'drip.t.sol', 'drip.sol']
2,['flop.sol', 'join.sol', 'flip.sol', 'frob.sol', 'move.sol', 'flop.t.sol', 'flap.t.sol', 'heal.sol', 'drip.t.sol', 'frob.t.sol']
3,['flop.sol', 'join.sol', 'flip.sol', 'frob.sol', 'move.sol', 'flop.t.sol', 'flap.t.sol', 'heal.sol', 'drip.t.sol', 'tune.sol']
2,['flop.sol', 'join.sol', 'flip.sol', 'frob.sol', 'move.sol', 'flop.t.sol', 'flap.t.sol', 'heal.sol', 'drip.t.sol', 'bite.sol']
3,['flop.sol', 'join.sol', 'flip.sol', 'frob.sol', 'move.sol', 'flop.t.sol', 'flap.t.sol', 'heal.sol', 'heal.t.sol', 'flap.sol']
3,['flop.sol', 'join.sol', 'flip.sol', 'frob.sol', 'move.sol', 'flop.t.sol', 'flap.t.sol', 'heal.sol', 'heal.t.sol', 'drip.sol']
2,['flop.sol', 'join.sol', 'flip.sol', 'frob.sol', 'move.sol', 'flop.t.sol', 'flap.t.sol', 'heal.sol', 'heal.t.sol', 'frob.t.sol']
2,['flop.sol', 'join.sol', 'flip.sol', 'frob.sol', 'move.sol', 'flop.t.sol', 'flap.t.sol', 'heal.sol', 'heal.t.sol', 'tune.sol']
2,['flop.sol', 'join.sol', 'flip.sol', 'frob.sol', 'move.sol', 'flop.t.sol', 'flap.t.sol', 'heal.sol', 'heal.t.sol', 'bite.sol']
2,['flop.sol', 'join.sol', 'flip.sol', 'frob.sol', 'move.sol', 'flop.t.sol', 'flap.t.sol', 'heal.sol', 'flap.sol', 'drip.sol']
2,['flop.sol', 'join.sol', 'flip.sol', 'frob.sol', 'move.sol', 'flop.t.sol', 'flap.t.sol', 'heal.sol', 'flap.sol', 'frob.t.sol']
1,['flop.sol', 'join.sol', 'flip.sol', 'frob.sol', 'move.sol', 'flop.t.sol', 'flap.t.sol', 'heal.sol', 'flap.sol', 'tune.sol']
2,['flop.sol', 'join.sol', 'flip.sol', 'frob.sol', 'move.sol', 'flop.t.sol', 'flap.t.sol', 'heal.sol', 'flap.sol', 'bite.sol']
2,['flop.sol', 'join.sol', 'flip.sol', 'frob.sol', 'move.sol', 'flop.t.sol', 'flap.t.sol', 'heal.sol', 'drip.sol', 'frob.t.sol']
1,['flop.sol', 'join.sol', 'flip.sol', 'frob.sol', 'move.sol', 'flop.t.sol', 'flap.t.sol', 'heal.sol', 'drip.sol', 'tune.sol']
2,['flop.sol', 'join.sol', 'flip.sol', 'frob.sol', 'move.sol', 'flop.t.sol', 'flap.t.sol', 'heal.sol', 'drip.sol', 'bite.sol']
2,['flop.sol', 'join.sol', 'flip.sol', 'frob.sol', 'move.sol', 'flop.t.sol', 'flap.t.sol', 'heal.sol', 'frob.t.sol', 'tune.sol']
2,['flop.sol', 'join.sol', 'flip.sol', 'frob.sol', 'move.sol', 'flop.t.sol', 'flap.t.sol', 'heal.sol', 'frob.t.sol', 'bite.sol']
1,['flop.sol', 'join.sol', 'flip.sol', 'frob.sol', 'move.sol', 'flop.t.sol', 'flap.t.sol', 'heal.sol', 'tune.sol', 'bite.sol']
3,['flop.sol', 'join.sol', 'flip.sol', 'frob.sol', 'move.sol', 'flop.t.sol', 'flap.t.sol', 'drip.t.sol', 'heal.t.sol', 'flap.sol']
1,['flop.sol', 'join.sol', 'flip.sol', 'frob.sol', 'move.sol', 'flop.t.sol', 'flap.t.sol', 'drip.t.sol', 'heal.t.sol', 'drip.sol']
2,['flop.sol', 'join.sol', 'flip.sol', 'frob.sol', 'move.sol', 'flop.t.sol', 'flap.t.sol', 'drip.t.sol', 'heal.t.sol', 'frob.t.sol']
2,['flop.sol', 'join.sol', 'flip.sol', 'frob.sol', 'move.sol', 'flop.t.sol', 'flap.t.sol', 'drip.t.sol', 'heal.t.sol', 'tune.sol']
1,['flop.sol', 'join.sol', 'flip.sol', 'frob.sol', 'move.sol', 'flop.t.sol', 'flap.t.sol', 'drip.t.sol', 'heal.t.sol', 'bite.sol']
3,['flop.sol', 'join.sol', 'flip.sol', 'frob.sol', 'move.sol', 'flop.t.sol', 'flap.t.sol', 'drip.t.sol', 'flap.sol', 'drip.sol']
3,['flop.sol', 'join.sol', 'flip.sol', 'frob.sol', 'move.sol', 'flop.t.sol', 'flap.t.sol', 'drip.t.sol', 'flap.sol', 'frob.t.sol']
1,['flop.sol', 'join.sol', 'flip.sol', 'frob.sol', 'move.sol', 'flop.t.sol', 'flap.t.sol', 'drip.t.sol', 'flap.sol', 'tune.sol']
3,['flop.sol', 'join.sol', 'flip.sol', 'frob.sol', 'move.sol', 'flop.t.sol', 'flap.t.sol', 'drip.t.sol', 'flap.sol', 'bite.sol']
3,['flop.sol', 'join.sol', 'flip.sol', 'frob.sol', 'move.sol', 'flop.t.sol', 'flap.t.sol', 'drip.t.sol', 'drip.sol', 'frob.t.sol']
2,['flop.sol', 'join.sol', 'flip.sol', 'frob.sol', 'move.sol', 'flop.t.sol', 'flap.t.sol', 'drip.t.sol', 'drip.sol', 'tune.sol']
3,['flop.sol', 'join.sol', 'flip.sol', 'frob.sol', 'move.sol', 'flop.t.sol', 'flap.t.sol', 'drip.t.sol', 'drip.sol', 'bite.sol']
2,['flop.sol', 'join.sol', 'flip.sol', 'frob.sol', 'move.sol', 'flop.t.sol', 'flap.t.sol', 'drip.t.sol', 'frob.t.sol', 'tune.sol']
2,['flop.sol', 'join.sol', 'flip.sol', 'frob.sol', 'move.sol', 'flop.t.sol', 'flap.t.sol', 'drip.t.sol', 'frob.t.sol', 'bite.sol']
2,['flop.sol', 'join.sol', 'flip.sol', 'frob.sol', 'move.sol', 'flop.t.sol', 'flap.t.sol', 'drip.t.sol', 'tune.sol', 'bite.sol']
4,['flop.sol', 'join.sol', 'flip.sol', 'frob.sol', 'move.sol', 'flop.t.sol', 'flap.t.sol', 'heal.t.sol', 'flap.sol', 'drip.sol']
2,['flop.sol', 'join.sol', 'flip.sol', 'frob.sol', 'move.sol', 'flop.t.sol', 'flap.t.sol', 'heal.t.sol', 'flap.sol', 'frob.t.sol']
2,['flop.sol', 'join.sol', 'flip.sol', 'frob.sol', 'move.sol', 'flop.t.sol', 'flap.t.sol', 'heal.t.sol', 'flap.sol', 'tune.sol']
3,['flop.sol', 'join.sol', 'flip.sol', 'frob.sol', 'move.sol', 'flop.t.sol', 'flap.t.sol', 'heal.t.sol', 'flap.sol', 'bite.sol']
2,['flop.sol', 'join.sol', 'flip.sol', 'frob.sol', 'move.sol', 'flop.t.sol', 'flap.t.sol', 'heal.t.sol', 'drip.sol', 'frob.t.sol']
2,['flop.sol', 'join.sol', 'flip.sol', 'frob.sol', 'move.sol', 'flop.t.sol', 'flap.t.sol', 'heal.t.sol', 'drip.sol', 'tune.sol']
2,['flop.sol', 'join.sol', 'flip.sol', 'frob.sol', 'move.sol', 'flop.t.sol', 'flap.t.sol', 'heal.t.sol', 'drip.sol', 'bite.sol']
3,['flop.sol', 'join.sol', 'flip.sol', 'frob.sol', 'move.sol', 'flop.t.sol', 'flap.t.sol', 'heal.t.sol', 'frob.t.sol', 'tune.sol']
2,['flop.sol', 'join.sol', 'flip.sol', 'frob.sol', 'move.sol', 'flop.t.sol', 'flap.t.sol', 'heal.t.sol', 'frob.t.sol', 'bite.sol']
2,['flop.sol', 'join.sol', 'flip.sol', 'frob.sol', 'move.sol', 'flop.t.sol', 'flap.t.sol', 'heal.t.sol', 'tune.sol', 'bite.sol']
3,['flop.sol', 'join.sol', 'flip.sol', 'frob.sol', 'move.sol', 'flop.t.sol', 'flap.t.sol', 'flap.sol', 'drip.sol', 'frob.t.sol']
1,['flop.sol', 'join.sol', 'flip.sol', 'frob.sol', 'move.sol', 'flop.t.sol', 'flap.t.sol', 'flap.sol', 'drip.sol', 'tune.sol']
2,['flop.sol', 'join.sol', 'flip.sol', 'frob.sol', 'move.sol', 'flop.t.sol', 'flap.t.sol', 'flap.sol', 'drip.sol', 'bite.sol']
2,['flop.sol', 'join.sol', 'flip.sol', 'frob.sol', 'move.sol', 'flop.t.sol', 'flap.t.sol', 'flap.sol', 'frob.t.sol', 'tune.sol']
3,['flop.sol', 'join.sol', 'flip.sol', 'frob.sol', 'move.sol', 'flop.t.sol', 'flap.t.sol', 'flap.sol', 'frob.t.sol', 'bite.sol']
1,['flop.sol', 'join.sol', 'flip.sol', 'frob.sol', 'move.sol', 'flop.t.sol', 'flap.t.sol', 'flap.sol', 'tune.sol', 'bite.sol']
2,['flop.sol', 'join.sol', 'flip.sol', 'frob.sol', 'move.sol', 'flop.t.sol', 'flap.t.sol', 'drip.sol', 'frob.t.sol', 'tune.sol']
3,['flop.sol', 'join.sol', 'flip.sol', 'frob.sol', 'move.sol', 'flop.t.sol', 'flap.t.sol', 'drip.sol', 'frob.t.sol', 'bite.sol']
1,['flop.sol', 'join.sol', 'flip.sol', 'frob.sol', 'move.sol', 'flop.t.sol', 'flap.t.sol', 'drip.sol', 'tune.sol', 'bite.sol']
2,['flop.sol', 'join.sol', 'flip.sol', 'frob.sol', 'move.sol', 'flop.t.sol', 'flap.t.sol', 'frob.t.sol', 'tune.sol', 'bite.sol']
2,['flop.sol', 'join.sol', 'flip.sol', 'frob.sol', 'move.sol', 'flop.t.sol', 'heal.sol', 'drip.t.sol', 'heal.t.sol', 'flap.sol']
2,['flop.sol', 'join.sol', 'flip.sol', 'frob.sol', 'move.sol', 'flop.t.sol', 'heal.sol', 'drip.t.sol', 'heal.t.sol', 'drip.sol']
2,['flop.sol', 'join.sol', 'flip.sol', 'frob.sol', 'move.sol', 'flop.t.sol', 'heal.sol', 'drip.t.sol', 'heal.t.sol', 'frob.t.sol']
1,['flop.sol', 'join.sol', 'flip.sol', 'frob.sol', 'move.sol', 'flop.t.sol', 'heal.sol', 'drip.t.sol', 'heal.t.sol', 'tune.sol']
1,['flop.sol', 'join.sol', 'flip.sol', 'frob.sol', 'move.sol', 'flop.t.sol', 'heal.sol', 'drip.t.sol', 'heal.t.sol', 'bite.sol']
2,['flop.sol', 'join.sol', 'flip.sol', 'frob.sol', 'move.sol', 'flop.t.sol', 'heal.sol', 'drip.t.sol', 'flap.sol', 'drip.sol']
2,['flop.sol', 'join.sol', 'flip.sol', 'frob.sol', 'move.sol', 'flop.t.sol', 'heal.sol', 'drip.t.sol', 'flap.sol', 'frob.t.sol']
3,['flop.sol', 'join.sol', 'flip.sol', 'frob.sol', 'move.sol', 'flop.t.sol', 'heal.sol', 'drip.t.sol', 'flap.sol', 'tune.sol']
2,['flop.sol', 'join.sol', 'flip.sol', 'frob.sol', 'move.sol', 'flop.t.sol', 'heal.sol', 'drip.t.sol', 'flap.sol', 'bite.sol']
2,['flop.sol', 'join.sol', 'flip.sol', 'frob.sol', 'move.sol', 'flop.t.sol', 'heal.sol', 'drip.t.sol', 'drip.sol', 'frob.t.sol']
3,['flop.sol', 'join.sol', 'flip.sol', 'frob.sol', 'move.sol', 'flop.t.sol', 'heal.sol', 'drip.t.sol', 'drip.sol', 'tune.sol']
1,['flop.sol', 'join.sol', 'flip.sol', 'frob.sol', 'move.sol', 'flop.t.sol', 'heal.sol', 'drip.t.sol', 'drip.sol', 'bite.sol']
1,['flop.sol', 'join.sol', 'flip.sol', 'frob.sol', 'move.sol', 'flop.t.sol', 'heal.sol', 'drip.t.sol', 'frob.t.sol', 'tune.sol']
2,['flop.sol', 'join.sol', 'flip.sol', 'frob.sol', 'move.sol', 'flop.t.sol', 'heal.sol', 'drip.t.sol', 'frob.t.sol', 'bite.sol']
1,['flop.sol', 'join.sol', 'flip.sol', 'frob.sol', 'move.sol', 'flop.t.sol', 'heal.sol', 'drip.t.sol', 'tune.sol', 'bite.sol']
3,['flop.sol', 'join.sol', 'flip.sol', 'frob.sol', 'move.sol', 'flop.t.sol', 'heal.sol', 'heal.t.sol', 'flap.sol', 'drip.sol']
2,['flop.sol', 'join.sol', 'flip.sol', 'frob.sol', 'move.sol', 'flop.t.sol', 'heal.sol', 'heal.t.sol', 'flap.sol', 'frob.t.sol']
2,['flop.sol', 'join.sol', 'flip.sol', 'frob.sol', 'move.sol', 'flop.t.sol', 'heal.sol', 'heal.t.sol', 'flap.sol', 'tune.sol']
2,['flop.sol', 'join.sol', 'flip.sol', 'frob.sol', 'move.sol', 'flop.t.sol', 'heal.sol', 'heal.t.sol', 'flap.sol', 'bite.sol']
2,['flop.sol', 'join.sol', 'flip.sol', 'frob.sol', 'move.sol', 'flop.t.sol', 'heal.sol', 'heal.t.sol', 'drip.sol', 'frob.t.sol']
2,['flop.sol', 'join.sol', 'flip.sol', 'frob.sol', 'move.sol', 'flop.t.sol', 'heal.sol', 'heal.t.sol', 'drip.sol', 'tune.sol']
2,['flop.sol', 'join.sol', 'flip.sol', 'frob.sol', 'move.sol', 'flop.t.sol', 'heal.sol', 'heal.t.sol', 'drip.sol', 'bite.sol']
2,['flop.sol', 'join.sol', 'flip.sol', 'frob.sol', 'move.sol', 'flop.t.sol', 'heal.sol', 'heal.t.sol', 'frob.t.sol', 'tune.sol']
2,['flop.sol', 'join.sol', 'flip.sol', 'frob.sol', 'move.sol', 'flop.t.sol', 'heal.sol', 'heal.t.sol', 'frob.t.sol', 'bite.sol']
2,['flop.sol', 'join.sol', 'flip.sol', 'frob.sol', 'move.sol', 'flop.t.sol', 'heal.sol', 'heal.t.sol', 'tune.sol', 'bite.sol']
3,['flop.sol', 'join.sol', 'flip.sol', 'frob.sol', 'move.sol', 'flop.t.sol', 'heal.sol', 'flap.sol', 'drip.sol', 'frob.t.sol']
1,['flop.sol', 'join.sol', 'flip.sol', 'frob.sol', 'move.sol', 'flop.t.sol', 'heal.sol', 'flap.sol', 'drip.sol', 'tune.sol']
1,['flop.sol', 'join.sol', 'flip.sol', 'frob.sol', 'move.sol', 'flop.t.sol', 'heal.sol', 'flap.sol', 'drip.sol', 'bite.sol']
2,['flop.sol', 'join.sol', 'flip.sol', 'frob.sol', 'move.sol', 'flop.t.sol', 'heal.sol', 'flap.sol', 'frob.t.sol', 'tune.sol']
3,['flop.sol', 'join.sol', 'flip.sol', 'frob.sol', 'move.sol', 'flop.t.sol', 'heal.sol', 'flap.sol', 'frob.t.sol', 'bite.sol']
1,['flop.sol', 'join.sol', 'flip.sol', 'frob.sol', 'move.sol', 'flop.t.sol', 'heal.sol', 'flap.sol', 'tune.sol', 'bite.sol']
2,['flop.sol', 'join.sol', 'flip.sol', 'frob.sol', 'move.sol', 'flop.t.sol', 'heal.sol', 'drip.sol', 'frob.t.sol', 'tune.sol']
2,['flop.sol', 'join.sol', 'flip.sol', 'frob.sol', 'move.sol', 'flop.t.sol', 'heal.sol', 'drip.sol', 'frob.t.sol', 'bite.sol']
1,['flop.sol', 'join.sol', 'flip.sol', 'frob.sol', 'move.sol', 'flop.t.sol', 'heal.sol', 'drip.sol', 'tune.sol', 'bite.sol']
2,['flop.sol', 'join.sol', 'flip.sol', 'frob.sol', 'move.sol', 'flop.t.sol', 'heal.sol', 'frob.t.sol', 'tune.sol', 'bite.sol']
2,['flop.sol', 'join.sol', 'flip.sol', 'frob.sol', 'move.sol', 'flop.t.sol', 'drip.t.sol', 'heal.t.sol', 'flap.sol', 'drip.sol']
2,['flop.sol', 'join.sol', 'flip.sol', 'frob.sol', 'move.sol', 'flop.t.sol', 'drip.t.sol', 'heal.t.sol', 'flap.sol', 'frob.t.sol']
2,['flop.sol', 'join.sol', 'flip.sol', 'frob.sol', 'move.sol', 'flop.t.sol', 'drip.t.sol', 'heal.t.sol', 'flap.sol', 'tune.sol']
2,['flop.sol', 'join.sol', 'flip.sol', 'frob.sol', 'move.sol', 'flop.t.sol', 'drip.t.sol', 'heal.t.sol', 'flap.sol', 'bite.sol']
2,['flop.sol', 'join.sol', 'flip.sol', 'frob.sol', 'move.sol', 'flop.t.sol', 'drip.t.sol', 'heal.t.sol', 'drip.sol', 'frob.t.sol']
2,['flop.sol', 'join.sol', 'flip.sol', 'frob.sol', 'move.sol', 'flop.t.sol', 'drip.t.sol', 'heal.t.sol', 'drip.sol', 'tune.sol']
2,['flop.sol', 'join.sol', 'flip.sol', 'frob.sol', 'move.sol', 'flop.t.sol', 'drip.t.sol', 'heal.t.sol', 'drip.sol', 'bite.sol']
1,['flop.sol', 'join.sol', 'flip.sol', 'frob.sol', 'move.sol', 'flop.t.sol', 'drip.t.sol', 'heal.t.sol', 'frob.t.sol', 'tune.sol']
1,['flop.sol', 'join.sol', 'flip.sol', 'frob.sol', 'move.sol', 'flop.t.sol', 'drip.t.sol', 'heal.t.sol', 'frob.t.sol', 'bite.sol']
1,['flop.sol', 'join.sol', 'flip.sol', 'frob.sol', 'move.sol', 'flop.t.sol', 'drip.t.sol', 'heal.t.sol', 'tune.sol', 'bite.sol']
3,['flop.sol', 'join.sol', 'flip.sol', 'frob.sol', 'move.sol', 'flop.t.sol', 'drip.t.sol', 'flap.sol', 'drip.sol', 'frob.t.sol']
2,['flop.sol', 'join.sol', 'flip.sol', 'frob.sol', 'move.sol', 'flop.t.sol', 'drip.t.sol', 'flap.sol', 'drip.sol', 'tune.sol']
2,['flop.sol', 'join.sol', 'flip.sol', 'frob.sol', 'move.sol', 'flop.t.sol', 'drip.t.sol', 'flap.sol', 'drip.sol', 'bite.sol']
2,['flop.sol', 'join.sol', 'flip.sol', 'frob.sol', 'move.sol', 'flop.t.sol', 'drip.t.sol', 'flap.sol', 'frob.t.sol', 'tune.sol']
3,['flop.sol', 'join.sol', 'flip.sol', 'frob.sol', 'move.sol', 'flop.t.sol', 'drip.t.sol', 'flap.sol', 'frob.t.sol', 'bite.sol']
2,['flop.sol', 'join.sol', 'flip.sol', 'frob.sol', 'move.sol', 'flop.t.sol', 'drip.t.sol', 'flap.sol', 'tune.sol', 'bite.sol']
2,['flop.sol', 'join.sol', 'flip.sol', 'frob.sol', 'move.sol', 'flop.t.sol', 'drip.t.sol', 'drip.sol', 'frob.t.sol', 'tune.sol']
2,['flop.sol', 'join.sol', 'flip.sol', 'frob.sol', 'move.sol', 'flop.t.sol', 'drip.t.sol', 'drip.sol', 'frob.t.sol', 'bite.sol']
2,['flop.sol', 'join.sol', 'flip.sol', 'frob.sol', 'move.sol', 'flop.t.sol', 'drip.t.sol', 'drip.sol', 'tune.sol', 'bite.sol']
2,['flop.sol', 'join.sol', 'flip.sol', 'frob.sol', 'move.sol', 'flop.t.sol', 'drip.t.sol', 'frob.t.sol', 'tune.sol', 'bite.sol']
2,['flop.sol', 'join.sol', 'flip.sol', 'frob.sol', 'move.sol', 'flop.t.sol', 'heal.t.sol', 'flap.sol', 'drip.sol', 'frob.t.sol']
3,['flop.sol', 'join.sol', 'flip.sol', 'frob.sol', 'move.sol', 'flop.t.sol', 'heal.t.sol', 'flap.sol', 'drip.sol', 'tune.sol']
3,['flop.sol', 'join.sol', 'flip.sol', 'frob.sol', 'move.sol', 'flop.t.sol', 'heal.t.sol', 'flap.sol', 'drip.sol', 'bite.sol']
2,['flop.sol', 'join.sol', 'flip.sol', 'frob.sol', 'move.sol', 'flop.t.sol', 'heal.t.sol', 'flap.sol', 'frob.t.sol', 'tune.sol']
2,['flop.sol', 'join.sol', 'flip.sol', 'frob.sol', 'move.sol', 'flop.t.sol', 'heal.t.sol', 'flap.sol', 'frob.t.sol', 'bite.sol']
2,['flop.sol', 'join.sol', 'flip.sol', 'frob.sol', 'move.sol', 'flop.t.sol', 'heal.t.sol', 'flap.sol', 'tune.sol', 'bite.sol']
2,['flop.sol', 'join.sol', 'flip.sol', 'frob.sol', 'move.sol', 'flop.t.sol', 'heal.t.sol', 'drip.sol', 'frob.t.sol', 'tune.sol']
2,['flop.sol', 'join.sol', 'flip.sol', 'frob.sol', 'move.sol', 'flop.t.sol', 'heal.t.sol', 'drip.sol', 'frob.t.sol', 'bite.sol']
2,['flop.sol', 'join.sol', 'flip.sol', 'frob.sol', 'move.sol', 'flop.t.sol', 'heal.t.sol', 'drip.sol', 'tune.sol', 'bite.sol']
2,['flop.sol', 'join.sol', 'flip.sol', 'frob.sol', 'move.sol', 'flop.t.sol', 'heal.t.sol', 'frob.t.sol', 'tune.sol', 'bite.sol']
2,['flop.sol', 'join.sol', 'flip.sol', 'frob.sol', 'move.sol', 'flop.t.sol', 'flap.sol', 'drip.sol', 'frob.t.sol', 'tune.sol']
3,['flop.sol', 'join.sol', 'flip.sol', 'frob.sol', 'move.sol', 'flop.t.sol', 'flap.sol', 'drip.sol', 'frob.t.sol', 'bite.sol']
1,['flop.sol', 'join.sol', 'flip.sol', 'frob.sol', 'move.sol', 'flop.t.sol', 'flap.sol', 'drip.sol', 'tune.sol', 'bite.sol']
2,['flop.sol', 'join.sol', 'flip.sol', 'frob.sol', 'move.sol', 'flop.t.sol', 'flap.sol', 'frob.t.sol', 'tune.sol', 'bite.sol']
2,['flop.sol', 'join.sol', 'flip.sol', 'frob.sol', 'move.sol', 'flop.t.sol', 'drip.sol', 'frob.t.sol', 'tune.sol', 'bite.sol']
2,['flop.sol', 'join.sol', 'flip.sol', 'frob.sol', 'move.sol', 'flap.t.sol', 'heal.sol', 'drip.t.sol', 'heal.t.sol', 'flap.sol']
2,['flop.sol', 'join.sol', 'flip.sol', 'frob.sol', 'move.sol', 'flap.t.sol', 'heal.sol', 'drip.t.sol', 'heal.t.sol', 'drip.sol']
2,['flop.sol', 'join.sol', 'flip.sol', 'frob.sol', 'move.sol', 'flap.t.sol', 'heal.sol', 'drip.t.sol', 'heal.t.sol', 'frob.t.sol']
1,['flop.sol', 'join.sol', 'flip.sol', 'frob.sol', 'move.sol', 'flap.t.sol', 'heal.sol', 'drip.t.sol', 'heal.t.sol', 'tune.sol']
1,['flop.sol', 'join.sol', 'flip.sol', 'frob.sol', 'move.sol', 'flap.t.sol', 'heal.sol', 'drip.t.sol', 'heal.t.sol', 'bite.sol']
2,['flop.sol', 'join.sol', 'flip.sol', 'frob.sol', 'move.sol', 'flap.t.sol', 'heal.sol', 'drip.t.sol', 'flap.sol', 'drip.sol']
2,['flop.sol', 'join.sol', 'flip.sol', 'frob.sol', 'move.sol', 'flap.t.sol', 'heal.sol', 'drip.t.sol', 'flap.sol', 'frob.t.sol']
1,['flop.sol', 'join.sol', 'flip.sol', 'frob.sol', 'move.sol', 'flap.t.sol', 'heal.sol', 'drip.t.sol', 'flap.sol', 'tune.sol']
2,['flop.sol', 'join.sol', 'flip.sol', 'frob.sol', 'move.sol', 'flap.t.sol', 'heal.sol', 'drip.t.sol', 'flap.sol', 'bite.sol']
2,['flop.sol', 'join.sol', 'flip.sol', 'frob.sol', 'move.sol', 'flap.t.sol', 'heal.sol', 'drip.t.sol', 'drip.sol', 'frob.t.sol']
3,['flop.sol', 'join.sol', 'flip.sol', 'frob.sol', 'move.sol', 'flap.t.sol', 'heal.sol', 'drip.t.sol', 'drip.sol', 'tune.sol']
1,['flop.sol', 'join.sol', 'flip.sol', 'frob.sol', 'move.sol', 'flap.t.sol', 'heal.sol', 'drip.t.sol', 'drip.sol', 'bite.sol']
1,['flop.sol', 'join.sol', 'flip.sol', 'frob.sol', 'move.sol', 'flap.t.sol', 'heal.sol', 'drip.t.sol', 'frob.t.sol', 'tune.sol']
2,['flop.sol', 'join.sol', 'flip.sol', 'frob.sol', 'move.sol', 'flap.t.sol', 'heal.sol', 'drip.t.sol', 'frob.t.sol', 'bite.sol']
3,['flop.sol', 'join.sol', 'flip.sol', 'frob.sol', 'move.sol', 'flap.t.sol', 'heal.sol', 'drip.t.sol', 'tune.sol', 'bite.sol']
3,['flop.sol', 'join.sol', 'flip.sol', 'frob.sol', 'move.sol', 'flap.t.sol', 'heal.sol', 'heal.t.sol', 'flap.sol', 'drip.sol']
2,['flop.sol', 'join.sol', 'flip.sol', 'frob.sol', 'move.sol', 'flap.t.sol', 'heal.sol', 'heal.t.sol', 'flap.sol', 'frob.t.sol']
2,['flop.sol', 'join.sol', 'flip.sol', 'frob.sol', 'move.sol', 'flap.t.sol', 'heal.sol', 'heal.t.sol', 'flap.sol', 'tune.sol']
2,['flop.sol', 'join.sol', 'flip.sol', 'frob.sol', 'move.sol', 'flap.t.sol', 'heal.sol', 'heal.t.sol', 'flap.sol', 'bite.sol']
2,['flop.sol', 'join.sol', 'flip.sol', 'frob.sol', 'move.sol', 'flap.t.sol', 'heal.sol', 'heal.t.sol', 'drip.sol', 'frob.t.sol']
2,['flop.sol', 'join.sol', 'flip.sol', 'frob.sol', 'move.sol', 'flap.t.sol', 'heal.sol', 'heal.t.sol', 'drip.sol', 'tune.sol']
2,['flop.sol', 'join.sol', 'flip.sol', 'frob.sol', 'move.sol', 'flap.t.sol', 'heal.sol', 'heal.t.sol', 'drip.sol', 'bite.sol']
2,['flop.sol', 'join.sol', 'flip.sol', 'frob.sol', 'move.sol', 'flap.t.sol', 'heal.sol', 'heal.t.sol', 'frob.t.sol', 'tune.sol']
2,['flop.sol', 'join.sol', 'flip.sol', 'frob.sol', 'move.sol', 'flap.t.sol', 'heal.sol', 'heal.t.sol', 'frob.t.sol', 'bite.sol']
2,['flop.sol', 'join.sol', 'flip.sol', 'frob.sol', 'move.sol', 'flap.t.sol', 'heal.sol', 'heal.t.sol', 'tune.sol', 'bite.sol']
3,['flop.sol', 'join.sol', 'flip.sol', 'frob.sol', 'move.sol', 'flap.t.sol', 'heal.sol', 'flap.sol', 'drip.sol', 'frob.t.sol']
1,['flop.sol', 'join.sol', 'flip.sol', 'frob.sol', 'move.sol', 'flap.t.sol', 'heal.sol', 'flap.sol', 'drip.sol', 'tune.sol']
1,['flop.sol', 'join.sol', 'flip.sol', 'frob.sol', 'move.sol', 'flap.t.sol', 'heal.sol', 'flap.sol', 'drip.sol', 'bite.sol']
2,['flop.sol', 'join.sol', 'flip.sol', 'frob.sol', 'move.sol', 'flap.t.sol', 'heal.sol', 'flap.sol', 'frob.t.sol', 'tune.sol']
3,['flop.sol', 'join.sol', 'flip.sol', 'frob.sol', 'move.sol', 'flap.t.sol', 'heal.sol', 'flap.sol', 'frob.t.sol', 'bite.sol']
1,['flop.sol', 'join.sol', 'flip.sol', 'frob.sol', 'move.sol', 'flap.t.sol', 'heal.sol', 'flap.sol', 'tune.sol', 'bite.sol']
2,['flop.sol', 'join.sol', 'flip.sol', 'frob.sol', 'move.sol', 'flap.t.sol', 'heal.sol', 'drip.sol', 'frob.t.sol', 'tune.sol']
2,['flop.sol', 'join.sol', 'flip.sol', 'frob.sol', 'move.sol', 'flap.t.sol', 'heal.sol', 'drip.sol', 'frob.t.sol', 'bite.sol']
1,['flop.sol', 'join.sol', 'flip.sol', 'frob.sol', 'move.sol', 'flap.t.sol', 'heal.sol', 'drip.sol', 'tune.sol', 'bite.sol']
2,['flop.sol', 'join.sol', 'flip.sol', 'frob.sol', 'move.sol', 'flap.t.sol', 'heal.sol', 'frob.t.sol', 'tune.sol', 'bite.sol']
2,['flop.sol', 'join.sol', 'flip.sol', 'frob.sol', 'move.sol', 'flap.t.sol', 'drip.t.sol', 'heal.t.sol', 'flap.sol', 'drip.sol']
2,['flop.sol', 'join.sol', 'flip.sol', 'frob.sol', 'move.sol', 'flap.t.sol', 'drip.t.sol', 'heal.t.sol', 'flap.sol', 'frob.t.sol']
2,['flop.sol', 'join.sol', 'flip.sol', 'frob.sol', 'move.sol', 'flap.t.sol', 'drip.t.sol', 'heal.t.sol', 'flap.sol', 'tune.sol']
2,['flop.sol', 'join.sol', 'flip.sol', 'frob.sol', 'move.sol', 'flap.t.sol', 'drip.t.sol', 'heal.t.sol', 'flap.sol', 'bite.sol']
2,['flop.sol', 'join.sol', 'flip.sol', 'frob.sol', 'move.sol', 'flap.t.sol', 'drip.t.sol', 'heal.t.sol', 'drip.sol', 'frob.t.sol']
2,['flop.sol', 'join.sol', 'flip.sol', 'frob.sol', 'move.sol', 'flap.t.sol', 'drip.t.sol', 'heal.t.sol', 'drip.sol', 'tune.sol']
1,['flop.sol', 'join.sol', 'flip.sol', 'frob.sol', 'move.sol', 'flap.t.sol', 'drip.t.sol', 'heal.t.sol', 'drip.sol', 'bite.sol']
1,['flop.sol', 'join.sol', 'flip.sol', 'frob.sol', 'move.sol', 'flap.t.sol', 'drip.t.sol', 'heal.t.sol', 'frob.t.sol', 'tune.sol']
1,['flop.sol', 'join.sol', 'flip.sol', 'frob.sol', 'move.sol', 'flap.t.sol', 'drip.t.sol', 'heal.t.sol', 'frob.t.sol', 'bite.sol']
2,['flop.sol', 'join.sol', 'flip.sol', 'frob.sol', 'move.sol', 'flap.t.sol', 'drip.t.sol', 'heal.t.sol', 'tune.sol', 'bite.sol']
3,['flop.sol', 'join.sol', 'flip.sol', 'frob.sol', 'move.sol', 'flap.t.sol', 'drip.t.sol', 'flap.sol', 'drip.sol', 'frob.t.sol']
2,['flop.sol', 'join.sol', 'flip.sol', 'frob.sol', 'move.sol', 'flap.t.sol', 'drip.t.sol', 'flap.sol', 'drip.sol', 'tune.sol']
2,['flop.sol', 'join.sol', 'flip.sol', 'frob.sol', 'move.sol', 'flap.t.sol', 'drip.t.sol', 'flap.sol', 'drip.sol', 'bite.sol']
2,['flop.sol', 'join.sol', 'flip.sol', 'frob.sol', 'move.sol', 'flap.t.sol', 'drip.t.sol', 'flap.sol', 'frob.t.sol', 'tune.sol']
3,['flop.sol', 'join.sol', 'flip.sol', 'frob.sol', 'move.sol', 'flap.t.sol', 'drip.t.sol', 'flap.sol', 'frob.t.sol', 'bite.sol']
2,['flop.sol', 'join.sol', 'flip.sol', 'frob.sol', 'move.sol', 'flap.t.sol', 'drip.t.sol', 'flap.sol', 'tune.sol', 'bite.sol']
2,['flop.sol', 'join.sol', 'flip.sol', 'frob.sol', 'move.sol', 'flap.t.sol', 'drip.t.sol', 'drip.sol', 'frob.t.sol', 'tune.sol']
2,['flop.sol', 'join.sol', 'flip.sol', 'frob.sol', 'move.sol', 'flap.t.sol', 'drip.t.sol', 'drip.sol', 'frob.t.sol', 'bite.sol']
2,['flop.sol', 'join.sol', 'flip.sol', 'frob.sol', 'move.sol', 'flap.t.sol', 'drip.t.sol', 'drip.sol', 'tune.sol', 'bite.sol']
2,['flop.sol', 'join.sol', 'flip.sol', 'frob.sol', 'move.sol', 'flap.t.sol', 'drip.t.sol', 'frob.t.sol', 'tune.sol', 'bite.sol']
2,['flop.sol', 'join.sol', 'flip.sol', 'frob.sol', 'move.sol', 'flap.t.sol', 'heal.t.sol', 'flap.sol', 'drip.sol', 'frob.t.sol']
2,['flop.sol', 'join.sol', 'flip.sol', 'frob.sol', 'move.sol', 'flap.t.sol', 'heal.t.sol', 'flap.sol', 'drip.sol', 'tune.sol']
3,['flop.sol', 'join.sol', 'flip.sol', 'frob.sol', 'move.sol', 'flap.t.sol', 'heal.t.sol', 'flap.sol', 'drip.sol', 'bite.sol']
2,['flop.sol', 'join.sol', 'flip.sol', 'frob.sol', 'move.sol', 'flap.t.sol', 'heal.t.sol', 'flap.sol', 'frob.t.sol', 'tune.sol']
2,['flop.sol', 'join.sol', 'flip.sol', 'frob.sol', 'move.sol', 'flap.t.sol', 'heal.t.sol', 'flap.sol', 'frob.t.sol', 'bite.sol']
2,['flop.sol', 'join.sol', 'flip.sol', 'frob.sol', 'move.sol', 'flap.t.sol', 'heal.t.sol', 'flap.sol', 'tune.sol', 'bite.sol']
2,['flop.sol', 'join.sol', 'flip.sol', 'frob.sol', 'move.sol', 'flap.t.sol', 'heal.t.sol', 'drip.sol', 'frob.t.sol', 'tune.sol']
2,['flop.sol', 'join.sol', 'flip.sol', 'frob.sol', 'move.sol', 'flap.t.sol', 'heal.t.sol', 'drip.sol', 'frob.t.sol', 'bite.sol']
2,['flop.sol', 'join.sol', 'flip.sol', 'frob.sol', 'move.sol', 'flap.t.sol', 'heal.t.sol', 'drip.sol', 'tune.sol', 'bite.sol']
2,['flop.sol', 'join.sol', 'flip.sol', 'frob.sol', 'move.sol', 'flap.t.sol', 'heal.t.sol', 'frob.t.sol', 'tune.sol', 'bite.sol']
2,['flop.sol', 'join.sol', 'flip.sol', 'frob.sol', 'move.sol', 'flap.t.sol', 'flap.sol', 'drip.sol', 'frob.t.sol', 'tune.sol']
3,['flop.sol', 'join.sol', 'flip.sol', 'frob.sol', 'move.sol', 'flap.t.sol', 'flap.sol', 'drip.sol', 'frob.t.sol', 'bite.sol']
1,['flop.sol', 'join.sol', 'flip.sol', 'frob.sol', 'move.sol', 'flap.t.sol', 'flap.sol', 'drip.sol', 'tune.sol', 'bite.sol']
2,['flop.sol', 'join.sol', 'flip.sol', 'frob.sol', 'move.sol', 'flap.t.sol', 'flap.sol', 'frob.t.sol', 'tune.sol', 'bite.sol']
2,['flop.sol', 'join.sol', 'flip.sol', 'frob.sol', 'move.sol', 'flap.t.sol', 'drip.sol', 'frob.t.sol', 'tune.sol', 'bite.sol']
2,['flop.sol', 'join.sol', 'flip.sol', 'frob.sol', 'move.sol', 'heal.sol', 'drip.t.sol', 'heal.t.sol', 'flap.sol', 'drip.sol']
2,['flop.sol', 'join.sol', 'flip.sol', 'frob.sol', 'move.sol', 'heal.sol', 'drip.t.sol', 'heal.t.sol', 'flap.sol', 'frob.t.sol']
1,['flop.sol', 'join.sol', 'flip.sol', 'frob.sol', 'move.sol', 'heal.sol', 'drip.t.sol', 'heal.t.sol', 'flap.sol', 'tune.sol']
2,['flop.sol', 'join.sol', 'flip.sol', 'frob.sol', 'move.sol', 'heal.sol', 'drip.t.sol', 'heal.t.sol', 'flap.sol', 'bite.sol']
2,['flop.sol', 'join.sol', 'flip.sol', 'frob.sol', 'move.sol', 'heal.sol', 'drip.t.sol', 'heal.t.sol', 'drip.sol', 'frob.t.sol']
1,['flop.sol', 'join.sol', 'flip.sol', 'frob.sol', 'move.sol', 'heal.sol', 'drip.t.sol', 'heal.t.sol', 'drip.sol', 'tune.sol']
2,['flop.sol', 'join.sol', 'flip.sol', 'frob.sol', 'move.sol', 'heal.sol', 'drip.t.sol', 'heal.t.sol', 'drip.sol', 'bite.sol']
1,['flop.sol', 'join.sol', 'flip.sol', 'frob.sol', 'move.sol', 'heal.sol', 'drip.t.sol', 'heal.t.sol', 'frob.t.sol', 'tune.sol']
1,['flop.sol', 'join.sol', 'flip.sol', 'frob.sol', 'move.sol', 'heal.sol', 'drip.t.sol', 'heal.t.sol', 'frob.t.sol', 'bite.sol']
1,['flop.sol', 'join.sol', 'flip.sol', 'frob.sol', 'move.sol', 'heal.sol', 'drip.t.sol', 'heal.t.sol', 'tune.sol', 'bite.sol']
1,['flop.sol', 'join.sol', 'flip.sol', 'frob.sol', 'move.sol', 'heal.sol', 'drip.t.sol', 'flap.sol', 'drip.sol', 'frob.t.sol']
3,['flop.sol', 'join.sol', 'flip.sol', 'frob.sol', 'move.sol', 'heal.sol', 'drip.t.sol', 'flap.sol', 'drip.sol', 'tune.sol']
1,['flop.sol', 'join.sol', 'flip.sol', 'frob.sol', 'move.sol', 'heal.sol', 'drip.t.sol', 'flap.sol', 'drip.sol', 'bite.sol']
1,['flop.sol', 'join.sol', 'flip.sol', 'frob.sol', 'move.sol', 'heal.sol', 'drip.t.sol', 'flap.sol', 'frob.t.sol', 'tune.sol']
1,['flop.sol', 'join.sol', 'flip.sol', 'frob.sol', 'move.sol', 'heal.sol', 'drip.t.sol', 'flap.sol', 'frob.t.sol', 'bite.sol']
3,['flop.sol', 'join.sol', 'flip.sol', 'frob.sol', 'move.sol', 'heal.sol', 'drip.t.sol', 'flap.sol', 'tune.sol', 'bite.sol']
1,['flop.sol', 'join.sol', 'flip.sol', 'frob.sol', 'move.sol', 'heal.sol', 'drip.t.sol', 'drip.sol', 'frob.t.sol', 'tune.sol']
1,['flop.sol', 'join.sol', 'flip.sol', 'frob.sol', 'move.sol', 'heal.sol', 'drip.t.sol', 'drip.sol', 'frob.t.sol', 'bite.sol']
1,['flop.sol', 'join.sol', 'flip.sol', 'frob.sol', 'move.sol', 'heal.sol', 'drip.t.sol', 'drip.sol', 'tune.sol', 'bite.sol']
1,['flop.sol', 'join.sol', 'flip.sol', 'frob.sol', 'move.sol', 'heal.sol', 'drip.t.sol', 'frob.t.sol', 'tune.sol', 'bite.sol']
3,['flop.sol', 'join.sol', 'flip.sol', 'frob.sol', 'move.sol', 'heal.sol', 'heal.t.sol', 'flap.sol', 'drip.sol', 'frob.t.sol']
2,['flop.sol', 'join.sol', 'flip.sol', 'frob.sol', 'move.sol', 'heal.sol', 'heal.t.sol', 'flap.sol', 'drip.sol', 'tune.sol']
3,['flop.sol', 'join.sol', 'flip.sol', 'frob.sol', 'move.sol', 'heal.sol', 'heal.t.sol', 'flap.sol', 'drip.sol', 'bite.sol']
2,['flop.sol', 'join.sol', 'flip.sol', 'frob.sol', 'move.sol', 'heal.sol', 'heal.t.sol', 'flap.sol', 'frob.t.sol', 'tune.sol']
2,['flop.sol', 'join.sol', 'flip.sol', 'frob.sol', 'move.sol', 'heal.sol', 'heal.t.sol', 'flap.sol', 'frob.t.sol', 'bite.sol']
2,['flop.sol', 'join.sol', 'flip.sol', 'frob.sol', 'move.sol', 'heal.sol', 'heal.t.sol', 'flap.sol', 'tune.sol', 'bite.sol']
2,['flop.sol', 'join.sol', 'flip.sol', 'frob.sol', 'move.sol', 'heal.sol', 'heal.t.sol', 'drip.sol', 'frob.t.sol', 'tune.sol']
2,['flop.sol', 'join.sol', 'flip.sol', 'frob.sol', 'move.sol', 'heal.sol', 'heal.t.sol', 'drip.sol', 'frob.t.sol', 'bite.sol']
2,['flop.sol', 'join.sol', 'flip.sol', 'frob.sol', 'move.sol', 'heal.sol', 'heal.t.sol', 'drip.sol', 'tune.sol', 'bite.sol']
2,['flop.sol', 'join.sol', 'flip.sol', 'frob.sol', 'move.sol', 'heal.sol', 'heal.t.sol', 'frob.t.sol', 'tune.sol', 'bite.sol']
2,['flop.sol', 'join.sol', 'flip.sol', 'frob.sol', 'move.sol', 'heal.sol', 'flap.sol', 'drip.sol', 'frob.t.sol', 'tune.sol']
2,['flop.sol', 'join.sol', 'flip.sol', 'frob.sol', 'move.sol', 'heal.sol', 'flap.sol', 'drip.sol', 'frob.t.sol', 'bite.sol']
1,['flop.sol', 'join.sol', 'flip.sol', 'frob.sol', 'move.sol', 'heal.sol', 'flap.sol', 'drip.sol', 'tune.sol', 'bite.sol']
2,['flop.sol', 'join.sol', 'flip.sol', 'frob.sol', 'move.sol', 'heal.sol', 'flap.sol', 'frob.t.sol', 'tune.sol', 'bite.sol']
2,['flop.sol', 'join.sol', 'flip.sol', 'frob.sol', 'move.sol', 'heal.sol', 'drip.sol', 'frob.t.sol', 'tune.sol', 'bite.sol']
2,['flop.sol', 'join.sol', 'flip.sol', 'frob.sol', 'move.sol', 'drip.t.sol', 'heal.t.sol', 'flap.sol', 'drip.sol', 'frob.t.sol']
2,['flop.sol', 'join.sol', 'flip.sol', 'frob.sol', 'move.sol', 'drip.t.sol', 'heal.t.sol', 'flap.sol', 'drip.sol', 'tune.sol']
2,['flop.sol', 'join.sol', 'flip.sol', 'frob.sol', 'move.sol', 'drip.t.sol', 'heal.t.sol', 'flap.sol', 'drip.sol', 'bite.sol']
1,['flop.sol', 'join.sol', 'flip.sol', 'frob.sol', 'move.sol', 'drip.t.sol', 'heal.t.sol', 'flap.sol', 'frob.t.sol', 'tune.sol']
1,['flop.sol', 'join.sol', 'flip.sol', 'frob.sol', 'move.sol', 'drip.t.sol', 'heal.t.sol', 'flap.sol', 'frob.t.sol', 'bite.sol']
2,['flop.sol', 'join.sol', 'flip.sol', 'frob.sol', 'move.sol', 'drip.t.sol', 'heal.t.sol', 'flap.sol', 'tune.sol', 'bite.sol']
1,['flop.sol', 'join.sol', 'flip.sol', 'frob.sol', 'move.sol', 'drip.t.sol', 'heal.t.sol', 'drip.sol', 'frob.t.sol', 'tune.sol']
1,['flop.sol', 'join.sol', 'flip.sol', 'frob.sol', 'move.sol', 'drip.t.sol', 'heal.t.sol', 'drip.sol', 'frob.t.sol', 'bite.sol']
1,['flop.sol', 'join.sol', 'flip.sol', 'frob.sol', 'move.sol', 'drip.t.sol', 'heal.t.sol', 'drip.sol', 'tune.sol', 'bite.sol']
1,['flop.sol', 'join.sol', 'flip.sol', 'frob.sol', 'move.sol', 'drip.t.sol', 'heal.t.sol', 'frob.t.sol', 'tune.sol', 'bite.sol']
2,['flop.sol', 'join.sol', 'flip.sol', 'frob.sol', 'move.sol', 'drip.t.sol', 'flap.sol', 'drip.sol', 'frob.t.sol', 'tune.sol']
1,['flop.sol', 'join.sol', 'flip.sol', 'frob.sol', 'move.sol', 'drip.t.sol', 'flap.sol', 'drip.sol', 'frob.t.sol', 'bite.sol']
2,['flop.sol', 'join.sol', 'flip.sol', 'frob.sol', 'move.sol', 'drip.t.sol', 'flap.sol', 'drip.sol', 'tune.sol', 'bite.sol']
2,['flop.sol', 'join.sol', 'flip.sol', 'frob.sol', 'move.sol', 'drip.t.sol', 'flap.sol', 'frob.t.sol', 'tune.sol', 'bite.sol']
2,['flop.sol', 'join.sol', 'flip.sol', 'frob.sol', 'move.sol', 'drip.t.sol', 'drip.sol', 'frob.t.sol', 'tune.sol', 'bite.sol']
2,['flop.sol', 'join.sol', 'flip.sol', 'frob.sol', 'move.sol', 'heal.t.sol', 'flap.sol', 'drip.sol', 'frob.t.sol', 'tune.sol']
2,['flop.sol', 'join.sol', 'flip.sol', 'frob.sol', 'move.sol', 'heal.t.sol', 'flap.sol', 'drip.sol', 'frob.t.sol', 'bite.sol']
2,['flop.sol', 'join.sol', 'flip.sol', 'frob.sol', 'move.sol', 'heal.t.sol', 'flap.sol', 'drip.sol', 'tune.sol', 'bite.sol']
2,['flop.sol', 'join.sol', 'flip.sol', 'frob.sol', 'move.sol', 'heal.t.sol', 'flap.sol', 'frob.t.sol', 'tune.sol', 'bite.sol']
2,['flop.sol', 'join.sol', 'flip.sol', 'frob.sol', 'move.sol', 'heal.t.sol', 'drip.sol', 'frob.t.sol', 'tune.sol', 'bite.sol']
2,['flop.sol', 'join.sol', 'flip.sol', 'frob.sol', 'move.sol', 'flap.sol', 'drip.sol', 'frob.t.sol', 'tune.sol', 'bite.sol']
2,['flop.sol', 'join.sol', 'flip.sol', 'frob.sol', 'flop.t.sol', 'flap.t.sol', 'heal.sol', 'drip.t.sol', 'heal.t.sol', 'flap.sol']
1,['flop.sol', 'join.sol', 'flip.sol', 'frob.sol', 'flop.t.sol', 'flap.t.sol', 'heal.sol', 'drip.t.sol', 'heal.t.sol', 'drip.sol']
2,['flop.sol', 'join.sol', 'flip.sol', 'frob.sol', 'flop.t.sol', 'flap.t.sol', 'heal.sol', 'drip.t.sol', 'heal.t.sol', 'frob.t.sol']
1,['flop.sol', 'join.sol', 'flip.sol', 'frob.sol', 'flop.t.sol', 'flap.t.sol', 'heal.sol', 'drip.t.sol', 'heal.t.sol', 'tune.sol']
1,['flop.sol', 'join.sol', 'flip.sol', 'frob.sol', 'flop.t.sol', 'flap.t.sol', 'heal.sol', 'drip.t.sol', 'heal.t.sol', 'bite.sol']
2,['flop.sol', 'join.sol', 'flip.sol', 'frob.sol', 'flop.t.sol', 'flap.t.sol', 'heal.sol', 'drip.t.sol', 'flap.sol', 'drip.sol']
2,['flop.sol', 'join.sol', 'flip.sol', 'frob.sol', 'flop.t.sol', 'flap.t.sol', 'heal.sol', 'drip.t.sol', 'flap.sol', 'frob.t.sol']
1,['flop.sol', 'join.sol', 'flip.sol', 'frob.sol', 'flop.t.sol', 'flap.t.sol', 'heal.sol', 'drip.t.sol', 'flap.sol', 'tune.sol']
2,['flop.sol', 'join.sol', 'flip.sol', 'frob.sol', 'flop.t.sol', 'flap.t.sol', 'heal.sol', 'drip.t.sol', 'flap.sol', 'bite.sol']
2,['flop.sol', 'join.sol', 'flip.sol', 'frob.sol', 'flop.t.sol', 'flap.t.sol', 'heal.sol', 'drip.t.sol', 'drip.sol', 'frob.t.sol']
1,['flop.sol', 'join.sol', 'flip.sol', 'frob.sol', 'flop.t.sol', 'flap.t.sol', 'heal.sol', 'drip.t.sol', 'drip.sol', 'tune.sol']
2,['flop.sol', 'join.sol', 'flip.sol', 'frob.sol', 'flop.t.sol', 'flap.t.sol', 'heal.sol', 'drip.t.sol', 'drip.sol', 'bite.sol']
1,['flop.sol', 'join.sol', 'flip.sol', 'frob.sol', 'flop.t.sol', 'flap.t.sol', 'heal.sol', 'drip.t.sol', 'frob.t.sol', 'tune.sol']
2,['flop.sol', 'join.sol', 'flip.sol', 'frob.sol', 'flop.t.sol', 'flap.t.sol', 'heal.sol', 'drip.t.sol', 'frob.t.sol', 'bite.sol']
1,['flop.sol', 'join.sol', 'flip.sol', 'frob.sol', 'flop.t.sol', 'flap.t.sol', 'heal.sol', 'drip.t.sol', 'tune.sol', 'bite.sol']
3,['flop.sol', 'join.sol', 'flip.sol', 'frob.sol', 'flop.t.sol', 'flap.t.sol', 'heal.sol', 'heal.t.sol', 'flap.sol', 'drip.sol']
2,['flop.sol', 'join.sol', 'flip.sol', 'frob.sol', 'flop.t.sol', 'flap.t.sol', 'heal.sol', 'heal.t.sol', 'flap.sol', 'frob.t.sol']
2,['flop.sol', 'join.sol', 'flip.sol', 'frob.sol', 'flop.t.sol', 'flap.t.sol', 'heal.sol', 'heal.t.sol', 'flap.sol', 'tune.sol']
2,['flop.sol', 'join.sol', 'flip.sol', 'frob.sol', 'flop.t.sol', 'flap.t.sol', 'heal.sol', 'heal.t.sol', 'flap.sol', 'bite.sol']
2,['flop.sol', 'join.sol', 'flip.sol', 'frob.sol', 'flop.t.sol', 'flap.t.sol', 'heal.sol', 'heal.t.sol', 'drip.sol', 'frob.t.sol']
2,['flop.sol', 'join.sol', 'flip.sol', 'frob.sol', 'flop.t.sol', 'flap.t.sol', 'heal.sol', 'heal.t.sol', 'drip.sol', 'tune.sol']
2,['flop.sol', 'join.sol', 'flip.sol', 'frob.sol', 'flop.t.sol', 'flap.t.sol', 'heal.sol', 'heal.t.sol', 'drip.sol', 'bite.sol']
2,['flop.sol', 'join.sol', 'flip.sol', 'frob.sol', 'flop.t.sol', 'flap.t.sol', 'heal.sol', 'heal.t.sol', 'frob.t.sol', 'tune.sol']
2,['flop.sol', 'join.sol', 'flip.sol', 'frob.sol', 'flop.t.sol', 'flap.t.sol', 'heal.sol', 'heal.t.sol', 'frob.t.sol', 'bite.sol']
2,['flop.sol', 'join.sol', 'flip.sol', 'frob.sol', 'flop.t.sol', 'flap.t.sol', 'heal.sol', 'heal.t.sol', 'tune.sol', 'bite.sol']
2,['flop.sol', 'join.sol', 'flip.sol', 'frob.sol', 'flop.t.sol', 'flap.t.sol', 'heal.sol', 'flap.sol', 'drip.sol', 'frob.t.sol']
1,['flop.sol', 'join.sol', 'flip.sol', 'frob.sol', 'flop.t.sol', 'flap.t.sol', 'heal.sol', 'flap.sol', 'drip.sol', 'tune.sol']
2,['flop.sol', 'join.sol', 'flip.sol', 'frob.sol', 'flop.t.sol', 'flap.t.sol', 'heal.sol', 'flap.sol', 'drip.sol', 'bite.sol']
3,['flop.sol', 'join.sol', 'flip.sol', 'frob.sol', 'flop.t.sol', 'flap.t.sol', 'heal.sol', 'flap.sol', 'frob.t.sol', 'tune.sol']
2,['flop.sol', 'join.sol', 'flip.sol', 'frob.sol', 'flop.t.sol', 'flap.t.sol', 'heal.sol', 'flap.sol', 'frob.t.sol', 'bite.sol']
1,['flop.sol', 'join.sol', 'flip.sol', 'frob.sol', 'flop.t.sol', 'flap.t.sol', 'heal.sol', 'flap.sol', 'tune.sol', 'bite.sol']
2,['flop.sol', 'join.sol', 'flip.sol', 'frob.sol', 'flop.t.sol', 'flap.t.sol', 'heal.sol', 'drip.sol', 'frob.t.sol', 'tune.sol']
2,['flop.sol', 'join.sol', 'flip.sol', 'frob.sol', 'flop.t.sol', 'flap.t.sol', 'heal.sol', 'drip.sol', 'frob.t.sol', 'bite.sol']
1,['flop.sol', 'join.sol', 'flip.sol', 'frob.sol', 'flop.t.sol', 'flap.t.sol', 'heal.sol', 'drip.sol', 'tune.sol', 'bite.sol']
2,['flop.sol', 'join.sol', 'flip.sol', 'frob.sol', 'flop.t.sol', 'flap.t.sol', 'heal.sol', 'frob.t.sol', 'tune.sol', 'bite.sol']
1,['flop.sol', 'join.sol', 'flip.sol', 'frob.sol', 'flop.t.sol', 'flap.t.sol', 'drip.t.sol', 'heal.t.sol', 'flap.sol', 'drip.sol']
2,['flop.sol', 'join.sol', 'flip.sol', 'frob.sol', 'flop.t.sol', 'flap.t.sol', 'drip.t.sol', 'heal.t.sol', 'flap.sol', 'frob.t.sol']
2,['flop.sol', 'join.sol', 'flip.sol', 'frob.sol', 'flop.t.sol', 'flap.t.sol', 'drip.t.sol', 'heal.t.sol', 'flap.sol', 'tune.sol']
1,['flop.sol', 'join.sol', 'flip.sol', 'frob.sol', 'flop.t.sol', 'flap.t.sol', 'drip.t.sol', 'heal.t.sol', 'flap.sol', 'bite.sol']
2,['flop.sol', 'join.sol', 'flip.sol', 'frob.sol', 'flop.t.sol', 'flap.t.sol', 'drip.t.sol', 'heal.t.sol', 'drip.sol', 'frob.t.sol']
2,['flop.sol', 'join.sol', 'flip.sol', 'frob.sol', 'flop.t.sol', 'flap.t.sol', 'drip.t.sol', 'heal.t.sol', 'drip.sol', 'tune.sol']
1,['flop.sol', 'join.sol', 'flip.sol', 'frob.sol', 'flop.t.sol', 'flap.t.sol', 'drip.t.sol', 'heal.t.sol', 'drip.sol', 'bite.sol']
1,['flop.sol', 'join.sol', 'flip.sol', 'frob.sol', 'flop.t.sol', 'flap.t.sol', 'drip.t.sol', 'heal.t.sol', 'frob.t.sol', 'tune.sol']
2,['flop.sol', 'join.sol', 'flip.sol', 'frob.sol', 'flop.t.sol', 'flap.t.sol', 'drip.t.sol', 'heal.t.sol', 'frob.t.sol', 'bite.sol']
1,['flop.sol', 'join.sol', 'flip.sol', 'frob.sol', 'flop.t.sol', 'flap.t.sol', 'drip.t.sol', 'heal.t.sol', 'tune.sol', 'bite.sol']
3,['flop.sol', 'join.sol', 'flip.sol', 'frob.sol', 'flop.t.sol', 'flap.t.sol', 'drip.t.sol', 'flap.sol', 'drip.sol', 'frob.t.sol']
1,['flop.sol', 'join.sol', 'flip.sol', 'frob.sol', 'flop.t.sol', 'flap.t.sol', 'drip.t.sol', 'flap.sol', 'drip.sol', 'tune.sol']
2,['flop.sol', 'join.sol', 'flip.sol', 'frob.sol', 'flop.t.sol', 'flap.t.sol', 'drip.t.sol', 'flap.sol', 'drip.sol', 'bite.sol']
2,['flop.sol', 'join.sol', 'flip.sol', 'frob.sol', 'flop.t.sol', 'flap.t.sol', 'drip.t.sol', 'flap.sol', 'frob.t.sol', 'tune.sol']
3,['flop.sol', 'join.sol', 'flip.sol', 'frob.sol', 'flop.t.sol', 'flap.t.sol', 'drip.t.sol', 'flap.sol', 'frob.t.sol', 'bite.sol']
1,['flop.sol', 'join.sol', 'flip.sol', 'frob.sol', 'flop.t.sol', 'flap.t.sol', 'drip.t.sol', 'flap.sol', 'tune.sol', 'bite.sol']
2,['flop.sol', 'join.sol', 'flip.sol', 'frob.sol', 'flop.t.sol', 'flap.t.sol', 'drip.t.sol', 'drip.sol', 'frob.t.sol', 'tune.sol']
1,['flop.sol', 'join.sol', 'flip.sol', 'frob.sol', 'flop.t.sol', 'flap.t.sol', 'drip.t.sol', 'drip.sol', 'frob.t.sol', 'bite.sol']
2,['flop.sol', 'join.sol', 'flip.sol', 'frob.sol', 'flop.t.sol', 'flap.t.sol', 'drip.t.sol', 'drip.sol', 'tune.sol', 'bite.sol']
2,['flop.sol', 'join.sol', 'flip.sol', 'frob.sol', 'flop.t.sol', 'flap.t.sol', 'drip.t.sol', 'frob.t.sol', 'tune.sol', 'bite.sol']
2,['flop.sol', 'join.sol', 'flip.sol', 'frob.sol', 'flop.t.sol', 'flap.t.sol', 'heal.t.sol', 'flap.sol', 'drip.sol', 'frob.t.sol']
2,['flop.sol', 'join.sol', 'flip.sol', 'frob.sol', 'flop.t.sol', 'flap.t.sol', 'heal.t.sol', 'flap.sol', 'drip.sol', 'tune.sol']
2,['flop.sol', 'join.sol', 'flip.sol', 'frob.sol', 'flop.t.sol', 'flap.t.sol', 'heal.t.sol', 'flap.sol', 'drip.sol', 'bite.sol']
3,['flop.sol', 'join.sol', 'flip.sol', 'frob.sol', 'flop.t.sol', 'flap.t.sol', 'heal.t.sol', 'flap.sol', 'frob.t.sol', 'tune.sol']
2,['flop.sol', 'join.sol', 'flip.sol', 'frob.sol', 'flop.t.sol', 'flap.t.sol', 'heal.t.sol', 'flap.sol', 'frob.t.sol', 'bite.sol']
2,['flop.sol', 'join.sol', 'flip.sol', 'frob.sol', 'flop.t.sol', 'flap.t.sol', 'heal.t.sol', 'flap.sol', 'tune.sol', 'bite.sol']
2,['flop.sol', 'join.sol', 'flip.sol', 'frob.sol', 'flop.t.sol', 'flap.t.sol', 'heal.t.sol', 'drip.sol', 'frob.t.sol', 'tune.sol']
2,['flop.sol', 'join.sol', 'flip.sol', 'frob.sol', 'flop.t.sol', 'flap.t.sol', 'heal.t.sol', 'drip.sol', 'frob.t.sol', 'bite.sol']
2,['flop.sol', 'join.sol', 'flip.sol', 'frob.sol', 'flop.t.sol', 'flap.t.sol', 'heal.t.sol', 'drip.sol', 'tune.sol', 'bite.sol']
2,['flop.sol', 'join.sol', 'flip.sol', 'frob.sol', 'flop.t.sol', 'flap.t.sol', 'heal.t.sol', 'frob.t.sol', 'tune.sol', 'bite.sol']
2,['flop.sol', 'join.sol', 'flip.sol', 'frob.sol', 'flop.t.sol', 'flap.t.sol', 'flap.sol', 'drip.sol', 'frob.t.sol', 'tune.sol']
3,['flop.sol', 'join.sol', 'flip.sol', 'frob.sol', 'flop.t.sol', 'flap.t.sol', 'flap.sol', 'drip.sol', 'frob.t.sol', 'bite.sol']
1,['flop.sol', 'join.sol', 'flip.sol', 'frob.sol', 'flop.t.sol', 'flap.t.sol', 'flap.sol', 'drip.sol', 'tune.sol', 'bite.sol']
2,['flop.sol', 'join.sol', 'flip.sol', 'frob.sol', 'flop.t.sol', 'flap.t.sol', 'flap.sol', 'frob.t.sol', 'tune.sol', 'bite.sol']
2,['flop.sol', 'join.sol', 'flip.sol', 'frob.sol', 'flop.t.sol', 'flap.t.sol', 'drip.sol', 'frob.t.sol', 'tune.sol', 'bite.sol']
2,['flop.sol', 'join.sol', 'flip.sol', 'frob.sol', 'flop.t.sol', 'heal.sol', 'drip.t.sol', 'heal.t.sol', 'flap.sol', 'drip.sol']
2,['flop.sol', 'join.sol', 'flip.sol', 'frob.sol', 'flop.t.sol', 'heal.sol', 'drip.t.sol', 'heal.t.sol', 'flap.sol', 'frob.t.sol']
1,['flop.sol', 'join.sol', 'flip.sol', 'frob.sol', 'flop.t.sol', 'heal.sol', 'drip.t.sol', 'heal.t.sol', 'flap.sol', 'tune.sol']
1,['flop.sol', 'join.sol', 'flip.sol', 'frob.sol', 'flop.t.sol', 'heal.sol', 'drip.t.sol', 'heal.t.sol', 'flap.sol', 'bite.sol']
2,['flop.sol', 'join.sol', 'flip.sol', 'frob.sol', 'flop.t.sol', 'heal.sol', 'drip.t.sol', 'heal.t.sol', 'drip.sol', 'frob.t.sol']
1,['flop.sol', 'join.sol', 'flip.sol', 'frob.sol', 'flop.t.sol', 'heal.sol', 'drip.t.sol', 'heal.t.sol', 'drip.sol', 'tune.sol']
1,['flop.sol', 'join.sol', 'flip.sol', 'frob.sol', 'flop.t.sol', 'heal.sol', 'drip.t.sol', 'heal.t.sol', 'drip.sol', 'bite.sol']
1,['flop.sol', 'join.sol', 'flip.sol', 'frob.sol', 'flop.t.sol', 'heal.sol', 'drip.t.sol', 'heal.t.sol', 'frob.t.sol', 'tune.sol']
2,['flop.sol', 'join.sol', 'flip.sol', 'frob.sol', 'flop.t.sol', 'heal.sol', 'drip.t.sol', 'heal.t.sol', 'frob.t.sol', 'bite.sol']
1,['flop.sol', 'join.sol', 'flip.sol', 'frob.sol', 'flop.t.sol', 'heal.sol', 'drip.t.sol', 'heal.t.sol', 'tune.sol', 'bite.sol']
2,['flop.sol', 'join.sol', 'flip.sol', 'frob.sol', 'flop.t.sol', 'heal.sol', 'drip.t.sol', 'flap.sol', 'drip.sol', 'frob.t.sol']
1,['flop.sol', 'join.sol', 'flip.sol', 'frob.sol', 'flop.t.sol', 'heal.sol', 'drip.t.sol', 'flap.sol', 'drip.sol', 'tune.sol']
1,['flop.sol', 'join.sol', 'flip.sol', 'frob.sol', 'flop.t.sol', 'heal.sol', 'drip.t.sol', 'flap.sol', 'drip.sol', 'bite.sol']
1,['flop.sol', 'join.sol', 'flip.sol', 'frob.sol', 'flop.t.sol', 'heal.sol', 'drip.t.sol', 'flap.sol', 'frob.t.sol', 'tune.sol']
2,['flop.sol', 'join.sol', 'flip.sol', 'frob.sol', 'flop.t.sol', 'heal.sol', 'drip.t.sol', 'flap.sol', 'frob.t.sol', 'bite.sol']
1,['flop.sol', 'join.sol', 'flip.sol', 'frob.sol', 'flop.t.sol', 'heal.sol', 'drip.t.sol', 'flap.sol', 'tune.sol', 'bite.sol']
1,['flop.sol', 'join.sol', 'flip.sol', 'frob.sol', 'flop.t.sol', 'heal.sol', 'drip.t.sol', 'drip.sol', 'frob.t.sol', 'tune.sol']
2,['flop.sol', 'join.sol', 'flip.sol', 'frob.sol', 'flop.t.sol', 'heal.sol', 'drip.t.sol', 'drip.sol', 'frob.t.sol', 'bite.sol']
1,['flop.sol', 'join.sol', 'flip.sol', 'frob.sol', 'flop.t.sol', 'heal.sol', 'drip.t.sol', 'drip.sol', 'tune.sol', 'bite.sol']
1,['flop.sol', 'join.sol', 'flip.sol', 'frob.sol', 'flop.t.sol', 'heal.sol', 'drip.t.sol', 'frob.t.sol', 'tune.sol', 'bite.sol']
2,['flop.sol', 'join.sol', 'flip.sol', 'frob.sol', 'flop.t.sol', 'heal.sol', 'heal.t.sol', 'flap.sol', 'drip.sol', 'frob.t.sol']
2,['flop.sol', 'join.sol', 'flip.sol', 'frob.sol', 'flop.t.sol', 'heal.sol', 'heal.t.sol', 'flap.sol', 'drip.sol', 'tune.sol']
2,['flop.sol', 'join.sol', 'flip.sol', 'frob.sol', 'flop.t.sol', 'heal.sol', 'heal.t.sol', 'flap.sol', 'drip.sol', 'bite.sol']
2,['flop.sol', 'join.sol', 'flip.sol', 'frob.sol', 'flop.t.sol', 'heal.sol', 'heal.t.sol', 'flap.sol', 'frob.t.sol', 'tune.sol']
2,['flop.sol', 'join.sol', 'flip.sol', 'frob.sol', 'flop.t.sol', 'heal.sol', 'heal.t.sol', 'flap.sol', 'frob.t.sol', 'bite.sol']
2,['flop.sol', 'join.sol', 'flip.sol', 'frob.sol', 'flop.t.sol', 'heal.sol', 'heal.t.sol', 'flap.sol', 'tune.sol', 'bite.sol']
2,['flop.sol', 'join.sol', 'flip.sol', 'frob.sol', 'flop.t.sol', 'heal.sol', 'heal.t.sol', 'drip.sol', 'frob.t.sol', 'tune.sol']
2,['flop.sol', 'join.sol', 'flip.sol', 'frob.sol', 'flop.t.sol', 'heal.sol', 'heal.t.sol', 'drip.sol', 'frob.t.sol', 'bite.sol']
2,['flop.sol', 'join.sol', 'flip.sol', 'frob.sol', 'flop.t.sol', 'heal.sol', 'heal.t.sol', 'drip.sol', 'tune.sol', 'bite.sol']
2,['flop.sol', 'join.sol', 'flip.sol', 'frob.sol', 'flop.t.sol', 'heal.sol', 'heal.t.sol', 'frob.t.sol', 'tune.sol', 'bite.sol']
2,['flop.sol', 'join.sol', 'flip.sol', 'frob.sol', 'flop.t.sol', 'heal.sol', 'flap.sol', 'drip.sol', 'frob.t.sol', 'tune.sol']
3,['flop.sol', 'join.sol', 'flip.sol', 'frob.sol', 'flop.t.sol', 'heal.sol', 'flap.sol', 'drip.sol', 'frob.t.sol', 'bite.sol']
1,['flop.sol', 'join.sol', 'flip.sol', 'frob.sol', 'flop.t.sol', 'heal.sol', 'flap.sol', 'drip.sol', 'tune.sol', 'bite.sol']
2,['flop.sol', 'join.sol', 'flip.sol', 'frob.sol', 'flop.t.sol', 'heal.sol', 'flap.sol', 'frob.t.sol', 'tune.sol', 'bite.sol']
2,['flop.sol', 'join.sol', 'flip.sol', 'frob.sol', 'flop.t.sol', 'heal.sol', 'drip.sol', 'frob.t.sol', 'tune.sol', 'bite.sol']
2,['flop.sol', 'join.sol', 'flip.sol', 'frob.sol', 'flop.t.sol', 'drip.t.sol', 'heal.t.sol', 'flap.sol', 'drip.sol', 'frob.t.sol']
2,['flop.sol', 'join.sol', 'flip.sol', 'frob.sol', 'flop.t.sol', 'drip.t.sol', 'heal.t.sol', 'flap.sol', 'drip.sol', 'tune.sol']
1,['flop.sol', 'join.sol', 'flip.sol', 'frob.sol', 'flop.t.sol', 'drip.t.sol', 'heal.t.sol', 'flap.sol', 'drip.sol', 'bite.sol']
1,['flop.sol', 'join.sol', 'flip.sol', 'frob.sol', 'flop.t.sol', 'drip.t.sol', 'heal.t.sol', 'flap.sol', 'frob.t.sol', 'tune.sol']
2,['flop.sol', 'join.sol', 'flip.sol', 'frob.sol', 'flop.t.sol', 'drip.t.sol', 'heal.t.sol', 'flap.sol', 'frob.t.sol', 'bite.sol']
1,['flop.sol', 'join.sol', 'flip.sol', 'frob.sol', 'flop.t.sol', 'drip.t.sol', 'heal.t.sol', 'flap.sol', 'tune.sol', 'bite.sol']
1,['flop.sol', 'join.sol', 'flip.sol', 'frob.sol', 'flop.t.sol', 'drip.t.sol', 'heal.t.sol', 'drip.sol', 'frob.t.sol', 'tune.sol']
1,['flop.sol', 'join.sol', 'flip.sol', 'frob.sol', 'flop.t.sol', 'drip.t.sol', 'heal.t.sol', 'drip.sol', 'frob.t.sol', 'bite.sol']
1,['flop.sol', 'join.sol', 'flip.sol', 'frob.sol', 'flop.t.sol', 'drip.t.sol', 'heal.t.sol', 'drip.sol', 'tune.sol', 'bite.sol']
1,['flop.sol', 'join.sol', 'flip.sol', 'frob.sol', 'flop.t.sol', 'drip.t.sol', 'heal.t.sol', 'frob.t.sol', 'tune.sol', 'bite.sol']
2,['flop.sol', 'join.sol', 'flip.sol', 'frob.sol', 'flop.t.sol', 'drip.t.sol', 'flap.sol', 'drip.sol', 'frob.t.sol', 'tune.sol']
2,['flop.sol', 'join.sol', 'flip.sol', 'frob.sol', 'flop.t.sol', 'drip.t.sol', 'flap.sol', 'drip.sol', 'frob.t.sol', 'bite.sol']
2,['flop.sol', 'join.sol', 'flip.sol', 'frob.sol', 'flop.t.sol', 'drip.t.sol', 'flap.sol', 'drip.sol', 'tune.sol', 'bite.sol']
2,['flop.sol', 'join.sol', 'flip.sol', 'frob.sol', 'flop.t.sol', 'drip.t.sol', 'flap.sol', 'frob.t.sol', 'tune.sol', 'bite.sol']
2,['flop.sol', 'join.sol', 'flip.sol', 'frob.sol', 'flop.t.sol', 'drip.t.sol', 'drip.sol', 'frob.t.sol', 'tune.sol', 'bite.sol']
2,['flop.sol', 'join.sol', 'flip.sol', 'frob.sol', 'flop.t.sol', 'heal.t.sol', 'flap.sol', 'drip.sol', 'frob.t.sol', 'tune.sol']
2,['flop.sol', 'join.sol', 'flip.sol', 'frob.sol', 'flop.t.sol', 'heal.t.sol', 'flap.sol', 'drip.sol', 'frob.t.sol', 'bite.sol']
2,['flop.sol', 'join.sol', 'flip.sol', 'frob.sol', 'flop.t.sol', 'heal.t.sol', 'flap.sol', 'drip.sol', 'tune.sol', 'bite.sol']
2,['flop.sol', 'join.sol', 'flip.sol', 'frob.sol', 'flop.t.sol', 'heal.t.sol', 'flap.sol', 'frob.t.sol', 'tune.sol', 'bite.sol']
2,['flop.sol', 'join.sol', 'flip.sol', 'frob.sol', 'flop.t.sol', 'heal.t.sol', 'drip.sol', 'frob.t.sol', 'tune.sol', 'bite.sol']
2,['flop.sol', 'join.sol', 'flip.sol', 'frob.sol', 'flop.t.sol', 'flap.sol', 'drip.sol', 'frob.t.sol', 'tune.sol', 'bite.sol']
2,['flop.sol', 'join.sol', 'flip.sol', 'frob.sol', 'flap.t.sol', 'heal.sol', 'drip.t.sol', 'heal.t.sol', 'flap.sol', 'drip.sol']
2,['flop.sol', 'join.sol', 'flip.sol', 'frob.sol', 'flap.t.sol', 'heal.sol', 'drip.t.sol', 'heal.t.sol', 'flap.sol', 'frob.t.sol']
1,['flop.sol', 'join.sol', 'flip.sol', 'frob.sol', 'flap.t.sol', 'heal.sol', 'drip.t.sol', 'heal.t.sol', 'flap.sol', 'tune.sol']
1,['flop.sol', 'join.sol', 'flip.sol', 'frob.sol', 'flap.t.sol', 'heal.sol', 'drip.t.sol', 'heal.t.sol', 'flap.sol', 'bite.sol']
2,['flop.sol', 'join.sol', 'flip.sol', 'frob.sol', 'flap.t.sol', 'heal.sol', 'drip.t.sol', 'heal.t.sol', 'drip.sol', 'frob.t.sol']
1,['flop.sol', 'join.sol', 'flip.sol', 'frob.sol', 'flap.t.sol', 'heal.sol', 'drip.t.sol', 'heal.t.sol', 'drip.sol', 'tune.sol']
1,['flop.sol', 'join.sol', 'flip.sol', 'frob.sol', 'flap.t.sol', 'heal.sol', 'drip.t.sol', 'heal.t.sol', 'drip.sol', 'bite.sol']
1,['flop.sol', 'join.sol', 'flip.sol', 'frob.sol', 'flap.t.sol', 'heal.sol', 'drip.t.sol', 'heal.t.sol', 'frob.t.sol', 'tune.sol']
2,['flop.sol', 'join.sol', 'flip.sol', 'frob.sol', 'flap.t.sol', 'heal.sol', 'drip.t.sol', 'heal.t.sol', 'frob.t.sol', 'bite.sol']
1,['flop.sol', 'join.sol', 'flip.sol', 'frob.sol', 'flap.t.sol', 'heal.sol', 'drip.t.sol', 'heal.t.sol', 'tune.sol', 'bite.sol']
2,['flop.sol', 'join.sol', 'flip.sol', 'frob.sol', 'flap.t.sol', 'heal.sol', 'drip.t.sol', 'flap.sol', 'drip.sol', 'frob.t.sol']
1,['flop.sol', 'join.sol', 'flip.sol', 'frob.sol', 'flap.t.sol', 'heal.sol', 'drip.t.sol', 'flap.sol', 'drip.sol', 'tune.sol']
1,['flop.sol', 'join.sol', 'flip.sol', 'frob.sol', 'flap.t.sol', 'heal.sol', 'drip.t.sol', 'flap.sol', 'drip.sol', 'bite.sol']
1,['flop.sol', 'join.sol', 'flip.sol', 'frob.sol', 'flap.t.sol', 'heal.sol', 'drip.t.sol', 'flap.sol', 'frob.t.sol', 'tune.sol']
2,['flop.sol', 'join.sol', 'flip.sol', 'frob.sol', 'flap.t.sol', 'heal.sol', 'drip.t.sol', 'flap.sol', 'frob.t.sol', 'bite.sol']
1,['flop.sol', 'join.sol', 'flip.sol', 'frob.sol', 'flap.t.sol', 'heal.sol', 'drip.t.sol', 'flap.sol', 'tune.sol', 'bite.sol']
1,['flop.sol', 'join.sol', 'flip.sol', 'frob.sol', 'flap.t.sol', 'heal.sol', 'drip.t.sol', 'drip.sol', 'frob.t.sol', 'tune.sol']
2,['flop.sol', 'join.sol', 'flip.sol', 'frob.sol', 'flap.t.sol', 'heal.sol', 'drip.t.sol', 'drip.sol', 'frob.t.sol', 'bite.sol']
1,['flop.sol', 'join.sol', 'flip.sol', 'frob.sol', 'flap.t.sol', 'heal.sol', 'drip.t.sol', 'drip.sol', 'tune.sol', 'bite.sol']
1,['flop.sol', 'join.sol', 'flip.sol', 'frob.sol', 'flap.t.sol', 'heal.sol', 'drip.t.sol', 'frob.t.sol', 'tune.sol', 'bite.sol']
2,['flop.sol', 'join.sol', 'flip.sol', 'frob.sol', 'flap.t.sol', 'heal.sol', 'heal.t.sol', 'flap.sol', 'drip.sol', 'frob.t.sol']
2,['flop.sol', 'join.sol', 'flip.sol', 'frob.sol', 'flap.t.sol', 'heal.sol', 'heal.t.sol', 'flap.sol', 'drip.sol', 'tune.sol']
2,['flop.sol', 'join.sol', 'flip.sol', 'frob.sol', 'flap.t.sol', 'heal.sol', 'heal.t.sol', 'flap.sol', 'drip.sol', 'bite.sol']
2,['flop.sol', 'join.sol', 'flip.sol', 'frob.sol', 'flap.t.sol', 'heal.sol', 'heal.t.sol', 'flap.sol', 'frob.t.sol', 'tune.sol']
2,['flop.sol', 'join.sol', 'flip.sol', 'frob.sol', 'flap.t.sol', 'heal.sol', 'heal.t.sol', 'flap.sol', 'frob.t.sol', 'bite.sol']
2,['flop.sol', 'join.sol', 'flip.sol', 'frob.sol', 'flap.t.sol', 'heal.sol', 'heal.t.sol', 'flap.sol', 'tune.sol', 'bite.sol']
2,['flop.sol', 'join.sol', 'flip.sol', 'frob.sol', 'flap.t.sol', 'heal.sol', 'heal.t.sol', 'drip.sol', 'frob.t.sol', 'tune.sol']
2,['flop.sol', 'join.sol', 'flip.sol', 'frob.sol', 'flap.t.sol', 'heal.sol', 'heal.t.sol', 'drip.sol', 'frob.t.sol', 'bite.sol']
2,['flop.sol', 'join.sol', 'flip.sol', 'frob.sol', 'flap.t.sol', 'heal.sol', 'heal.t.sol', 'drip.sol', 'tune.sol', 'bite.sol']
2,['flop.sol', 'join.sol', 'flip.sol', 'frob.sol', 'flap.t.sol', 'heal.sol', 'heal.t.sol', 'frob.t.sol', 'tune.sol', 'bite.sol']
2,['flop.sol', 'join.sol', 'flip.sol', 'frob.sol', 'flap.t.sol', 'heal.sol', 'flap.sol', 'drip.sol', 'frob.t.sol', 'tune.sol']
3,['flop.sol', 'join.sol', 'flip.sol', 'frob.sol', 'flap.t.sol', 'heal.sol', 'flap.sol', 'drip.sol', 'frob.t.sol', 'bite.sol']
1,['flop.sol', 'join.sol', 'flip.sol', 'frob.sol', 'flap.t.sol', 'heal.sol', 'flap.sol', 'drip.sol', 'tune.sol', 'bite.sol']
2,['flop.sol', 'join.sol', 'flip.sol', 'frob.sol', 'flap.t.sol', 'heal.sol', 'flap.sol', 'frob.t.sol', 'tune.sol', 'bite.sol']
2,['flop.sol', 'join.sol', 'flip.sol', 'frob.sol', 'flap.t.sol', 'heal.sol', 'drip.sol', 'frob.t.sol', 'tune.sol', 'bite.sol']
2,['flop.sol', 'join.sol', 'flip.sol', 'frob.sol', 'flap.t.sol', 'drip.t.sol', 'heal.t.sol', 'flap.sol', 'drip.sol', 'frob.t.sol']
2,['flop.sol', 'join.sol', 'flip.sol', 'frob.sol', 'flap.t.sol', 'drip.t.sol', 'heal.t.sol', 'flap.sol', 'drip.sol', 'tune.sol']
1,['flop.sol', 'join.sol', 'flip.sol', 'frob.sol', 'flap.t.sol', 'drip.t.sol', 'heal.t.sol', 'flap.sol', 'drip.sol', 'bite.sol']
1,['flop.sol', 'join.sol', 'flip.sol', 'frob.sol', 'flap.t.sol', 'drip.t.sol', 'heal.t.sol', 'flap.sol', 'frob.t.sol', 'tune.sol']
2,['flop.sol', 'join.sol', 'flip.sol', 'frob.sol', 'flap.t.sol', 'drip.t.sol', 'heal.t.sol', 'flap.sol', 'frob.t.sol', 'bite.sol']
2,['flop.sol', 'join.sol', 'flip.sol', 'frob.sol', 'flap.t.sol', 'drip.t.sol', 'heal.t.sol', 'flap.sol', 'tune.sol', 'bite.sol']
1,['flop.sol', 'join.sol', 'flip.sol', 'frob.sol', 'flap.t.sol', 'drip.t.sol', 'heal.t.sol', 'drip.sol', 'frob.t.sol', 'tune.sol']
1,['flop.sol', 'join.sol', 'flip.sol', 'frob.sol', 'flap.t.sol', 'drip.t.sol', 'heal.t.sol', 'drip.sol', 'frob.t.sol', 'bite.sol']
1,['flop.sol', 'join.sol', 'flip.sol', 'frob.sol', 'flap.t.sol', 'drip.t.sol', 'heal.t.sol', 'drip.sol', 'tune.sol', 'bite.sol']
1,['flop.sol', 'join.sol', 'flip.sol', 'frob.sol', 'flap.t.sol', 'drip.t.sol', 'heal.t.sol', 'frob.t.sol', 'tune.sol', 'bite.sol']
2,['flop.sol', 'join.sol', 'flip.sol', 'frob.sol', 'flap.t.sol', 'drip.t.sol', 'flap.sol', 'drip.sol', 'frob.t.sol', 'tune.sol']
2,['flop.sol', 'join.sol', 'flip.sol', 'frob.sol', 'flap.t.sol', 'drip.t.sol', 'flap.sol', 'drip.sol', 'frob.t.sol', 'bite.sol']
1,['flop.sol', 'join.sol', 'flip.sol', 'frob.sol', 'flap.t.sol', 'drip.t.sol', 'flap.sol', 'drip.sol', 'tune.sol', 'bite.sol']
2,['flop.sol', 'join.sol', 'flip.sol', 'frob.sol', 'flap.t.sol', 'drip.t.sol', 'flap.sol', 'frob.t.sol', 'tune.sol', 'bite.sol']
2,['flop.sol', 'join.sol', 'flip.sol', 'frob.sol', 'flap.t.sol', 'drip.t.sol', 'drip.sol', 'frob.t.sol', 'tune.sol', 'bite.sol']
2,['flop.sol', 'join.sol', 'flip.sol', 'frob.sol', 'flap.t.sol', 'heal.t.sol', 'flap.sol', 'drip.sol', 'frob.t.sol', 'tune.sol']
2,['flop.sol', 'join.sol', 'flip.sol', 'frob.sol', 'flap.t.sol', 'heal.t.sol', 'flap.sol', 'drip.sol', 'frob.t.sol', 'bite.sol']
2,['flop.sol', 'join.sol', 'flip.sol', 'frob.sol', 'flap.t.sol', 'heal.t.sol', 'flap.sol', 'drip.sol', 'tune.sol', 'bite.sol']
2,['flop.sol', 'join.sol', 'flip.sol', 'frob.sol', 'flap.t.sol', 'heal.t.sol', 'flap.sol', 'frob.t.sol', 'tune.sol', 'bite.sol']
2,['flop.sol', 'join.sol', 'flip.sol', 'frob.sol', 'flap.t.sol', 'heal.t.sol', 'drip.sol', 'frob.t.sol', 'tune.sol', 'bite.sol']
2,['flop.sol', 'join.sol', 'flip.sol', 'frob.sol', 'flap.t.sol', 'flap.sol', 'drip.sol', 'frob.t.sol', 'tune.sol', 'bite.sol']
2,['flop.sol', 'join.sol', 'flip.sol', 'frob.sol', 'heal.sol', 'drip.t.sol', 'heal.t.sol', 'flap.sol', 'drip.sol', 'frob.t.sol']
1,['flop.sol', 'join.sol', 'flip.sol', 'frob.sol', 'heal.sol', 'drip.t.sol', 'heal.t.sol', 'flap.sol', 'drip.sol', 'tune.sol']
2,['flop.sol', 'join.sol', 'flip.sol', 'frob.sol', 'heal.sol', 'drip.t.sol', 'heal.t.sol', 'flap.sol', 'drip.sol', 'bite.sol']
1,['flop.sol', 'join.sol', 'flip.sol', 'frob.sol', 'heal.sol', 'drip.t.sol', 'heal.t.sol', 'flap.sol', 'frob.t.sol', 'tune.sol']
2,['flop.sol', 'join.sol', 'flip.sol', 'frob.sol', 'heal.sol', 'drip.t.sol', 'heal.t.sol', 'flap.sol', 'frob.t.sol', 'bite.sol']
1,['flop.sol', 'join.sol', 'flip.sol', 'frob.sol', 'heal.sol', 'drip.t.sol', 'heal.t.sol', 'flap.sol', 'tune.sol', 'bite.sol']
1,['flop.sol', 'join.sol', 'flip.sol', 'frob.sol', 'heal.sol', 'drip.t.sol', 'heal.t.sol', 'drip.sol', 'frob.t.sol', 'tune.sol']
1,['flop.sol', 'join.sol', 'flip.sol', 'frob.sol', 'heal.sol', 'drip.t.sol', 'heal.t.sol', 'drip.sol', 'frob.t.sol', 'bite.sol']
1,['flop.sol', 'join.sol', 'flip.sol', 'frob.sol', 'heal.sol', 'drip.t.sol', 'heal.t.sol', 'drip.sol', 'tune.sol', 'bite.sol']
1,['flop.sol', 'join.sol', 'flip.sol', 'frob.sol', 'heal.sol', 'drip.t.sol', 'heal.t.sol', 'frob.t.sol', 'tune.sol', 'bite.sol']
1,['flop.sol', 'join.sol', 'flip.sol', 'frob.sol', 'heal.sol', 'drip.t.sol', 'flap.sol', 'drip.sol', 'frob.t.sol', 'tune.sol']
1,['flop.sol', 'join.sol', 'flip.sol', 'frob.sol', 'heal.sol', 'drip.t.sol', 'flap.sol', 'drip.sol', 'frob.t.sol', 'bite.sol']
1,['flop.sol', 'join.sol', 'flip.sol', 'frob.sol', 'heal.sol', 'drip.t.sol', 'flap.sol', 'drip.sol', 'tune.sol', 'bite.sol']
1,['flop.sol', 'join.sol', 'flip.sol', 'frob.sol', 'heal.sol', 'drip.t.sol', 'flap.sol', 'frob.t.sol', 'tune.sol', 'bite.sol']
1,['flop.sol', 'join.sol', 'flip.sol', 'frob.sol', 'heal.sol', 'drip.t.sol', 'drip.sol', 'frob.t.sol', 'tune.sol', 'bite.sol']
2,['flop.sol', 'join.sol', 'flip.sol', 'frob.sol', 'heal.sol', 'heal.t.sol', 'flap.sol', 'drip.sol', 'frob.t.sol', 'tune.sol']
2,['flop.sol', 'join.sol', 'flip.sol', 'frob.sol', 'heal.sol', 'heal.t.sol', 'flap.sol', 'drip.sol', 'frob.t.sol', 'bite.sol']
2,['flop.sol', 'join.sol', 'flip.sol', 'frob.sol', 'heal.sol', 'heal.t.sol', 'flap.sol', 'drip.sol', 'tune.sol', 'bite.sol']
2,['flop.sol', 'join.sol', 'flip.sol', 'frob.sol', 'heal.sol', 'heal.t.sol', 'flap.sol', 'frob.t.sol', 'tune.sol', 'bite.sol']
2,['flop.sol', 'join.sol', 'flip.sol', 'frob.sol', 'heal.sol', 'heal.t.sol', 'drip.sol', 'frob.t.sol', 'tune.sol', 'bite.sol']
2,['flop.sol', 'join.sol', 'flip.sol', 'frob.sol', 'heal.sol', 'flap.sol', 'drip.sol', 'frob.t.sol', 'tune.sol', 'bite.sol']
1,['flop.sol', 'join.sol', 'flip.sol', 'frob.sol', 'drip.t.sol', 'heal.t.sol', 'flap.sol', 'drip.sol', 'frob.t.sol', 'tune.sol']
1,['flop.sol', 'join.sol', 'flip.sol', 'frob.sol', 'drip.t.sol', 'heal.t.sol', 'flap.sol', 'drip.sol', 'frob.t.sol', 'bite.sol']
1,['flop.sol', 'join.sol', 'flip.sol', 'frob.sol', 'drip.t.sol', 'heal.t.sol', 'flap.sol', 'drip.sol', 'tune.sol', 'bite.sol']
1,['flop.sol', 'join.sol', 'flip.sol', 'frob.sol', 'drip.t.sol', 'heal.t.sol', 'flap.sol', 'frob.t.sol', 'tune.sol', 'bite.sol']
1,['flop.sol', 'join.sol', 'flip.sol', 'frob.sol', 'drip.t.sol', 'heal.t.sol', 'drip.sol', 'frob.t.sol', 'tune.sol', 'bite.sol']
2,['flop.sol', 'join.sol', 'flip.sol', 'frob.sol', 'drip.t.sol', 'flap.sol', 'drip.sol', 'frob.t.sol', 'tune.sol', 'bite.sol']
2,['flop.sol', 'join.sol', 'flip.sol', 'frob.sol', 'heal.t.sol', 'flap.sol', 'drip.sol', 'frob.t.sol', 'tune.sol', 'bite.sol']
2,['flop.sol', 'join.sol', 'flip.sol', 'flip.t.sol', 'move.sol', 'flop.t.sol', 'flap.t.sol', 'heal.sol', 'drip.t.sol', 'heal.t.sol']
3,['flop.sol', 'join.sol', 'flip.sol', 'flip.t.sol', 'move.sol', 'flop.t.sol', 'flap.t.sol', 'heal.sol', 'drip.t.sol', 'flap.sol']
2,['flop.sol', 'join.sol', 'flip.sol', 'flip.t.sol', 'move.sol', 'flop.t.sol', 'flap.t.sol', 'heal.sol', 'drip.t.sol', 'drip.sol']
2,['flop.sol', 'join.sol', 'flip.sol', 'flip.t.sol', 'move.sol', 'flop.t.sol', 'flap.t.sol', 'heal.sol', 'drip.t.sol', 'frob.t.sol']
1,['flop.sol', 'join.sol', 'flip.sol', 'flip.t.sol', 'move.sol', 'flop.t.sol', 'flap.t.sol', 'heal.sol', 'drip.t.sol', 'tune.sol']
1,['flop.sol', 'join.sol', 'flip.sol', 'flip.t.sol', 'move.sol', 'flop.t.sol', 'flap.t.sol', 'heal.sol', 'drip.t.sol', 'bite.sol']
3,['flop.sol', 'join.sol', 'flip.sol', 'flip.t.sol', 'move.sol', 'flop.t.sol', 'flap.t.sol', 'heal.sol', 'heal.t.sol', 'flap.sol']
3,['flop.sol', 'join.sol', 'flip.sol', 'flip.t.sol', 'move.sol', 'flop.t.sol', 'flap.t.sol', 'heal.sol', 'heal.t.sol', 'drip.sol']
2,['flop.sol', 'join.sol', 'flip.sol', 'flip.t.sol', 'move.sol', 'flop.t.sol', 'flap.t.sol', 'heal.sol', 'heal.t.sol', 'frob.t.sol']
3,['flop.sol', 'join.sol', 'flip.sol', 'flip.t.sol', 'move.sol', 'flop.t.sol', 'flap.t.sol', 'heal.sol', 'heal.t.sol', 'tune.sol']
3,['flop.sol', 'join.sol', 'flip.sol', 'flip.t.sol', 'move.sol', 'flop.t.sol', 'flap.t.sol', 'heal.sol', 'heal.t.sol', 'bite.sol']
3,['flop.sol', 'join.sol', 'flip.sol', 'flip.t.sol', 'move.sol', 'flop.t.sol', 'flap.t.sol', 'heal.sol', 'flap.sol', 'drip.sol']
3,['flop.sol', 'join.sol', 'flip.sol', 'flip.t.sol', 'move.sol', 'flop.t.sol', 'flap.t.sol', 'heal.sol', 'flap.sol', 'frob.t.sol']
1,['flop.sol', 'join.sol', 'flip.sol', 'flip.t.sol', 'move.sol', 'flop.t.sol', 'flap.t.sol', 'heal.sol', 'flap.sol', 'tune.sol']
2,['flop.sol', 'join.sol', 'flip.sol', 'flip.t.sol', 'move.sol', 'flop.t.sol', 'flap.t.sol', 'heal.sol', 'flap.sol', 'bite.sol']
3,['flop.sol', 'join.sol', 'flip.sol', 'flip.t.sol', 'move.sol', 'flop.t.sol', 'flap.t.sol', 'heal.sol', 'drip.sol', 'frob.t.sol']
1,['flop.sol', 'join.sol', 'flip.sol', 'flip.t.sol', 'move.sol', 'flop.t.sol', 'flap.t.sol', 'heal.sol', 'drip.sol', 'tune.sol']
2,['flop.sol', 'join.sol', 'flip.sol', 'flip.t.sol', 'move.sol', 'flop.t.sol', 'flap.t.sol', 'heal.sol', 'drip.sol', 'bite.sol']
3,['flop.sol', 'join.sol', 'flip.sol', 'flip.t.sol', 'move.sol', 'flop.t.sol', 'flap.t.sol', 'heal.sol', 'frob.t.sol', 'tune.sol']
3,['flop.sol', 'join.sol', 'flip.sol', 'flip.t.sol', 'move.sol', 'flop.t.sol', 'flap.t.sol', 'heal.sol', 'frob.t.sol', 'bite.sol']
1,['flop.sol', 'join.sol', 'flip.sol', 'flip.t.sol', 'move.sol', 'flop.t.sol', 'flap.t.sol', 'heal.sol', 'tune.sol', 'bite.sol']
3,['flop.sol', 'join.sol', 'flip.sol', 'flip.t.sol', 'move.sol', 'flop.t.sol', 'flap.t.sol', 'drip.t.sol', 'heal.t.sol', 'flap.sol']
3,['flop.sol', 'join.sol', 'flip.sol', 'flip.t.sol', 'move.sol', 'flop.t.sol', 'flap.t.sol', 'drip.t.sol', 'heal.t.sol', 'drip.sol']
2,['flop.sol', 'join.sol', 'flip.sol', 'flip.t.sol', 'move.sol', 'flop.t.sol', 'flap.t.sol', 'drip.t.sol', 'heal.t.sol', 'frob.t.sol']
2,['flop.sol', 'join.sol', 'flip.sol', 'flip.t.sol', 'move.sol', 'flop.t.sol', 'flap.t.sol', 'drip.t.sol', 'heal.t.sol', 'tune.sol']
3,['flop.sol', 'join.sol', 'flip.sol', 'flip.t.sol', 'move.sol', 'flop.t.sol', 'flap.t.sol', 'drip.t.sol', 'heal.t.sol', 'bite.sol']
3,['flop.sol', 'join.sol', 'flip.sol', 'flip.t.sol', 'move.sol', 'flop.t.sol', 'flap.t.sol', 'drip.t.sol', 'flap.sol', 'drip.sol']
2,['flop.sol', 'join.sol', 'flip.sol', 'flip.t.sol', 'move.sol', 'flop.t.sol', 'flap.t.sol', 'drip.t.sol', 'flap.sol', 'frob.t.sol']
1,['flop.sol', 'join.sol', 'flip.sol', 'flip.t.sol', 'move.sol', 'flop.t.sol', 'flap.t.sol', 'drip.t.sol', 'flap.sol', 'tune.sol']
1,['flop.sol', 'join.sol', 'flip.sol', 'flip.t.sol', 'move.sol', 'flop.t.sol', 'flap.t.sol', 'drip.t.sol', 'flap.sol', 'bite.sol']
2,['flop.sol', 'join.sol', 'flip.sol', 'flip.t.sol', 'move.sol', 'flop.t.sol', 'flap.t.sol', 'drip.t.sol', 'drip.sol', 'frob.t.sol']
1,['flop.sol', 'join.sol', 'flip.sol', 'flip.t.sol', 'move.sol', 'flop.t.sol', 'flap.t.sol', 'drip.t.sol', 'drip.sol', 'tune.sol']
1,['flop.sol', 'join.sol', 'flip.sol', 'flip.t.sol', 'move.sol', 'flop.t.sol', 'flap.t.sol', 'drip.t.sol', 'drip.sol', 'bite.sol']
2,['flop.sol', 'join.sol', 'flip.sol', 'flip.t.sol', 'move.sol', 'flop.t.sol', 'flap.t.sol', 'drip.t.sol', 'frob.t.sol', 'tune.sol']
2,['flop.sol', 'join.sol', 'flip.sol', 'flip.t.sol', 'move.sol', 'flop.t.sol', 'flap.t.sol', 'drip.t.sol', 'frob.t.sol', 'bite.sol']
1,['flop.sol', 'join.sol', 'flip.sol', 'flip.t.sol', 'move.sol', 'flop.t.sol', 'flap.t.sol', 'drip.t.sol', 'tune.sol', 'bite.sol']
3,['flop.sol', 'join.sol', 'flip.sol', 'flip.t.sol', 'move.sol', 'flop.t.sol', 'flap.t.sol', 'heal.t.sol', 'flap.sol', 'drip.sol']
3,['flop.sol', 'join.sol', 'flip.sol', 'flip.t.sol', 'move.sol', 'flop.t.sol', 'flap.t.sol', 'heal.t.sol', 'flap.sol', 'frob.t.sol']
2,['flop.sol', 'join.sol', 'flip.sol', 'flip.t.sol', 'move.sol', 'flop.t.sol', 'flap.t.sol', 'heal.t.sol', 'flap.sol', 'tune.sol']
3,['flop.sol', 'join.sol', 'flip.sol', 'flip.t.sol', 'move.sol', 'flop.t.sol', 'flap.t.sol', 'heal.t.sol', 'flap.sol', 'bite.sol']
2,['flop.sol', 'join.sol', 'flip.sol', 'flip.t.sol', 'move.sol', 'flop.t.sol', 'flap.t.sol', 'heal.t.sol', 'drip.sol', 'frob.t.sol']
2,['flop.sol', 'join.sol', 'flip.sol', 'flip.t.sol', 'move.sol', 'flop.t.sol', 'flap.t.sol', 'heal.t.sol', 'drip.sol', 'tune.sol']
3,['flop.sol', 'join.sol', 'flip.sol', 'flip.t.sol', 'move.sol', 'flop.t.sol', 'flap.t.sol', 'heal.t.sol', 'drip.sol', 'bite.sol']
2,['flop.sol', 'join.sol', 'flip.sol', 'flip.t.sol', 'move.sol', 'flop.t.sol', 'flap.t.sol', 'heal.t.sol', 'frob.t.sol', 'tune.sol']
2,['flop.sol', 'join.sol', 'flip.sol', 'flip.t.sol', 'move.sol', 'flop.t.sol', 'flap.t.sol', 'heal.t.sol', 'frob.t.sol', 'bite.sol']
2,['flop.sol', 'join.sol', 'flip.sol', 'flip.t.sol', 'move.sol', 'flop.t.sol', 'flap.t.sol', 'heal.t.sol', 'tune.sol', 'bite.sol']
3,['flop.sol', 'join.sol', 'flip.sol', 'flip.t.sol', 'move.sol', 'flop.t.sol', 'flap.t.sol', 'flap.sol', 'drip.sol', 'frob.t.sol']
2,['flop.sol', 'join.sol', 'flip.sol', 'flip.t.sol', 'move.sol', 'flop.t.sol', 'flap.t.sol', 'flap.sol', 'drip.sol', 'tune.sol']
2,['flop.sol', 'join.sol', 'flip.sol', 'flip.t.sol', 'move.sol', 'flop.t.sol', 'flap.t.sol', 'flap.sol', 'drip.sol', 'bite.sol']
3,['flop.sol', 'join.sol', 'flip.sol', 'flip.t.sol', 'move.sol', 'flop.t.sol', 'flap.t.sol', 'flap.sol', 'frob.t.sol', 'tune.sol']
3,['flop.sol', 'join.sol', 'flip.sol', 'flip.t.sol', 'move.sol', 'flop.t.sol', 'flap.t.sol', 'flap.sol', 'frob.t.sol', 'bite.sol']
1,['flop.sol', 'join.sol', 'flip.sol', 'flip.t.sol', 'move.sol', 'flop.t.sol', 'flap.t.sol', 'flap.sol', 'tune.sol', 'bite.sol']
3,['flop.sol', 'join.sol', 'flip.sol', 'flip.t.sol', 'move.sol', 'flop.t.sol', 'flap.t.sol', 'drip.sol', 'frob.t.sol', 'tune.sol']
3,['flop.sol', 'join.sol', 'flip.sol', 'flip.t.sol', 'move.sol', 'flop.t.sol', 'flap.t.sol', 'drip.sol', 'frob.t.sol', 'bite.sol']
1,['flop.sol', 'join.sol', 'flip.sol', 'flip.t.sol', 'move.sol', 'flop.t.sol', 'flap.t.sol', 'drip.sol', 'tune.sol', 'bite.sol']
3,['flop.sol', 'join.sol', 'flip.sol', 'flip.t.sol', 'move.sol', 'flop.t.sol', 'flap.t.sol', 'frob.t.sol', 'tune.sol', 'bite.sol']
2,['flop.sol', 'join.sol', 'flip.sol', 'flip.t.sol', 'move.sol', 'flop.t.sol', 'heal.sol', 'drip.t.sol', 'heal.t.sol', 'flap.sol']
2,['flop.sol', 'join.sol', 'flip.sol', 'flip.t.sol', 'move.sol', 'flop.t.sol', 'heal.sol', 'drip.t.sol', 'heal.t.sol', 'drip.sol']
2,['flop.sol', 'join.sol', 'flip.sol', 'flip.t.sol', 'move.sol', 'flop.t.sol', 'heal.sol', 'drip.t.sol', 'heal.t.sol', 'frob.t.sol']
1,['flop.sol', 'join.sol', 'flip.sol', 'flip.t.sol', 'move.sol', 'flop.t.sol', 'heal.sol', 'drip.t.sol', 'heal.t.sol', 'tune.sol']
1,['flop.sol', 'join.sol', 'flip.sol', 'flip.t.sol', 'move.sol', 'flop.t.sol', 'heal.sol', 'drip.t.sol', 'heal.t.sol', 'bite.sol']
3,['flop.sol', 'join.sol', 'flip.sol', 'flip.t.sol', 'move.sol', 'flop.t.sol', 'heal.sol', 'drip.t.sol', 'flap.sol', 'drip.sol']
3,['flop.sol', 'join.sol', 'flip.sol', 'flip.t.sol', 'move.sol', 'flop.t.sol', 'heal.sol', 'drip.t.sol', 'flap.sol', 'frob.t.sol']
1,['flop.sol', 'join.sol', 'flip.sol', 'flip.t.sol', 'move.sol', 'flop.t.sol', 'heal.sol', 'drip.t.sol', 'flap.sol', 'tune.sol']
2,['flop.sol', 'join.sol', 'flip.sol', 'flip.t.sol', 'move.sol', 'flop.t.sol', 'heal.sol', 'drip.t.sol', 'flap.sol', 'bite.sol']
2,['flop.sol', 'join.sol', 'flip.sol', 'flip.t.sol', 'move.sol', 'flop.t.sol', 'heal.sol', 'drip.t.sol', 'drip.sol', 'frob.t.sol']
1,['flop.sol', 'join.sol', 'flip.sol', 'flip.t.sol', 'move.sol', 'flop.t.sol', 'heal.sol', 'drip.t.sol', 'drip.sol', 'tune.sol']
2,['flop.sol', 'join.sol', 'flip.sol', 'flip.t.sol', 'move.sol', 'flop.t.sol', 'heal.sol', 'drip.t.sol', 'drip.sol', 'bite.sol']
2,['flop.sol', 'join.sol', 'flip.sol', 'flip.t.sol', 'move.sol', 'flop.t.sol', 'heal.sol', 'drip.t.sol', 'frob.t.sol', 'tune.sol']
2,['flop.sol', 'join.sol', 'flip.sol', 'flip.t.sol', 'move.sol', 'flop.t.sol', 'heal.sol', 'drip.t.sol', 'frob.t.sol', 'bite.sol']
1,['flop.sol', 'join.sol', 'flip.sol', 'flip.t.sol', 'move.sol', 'flop.t.sol', 'heal.sol', 'drip.t.sol', 'tune.sol', 'bite.sol']
3,['flop.sol', 'join.sol', 'flip.sol', 'flip.t.sol', 'move.sol', 'flop.t.sol', 'heal.sol', 'heal.t.sol', 'flap.sol', 'drip.sol']
2,['flop.sol', 'join.sol', 'flip.sol', 'flip.t.sol', 'move.sol', 'flop.t.sol', 'heal.sol', 'heal.t.sol', 'flap.sol', 'frob.t.sol']
2,['flop.sol', 'join.sol', 'flip.sol', 'flip.t.sol', 'move.sol', 'flop.t.sol', 'heal.sol', 'heal.t.sol', 'flap.sol', 'tune.sol']
3,['flop.sol', 'join.sol', 'flip.sol', 'flip.t.sol', 'move.sol', 'flop.t.sol', 'heal.sol', 'heal.t.sol', 'flap.sol', 'bite.sol']
2,['flop.sol', 'join.sol', 'flip.sol', 'flip.t.sol', 'move.sol', 'flop.t.sol', 'heal.sol', 'heal.t.sol', 'drip.sol', 'frob.t.sol']
2,['flop.sol', 'join.sol', 'flip.sol', 'flip.t.sol', 'move.sol', 'flop.t.sol', 'heal.sol', 'heal.t.sol', 'drip.sol', 'tune.sol']
3,['flop.sol', 'join.sol', 'flip.sol', 'flip.t.sol', 'move.sol', 'flop.t.sol', 'heal.sol', 'heal.t.sol', 'drip.sol', 'bite.sol']
2,['flop.sol', 'join.sol', 'flip.sol', 'flip.t.sol', 'move.sol', 'flop.t.sol', 'heal.sol', 'heal.t.sol', 'frob.t.sol', 'tune.sol']
2,['flop.sol', 'join.sol', 'flip.sol', 'flip.t.sol', 'move.sol', 'flop.t.sol', 'heal.sol', 'heal.t.sol', 'frob.t.sol', 'bite.sol']
2,['flop.sol', 'join.sol', 'flip.sol', 'flip.t.sol', 'move.sol', 'flop.t.sol', 'heal.sol', 'heal.t.sol', 'tune.sol', 'bite.sol']
3,['flop.sol', 'join.sol', 'flip.sol', 'flip.t.sol', 'move.sol', 'flop.t.sol', 'heal.sol', 'flap.sol', 'drip.sol', 'frob.t.sol']
2,['flop.sol', 'join.sol', 'flip.sol', 'flip.t.sol', 'move.sol', 'flop.t.sol', 'heal.sol', 'flap.sol', 'drip.sol', 'tune.sol']
2,['flop.sol', 'join.sol', 'flip.sol', 'flip.t.sol', 'move.sol', 'flop.t.sol', 'heal.sol', 'flap.sol', 'drip.sol', 'bite.sol']
3,['flop.sol', 'join.sol', 'flip.sol', 'flip.t.sol', 'move.sol', 'flop.t.sol', 'heal.sol', 'flap.sol', 'frob.t.sol', 'tune.sol']
3,['flop.sol', 'join.sol', 'flip.sol', 'flip.t.sol', 'move.sol', 'flop.t.sol', 'heal.sol', 'flap.sol', 'frob.t.sol', 'bite.sol']
1,['flop.sol', 'join.sol', 'flip.sol', 'flip.t.sol', 'move.sol', 'flop.t.sol', 'heal.sol', 'flap.sol', 'tune.sol', 'bite.sol']
3,['flop.sol', 'join.sol', 'flip.sol', 'flip.t.sol', 'move.sol', 'flop.t.sol', 'heal.sol', 'drip.sol', 'frob.t.sol', 'tune.sol']
2,['flop.sol', 'join.sol', 'flip.sol', 'flip.t.sol', 'move.sol', 'flop.t.sol', 'heal.sol', 'drip.sol', 'frob.t.sol', 'bite.sol']
1,['flop.sol', 'join.sol', 'flip.sol', 'flip.t.sol', 'move.sol', 'flop.t.sol', 'heal.sol', 'drip.sol', 'tune.sol', 'bite.sol']
2,['flop.sol', 'join.sol', 'flip.sol', 'flip.t.sol', 'move.sol', 'flop.t.sol', 'heal.sol', 'frob.t.sol', 'tune.sol', 'bite.sol']
3,['flop.sol', 'join.sol', 'flip.sol', 'flip.t.sol', 'move.sol', 'flop.t.sol', 'drip.t.sol', 'heal.t.sol', 'flap.sol', 'drip.sol']
2,['flop.sol', 'join.sol', 'flip.sol', 'flip.t.sol', 'move.sol', 'flop.t.sol', 'drip.t.sol', 'heal.t.sol', 'flap.sol', 'frob.t.sol']
2,['flop.sol', 'join.sol', 'flip.sol', 'flip.t.sol', 'move.sol', 'flop.t.sol', 'drip.t.sol', 'heal.t.sol', 'flap.sol', 'tune.sol']
2,['flop.sol', 'join.sol', 'flip.sol', 'flip.t.sol', 'move.sol', 'flop.t.sol', 'drip.t.sol', 'heal.t.sol', 'flap.sol', 'bite.sol']
2,['flop.sol', 'join.sol', 'flip.sol', 'flip.t.sol', 'move.sol', 'flop.t.sol', 'drip.t.sol', 'heal.t.sol', 'drip.sol', 'frob.t.sol']
2,['flop.sol', 'join.sol', 'flip.sol', 'flip.t.sol', 'move.sol', 'flop.t.sol', 'drip.t.sol', 'heal.t.sol', 'drip.sol', 'tune.sol']
1,['flop.sol', 'join.sol', 'flip.sol', 'flip.t.sol', 'move.sol', 'flop.t.sol', 'drip.t.sol', 'heal.t.sol', 'drip.sol', 'bite.sol']
2,['flop.sol', 'join.sol', 'flip.sol', 'flip.t.sol', 'move.sol', 'flop.t.sol', 'drip.t.sol', 'heal.t.sol', 'frob.t.sol', 'tune.sol']
2,['flop.sol', 'join.sol', 'flip.sol', 'flip.t.sol', 'move.sol', 'flop.t.sol', 'drip.t.sol', 'heal.t.sol', 'frob.t.sol', 'bite.sol']
2,['flop.sol', 'join.sol', 'flip.sol', 'flip.t.sol', 'move.sol', 'flop.t.sol', 'drip.t.sol', 'heal.t.sol', 'tune.sol', 'bite.sol']
3,['flop.sol', 'join.sol', 'flip.sol', 'flip.t.sol', 'move.sol', 'flop.t.sol', 'drip.t.sol', 'flap.sol', 'drip.sol', 'frob.t.sol']
1,['flop.sol', 'join.sol', 'flip.sol', 'flip.t.sol', 'move.sol', 'flop.t.sol', 'drip.t.sol', 'flap.sol', 'drip.sol', 'tune.sol']
2,['flop.sol', 'join.sol', 'flip.sol', 'flip.t.sol', 'move.sol', 'flop.t.sol', 'drip.t.sol', 'flap.sol', 'drip.sol', 'bite.sol']
3,['flop.sol', 'join.sol', 'flip.sol', 'flip.t.sol', 'move.sol', 'flop.t.sol', 'drip.t.sol', 'flap.sol', 'frob.t.sol', 'tune.sol']
3,['flop.sol', 'join.sol', 'flip.sol', 'flip.t.sol', 'move.sol', 'flop.t.sol', 'drip.t.sol', 'flap.sol', 'frob.t.sol', 'bite.sol']
1,['flop.sol', 'join.sol', 'flip.sol', 'flip.t.sol', 'move.sol', 'flop.t.sol', 'drip.t.sol', 'flap.sol', 'tune.sol', 'bite.sol']
2,['flop.sol', 'join.sol', 'flip.sol', 'flip.t.sol', 'move.sol', 'flop.t.sol', 'drip.t.sol', 'drip.sol', 'frob.t.sol', 'tune.sol']
3,['flop.sol', 'join.sol', 'flip.sol', 'flip.t.sol', 'move.sol', 'flop.t.sol', 'drip.t.sol', 'drip.sol', 'frob.t.sol', 'bite.sol']
1,['flop.sol', 'join.sol', 'flip.sol', 'flip.t.sol', 'move.sol', 'flop.t.sol', 'drip.t.sol', 'drip.sol', 'tune.sol', 'bite.sol']
2,['flop.sol', 'join.sol', 'flip.sol', 'flip.t.sol', 'move.sol', 'flop.t.sol', 'drip.t.sol', 'frob.t.sol', 'tune.sol', 'bite.sol']
3,['flop.sol', 'join.sol', 'flip.sol', 'flip.t.sol', 'move.sol', 'flop.t.sol', 'heal.t.sol', 'flap.sol', 'drip.sol', 'frob.t.sol']
2,['flop.sol', 'join.sol', 'flip.sol', 'flip.t.sol', 'move.sol', 'flop.t.sol', 'heal.t.sol', 'flap.sol', 'drip.sol', 'tune.sol']
3,['flop.sol', 'join.sol', 'flip.sol', 'flip.t.sol', 'move.sol', 'flop.t.sol', 'heal.t.sol', 'flap.sol', 'drip.sol', 'bite.sol']
3,['flop.sol', 'join.sol', 'flip.sol', 'flip.t.sol', 'move.sol', 'flop.t.sol', 'heal.t.sol', 'flap.sol', 'frob.t.sol', 'tune.sol']
3,['flop.sol', 'join.sol', 'flip.sol', 'flip.t.sol', 'move.sol', 'flop.t.sol', 'heal.t.sol', 'flap.sol', 'frob.t.sol', 'bite.sol']
2,['flop.sol', 'join.sol', 'flip.sol', 'flip.t.sol', 'move.sol', 'flop.t.sol', 'heal.t.sol', 'flap.sol', 'tune.sol', 'bite.sol']
3,['flop.sol', 'join.sol', 'flip.sol', 'flip.t.sol', 'move.sol', 'flop.t.sol', 'heal.t.sol', 'drip.sol', 'frob.t.sol', 'tune.sol']
2,['flop.sol', 'join.sol', 'flip.sol', 'flip.t.sol', 'move.sol', 'flop.t.sol', 'heal.t.sol', 'drip.sol', 'frob.t.sol', 'bite.sol']
2,['flop.sol', 'join.sol', 'flip.sol', 'flip.t.sol', 'move.sol', 'flop.t.sol', 'heal.t.sol', 'drip.sol', 'tune.sol', 'bite.sol']
2,['flop.sol', 'join.sol', 'flip.sol', 'flip.t.sol', 'move.sol', 'flop.t.sol', 'heal.t.sol', 'frob.t.sol', 'tune.sol', 'bite.sol']
3,['flop.sol', 'join.sol', 'flip.sol', 'flip.t.sol', 'move.sol', 'flop.t.sol', 'flap.sol', 'drip.sol', 'frob.t.sol', 'tune.sol']
3,['flop.sol', 'join.sol', 'flip.sol', 'flip.t.sol', 'move.sol', 'flop.t.sol', 'flap.sol', 'drip.sol', 'frob.t.sol', 'bite.sol']
1,['flop.sol', 'join.sol', 'flip.sol', 'flip.t.sol', 'move.sol', 'flop.t.sol', 'flap.sol', 'drip.sol', 'tune.sol', 'bite.sol']
2,['flop.sol', 'join.sol', 'flip.sol', 'flip.t.sol', 'move.sol', 'flop.t.sol', 'flap.sol', 'frob.t.sol', 'tune.sol', 'bite.sol']
2,['flop.sol', 'join.sol', 'flip.sol', 'flip.t.sol', 'move.sol', 'flop.t.sol', 'drip.sol', 'frob.t.sol', 'tune.sol', 'bite.sol']
2,['flop.sol', 'join.sol', 'flip.sol', 'flip.t.sol', 'move.sol', 'flap.t.sol', 'heal.sol', 'drip.t.sol', 'heal.t.sol', 'flap.sol']
2,['flop.sol', 'join.sol', 'flip.sol', 'flip.t.sol', 'move.sol', 'flap.t.sol', 'heal.sol', 'drip.t.sol', 'heal.t.sol', 'drip.sol']
2,['flop.sol', 'join.sol', 'flip.sol', 'flip.t.sol', 'move.sol', 'flap.t.sol', 'heal.sol', 'drip.t.sol', 'heal.t.sol', 'frob.t.sol']
1,['flop.sol', 'join.sol', 'flip.sol', 'flip.t.sol', 'move.sol', 'flap.t.sol', 'heal.sol', 'drip.t.sol', 'heal.t.sol', 'tune.sol']
1,['flop.sol', 'join.sol', 'flip.sol', 'flip.t.sol', 'move.sol', 'flap.t.sol', 'heal.sol', 'drip.t.sol', 'heal.t.sol', 'bite.sol']
3,['flop.sol', 'join.sol', 'flip.sol', 'flip.t.sol', 'move.sol', 'flap.t.sol', 'heal.sol', 'drip.t.sol', 'flap.sol', 'drip.sol']
3,['flop.sol', 'join.sol', 'flip.sol', 'flip.t.sol', 'move.sol', 'flap.t.sol', 'heal.sol', 'drip.t.sol', 'flap.sol', 'frob.t.sol']
1,['flop.sol', 'join.sol', 'flip.sol', 'flip.t.sol', 'move.sol', 'flap.t.sol', 'heal.sol', 'drip.t.sol', 'flap.sol', 'tune.sol']
2,['flop.sol', 'join.sol', 'flip.sol', 'flip.t.sol', 'move.sol', 'flap.t.sol', 'heal.sol', 'drip.t.sol', 'flap.sol', 'bite.sol']
2,['flop.sol', 'join.sol', 'flip.sol', 'flip.t.sol', 'move.sol', 'flap.t.sol', 'heal.sol', 'drip.t.sol', 'drip.sol', 'frob.t.sol']
1,['flop.sol', 'join.sol', 'flip.sol', 'flip.t.sol', 'move.sol', 'flap.t.sol', 'heal.sol', 'drip.t.sol', 'drip.sol', 'tune.sol']
2,['flop.sol', 'join.sol', 'flip.sol', 'flip.t.sol', 'move.sol', 'flap.t.sol', 'heal.sol', 'drip.t.sol', 'drip.sol', 'bite.sol']
2,['flop.sol', 'join.sol', 'flip.sol', 'flip.t.sol', 'move.sol', 'flap.t.sol', 'heal.sol', 'drip.t.sol', 'frob.t.sol', 'tune.sol']
2,['flop.sol', 'join.sol', 'flip.sol', 'flip.t.sol', 'move.sol', 'flap.t.sol', 'heal.sol', 'drip.t.sol', 'frob.t.sol', 'bite.sol']
1,['flop.sol', 'join.sol', 'flip.sol', 'flip.t.sol', 'move.sol', 'flap.t.sol', 'heal.sol', 'drip.t.sol', 'tune.sol', 'bite.sol']
3,['flop.sol', 'join.sol', 'flip.sol', 'flip.t.sol', 'move.sol', 'flap.t.sol', 'heal.sol', 'heal.t.sol', 'flap.sol', 'drip.sol']
2,['flop.sol', 'join.sol', 'flip.sol', 'flip.t.sol', 'move.sol', 'flap.t.sol', 'heal.sol', 'heal.t.sol', 'flap.sol', 'frob.t.sol']
1,['flop.sol', 'join.sol', 'flip.sol', 'flip.t.sol', 'move.sol', 'flap.t.sol', 'heal.sol', 'heal.t.sol', 'flap.sol', 'tune.sol']
3,['flop.sol', 'join.sol', 'flip.sol', 'flip.t.sol', 'move.sol', 'flap.t.sol', 'heal.sol', 'heal.t.sol', 'flap.sol', 'bite.sol']
2,['flop.sol', 'join.sol', 'flip.sol', 'flip.t.sol', 'move.sol', 'flap.t.sol', 'heal.sol', 'heal.t.sol', 'drip.sol', 'frob.t.sol']
2,['flop.sol', 'join.sol', 'flip.sol', 'flip.t.sol', 'move.sol', 'flap.t.sol', 'heal.sol', 'heal.t.sol', 'drip.sol', 'tune.sol']
3,['flop.sol', 'join.sol', 'flip.sol', 'flip.t.sol', 'move.sol', 'flap.t.sol', 'heal.sol', 'heal.t.sol', 'drip.sol', 'bite.sol']
2,['flop.sol', 'join.sol', 'flip.sol', 'flip.t.sol', 'move.sol', 'flap.t.sol', 'heal.sol', 'heal.t.sol', 'frob.t.sol', 'tune.sol']
2,['flop.sol', 'join.sol', 'flip.sol', 'flip.t.sol', 'move.sol', 'flap.t.sol', 'heal.sol', 'heal.t.sol', 'frob.t.sol', 'bite.sol']
2,['flop.sol', 'join.sol', 'flip.sol', 'flip.t.sol', 'move.sol', 'flap.t.sol', 'heal.sol', 'heal.t.sol', 'tune.sol', 'bite.sol']
3,['flop.sol', 'join.sol', 'flip.sol', 'flip.t.sol', 'move.sol', 'flap.t.sol', 'heal.sol', 'flap.sol', 'drip.sol', 'frob.t.sol']
1,['flop.sol', 'join.sol', 'flip.sol', 'flip.t.sol', 'move.sol', 'flap.t.sol', 'heal.sol', 'flap.sol', 'drip.sol', 'tune.sol']
2,['flop.sol', 'join.sol', 'flip.sol', 'flip.t.sol', 'move.sol', 'flap.t.sol', 'heal.sol', 'flap.sol', 'drip.sol', 'bite.sol']
3,['flop.sol', 'join.sol', 'flip.sol', 'flip.t.sol', 'move.sol', 'flap.t.sol', 'heal.sol', 'flap.sol', 'frob.t.sol', 'tune.sol']
3,['flop.sol', 'join.sol', 'flip.sol', 'flip.t.sol', 'move.sol', 'flap.t.sol', 'heal.sol', 'flap.sol', 'frob.t.sol', 'bite.sol']
1,['flop.sol', 'join.sol', 'flip.sol', 'flip.t.sol', 'move.sol', 'flap.t.sol', 'heal.sol', 'flap.sol', 'tune.sol', 'bite.sol']
3,['flop.sol', 'join.sol', 'flip.sol', 'flip.t.sol', 'move.sol', 'flap.t.sol', 'heal.sol', 'drip.sol', 'frob.t.sol', 'tune.sol']
2,['flop.sol', 'join.sol', 'flip.sol', 'flip.t.sol', 'move.sol', 'flap.t.sol', 'heal.sol', 'drip.sol', 'frob.t.sol', 'bite.sol']
1,['flop.sol', 'join.sol', 'flip.sol', 'flip.t.sol', 'move.sol', 'flap.t.sol', 'heal.sol', 'drip.sol', 'tune.sol', 'bite.sol']
2,['flop.sol', 'join.sol', 'flip.sol', 'flip.t.sol', 'move.sol', 'flap.t.sol', 'heal.sol', 'frob.t.sol', 'tune.sol', 'bite.sol']
3,['flop.sol', 'join.sol', 'flip.sol', 'flip.t.sol', 'move.sol', 'flap.t.sol', 'drip.t.sol', 'heal.t.sol', 'flap.sol', 'drip.sol']
2,['flop.sol', 'join.sol', 'flip.sol', 'flip.t.sol', 'move.sol', 'flap.t.sol', 'drip.t.sol', 'heal.t.sol', 'flap.sol', 'frob.t.sol']
2,['flop.sol', 'join.sol', 'flip.sol', 'flip.t.sol', 'move.sol', 'flap.t.sol', 'drip.t.sol', 'heal.t.sol', 'flap.sol', 'tune.sol']
2,['flop.sol', 'join.sol', 'flip.sol', 'flip.t.sol', 'move.sol', 'flap.t.sol', 'drip.t.sol', 'heal.t.sol', 'flap.sol', 'bite.sol']
2,['flop.sol', 'join.sol', 'flip.sol', 'flip.t.sol', 'move.sol', 'flap.t.sol', 'drip.t.sol', 'heal.t.sol', 'drip.sol', 'frob.t.sol']
2,['flop.sol', 'join.sol', 'flip.sol', 'flip.t.sol', 'move.sol', 'flap.t.sol', 'drip.t.sol', 'heal.t.sol', 'drip.sol', 'tune.sol']
2,['flop.sol', 'join.sol', 'flip.sol', 'flip.t.sol', 'move.sol', 'flap.t.sol', 'drip.t.sol', 'heal.t.sol', 'drip.sol', 'bite.sol']
2,['flop.sol', 'join.sol', 'flip.sol', 'flip.t.sol', 'move.sol', 'flap.t.sol', 'drip.t.sol', 'heal.t.sol', 'frob.t.sol', 'tune.sol']
2,['flop.sol', 'join.sol', 'flip.sol', 'flip.t.sol', 'move.sol', 'flap.t.sol', 'drip.t.sol', 'heal.t.sol', 'frob.t.sol', 'bite.sol']
2,['flop.sol', 'join.sol', 'flip.sol', 'flip.t.sol', 'move.sol', 'flap.t.sol', 'drip.t.sol', 'heal.t.sol', 'tune.sol', 'bite.sol']
3,['flop.sol', 'join.sol', 'flip.sol', 'flip.t.sol', 'move.sol', 'flap.t.sol', 'drip.t.sol', 'flap.sol', 'drip.sol', 'frob.t.sol']
1,['flop.sol', 'join.sol', 'flip.sol', 'flip.t.sol', 'move.sol', 'flap.t.sol', 'drip.t.sol', 'flap.sol', 'drip.sol', 'tune.sol']
2,['flop.sol', 'join.sol', 'flip.sol', 'flip.t.sol', 'move.sol', 'flap.t.sol', 'drip.t.sol', 'flap.sol', 'drip.sol', 'bite.sol']
3,['flop.sol', 'join.sol', 'flip.sol', 'flip.t.sol', 'move.sol', 'flap.t.sol', 'drip.t.sol', 'flap.sol', 'frob.t.sol', 'tune.sol']
3,['flop.sol', 'join.sol', 'flip.sol', 'flip.t.sol', 'move.sol', 'flap.t.sol', 'drip.t.sol', 'flap.sol', 'frob.t.sol', 'bite.sol']
1,['flop.sol', 'join.sol', 'flip.sol', 'flip.t.sol', 'move.sol', 'flap.t.sol', 'drip.t.sol', 'flap.sol', 'tune.sol', 'bite.sol']
2,['flop.sol', 'join.sol', 'flip.sol', 'flip.t.sol', 'move.sol', 'flap.t.sol', 'drip.t.sol', 'drip.sol', 'frob.t.sol', 'tune.sol']
3,['flop.sol', 'join.sol', 'flip.sol', 'flip.t.sol', 'move.sol', 'flap.t.sol', 'drip.t.sol', 'drip.sol', 'frob.t.sol', 'bite.sol']
1,['flop.sol', 'join.sol', 'flip.sol', 'flip.t.sol', 'move.sol', 'flap.t.sol', 'drip.t.sol', 'drip.sol', 'tune.sol', 'bite.sol']
2,['flop.sol', 'join.sol', 'flip.sol', 'flip.t.sol', 'move.sol', 'flap.t.sol', 'drip.t.sol', 'frob.t.sol', 'tune.sol', 'bite.sol']
3,['flop.sol', 'join.sol', 'flip.sol', 'flip.t.sol', 'move.sol', 'flap.t.sol', 'heal.t.sol', 'flap.sol', 'drip.sol', 'frob.t.sol']
2,['flop.sol', 'join.sol', 'flip.sol', 'flip.t.sol', 'move.sol', 'flap.t.sol', 'heal.t.sol', 'flap.sol', 'drip.sol', 'tune.sol']
3,['flop.sol', 'join.sol', 'flip.sol', 'flip.t.sol', 'move.sol', 'flap.t.sol', 'heal.t.sol', 'flap.sol', 'drip.sol', 'bite.sol']
3,['flop.sol', 'join.sol', 'flip.sol', 'flip.t.sol', 'move.sol', 'flap.t.sol', 'heal.t.sol', 'flap.sol', 'frob.t.sol', 'tune.sol']
3,['flop.sol', 'join.sol', 'flip.sol', 'flip.t.sol', 'move.sol', 'flap.t.sol', 'heal.t.sol', 'flap.sol', 'frob.t.sol', 'bite.sol']
2,['flop.sol', 'join.sol', 'flip.sol', 'flip.t.sol', 'move.sol', 'flap.t.sol', 'heal.t.sol', 'flap.sol', 'tune.sol', 'bite.sol']
2,['flop.sol', 'join.sol', 'flip.sol', 'flip.t.sol', 'move.sol', 'flap.t.sol', 'heal.t.sol', 'drip.sol', 'frob.t.sol', 'tune.sol']
2,['flop.sol', 'join.sol', 'flip.sol', 'flip.t.sol', 'move.sol', 'flap.t.sol', 'heal.t.sol', 'drip.sol', 'frob.t.sol', 'bite.sol']
2,['flop.sol', 'join.sol', 'flip.sol', 'flip.t.sol', 'move.sol', 'flap.t.sol', 'heal.t.sol', 'drip.sol', 'tune.sol', 'bite.sol']
2,['flop.sol', 'join.sol', 'flip.sol', 'flip.t.sol', 'move.sol', 'flap.t.sol', 'heal.t.sol', 'frob.t.sol', 'tune.sol', 'bite.sol']
3,['flop.sol', 'join.sol', 'flip.sol', 'flip.t.sol', 'move.sol', 'flap.t.sol', 'flap.sol', 'drip.sol', 'frob.t.sol', 'tune.sol']
3,['flop.sol', 'join.sol', 'flip.sol', 'flip.t.sol', 'move.sol', 'flap.t.sol', 'flap.sol', 'drip.sol', 'frob.t.sol', 'bite.sol']
1,['flop.sol', 'join.sol', 'flip.sol', 'flip.t.sol', 'move.sol', 'flap.t.sol', 'flap.sol', 'drip.sol', 'tune.sol', 'bite.sol']
2,['flop.sol', 'join.sol', 'flip.sol', 'flip.t.sol', 'move.sol', 'flap.t.sol', 'flap.sol', 'frob.t.sol', 'tune.sol', 'bite.sol']
2,['flop.sol', 'join.sol', 'flip.sol', 'flip.t.sol', 'move.sol', 'flap.t.sol', 'drip.sol', 'frob.t.sol', 'tune.sol', 'bite.sol']
2,['flop.sol', 'join.sol', 'flip.sol', 'flip.t.sol', 'move.sol', 'heal.sol', 'drip.t.sol', 'heal.t.sol', 'flap.sol', 'drip.sol']
2,['flop.sol', 'join.sol', 'flip.sol', 'flip.t.sol', 'move.sol', 'heal.sol', 'drip.t.sol', 'heal.t.sol', 'flap.sol', 'frob.t.sol']
2,['flop.sol', 'join.sol', 'flip.sol', 'flip.t.sol', 'move.sol', 'heal.sol', 'drip.t.sol', 'heal.t.sol', 'flap.sol', 'tune.sol']
1,['flop.sol', 'join.sol', 'flip.sol', 'flip.t.sol', 'move.sol', 'heal.sol', 'drip.t.sol', 'heal.t.sol', 'flap.sol', 'bite.sol']
2,['flop.sol', 'join.sol', 'flip.sol', 'flip.t.sol', 'move.sol', 'heal.sol', 'drip.t.sol', 'heal.t.sol', 'drip.sol', 'frob.t.sol']
1,['flop.sol', 'join.sol', 'flip.sol', 'flip.t.sol', 'move.sol', 'heal.sol', 'drip.t.sol', 'heal.t.sol', 'drip.sol', 'tune.sol']
1,['flop.sol', 'join.sol', 'flip.sol', 'flip.t.sol', 'move.sol', 'heal.sol', 'drip.t.sol', 'heal.t.sol', 'drip.sol', 'bite.sol']
2,['flop.sol', 'join.sol', 'flip.sol', 'flip.t.sol', 'move.sol', 'heal.sol', 'drip.t.sol', 'heal.t.sol', 'frob.t.sol', 'tune.sol']
2,['flop.sol', 'join.sol', 'flip.sol', 'flip.t.sol', 'move.sol', 'heal.sol', 'drip.t.sol', 'heal.t.sol', 'frob.t.sol', 'bite.sol']
1,['flop.sol', 'join.sol', 'flip.sol', 'flip.t.sol', 'move.sol', 'heal.sol', 'drip.t.sol', 'heal.t.sol', 'tune.sol', 'bite.sol']
2,['flop.sol', 'join.sol', 'flip.sol', 'flip.t.sol', 'move.sol', 'heal.sol', 'drip.t.sol', 'flap.sol', 'drip.sol', 'frob.t.sol']
1,['flop.sol', 'join.sol', 'flip.sol', 'flip.t.sol', 'move.sol', 'heal.sol', 'drip.t.sol', 'flap.sol', 'drip.sol', 'tune.sol']
1,['flop.sol', 'join.sol', 'flip.sol', 'flip.t.sol', 'move.sol', 'heal.sol', 'drip.t.sol', 'flap.sol', 'drip.sol', 'bite.sol']
3,['flop.sol', 'join.sol', 'flip.sol', 'flip.t.sol', 'move.sol', 'heal.sol', 'drip.t.sol', 'flap.sol', 'frob.t.sol', 'tune.sol']
2,['flop.sol', 'join.sol', 'flip.sol', 'flip.t.sol', 'move.sol', 'heal.sol', 'drip.t.sol', 'flap.sol', 'frob.t.sol', 'bite.sol']
1,['flop.sol', 'join.sol', 'flip.sol', 'flip.t.sol', 'move.sol', 'heal.sol', 'drip.t.sol', 'flap.sol', 'tune.sol', 'bite.sol']
2,['flop.sol', 'join.sol', 'flip.sol', 'flip.t.sol', 'move.sol', 'heal.sol', 'drip.t.sol', 'drip.sol', 'frob.t.sol', 'tune.sol']
2,['flop.sol', 'join.sol', 'flip.sol', 'flip.t.sol', 'move.sol', 'heal.sol', 'drip.t.sol', 'drip.sol', 'frob.t.sol', 'bite.sol']
1,['flop.sol', 'join.sol', 'flip.sol', 'flip.t.sol', 'move.sol', 'heal.sol', 'drip.t.sol', 'drip.sol', 'tune.sol', 'bite.sol']
1,['flop.sol', 'join.sol', 'flip.sol', 'flip.t.sol', 'move.sol', 'heal.sol', 'drip.t.sol', 'frob.t.sol', 'tune.sol', 'bite.sol']
2,['flop.sol', 'join.sol', 'flip.sol', 'flip.t.sol', 'move.sol', 'heal.sol', 'heal.t.sol', 'flap.sol', 'drip.sol', 'frob.t.sol']
2,['flop.sol', 'join.sol', 'flip.sol', 'flip.t.sol', 'move.sol', 'heal.sol', 'heal.t.sol', 'flap.sol', 'drip.sol', 'tune.sol']
2,['flop.sol', 'join.sol', 'flip.sol', 'flip.t.sol', 'move.sol', 'heal.sol', 'heal.t.sol', 'flap.sol', 'drip.sol', 'bite.sol']
2,['flop.sol', 'join.sol', 'flip.sol', 'flip.t.sol', 'move.sol', 'heal.sol', 'heal.t.sol', 'flap.sol', 'frob.t.sol', 'tune.sol']
2,['flop.sol', 'join.sol', 'flip.sol', 'flip.t.sol', 'move.sol', 'heal.sol', 'heal.t.sol', 'flap.sol', 'frob.t.sol', 'bite.sol']
2,['flop.sol', 'join.sol', 'flip.sol', 'flip.t.sol', 'move.sol', 'heal.sol', 'heal.t.sol', 'flap.sol', 'tune.sol', 'bite.sol']
2,['flop.sol', 'join.sol', 'flip.sol', 'flip.t.sol', 'move.sol', 'heal.sol', 'heal.t.sol', 'drip.sol', 'frob.t.sol', 'tune.sol']
2,['flop.sol', 'join.sol', 'flip.sol', 'flip.t.sol', 'move.sol', 'heal.sol', 'heal.t.sol', 'drip.sol', 'frob.t.sol', 'bite.sol']
2,['flop.sol', 'join.sol', 'flip.sol', 'flip.t.sol', 'move.sol', 'heal.sol', 'heal.t.sol', 'drip.sol', 'tune.sol', 'bite.sol']
2,['flop.sol', 'join.sol', 'flip.sol', 'flip.t.sol', 'move.sol', 'heal.sol', 'heal.t.sol', 'frob.t.sol', 'tune.sol', 'bite.sol']
3,['flop.sol', 'join.sol', 'flip.sol', 'flip.t.sol', 'move.sol', 'heal.sol', 'flap.sol', 'drip.sol', 'frob.t.sol', 'tune.sol']
3,['flop.sol', 'join.sol', 'flip.sol', 'flip.t.sol', 'move.sol', 'heal.sol', 'flap.sol', 'drip.sol', 'frob.t.sol', 'bite.sol']
1,['flop.sol', 'join.sol', 'flip.sol', 'flip.t.sol', 'move.sol', 'heal.sol', 'flap.sol', 'drip.sol', 'tune.sol', 'bite.sol']
2,['flop.sol', 'join.sol', 'flip.sol', 'flip.t.sol', 'move.sol', 'heal.sol', 'flap.sol', 'frob.t.sol', 'tune.sol', 'bite.sol']
2,['flop.sol', 'join.sol', 'flip.sol', 'flip.t.sol', 'move.sol', 'heal.sol', 'drip.sol', 'frob.t.sol', 'tune.sol', 'bite.sol']
2,['flop.sol', 'join.sol', 'flip.sol', 'flip.t.sol', 'move.sol', 'drip.t.sol', 'heal.t.sol', 'flap.sol', 'drip.sol', 'frob.t.sol']
2,['flop.sol', 'join.sol', 'flip.sol', 'flip.t.sol', 'move.sol', 'drip.t.sol', 'heal.t.sol', 'flap.sol', 'drip.sol', 'tune.sol']
2,['flop.sol', 'join.sol', 'flip.sol', 'flip.t.sol', 'move.sol', 'drip.t.sol', 'heal.t.sol', 'flap.sol', 'drip.sol', 'bite.sol']
2,['flop.sol', 'join.sol', 'flip.sol', 'flip.t.sol', 'move.sol', 'drip.t.sol', 'heal.t.sol', 'flap.sol', 'frob.t.sol', 'tune.sol']
2,['flop.sol', 'join.sol', 'flip.sol', 'flip.t.sol', 'move.sol', 'drip.t.sol', 'heal.t.sol', 'flap.sol', 'frob.t.sol', 'bite.sol']
2,['flop.sol', 'join.sol', 'flip.sol', 'flip.t.sol', 'move.sol', 'drip.t.sol', 'heal.t.sol', 'flap.sol', 'tune.sol', 'bite.sol']
1,['flop.sol', 'join.sol', 'flip.sol', 'flip.t.sol', 'move.sol', 'drip.t.sol', 'heal.t.sol', 'drip.sol', 'frob.t.sol', 'tune.sol']
2,['flop.sol', 'join.sol', 'flip.sol', 'flip.t.sol', 'move.sol', 'drip.t.sol', 'heal.t.sol', 'drip.sol', 'frob.t.sol', 'bite.sol']
2,['flop.sol', 'join.sol', 'flip.sol', 'flip.t.sol', 'move.sol', 'drip.t.sol', 'heal.t.sol', 'drip.sol', 'tune.sol', 'bite.sol']
1,['flop.sol', 'join.sol', 'flip.sol', 'flip.t.sol', 'move.sol', 'drip.t.sol', 'heal.t.sol', 'frob.t.sol', 'tune.sol', 'bite.sol']
2,['flop.sol', 'join.sol', 'flip.sol', 'flip.t.sol', 'move.sol', 'drip.t.sol', 'flap.sol', 'drip.sol', 'frob.t.sol', 'tune.sol']
3,['flop.sol', 'join.sol', 'flip.sol', 'flip.t.sol', 'move.sol', 'drip.t.sol', 'flap.sol', 'drip.sol', 'frob.t.sol', 'bite.sol']
1,['flop.sol', 'join.sol', 'flip.sol', 'flip.t.sol', 'move.sol', 'drip.t.sol', 'flap.sol', 'drip.sol', 'tune.sol', 'bite.sol']
2,['flop.sol', 'join.sol', 'flip.sol', 'flip.t.sol', 'move.sol', 'drip.t.sol', 'flap.sol', 'frob.t.sol', 'tune.sol', 'bite.sol']
2,['flop.sol', 'join.sol', 'flip.sol', 'flip.t.sol', 'move.sol', 'drip.t.sol', 'drip.sol', 'frob.t.sol', 'tune.sol', 'bite.sol']
3,['flop.sol', 'join.sol', 'flip.sol', 'flip.t.sol', 'move.sol', 'heal.t.sol', 'flap.sol', 'drip.sol', 'frob.t.sol', 'tune.sol']
2,['flop.sol', 'join.sol', 'flip.sol', 'flip.t.sol', 'move.sol', 'heal.t.sol', 'flap.sol', 'drip.sol', 'frob.t.sol', 'bite.sol']
2,['flop.sol', 'join.sol', 'flip.sol', 'flip.t.sol', 'move.sol', 'heal.t.sol', 'flap.sol', 'drip.sol', 'tune.sol', 'bite.sol']
2,['flop.sol', 'join.sol', 'flip.sol', 'flip.t.sol', 'move.sol', 'heal.t.sol', 'flap.sol', 'frob.t.sol', 'tune.sol', 'bite.sol']
2,['flop.sol', 'join.sol', 'flip.sol', 'flip.t.sol', 'move.sol', 'heal.t.sol', 'drip.sol', 'frob.t.sol', 'tune.sol', 'bite.sol']
2,['flop.sol', 'join.sol', 'flip.sol', 'flip.t.sol', 'move.sol', 'flap.sol', 'drip.sol', 'frob.t.sol', 'tune.sol', 'bite.sol']
2,['flop.sol', 'join.sol', 'flip.sol', 'flip.t.sol', 'flop.t.sol', 'flap.t.sol', 'heal.sol', 'drip.t.sol', 'heal.t.sol', 'flap.sol']
2,['flop.sol', 'join.sol', 'flip.sol', 'flip.t.sol', 'flop.t.sol', 'flap.t.sol', 'heal.sol', 'drip.t.sol', 'heal.t.sol', 'drip.sol']
2,['flop.sol', 'join.sol', 'flip.sol', 'flip.t.sol', 'flop.t.sol', 'flap.t.sol', 'heal.sol', 'drip.t.sol', 'heal.t.sol', 'frob.t.sol']
1,['flop.sol', 'join.sol', 'flip.sol', 'flip.t.sol', 'flop.t.sol', 'flap.t.sol', 'heal.sol', 'drip.t.sol', 'heal.t.sol', 'tune.sol']
2,['flop.sol', 'join.sol', 'flip.sol', 'flip.t.sol', 'flop.t.sol', 'flap.t.sol', 'heal.sol', 'drip.t.sol', 'heal.t.sol', 'bite.sol']
2,['flop.sol', 'join.sol', 'flip.sol', 'flip.t.sol', 'flop.t.sol', 'flap.t.sol', 'heal.sol', 'drip.t.sol', 'flap.sol', 'drip.sol']
2,['flop.sol', 'join.sol', 'flip.sol', 'flip.t.sol', 'flop.t.sol', 'flap.t.sol', 'heal.sol', 'drip.t.sol', 'flap.sol', 'frob.t.sol']
1,['flop.sol', 'join.sol', 'flip.sol', 'flip.t.sol', 'flop.t.sol', 'flap.t.sol', 'heal.sol', 'drip.t.sol', 'flap.sol', 'tune.sol']
2,['flop.sol', 'join.sol', 'flip.sol', 'flip.t.sol', 'flop.t.sol', 'flap.t.sol', 'heal.sol', 'drip.t.sol', 'flap.sol', 'bite.sol']
2,['flop.sol', 'join.sol', 'flip.sol', 'flip.t.sol', 'flop.t.sol', 'flap.t.sol', 'heal.sol', 'drip.t.sol', 'drip.sol', 'frob.t.sol']
1,['flop.sol', 'join.sol', 'flip.sol', 'flip.t.sol', 'flop.t.sol', 'flap.t.sol', 'heal.sol', 'drip.t.sol', 'drip.sol', 'tune.sol']
1,['flop.sol', 'join.sol', 'flip.sol', 'flip.t.sol', 'flop.t.sol', 'flap.t.sol', 'heal.sol', 'drip.t.sol', 'drip.sol', 'bite.sol']
2,['flop.sol', 'join.sol', 'flip.sol', 'flip.t.sol', 'flop.t.sol', 'flap.t.sol', 'heal.sol', 'drip.t.sol', 'frob.t.sol', 'tune.sol']
2,['flop.sol', 'join.sol', 'flip.sol', 'flip.t.sol', 'flop.t.sol', 'flap.t.sol', 'heal.sol', 'drip.t.sol', 'frob.t.sol', 'bite.sol']
1,['flop.sol', 'join.sol', 'flip.sol', 'flip.t.sol', 'flop.t.sol', 'flap.t.sol', 'heal.sol', 'drip.t.sol', 'tune.sol', 'bite.sol']
2,['flop.sol', 'join.sol', 'flip.sol', 'flip.t.sol', 'flop.t.sol', 'flap.t.sol', 'heal.sol', 'heal.t.sol', 'flap.sol', 'drip.sol']
2,['flop.sol', 'join.sol', 'flip.sol', 'flip.t.sol', 'flop.t.sol', 'flap.t.sol', 'heal.sol', 'heal.t.sol', 'flap.sol', 'frob.t.sol']
2,['flop.sol', 'join.sol', 'flip.sol', 'flip.t.sol', 'flop.t.sol', 'flap.t.sol', 'heal.sol', 'heal.t.sol', 'flap.sol', 'tune.sol']
2,['flop.sol', 'join.sol', 'flip.sol', 'flip.t.sol', 'flop.t.sol', 'flap.t.sol', 'heal.sol', 'heal.t.sol', 'flap.sol', 'bite.sol']
2,['flop.sol', 'join.sol', 'flip.sol', 'flip.t.sol', 'flop.t.sol', 'flap.t.sol', 'heal.sol', 'heal.t.sol', 'drip.sol', 'frob.t.sol']
3,['flop.sol', 'join.sol', 'flip.sol', 'flip.t.sol', 'flop.t.sol', 'flap.t.sol', 'heal.sol', 'heal.t.sol', 'drip.sol', 'tune.sol']
3,['flop.sol', 'join.sol', 'flip.sol', 'flip.t.sol', 'flop.t.sol', 'flap.t.sol', 'heal.sol', 'heal.t.sol', 'drip.sol', 'bite.sol']
2,['flop.sol', 'join.sol', 'flip.sol', 'flip.t.sol', 'flop.t.sol', 'flap.t.sol', 'heal.sol', 'heal.t.sol', 'frob.t.sol', 'tune.sol']
2,['flop.sol', 'join.sol', 'flip.sol', 'flip.t.sol', 'flop.t.sol', 'flap.t.sol', 'heal.sol', 'heal.t.sol', 'frob.t.sol', 'bite.sol']
1,['flop.sol', 'join.sol', 'flip.sol', 'flip.t.sol', 'flop.t.sol', 'flap.t.sol', 'heal.sol', 'heal.t.sol', 'tune.sol', 'bite.sol']
3,['flop.sol', 'join.sol', 'flip.sol', 'flip.t.sol', 'flop.t.sol', 'flap.t.sol', 'heal.sol', 'flap.sol', 'drip.sol', 'frob.t.sol']
1,['flop.sol', 'join.sol', 'flip.sol', 'flip.t.sol', 'flop.t.sol', 'flap.t.sol', 'heal.sol', 'flap.sol', 'drip.sol', 'tune.sol']
2,['flop.sol', 'join.sol', 'flip.sol', 'flip.t.sol', 'flop.t.sol', 'flap.t.sol', 'heal.sol', 'flap.sol', 'drip.sol', 'bite.sol']
3,['flop.sol', 'join.sol', 'flip.sol', 'flip.t.sol', 'flop.t.sol', 'flap.t.sol', 'heal.sol', 'flap.sol', 'frob.t.sol', 'tune.sol']
2,['flop.sol', 'join.sol', 'flip.sol', 'flip.t.sol', 'flop.t.sol', 'flap.t.sol', 'heal.sol', 'flap.sol', 'frob.t.sol', 'bite.sol']
1,['flop.sol', 'join.sol', 'flip.sol', 'flip.t.sol', 'flop.t.sol', 'flap.t.sol', 'heal.sol', 'flap.sol', 'tune.sol', 'bite.sol']
3,['flop.sol', 'join.sol', 'flip.sol', 'flip.t.sol', 'flop.t.sol', 'flap.t.sol', 'heal.sol', 'drip.sol', 'frob.t.sol', 'tune.sol']
2,['flop.sol', 'join.sol', 'flip.sol', 'flip.t.sol', 'flop.t.sol', 'flap.t.sol', 'heal.sol', 'drip.sol', 'frob.t.sol', 'bite.sol']
1,['flop.sol', 'join.sol', 'flip.sol', 'flip.t.sol', 'flop.t.sol', 'flap.t.sol', 'heal.sol', 'drip.sol', 'tune.sol', 'bite.sol']
2,['flop.sol', 'join.sol', 'flip.sol', 'flip.t.sol', 'flop.t.sol', 'flap.t.sol', 'heal.sol', 'frob.t.sol', 'tune.sol', 'bite.sol']
3,['flop.sol', 'join.sol', 'flip.sol', 'flip.t.sol', 'flop.t.sol', 'flap.t.sol', 'drip.t.sol', 'heal.t.sol', 'flap.sol', 'drip.sol']
2,['flop.sol', 'join.sol', 'flip.sol', 'flip.t.sol', 'flop.t.sol', 'flap.t.sol', 'drip.t.sol', 'heal.t.sol', 'flap.sol', 'frob.t.sol']
2,['flop.sol', 'join.sol', 'flip.sol', 'flip.t.sol', 'flop.t.sol', 'flap.t.sol', 'drip.t.sol', 'heal.t.sol', 'flap.sol', 'tune.sol']
3,['flop.sol', 'join.sol', 'flip.sol', 'flip.t.sol', 'flop.t.sol', 'flap.t.sol', 'drip.t.sol', 'heal.t.sol', 'flap.sol', 'bite.sol']
2,['flop.sol', 'join.sol', 'flip.sol', 'flip.t.sol', 'flop.t.sol', 'flap.t.sol', 'drip.t.sol', 'heal.t.sol', 'drip.sol', 'frob.t.sol']
2,['flop.sol', 'join.sol', 'flip.sol', 'flip.t.sol', 'flop.t.sol', 'flap.t.sol', 'drip.t.sol', 'heal.t.sol', 'drip.sol', 'tune.sol']
2,['flop.sol', 'join.sol', 'flip.sol', 'flip.t.sol', 'flop.t.sol', 'flap.t.sol', 'drip.t.sol', 'heal.t.sol', 'drip.sol', 'bite.sol']
2,['flop.sol', 'join.sol', 'flip.sol', 'flip.t.sol', 'flop.t.sol', 'flap.t.sol', 'drip.t.sol', 'heal.t.sol', 'frob.t.sol', 'tune.sol']
2,['flop.sol', 'join.sol', 'flip.sol', 'flip.t.sol', 'flop.t.sol', 'flap.t.sol', 'drip.t.sol', 'heal.t.sol', 'frob.t.sol', 'bite.sol']
2,['flop.sol', 'join.sol', 'flip.sol', 'flip.t.sol', 'flop.t.sol', 'flap.t.sol', 'drip.t.sol', 'heal.t.sol', 'tune.sol', 'bite.sol']
2,['flop.sol', 'join.sol', 'flip.sol', 'flip.t.sol', 'flop.t.sol', 'flap.t.sol', 'drip.t.sol', 'flap.sol', 'drip.sol', 'frob.t.sol']
1,['flop.sol', 'join.sol', 'flip.sol', 'flip.t.sol', 'flop.t.sol', 'flap.t.sol', 'drip.t.sol', 'flap.sol', 'drip.sol', 'tune.sol']
1,['flop.sol', 'join.sol', 'flip.sol', 'flip.t.sol', 'flop.t.sol', 'flap.t.sol', 'drip.t.sol', 'flap.sol', 'drip.sol', 'bite.sol']
2,['flop.sol', 'join.sol', 'flip.sol', 'flip.t.sol', 'flop.t.sol', 'flap.t.sol', 'drip.t.sol', 'flap.sol', 'frob.t.sol', 'tune.sol']
2,['flop.sol', 'join.sol', 'flip.sol', 'flip.t.sol', 'flop.t.sol', 'flap.t.sol', 'drip.t.sol', 'flap.sol', 'frob.t.sol', 'bite.sol']
1,['flop.sol', 'join.sol', 'flip.sol', 'flip.t.sol', 'flop.t.sol', 'flap.t.sol', 'drip.t.sol', 'flap.sol', 'tune.sol', 'bite.sol']
2,['flop.sol', 'join.sol', 'flip.sol', 'flip.t.sol', 'flop.t.sol', 'flap.t.sol', 'drip.t.sol', 'drip.sol', 'frob.t.sol', 'tune.sol']
2,['flop.sol', 'join.sol', 'flip.sol', 'flip.t.sol', 'flop.t.sol', 'flap.t.sol', 'drip.t.sol', 'drip.sol', 'frob.t.sol', 'bite.sol']
1,['flop.sol', 'join.sol', 'flip.sol', 'flip.t.sol', 'flop.t.sol', 'flap.t.sol', 'drip.t.sol', 'drip.sol', 'tune.sol', 'bite.sol']
2,['flop.sol', 'join.sol', 'flip.sol', 'flip.t.sol', 'flop.t.sol', 'flap.t.sol', 'drip.t.sol', 'frob.t.sol', 'tune.sol', 'bite.sol']
2,['flop.sol', 'join.sol', 'flip.sol', 'flip.t.sol', 'flop.t.sol', 'flap.t.sol', 'heal.t.sol', 'flap.sol', 'drip.sol', 'frob.t.sol']
2,['flop.sol', 'join.sol', 'flip.sol', 'flip.t.sol', 'flop.t.sol', 'flap.t.sol', 'heal.t.sol', 'flap.sol', 'drip.sol', 'tune.sol']
3,['flop.sol', 'join.sol', 'flip.sol', 'flip.t.sol', 'flop.t.sol', 'flap.t.sol', 'heal.t.sol', 'flap.sol', 'drip.sol', 'bite.sol']
2,['flop.sol', 'join.sol', 'flip.sol', 'flip.t.sol', 'flop.t.sol', 'flap.t.sol', 'heal.t.sol', 'flap.sol', 'frob.t.sol', 'tune.sol']
2,['flop.sol', 'join.sol', 'flip.sol', 'flip.t.sol', 'flop.t.sol', 'flap.t.sol', 'heal.t.sol', 'flap.sol', 'frob.t.sol', 'bite.sol']
1,['flop.sol', 'join.sol', 'flip.sol', 'flip.t.sol', 'flop.t.sol', 'flap.t.sol', 'heal.t.sol', 'flap.sol', 'tune.sol', 'bite.sol']
2,['flop.sol', 'join.sol', 'flip.sol', 'flip.t.sol', 'flop.t.sol', 'flap.t.sol', 'heal.t.sol', 'drip.sol', 'frob.t.sol', 'tune.sol']
2,['flop.sol', 'join.sol', 'flip.sol', 'flip.t.sol', 'flop.t.sol', 'flap.t.sol', 'heal.t.sol', 'drip.sol', 'frob.t.sol', 'bite.sol']
2,['flop.sol', 'join.sol', 'flip.sol', 'flip.t.sol', 'flop.t.sol', 'flap.t.sol', 'heal.t.sol', 'drip.sol', 'tune.sol', 'bite.sol']
2,['flop.sol', 'join.sol', 'flip.sol', 'flip.t.sol', 'flop.t.sol', 'flap.t.sol', 'heal.t.sol', 'frob.t.sol', 'tune.sol', 'bite.sol']
3,['flop.sol', 'join.sol', 'flip.sol', 'flip.t.sol', 'flop.t.sol', 'flap.t.sol', 'flap.sol', 'drip.sol', 'frob.t.sol', 'tune.sol']
3,['flop.sol', 'join.sol', 'flip.sol', 'flip.t.sol', 'flop.t.sol', 'flap.t.sol', 'flap.sol', 'drip.sol', 'frob.t.sol', 'bite.sol']
1,['flop.sol', 'join.sol', 'flip.sol', 'flip.t.sol', 'flop.t.sol', 'flap.t.sol', 'flap.sol', 'drip.sol', 'tune.sol', 'bite.sol']
2,['flop.sol', 'join.sol', 'flip.sol', 'flip.t.sol', 'flop.t.sol', 'flap.t.sol', 'flap.sol', 'frob.t.sol', 'tune.sol', 'bite.sol']
2,['flop.sol', 'join.sol', 'flip.sol', 'flip.t.sol', 'flop.t.sol', 'flap.t.sol', 'drip.sol', 'frob.t.sol', 'tune.sol', 'bite.sol']
2,['flop.sol', 'join.sol', 'flip.sol', 'flip.t.sol', 'flop.t.sol', 'heal.sol', 'drip.t.sol', 'heal.t.sol', 'flap.sol', 'drip.sol']
2,['flop.sol', 'join.sol', 'flip.sol', 'flip.t.sol', 'flop.t.sol', 'heal.sol', 'drip.t.sol', 'heal.t.sol', 'flap.sol', 'frob.t.sol']
1,['flop.sol', 'join.sol', 'flip.sol', 'flip.t.sol', 'flop.t.sol', 'heal.sol', 'drip.t.sol', 'heal.t.sol', 'flap.sol', 'tune.sol']
2,['flop.sol', 'join.sol', 'flip.sol', 'flip.t.sol', 'flop.t.sol', 'heal.sol', 'drip.t.sol', 'heal.t.sol', 'flap.sol', 'bite.sol']
2,['flop.sol', 'join.sol', 'flip.sol', 'flip.t.sol', 'flop.t.sol', 'heal.sol', 'drip.t.sol', 'heal.t.sol', 'drip.sol', 'frob.t.sol']
1,['flop.sol', 'join.sol', 'flip.sol', 'flip.t.sol', 'flop.t.sol', 'heal.sol', 'drip.t.sol', 'heal.t.sol', 'drip.sol', 'tune.sol']
1,['flop.sol', 'join.sol', 'flip.sol', 'flip.t.sol', 'flop.t.sol', 'heal.sol', 'drip.t.sol', 'heal.t.sol', 'drip.sol', 'bite.sol']
2,['flop.sol', 'join.sol', 'flip.sol', 'flip.t.sol', 'flop.t.sol', 'heal.sol', 'drip.t.sol', 'heal.t.sol', 'frob.t.sol', 'tune.sol']
2,['flop.sol', 'join.sol', 'flip.sol', 'flip.t.sol', 'flop.t.sol', 'heal.sol', 'drip.t.sol', 'heal.t.sol', 'frob.t.sol', 'bite.sol']
1,['flop.sol', 'join.sol', 'flip.sol', 'flip.t.sol', 'flop.t.sol', 'heal.sol', 'drip.t.sol', 'heal.t.sol', 'tune.sol', 'bite.sol']
2,['flop.sol', 'join.sol', 'flip.sol', 'flip.t.sol', 'flop.t.sol', 'heal.sol', 'drip.t.sol', 'flap.sol', 'drip.sol', 'frob.t.sol']
1,['flop.sol', 'join.sol', 'flip.sol', 'flip.t.sol', 'flop.t.sol', 'heal.sol', 'drip.t.sol', 'flap.sol', 'drip.sol', 'tune.sol']
2,['flop.sol', 'join.sol', 'flip.sol', 'flip.t.sol', 'flop.t.sol', 'heal.sol', 'drip.t.sol', 'flap.sol', 'drip.sol', 'bite.sol']
2,['flop.sol', 'join.sol', 'flip.sol', 'flip.t.sol', 'flop.t.sol', 'heal.sol', 'drip.t.sol', 'flap.sol', 'frob.t.sol', 'tune.sol']
2,['flop.sol', 'join.sol', 'flip.sol', 'flip.t.sol', 'flop.t.sol', 'heal.sol', 'drip.t.sol', 'flap.sol', 'frob.t.sol', 'bite.sol']
1,['flop.sol', 'join.sol', 'flip.sol', 'flip.t.sol', 'flop.t.sol', 'heal.sol', 'drip.t.sol', 'flap.sol', 'tune.sol', 'bite.sol']
2,['flop.sol', 'join.sol', 'flip.sol', 'flip.t.sol', 'flop.t.sol', 'heal.sol', 'drip.t.sol', 'drip.sol', 'frob.t.sol', 'tune.sol']
2,['flop.sol', 'join.sol', 'flip.sol', 'flip.t.sol', 'flop.t.sol', 'heal.sol', 'drip.t.sol', 'drip.sol', 'frob.t.sol', 'bite.sol']
1,['flop.sol', 'join.sol', 'flip.sol', 'flip.t.sol', 'flop.t.sol', 'heal.sol', 'drip.t.sol', 'drip.sol', 'tune.sol', 'bite.sol']
1,['flop.sol', 'join.sol', 'flip.sol', 'flip.t.sol', 'flop.t.sol', 'heal.sol', 'drip.t.sol', 'frob.t.sol', 'tune.sol', 'bite.sol']
2,['flop.sol', 'join.sol', 'flip.sol', 'flip.t.sol', 'flop.t.sol', 'heal.sol', 'heal.t.sol', 'flap.sol', 'drip.sol', 'frob.t.sol']
1,['flop.sol', 'join.sol', 'flip.sol', 'flip.t.sol', 'flop.t.sol', 'heal.sol', 'heal.t.sol', 'flap.sol', 'drip.sol', 'tune.sol']
3,['flop.sol', 'join.sol', 'flip.sol', 'flip.t.sol', 'flop.t.sol', 'heal.sol', 'heal.t.sol', 'flap.sol', 'drip.sol', 'bite.sol']
2,['flop.sol', 'join.sol', 'flip.sol', 'flip.t.sol', 'flop.t.sol', 'heal.sol', 'heal.t.sol', 'flap.sol', 'frob.t.sol', 'tune.sol']
2,['flop.sol', 'join.sol', 'flip.sol', 'flip.t.sol', 'flop.t.sol', 'heal.sol', 'heal.t.sol', 'flap.sol', 'frob.t.sol', 'bite.sol']
1,['flop.sol', 'join.sol', 'flip.sol', 'flip.t.sol', 'flop.t.sol', 'heal.sol', 'heal.t.sol', 'flap.sol', 'tune.sol', 'bite.sol']
2,['flop.sol', 'join.sol', 'flip.sol', 'flip.t.sol', 'flop.t.sol', 'heal.sol', 'heal.t.sol', 'drip.sol', 'frob.t.sol', 'tune.sol']
2,['flop.sol', 'join.sol', 'flip.sol', 'flip.t.sol', 'flop.t.sol', 'heal.sol', 'heal.t.sol', 'drip.sol', 'frob.t.sol', 'bite.sol']
2,['flop.sol', 'join.sol', 'flip.sol', 'flip.t.sol', 'flop.t.sol', 'heal.sol', 'heal.t.sol', 'drip.sol', 'tune.sol', 'bite.sol']
2,['flop.sol', 'join.sol', 'flip.sol', 'flip.t.sol', 'flop.t.sol', 'heal.sol', 'heal.t.sol', 'frob.t.sol', 'tune.sol', 'bite.sol']
3,['flop.sol', 'join.sol', 'flip.sol', 'flip.t.sol', 'flop.t.sol', 'heal.sol', 'flap.sol', 'drip.sol', 'frob.t.sol', 'tune.sol']
2,['flop.sol', 'join.sol', 'flip.sol', 'flip.t.sol', 'flop.t.sol', 'heal.sol', 'flap.sol', 'drip.sol', 'frob.t.sol', 'bite.sol']
1,['flop.sol', 'join.sol', 'flip.sol', 'flip.t.sol', 'flop.t.sol', 'heal.sol', 'flap.sol', 'drip.sol', 'tune.sol', 'bite.sol']
3,['flop.sol', 'join.sol', 'flip.sol', 'flip.t.sol', 'flop.t.sol', 'heal.sol', 'flap.sol', 'frob.t.sol', 'tune.sol', 'bite.sol']
2,['flop.sol', 'join.sol', 'flip.sol', 'flip.t.sol', 'flop.t.sol', 'heal.sol', 'drip.sol', 'frob.t.sol', 'tune.sol', 'bite.sol']
2,['flop.sol', 'join.sol', 'flip.sol', 'flip.t.sol', 'flop.t.sol', 'drip.t.sol', 'heal.t.sol', 'flap.sol', 'drip.sol', 'frob.t.sol']
2,['flop.sol', 'join.sol', 'flip.sol', 'flip.t.sol', 'flop.t.sol', 'drip.t.sol', 'heal.t.sol', 'flap.sol', 'drip.sol', 'tune.sol']
1,['flop.sol', 'join.sol', 'flip.sol', 'flip.t.sol', 'flop.t.sol', 'drip.t.sol', 'heal.t.sol', 'flap.sol', 'drip.sol', 'bite.sol']
2,['flop.sol', 'join.sol', 'flip.sol', 'flip.t.sol', 'flop.t.sol', 'drip.t.sol', 'heal.t.sol', 'flap.sol', 'frob.t.sol', 'tune.sol']
2,['flop.sol', 'join.sol', 'flip.sol', 'flip.t.sol', 'flop.t.sol', 'drip.t.sol', 'heal.t.sol', 'flap.sol', 'frob.t.sol', 'bite.sol']
2,['flop.sol', 'join.sol', 'flip.sol', 'flip.t.sol', 'flop.t.sol', 'drip.t.sol', 'heal.t.sol', 'flap.sol', 'tune.sol', 'bite.sol']
2,['flop.sol', 'join.sol', 'flip.sol', 'flip.t.sol', 'flop.t.sol', 'drip.t.sol', 'heal.t.sol', 'drip.sol', 'frob.t.sol', 'tune.sol']
2,['flop.sol', 'join.sol', 'flip.sol', 'flip.t.sol', 'flop.t.sol', 'drip.t.sol', 'heal.t.sol', 'drip.sol', 'frob.t.sol', 'bite.sol']
2,['flop.sol', 'join.sol', 'flip.sol', 'flip.t.sol', 'flop.t.sol', 'drip.t.sol', 'heal.t.sol', 'drip.sol', 'tune.sol', 'bite.sol']
2,['flop.sol', 'join.sol', 'flip.sol', 'flip.t.sol', 'flop.t.sol', 'drip.t.sol', 'heal.t.sol', 'frob.t.sol', 'tune.sol', 'bite.sol']
2,['flop.sol', 'join.sol', 'flip.sol', 'flip.t.sol', 'flop.t.sol', 'drip.t.sol', 'flap.sol', 'drip.sol', 'frob.t.sol', 'tune.sol']
3,['flop.sol', 'join.sol', 'flip.sol', 'flip.t.sol', 'flop.t.sol', 'drip.t.sol', 'flap.sol', 'drip.sol', 'frob.t.sol', 'bite.sol']
1,['flop.sol', 'join.sol', 'flip.sol', 'flip.t.sol', 'flop.t.sol', 'drip.t.sol', 'flap.sol', 'drip.sol', 'tune.sol', 'bite.sol']
2,['flop.sol', 'join.sol', 'flip.sol', 'flip.t.sol', 'flop.t.sol', 'drip.t.sol', 'flap.sol', 'frob.t.sol', 'tune.sol', 'bite.sol']
2,['flop.sol', 'join.sol', 'flip.sol', 'flip.t.sol', 'flop.t.sol', 'drip.t.sol', 'drip.sol', 'frob.t.sol', 'tune.sol', 'bite.sol']
2,['flop.sol', 'join.sol', 'flip.sol', 'flip.t.sol', 'flop.t.sol', 'heal.t.sol', 'flap.sol', 'drip.sol', 'frob.t.sol', 'tune.sol']
2,['flop.sol', 'join.sol', 'flip.sol', 'flip.t.sol', 'flop.t.sol', 'heal.t.sol', 'flap.sol', 'drip.sol', 'frob.t.sol', 'bite.sol']
2,['flop.sol', 'join.sol', 'flip.sol', 'flip.t.sol', 'flop.t.sol', 'heal.t.sol', 'flap.sol', 'drip.sol', 'tune.sol', 'bite.sol']
2,['flop.sol', 'join.sol', 'flip.sol', 'flip.t.sol', 'flop.t.sol', 'heal.t.sol', 'flap.sol', 'frob.t.sol', 'tune.sol', 'bite.sol']
2,['flop.sol', 'join.sol', 'flip.sol', 'flip.t.sol', 'flop.t.sol', 'heal.t.sol', 'drip.sol', 'frob.t.sol', 'tune.sol', 'bite.sol']
2,['flop.sol', 'join.sol', 'flip.sol', 'flip.t.sol', 'flop.t.sol', 'flap.sol', 'drip.sol', 'frob.t.sol', 'tune.sol', 'bite.sol']
2,['flop.sol', 'join.sol', 'flip.sol', 'flip.t.sol', 'flap.t.sol', 'heal.sol', 'drip.t.sol', 'heal.t.sol', 'flap.sol', 'drip.sol']
2,['flop.sol', 'join.sol', 'flip.sol', 'flip.t.sol', 'flap.t.sol', 'heal.sol', 'drip.t.sol', 'heal.t.sol', 'flap.sol', 'frob.t.sol']
2,['flop.sol', 'join.sol', 'flip.sol', 'flip.t.sol', 'flap.t.sol', 'heal.sol', 'drip.t.sol', 'heal.t.sol', 'flap.sol', 'tune.sol']
2,['flop.sol', 'join.sol', 'flip.sol', 'flip.t.sol', 'flap.t.sol', 'heal.sol', 'drip.t.sol', 'heal.t.sol', 'flap.sol', 'bite.sol']
1,['flop.sol', 'join.sol', 'flip.sol', 'flip.t.sol', 'flap.t.sol', 'heal.sol', 'drip.t.sol', 'heal.t.sol', 'drip.sol', 'frob.t.sol']
1,['flop.sol', 'join.sol', 'flip.sol', 'flip.t.sol', 'flap.t.sol', 'heal.sol', 'drip.t.sol', 'heal.t.sol', 'drip.sol', 'tune.sol']
1,['flop.sol', 'join.sol', 'flip.sol', 'flip.t.sol', 'flap.t.sol', 'heal.sol', 'drip.t.sol', 'heal.t.sol', 'drip.sol', 'bite.sol']
2,['flop.sol', 'join.sol', 'flip.sol', 'flip.t.sol', 'flap.t.sol', 'heal.sol', 'drip.t.sol', 'heal.t.sol', 'frob.t.sol', 'tune.sol']
1,['flop.sol', 'join.sol', 'flip.sol', 'flip.t.sol', 'flap.t.sol', 'heal.sol', 'drip.t.sol', 'heal.t.sol', 'frob.t.sol', 'bite.sol']
1,['flop.sol', 'join.sol', 'flip.sol', 'flip.t.sol', 'flap.t.sol', 'heal.sol', 'drip.t.sol', 'heal.t.sol', 'tune.sol', 'bite.sol']
2,['flop.sol', 'join.sol', 'flip.sol', 'flip.t.sol', 'flap.t.sol', 'heal.sol', 'drip.t.sol', 'flap.sol', 'drip.sol', 'frob.t.sol']
1,['flop.sol', 'join.sol', 'flip.sol', 'flip.t.sol', 'flap.t.sol', 'heal.sol', 'drip.t.sol', 'flap.sol', 'drip.sol', 'tune.sol']
2,['flop.sol', 'join.sol', 'flip.sol', 'flip.t.sol', 'flap.t.sol', 'heal.sol', 'drip.t.sol', 'flap.sol', 'drip.sol', 'bite.sol']
2,['flop.sol', 'join.sol', 'flip.sol', 'flip.t.sol', 'flap.t.sol', 'heal.sol', 'drip.t.sol', 'flap.sol', 'frob.t.sol', 'tune.sol']
2,['flop.sol', 'join.sol', 'flip.sol', 'flip.t.sol', 'flap.t.sol', 'heal.sol', 'drip.t.sol', 'flap.sol', 'frob.t.sol', 'bite.sol']
1,['flop.sol', 'join.sol', 'flip.sol', 'flip.t.sol', 'flap.t.sol', 'heal.sol', 'drip.t.sol', 'flap.sol', 'tune.sol', 'bite.sol']
2,['flop.sol', 'join.sol', 'flip.sol', 'flip.t.sol', 'flap.t.sol', 'heal.sol', 'drip.t.sol', 'drip.sol', 'frob.t.sol', 'tune.sol']
2,['flop.sol', 'join.sol', 'flip.sol', 'flip.t.sol', 'flap.t.sol', 'heal.sol', 'drip.t.sol', 'drip.sol', 'frob.t.sol', 'bite.sol']
1,['flop.sol', 'join.sol', 'flip.sol', 'flip.t.sol', 'flap.t.sol', 'heal.sol', 'drip.t.sol', 'drip.sol', 'tune.sol', 'bite.sol']
1,['flop.sol', 'join.sol', 'flip.sol', 'flip.t.sol', 'flap.t.sol', 'heal.sol', 'drip.t.sol', 'frob.t.sol', 'tune.sol', 'bite.sol']
2,['flop.sol', 'join.sol', 'flip.sol', 'flip.t.sol', 'flap.t.sol', 'heal.sol', 'heal.t.sol', 'flap.sol', 'drip.sol', 'frob.t.sol']
1,['flop.sol', 'join.sol', 'flip.sol', 'flip.t.sol', 'flap.t.sol', 'heal.sol', 'heal.t.sol', 'flap.sol', 'drip.sol', 'tune.sol']
2,['flop.sol', 'join.sol', 'flip.sol', 'flip.t.sol', 'flap.t.sol', 'heal.sol', 'heal.t.sol', 'flap.sol', 'drip.sol', 'bite.sol']
2,['flop.sol', 'join.sol', 'flip.sol', 'flip.t.sol', 'flap.t.sol', 'heal.sol', 'heal.t.sol', 'flap.sol', 'frob.t.sol', 'tune.sol']
2,['flop.sol', 'join.sol', 'flip.sol', 'flip.t.sol', 'flap.t.sol', 'heal.sol', 'heal.t.sol', 'flap.sol', 'frob.t.sol', 'bite.sol']
1,['flop.sol', 'join.sol', 'flip.sol', 'flip.t.sol', 'flap.t.sol', 'heal.sol', 'heal.t.sol', 'flap.sol', 'tune.sol', 'bite.sol']
2,['flop.sol', 'join.sol', 'flip.sol', 'flip.t.sol', 'flap.t.sol', 'heal.sol', 'heal.t.sol', 'drip.sol', 'frob.t.sol', 'tune.sol']
2,['flop.sol', 'join.sol', 'flip.sol', 'flip.t.sol', 'flap.t.sol', 'heal.sol', 'heal.t.sol', 'drip.sol', 'frob.t.sol', 'bite.sol']
2,['flop.sol', 'join.sol', 'flip.sol', 'flip.t.sol', 'flap.t.sol', 'heal.sol', 'heal.t.sol', 'drip.sol', 'tune.sol', 'bite.sol']
2,['flop.sol', 'join.sol', 'flip.sol', 'flip.t.sol', 'flap.t.sol', 'heal.sol', 'heal.t.sol', 'frob.t.sol', 'tune.sol', 'bite.sol']
3,['flop.sol', 'join.sol', 'flip.sol', 'flip.t.sol', 'flap.t.sol', 'heal.sol', 'flap.sol', 'drip.sol', 'frob.t.sol', 'tune.sol']
2,['flop.sol', 'join.sol', 'flip.sol', 'flip.t.sol', 'flap.t.sol', 'heal.sol', 'flap.sol', 'drip.sol', 'frob.t.sol', 'bite.sol']
1,['flop.sol', 'join.sol', 'flip.sol', 'flip.t.sol', 'flap.t.sol', 'heal.sol', 'flap.sol', 'drip.sol', 'tune.sol', 'bite.sol']
2,['flop.sol', 'join.sol', 'flip.sol', 'flip.t.sol', 'flap.t.sol', 'heal.sol', 'flap.sol', 'frob.t.sol', 'tune.sol', 'bite.sol']
2,['flop.sol', 'join.sol', 'flip.sol', 'flip.t.sol', 'flap.t.sol', 'heal.sol', 'drip.sol', 'frob.t.sol', 'tune.sol', 'bite.sol']
2,['flop.sol', 'join.sol', 'flip.sol', 'flip.t.sol', 'flap.t.sol', 'drip.t.sol', 'heal.t.sol', 'flap.sol', 'drip.sol', 'frob.t.sol']
2,['flop.sol', 'join.sol', 'flip.sol', 'flip.t.sol', 'flap.t.sol', 'drip.t.sol', 'heal.t.sol', 'flap.sol', 'drip.sol', 'tune.sol']
2,['flop.sol', 'join.sol', 'flip.sol', 'flip.t.sol', 'flap.t.sol', 'drip.t.sol', 'heal.t.sol', 'flap.sol', 'drip.sol', 'bite.sol']
2,['flop.sol', 'join.sol', 'flip.sol', 'flip.t.sol', 'flap.t.sol', 'drip.t.sol', 'heal.t.sol', 'flap.sol', 'frob.t.sol', 'tune.sol']
2,['flop.sol', 'join.sol', 'flip.sol', 'flip.t.sol', 'flap.t.sol', 'drip.t.sol', 'heal.t.sol', 'flap.sol', 'frob.t.sol', 'bite.sol']
2,['flop.sol', 'join.sol', 'flip.sol', 'flip.t.sol', 'flap.t.sol', 'drip.t.sol', 'heal.t.sol', 'flap.sol', 'tune.sol', 'bite.sol']
2,['flop.sol', 'join.sol', 'flip.sol', 'flip.t.sol', 'flap.t.sol', 'drip.t.sol', 'heal.t.sol', 'drip.sol', 'frob.t.sol', 'tune.sol']
1,['flop.sol', 'join.sol', 'flip.sol', 'flip.t.sol', 'flap.t.sol', 'drip.t.sol', 'heal.t.sol', 'drip.sol', 'frob.t.sol', 'bite.sol']
2,['flop.sol', 'join.sol', 'flip.sol', 'flip.t.sol', 'flap.t.sol', 'drip.t.sol', 'heal.t.sol', 'drip.sol', 'tune.sol', 'bite.sol']
2,['flop.sol', 'join.sol', 'flip.sol', 'flip.t.sol', 'flap.t.sol', 'drip.t.sol', 'heal.t.sol', 'frob.t.sol', 'tune.sol', 'bite.sol']
2,['flop.sol', 'join.sol', 'flip.sol', 'flip.t.sol', 'flap.t.sol', 'drip.t.sol', 'flap.sol', 'drip.sol', 'frob.t.sol', 'tune.sol']
2,['flop.sol', 'join.sol', 'flip.sol', 'flip.t.sol', 'flap.t.sol', 'drip.t.sol', 'flap.sol', 'drip.sol', 'frob.t.sol', 'bite.sol']
1,['flop.sol', 'join.sol', 'flip.sol', 'flip.t.sol', 'flap.t.sol', 'drip.t.sol', 'flap.sol', 'drip.sol', 'tune.sol', 'bite.sol']
2,['flop.sol', 'join.sol', 'flip.sol', 'flip.t.sol', 'flap.t.sol', 'drip.t.sol', 'flap.sol', 'frob.t.sol', 'tune.sol', 'bite.sol']
2,['flop.sol', 'join.sol', 'flip.sol', 'flip.t.sol', 'flap.t.sol', 'drip.t.sol', 'drip.sol', 'frob.t.sol', 'tune.sol', 'bite.sol']
2,['flop.sol', 'join.sol', 'flip.sol', 'flip.t.sol', 'flap.t.sol', 'heal.t.sol', 'flap.sol', 'drip.sol', 'frob.t.sol', 'tune.sol']
2,['flop.sol', 'join.sol', 'flip.sol', 'flip.t.sol', 'flap.t.sol', 'heal.t.sol', 'flap.sol', 'drip.sol', 'frob.t.sol', 'bite.sol']
1,['flop.sol', 'join.sol', 'flip.sol', 'flip.t.sol', 'flap.t.sol', 'heal.t.sol', 'flap.sol', 'drip.sol', 'tune.sol', 'bite.sol']
2,['flop.sol', 'join.sol', 'flip.sol', 'flip.t.sol', 'flap.t.sol', 'heal.t.sol', 'flap.sol', 'frob.t.sol', 'tune.sol', 'bite.sol']
2,['flop.sol', 'join.sol', 'flip.sol', 'flip.t.sol', 'flap.t.sol', 'heal.t.sol', 'drip.sol', 'frob.t.sol', 'tune.sol', 'bite.sol']
2,['flop.sol', 'join.sol', 'flip.sol', 'flip.t.sol', 'flap.t.sol', 'flap.sol', 'drip.sol', 'frob.t.sol', 'tune.sol', 'bite.sol']
2,['flop.sol', 'join.sol', 'flip.sol', 'flip.t.sol', 'heal.sol', 'drip.t.sol', 'heal.t.sol', 'flap.sol', 'drip.sol', 'frob.t.sol']
1,['flop.sol', 'join.sol', 'flip.sol', 'flip.t.sol', 'heal.sol', 'drip.t.sol', 'heal.t.sol', 'flap.sol', 'drip.sol', 'tune.sol']
1,['flop.sol', 'join.sol', 'flip.sol', 'flip.t.sol', 'heal.sol', 'drip.t.sol', 'heal.t.sol', 'flap.sol', 'drip.sol', 'bite.sol']
2,['flop.sol', 'join.sol', 'flip.sol', 'flip.t.sol', 'heal.sol', 'drip.t.sol', 'heal.t.sol', 'flap.sol', 'frob.t.sol', 'tune.sol']
2,['flop.sol', 'join.sol', 'flip.sol', 'flip.t.sol', 'heal.sol', 'drip.t.sol', 'heal.t.sol', 'flap.sol', 'frob.t.sol', 'bite.sol']
1,['flop.sol', 'join.sol', 'flip.sol', 'flip.t.sol', 'heal.sol', 'drip.t.sol', 'heal.t.sol', 'flap.sol', 'tune.sol', 'bite.sol']
2,['flop.sol', 'join.sol', 'flip.sol', 'flip.t.sol', 'heal.sol', 'drip.t.sol', 'heal.t.sol', 'drip.sol', 'frob.t.sol', 'tune.sol']
1,['flop.sol', 'join.sol', 'flip.sol', 'flip.t.sol', 'heal.sol', 'drip.t.sol', 'heal.t.sol', 'drip.sol', 'frob.t.sol', 'bite.sol']
1,['flop.sol', 'join.sol', 'flip.sol', 'flip.t.sol', 'heal.sol', 'drip.t.sol', 'heal.t.sol', 'drip.sol', 'tune.sol', 'bite.sol']
1,['flop.sol', 'join.sol', 'flip.sol', 'flip.t.sol', 'heal.sol', 'drip.t.sol', 'heal.t.sol', 'frob.t.sol', 'tune.sol', 'bite.sol']
2,['flop.sol', 'join.sol', 'flip.sol', 'flip.t.sol', 'heal.sol', 'drip.t.sol', 'flap.sol', 'drip.sol', 'frob.t.sol', 'tune.sol']
2,['flop.sol', 'join.sol', 'flip.sol', 'flip.t.sol', 'heal.sol', 'drip.t.sol', 'flap.sol', 'drip.sol', 'frob.t.sol', 'bite.sol']
1,['flop.sol', 'join.sol', 'flip.sol', 'flip.t.sol', 'heal.sol', 'drip.t.sol', 'flap.sol', 'drip.sol', 'tune.sol', 'bite.sol']
2,['flop.sol', 'join.sol', 'flip.sol', 'flip.t.sol', 'heal.sol', 'drip.t.sol', 'flap.sol', 'frob.t.sol', 'tune.sol', 'bite.sol']
1,['flop.sol', 'join.sol', 'flip.sol', 'flip.t.sol', 'heal.sol', 'drip.t.sol', 'drip.sol', 'frob.t.sol', 'tune.sol', 'bite.sol']
2,['flop.sol', 'join.sol', 'flip.sol', 'flip.t.sol', 'heal.sol', 'heal.t.sol', 'flap.sol', 'drip.sol', 'frob.t.sol', 'tune.sol']
2,['flop.sol', 'join.sol', 'flip.sol', 'flip.t.sol', 'heal.sol', 'heal.t.sol', 'flap.sol', 'drip.sol', 'frob.t.sol', 'bite.sol']
1,['flop.sol', 'join.sol', 'flip.sol', 'flip.t.sol', 'heal.sol', 'heal.t.sol', 'flap.sol', 'drip.sol', 'tune.sol', 'bite.sol']
2,['flop.sol', 'join.sol', 'flip.sol', 'flip.t.sol', 'heal.sol', 'heal.t.sol', 'flap.sol', 'frob.t.sol', 'tune.sol', 'bite.sol']
2,['flop.sol', 'join.sol', 'flip.sol', 'flip.t.sol', 'heal.sol', 'heal.t.sol', 'drip.sol', 'frob.t.sol', 'tune.sol', 'bite.sol']
2,['flop.sol', 'join.sol', 'flip.sol', 'flip.t.sol', 'heal.sol', 'flap.sol', 'drip.sol', 'frob.t.sol', 'tune.sol', 'bite.sol']
2,['flop.sol', 'join.sol', 'flip.sol', 'flip.t.sol', 'drip.t.sol', 'heal.t.sol', 'flap.sol', 'drip.sol', 'frob.t.sol', 'tune.sol']
2,['flop.sol', 'join.sol', 'flip.sol', 'flip.t.sol', 'drip.t.sol', 'heal.t.sol', 'flap.sol', 'drip.sol', 'frob.t.sol', 'bite.sol']
2,['flop.sol', 'join.sol', 'flip.sol', 'flip.t.sol', 'drip.t.sol', 'heal.t.sol', 'flap.sol', 'drip.sol', 'tune.sol', 'bite.sol']
1,['flop.sol', 'join.sol', 'flip.sol', 'flip.t.sol', 'drip.t.sol', 'heal.t.sol', 'flap.sol', 'frob.t.sol', 'tune.sol', 'bite.sol']
1,['flop.sol', 'join.sol', 'flip.sol', 'flip.t.sol', 'drip.t.sol', 'heal.t.sol', 'drip.sol', 'frob.t.sol', 'tune.sol', 'bite.sol']
2,['flop.sol', 'join.sol', 'flip.sol', 'flip.t.sol', 'drip.t.sol', 'flap.sol', 'drip.sol', 'frob.t.sol', 'tune.sol', 'bite.sol']
2,['flop.sol', 'join.sol', 'flip.sol', 'flip.t.sol', 'heal.t.sol', 'flap.sol', 'drip.sol', 'frob.t.sol', 'tune.sol', 'bite.sol']
3,['flop.sol', 'join.sol', 'flip.sol', 'move.sol', 'flop.t.sol', 'flap.t.sol', 'heal.sol', 'drip.t.sol', 'heal.t.sol', 'flap.sol']
2,['flop.sol', 'join.sol', 'flip.sol', 'move.sol', 'flop.t.sol', 'flap.t.sol', 'heal.sol', 'drip.t.sol', 'heal.t.sol', 'drip.sol']
2,['flop.sol', 'join.sol', 'flip.sol', 'move.sol', 'flop.t.sol', 'flap.t.sol', 'heal.sol', 'drip.t.sol', 'heal.t.sol', 'frob.t.sol']
1,['flop.sol', 'join.sol', 'flip.sol', 'move.sol', 'flop.t.sol', 'flap.t.sol', 'heal.sol', 'drip.t.sol', 'heal.t.sol', 'tune.sol']
2,['flop.sol', 'join.sol', 'flip.sol', 'move.sol', 'flop.t.sol', 'flap.t.sol', 'heal.sol', 'drip.t.sol', 'heal.t.sol', 'bite.sol']
4,['flop.sol', 'join.sol', 'flip.sol', 'move.sol', 'flop.t.sol', 'flap.t.sol', 'heal.sol', 'drip.t.sol', 'flap.sol', 'drip.sol']
2,['flop.sol', 'join.sol', 'flip.sol', 'move.sol', 'flop.t.sol', 'flap.t.sol', 'heal.sol', 'drip.t.sol', 'flap.sol', 'frob.t.sol']
2,['flop.sol', 'join.sol', 'flip.sol', 'move.sol', 'flop.t.sol', 'flap.t.sol', 'heal.sol', 'drip.t.sol', 'flap.sol', 'tune.sol']
1,['flop.sol', 'join.sol', 'flip.sol', 'move.sol', 'flop.t.sol', 'flap.t.sol', 'heal.sol', 'drip.t.sol', 'flap.sol', 'bite.sol']
2,['flop.sol', 'join.sol', 'flip.sol', 'move.sol', 'flop.t.sol', 'flap.t.sol', 'heal.sol', 'drip.t.sol', 'drip.sol', 'frob.t.sol']
3,['flop.sol', 'join.sol', 'flip.sol', 'move.sol', 'flop.t.sol', 'flap.t.sol', 'heal.sol', 'drip.t.sol', 'drip.sol', 'tune.sol']
2,['flop.sol', 'join.sol', 'flip.sol', 'move.sol', 'flop.t.sol', 'flap.t.sol', 'heal.sol', 'drip.t.sol', 'drip.sol', 'bite.sol']
2,['flop.sol', 'join.sol', 'flip.sol', 'move.sol', 'flop.t.sol', 'flap.t.sol', 'heal.sol', 'drip.t.sol', 'frob.t.sol', 'tune.sol']
2,['flop.sol', 'join.sol', 'flip.sol', 'move.sol', 'flop.t.sol', 'flap.t.sol', 'heal.sol', 'drip.t.sol', 'frob.t.sol', 'bite.sol']
3,['flop.sol', 'join.sol', 'flip.sol', 'move.sol', 'flop.t.sol', 'flap.t.sol', 'heal.sol', 'drip.t.sol', 'tune.sol', 'bite.sol']
3,['flop.sol', 'join.sol', 'flip.sol', 'move.sol', 'flop.t.sol', 'flap.t.sol', 'heal.sol', 'heal.t.sol', 'flap.sol', 'drip.sol']
2,['flop.sol', 'join.sol', 'flip.sol', 'move.sol', 'flop.t.sol', 'flap.t.sol', 'heal.sol', 'heal.t.sol', 'flap.sol', 'frob.t.sol']
2,['flop.sol', 'join.sol', 'flip.sol', 'move.sol', 'flop.t.sol', 'flap.t.sol', 'heal.sol', 'heal.t.sol', 'flap.sol', 'tune.sol']
3,['flop.sol', 'join.sol', 'flip.sol', 'move.sol', 'flop.t.sol', 'flap.t.sol', 'heal.sol', 'heal.t.sol', 'flap.sol', 'bite.sol']
2,['flop.sol', 'join.sol', 'flip.sol', 'move.sol', 'flop.t.sol', 'flap.t.sol', 'heal.sol', 'heal.t.sol', 'drip.sol', 'frob.t.sol']
2,['flop.sol', 'join.sol', 'flip.sol', 'move.sol', 'flop.t.sol', 'flap.t.sol', 'heal.sol', 'heal.t.sol', 'drip.sol', 'tune.sol']
3,['flop.sol', 'join.sol', 'flip.sol', 'move.sol', 'flop.t.sol', 'flap.t.sol', 'heal.sol', 'heal.t.sol', 'drip.sol', 'bite.sol']
2,['flop.sol', 'join.sol', 'flip.sol', 'move.sol', 'flop.t.sol', 'flap.t.sol', 'heal.sol', 'heal.t.sol', 'frob.t.sol', 'tune.sol']
2,['flop.sol', 'join.sol', 'flip.sol', 'move.sol', 'flop.t.sol', 'flap.t.sol', 'heal.sol', 'heal.t.sol', 'frob.t.sol', 'bite.sol']
2,['flop.sol', 'join.sol', 'flip.sol', 'move.sol', 'flop.t.sol', 'flap.t.sol', 'heal.sol', 'heal.t.sol', 'tune.sol', 'bite.sol']
3,['flop.sol', 'join.sol', 'flip.sol', 'move.sol', 'flop.t.sol', 'flap.t.sol', 'heal.sol', 'flap.sol', 'drip.sol', 'frob.t.sol']
2,['flop.sol', 'join.sol', 'flip.sol', 'move.sol', 'flop.t.sol', 'flap.t.sol', 'heal.sol', 'flap.sol', 'drip.sol', 'tune.sol']
2,['flop.sol', 'join.sol', 'flip.sol', 'move.sol', 'flop.t.sol', 'flap.t.sol', 'heal.sol', 'flap.sol', 'drip.sol', 'bite.sol']
3,['flop.sol', 'join.sol', 'flip.sol', 'move.sol', 'flop.t.sol', 'flap.t.sol', 'heal.sol', 'flap.sol', 'frob.t.sol', 'tune.sol']
3,['flop.sol', 'join.sol', 'flip.sol', 'move.sol', 'flop.t.sol', 'flap.t.sol', 'heal.sol', 'flap.sol', 'frob.t.sol', 'bite.sol']
1,['flop.sol', 'join.sol', 'flip.sol', 'move.sol', 'flop.t.sol', 'flap.t.sol', 'heal.sol', 'flap.sol', 'tune.sol', 'bite.sol']
3,['flop.sol', 'join.sol', 'flip.sol', 'move.sol', 'flop.t.sol', 'flap.t.sol', 'heal.sol', 'drip.sol', 'frob.t.sol', 'tune.sol']
3,['flop.sol', 'join.sol', 'flip.sol', 'move.sol', 'flop.t.sol', 'flap.t.sol', 'heal.sol', 'drip.sol', 'frob.t.sol', 'bite.sol']
1,['flop.sol', 'join.sol', 'flip.sol', 'move.sol', 'flop.t.sol', 'flap.t.sol', 'heal.sol', 'drip.sol', 'tune.sol', 'bite.sol']
2,['flop.sol', 'join.sol', 'flip.sol', 'move.sol', 'flop.t.sol', 'flap.t.sol', 'heal.sol', 'frob.t.sol', 'tune.sol', 'bite.sol']
3,['flop.sol', 'join.sol', 'flip.sol', 'move.sol', 'flop.t.sol', 'flap.t.sol', 'drip.t.sol', 'heal.t.sol', 'flap.sol', 'drip.sol']
2,['flop.sol', 'join.sol', 'flip.sol', 'move.sol', 'flop.t.sol', 'flap.t.sol', 'drip.t.sol', 'heal.t.sol', 'flap.sol', 'frob.t.sol']
3,['flop.sol', 'join.sol', 'flip.sol', 'move.sol', 'flop.t.sol', 'flap.t.sol', 'drip.t.sol', 'heal.t.sol', 'flap.sol', 'tune.sol']
2,['flop.sol', 'join.sol', 'flip.sol', 'move.sol', 'flop.t.sol', 'flap.t.sol', 'drip.t.sol', 'heal.t.sol', 'flap.sol', 'bite.sol']
2,['flop.sol', 'join.sol', 'flip.sol', 'move.sol', 'flop.t.sol', 'flap.t.sol', 'drip.t.sol', 'heal.t.sol', 'drip.sol', 'frob.t.sol']
2,['flop.sol', 'join.sol', 'flip.sol', 'move.sol', 'flop.t.sol', 'flap.t.sol', 'drip.t.sol', 'heal.t.sol', 'drip.sol', 'tune.sol']
2,['flop.sol', 'join.sol', 'flip.sol', 'move.sol', 'flop.t.sol', 'flap.t.sol', 'drip.t.sol', 'heal.t.sol', 'drip.sol', 'bite.sol']
2,['flop.sol', 'join.sol', 'flip.sol', 'move.sol', 'flop.t.sol', 'flap.t.sol', 'drip.t.sol', 'heal.t.sol', 'frob.t.sol', 'tune.sol']
2,['flop.sol', 'join.sol', 'flip.sol', 'move.sol', 'flop.t.sol', 'flap.t.sol', 'drip.t.sol', 'heal.t.sol', 'frob.t.sol', 'bite.sol']
2,['flop.sol', 'join.sol', 'flip.sol', 'move.sol', 'flop.t.sol', 'flap.t.sol', 'drip.t.sol', 'heal.t.sol', 'tune.sol', 'bite.sol']
3,['flop.sol', 'join.sol', 'flip.sol', 'move.sol', 'flop.t.sol', 'flap.t.sol', 'drip.t.sol', 'flap.sol', 'drip.sol', 'frob.t.sol']
2,['flop.sol', 'join.sol', 'flip.sol', 'move.sol', 'flop.t.sol', 'flap.t.sol', 'drip.t.sol', 'flap.sol', 'drip.sol', 'tune.sol']
2,['flop.sol', 'join.sol', 'flip.sol', 'move.sol', 'flop.t.sol', 'flap.t.sol', 'drip.t.sol', 'flap.sol', 'drip.sol', 'bite.sol']
3,['flop.sol', 'join.sol', 'flip.sol', 'move.sol', 'flop.t.sol', 'flap.t.sol', 'drip.t.sol', 'flap.sol', 'frob.t.sol', 'tune.sol']
3,['flop.sol', 'join.sol', 'flip.sol', 'move.sol', 'flop.t.sol', 'flap.t.sol', 'drip.t.sol', 'flap.sol', 'frob.t.sol', 'bite.sol']
1,['flop.sol', 'join.sol', 'flip.sol', 'move.sol', 'flop.t.sol', 'flap.t.sol', 'drip.t.sol', 'flap.sol', 'tune.sol', 'bite.sol']
2,['flop.sol', 'join.sol', 'flip.sol', 'move.sol', 'flop.t.sol', 'flap.t.sol', 'drip.t.sol', 'drip.sol', 'frob.t.sol', 'tune.sol']
2,['flop.sol', 'join.sol', 'flip.sol', 'move.sol', 'flop.t.sol', 'flap.t.sol', 'drip.t.sol', 'drip.sol', 'frob.t.sol', 'bite.sol']
2,['flop.sol', 'join.sol', 'flip.sol', 'move.sol', 'flop.t.sol', 'flap.t.sol', 'drip.t.sol', 'drip.sol', 'tune.sol', 'bite.sol']
2,['flop.sol', 'join.sol', 'flip.sol', 'move.sol', 'flop.t.sol', 'flap.t.sol', 'drip.t.sol', 'frob.t.sol', 'tune.sol', 'bite.sol']
2,['flop.sol', 'join.sol', 'flip.sol', 'move.sol', 'flop.t.sol', 'flap.t.sol', 'heal.t.sol', 'flap.sol', 'drip.sol', 'frob.t.sol']
3,['flop.sol', 'join.sol', 'flip.sol', 'move.sol', 'flop.t.sol', 'flap.t.sol', 'heal.t.sol', 'flap.sol', 'drip.sol', 'tune.sol']
4,['flop.sol', 'join.sol', 'flip.sol', 'move.sol', 'flop.t.sol', 'flap.t.sol', 'heal.t.sol', 'flap.sol', 'drip.sol', 'bite.sol']
3,['flop.sol', 'join.sol', 'flip.sol', 'move.sol', 'flop.t.sol', 'flap.t.sol', 'heal.t.sol', 'flap.sol', 'frob.t.sol', 'tune.sol']
2,['flop.sol', 'join.sol', 'flip.sol', 'move.sol', 'flop.t.sol', 'flap.t.sol', 'heal.t.sol', 'flap.sol', 'frob.t.sol', 'bite.sol']
3,['flop.sol', 'join.sol', 'flip.sol', 'move.sol', 'flop.t.sol', 'flap.t.sol', 'heal.t.sol', 'flap.sol', 'tune.sol', 'bite.sol']
2,['flop.sol', 'join.sol', 'flip.sol', 'move.sol', 'flop.t.sol', 'flap.t.sol', 'heal.t.sol', 'drip.sol', 'frob.t.sol', 'tune.sol']
2,['flop.sol', 'join.sol', 'flip.sol', 'move.sol', 'flop.t.sol', 'flap.t.sol', 'heal.t.sol', 'drip.sol', 'frob.t.sol', 'bite.sol']
2,['flop.sol', 'join.sol', 'flip.sol', 'move.sol', 'flop.t.sol', 'flap.t.sol', 'heal.t.sol', 'drip.sol', 'tune.sol', 'bite.sol']
2,['flop.sol', 'join.sol', 'flip.sol', 'move.sol', 'flop.t.sol', 'flap.t.sol', 'heal.t.sol', 'frob.t.sol', 'tune.sol', 'bite.sol']
3,['flop.sol', 'join.sol', 'flip.sol', 'move.sol', 'flop.t.sol', 'flap.t.sol', 'flap.sol', 'drip.sol', 'frob.t.sol', 'tune.sol']
3,['flop.sol', 'join.sol', 'flip.sol', 'move.sol', 'flop.t.sol', 'flap.t.sol', 'flap.sol', 'drip.sol', 'frob.t.sol', 'bite.sol']
1,['flop.sol', 'join.sol', 'flip.sol', 'move.sol', 'flop.t.sol', 'flap.t.sol', 'flap.sol', 'drip.sol', 'tune.sol', 'bite.sol']
3,['flop.sol', 'join.sol', 'flip.sol', 'move.sol', 'flop.t.sol', 'flap.t.sol', 'flap.sol', 'frob.t.sol', 'tune.sol', 'bite.sol']
2,['flop.sol', 'join.sol', 'flip.sol', 'move.sol', 'flop.t.sol', 'flap.t.sol', 'drip.sol', 'frob.t.sol', 'tune.sol', 'bite.sol']
3,['flop.sol', 'join.sol', 'flip.sol', 'move.sol', 'flop.t.sol', 'heal.sol', 'drip.t.sol', 'heal.t.sol', 'flap.sol', 'drip.sol']
2,['flop.sol', 'join.sol', 'flip.sol', 'move.sol', 'flop.t.sol', 'heal.sol', 'drip.t.sol', 'heal.t.sol', 'flap.sol', 'frob.t.sol']
1,['flop.sol', 'join.sol', 'flip.sol', 'move.sol', 'flop.t.sol', 'heal.sol', 'drip.t.sol', 'heal.t.sol', 'flap.sol', 'tune.sol']
2,['flop.sol', 'join.sol', 'flip.sol', 'move.sol', 'flop.t.sol', 'heal.sol', 'drip.t.sol', 'heal.t.sol', 'flap.sol', 'bite.sol']
2,['flop.sol', 'join.sol', 'flip.sol', 'move.sol', 'flop.t.sol', 'heal.sol', 'drip.t.sol', 'heal.t.sol', 'drip.sol', 'frob.t.sol']
1,['flop.sol', 'join.sol', 'flip.sol', 'move.sol', 'flop.t.sol', 'heal.sol', 'drip.t.sol', 'heal.t.sol', 'drip.sol', 'tune.sol']
2,['flop.sol', 'join.sol', 'flip.sol', 'move.sol', 'flop.t.sol', 'heal.sol', 'drip.t.sol', 'heal.t.sol', 'drip.sol', 'bite.sol']
2,['flop.sol', 'join.sol', 'flip.sol', 'move.sol', 'flop.t.sol', 'heal.sol', 'drip.t.sol', 'heal.t.sol', 'frob.t.sol', 'tune.sol']
2,['flop.sol', 'join.sol', 'flip.sol', 'move.sol', 'flop.t.sol', 'heal.sol', 'drip.t.sol', 'heal.t.sol', 'frob.t.sol', 'bite.sol']
1,['flop.sol', 'join.sol', 'flip.sol', 'move.sol', 'flop.t.sol', 'heal.sol', 'drip.t.sol', 'heal.t.sol', 'tune.sol', 'bite.sol']
2,['flop.sol', 'join.sol', 'flip.sol', 'move.sol', 'flop.t.sol', 'heal.sol', 'drip.t.sol', 'flap.sol', 'drip.sol', 'frob.t.sol']
3,['flop.sol', 'join.sol', 'flip.sol', 'move.sol', 'flop.t.sol', 'heal.sol', 'drip.t.sol', 'flap.sol', 'drip.sol', 'tune.sol']
2,['flop.sol', 'join.sol', 'flip.sol', 'move.sol', 'flop.t.sol', 'heal.sol', 'drip.t.sol', 'flap.sol', 'drip.sol', 'bite.sol']
2,['flop.sol', 'join.sol', 'flip.sol', 'move.sol', 'flop.t.sol', 'heal.sol', 'drip.t.sol', 'flap.sol', 'frob.t.sol', 'tune.sol']
2,['flop.sol', 'join.sol', 'flip.sol', 'move.sol', 'flop.t.sol', 'heal.sol', 'drip.t.sol', 'flap.sol', 'frob.t.sol', 'bite.sol']
1,['flop.sol', 'join.sol', 'flip.sol', 'move.sol', 'flop.t.sol', 'heal.sol', 'drip.t.sol', 'flap.sol', 'tune.sol', 'bite.sol']
1,['flop.sol', 'join.sol', 'flip.sol', 'move.sol', 'flop.t.sol', 'heal.sol', 'drip.t.sol', 'drip.sol', 'frob.t.sol', 'tune.sol']
2,['flop.sol', 'join.sol', 'flip.sol', 'move.sol', 'flop.t.sol', 'heal.sol', 'drip.t.sol', 'drip.sol', 'frob.t.sol', 'bite.sol']
1,['flop.sol', 'join.sol', 'flip.sol', 'move.sol', 'flop.t.sol', 'heal.sol', 'drip.t.sol', 'drip.sol', 'tune.sol', 'bite.sol']
1,['flop.sol', 'join.sol', 'flip.sol', 'move.sol', 'flop.t.sol', 'heal.sol', 'drip.t.sol', 'frob.t.sol', 'tune.sol', 'bite.sol']
2,['flop.sol', 'join.sol', 'flip.sol', 'move.sol', 'flop.t.sol', 'heal.sol', 'heal.t.sol', 'flap.sol', 'drip.sol', 'frob.t.sol']
2,['flop.sol', 'join.sol', 'flip.sol', 'move.sol', 'flop.t.sol', 'heal.sol', 'heal.t.sol', 'flap.sol', 'drip.sol', 'tune.sol']
4,['flop.sol', 'join.sol', 'flip.sol', 'move.sol', 'flop.t.sol', 'heal.sol', 'heal.t.sol', 'flap.sol', 'drip.sol', 'bite.sol']
2,['flop.sol', 'join.sol', 'flip.sol', 'move.sol', 'flop.t.sol', 'heal.sol', 'heal.t.sol', 'flap.sol', 'frob.t.sol', 'tune.sol']
2,['flop.sol', 'join.sol', 'flip.sol', 'move.sol', 'flop.t.sol', 'heal.sol', 'heal.t.sol', 'flap.sol', 'frob.t.sol', 'bite.sol']
2,['flop.sol', 'join.sol', 'flip.sol', 'move.sol', 'flop.t.sol', 'heal.sol', 'heal.t.sol', 'flap.sol', 'tune.sol', 'bite.sol']
2,['flop.sol', 'join.sol', 'flip.sol', 'move.sol', 'flop.t.sol', 'heal.sol', 'heal.t.sol', 'drip.sol', 'frob.t.sol', 'tune.sol']
2,['flop.sol', 'join.sol', 'flip.sol', 'move.sol', 'flop.t.sol', 'heal.sol', 'heal.t.sol', 'drip.sol', 'frob.t.sol', 'bite.sol']
2,['flop.sol', 'join.sol', 'flip.sol', 'move.sol', 'flop.t.sol', 'heal.sol', 'heal.t.sol', 'drip.sol', 'tune.sol', 'bite.sol']
2,['flop.sol', 'join.sol', 'flip.sol', 'move.sol', 'flop.t.sol', 'heal.sol', 'heal.t.sol', 'frob.t.sol', 'tune.sol', 'bite.sol']
3,['flop.sol', 'join.sol', 'flip.sol', 'move.sol', 'flop.t.sol', 'heal.sol', 'flap.sol', 'drip.sol', 'frob.t.sol', 'tune.sol']
2,['flop.sol', 'join.sol', 'flip.sol', 'move.sol', 'flop.t.sol', 'heal.sol', 'flap.sol', 'drip.sol', 'frob.t.sol', 'bite.sol']
1,['flop.sol', 'join.sol', 'flip.sol', 'move.sol', 'flop.t.sol', 'heal.sol', 'flap.sol', 'drip.sol', 'tune.sol', 'bite.sol']
2,['flop.sol', 'join.sol', 'flip.sol', 'move.sol', 'flop.t.sol', 'heal.sol', 'flap.sol', 'frob.t.sol', 'tune.sol', 'bite.sol']
2,['flop.sol', 'join.sol', 'flip.sol', 'move.sol', 'flop.t.sol', 'heal.sol', 'drip.sol', 'frob.t.sol', 'tune.sol', 'bite.sol']
2,['flop.sol', 'join.sol', 'flip.sol', 'move.sol', 'flop.t.sol', 'drip.t.sol', 'heal.t.sol', 'flap.sol', 'drip.sol', 'frob.t.sol']
3,['flop.sol', 'join.sol', 'flip.sol', 'move.sol', 'flop.t.sol', 'drip.t.sol', 'heal.t.sol', 'flap.sol', 'drip.sol', 'tune.sol']
2,['flop.sol', 'join.sol', 'flip.sol', 'move.sol', 'flop.t.sol', 'drip.t.sol', 'heal.t.sol', 'flap.sol', 'drip.sol', 'bite.sol']
2,['flop.sol', 'join.sol', 'flip.sol', 'move.sol', 'flop.t.sol', 'drip.t.sol', 'heal.t.sol', 'flap.sol', 'frob.t.sol', 'tune.sol']
2,['flop.sol', 'join.sol', 'flip.sol', 'move.sol', 'flop.t.sol', 'drip.t.sol', 'heal.t.sol', 'flap.sol', 'frob.t.sol', 'bite.sol']
3,['flop.sol', 'join.sol', 'flip.sol', 'move.sol', 'flop.t.sol', 'drip.t.sol', 'heal.t.sol', 'flap.sol', 'tune.sol', 'bite.sol']
2,['flop.sol', 'join.sol', 'flip.sol', 'move.sol', 'flop.t.sol', 'drip.t.sol', 'heal.t.sol', 'drip.sol', 'frob.t.sol', 'tune.sol']
2,['flop.sol', 'join.sol', 'flip.sol', 'move.sol', 'flop.t.sol', 'drip.t.sol', 'heal.t.sol', 'drip.sol', 'frob.t.sol', 'bite.sol']
1,['flop.sol', 'join.sol', 'flip.sol', 'move.sol', 'flop.t.sol', 'drip.t.sol', 'heal.t.sol', 'drip.sol', 'tune.sol', 'bite.sol']
1,['flop.sol', 'join.sol', 'flip.sol', 'move.sol', 'flop.t.sol', 'drip.t.sol', 'heal.t.sol', 'frob.t.sol', 'tune.sol', 'bite.sol']
2,['flop.sol', 'join.sol', 'flip.sol', 'move.sol', 'flop.t.sol', 'drip.t.sol', 'flap.sol', 'drip.sol', 'frob.t.sol', 'tune.sol']
2,['flop.sol', 'join.sol', 'flip.sol', 'move.sol', 'flop.t.sol', 'drip.t.sol', 'flap.sol', 'drip.sol', 'frob.t.sol', 'bite.sol']
2,['flop.sol', 'join.sol', 'flip.sol', 'move.sol', 'flop.t.sol', 'drip.t.sol', 'flap.sol', 'drip.sol', 'tune.sol', 'bite.sol']
2,['flop.sol', 'join.sol', 'flip.sol', 'move.sol', 'flop.t.sol', 'drip.t.sol', 'flap.sol', 'frob.t.sol', 'tune.sol', 'bite.sol']
2,['flop.sol', 'join.sol', 'flip.sol', 'move.sol', 'flop.t.sol', 'drip.t.sol', 'drip.sol', 'frob.t.sol', 'tune.sol', 'bite.sol']
2,['flop.sol', 'join.sol', 'flip.sol', 'move.sol', 'flop.t.sol', 'heal.t.sol', 'flap.sol', 'drip.sol', 'frob.t.sol', 'tune.sol']
2,['flop.sol', 'join.sol', 'flip.sol', 'move.sol', 'flop.t.sol', 'heal.t.sol', 'flap.sol', 'drip.sol', 'frob.t.sol', 'bite.sol']
3,['flop.sol', 'join.sol', 'flip.sol', 'move.sol', 'flop.t.sol', 'heal.t.sol', 'flap.sol', 'drip.sol', 'tune.sol', 'bite.sol']
2,['flop.sol', 'join.sol', 'flip.sol', 'move.sol', 'flop.t.sol', 'heal.t.sol', 'flap.sol', 'frob.t.sol', 'tune.sol', 'bite.sol']
2,['flop.sol', 'join.sol', 'flip.sol', 'move.sol', 'flop.t.sol', 'heal.t.sol', 'drip.sol', 'frob.t.sol', 'tune.sol', 'bite.sol']
2,['flop.sol', 'join.sol', 'flip.sol', 'move.sol', 'flop.t.sol', 'flap.sol', 'drip.sol', 'frob.t.sol', 'tune.sol', 'bite.sol']
3,['flop.sol', 'join.sol', 'flip.sol', 'move.sol', 'flap.t.sol', 'heal.sol', 'drip.t.sol', 'heal.t.sol', 'flap.sol', 'drip.sol']
2,['flop.sol', 'join.sol', 'flip.sol', 'move.sol', 'flap.t.sol', 'heal.sol', 'drip.t.sol', 'heal.t.sol', 'flap.sol', 'frob.t.sol']
1,['flop.sol', 'join.sol', 'flip.sol', 'move.sol', 'flap.t.sol', 'heal.sol', 'drip.t.sol', 'heal.t.sol', 'flap.sol', 'tune.sol']
2,['flop.sol', 'join.sol', 'flip.sol', 'move.sol', 'flap.t.sol', 'heal.sol', 'drip.t.sol', 'heal.t.sol', 'flap.sol', 'bite.sol']
2,['flop.sol', 'join.sol', 'flip.sol', 'move.sol', 'flap.t.sol', 'heal.sol', 'drip.t.sol', 'heal.t.sol', 'drip.sol', 'frob.t.sol']
1,['flop.sol', 'join.sol', 'flip.sol', 'move.sol', 'flap.t.sol', 'heal.sol', 'drip.t.sol', 'heal.t.sol', 'drip.sol', 'tune.sol']
2,['flop.sol', 'join.sol', 'flip.sol', 'move.sol', 'flap.t.sol', 'heal.sol', 'drip.t.sol', 'heal.t.sol', 'drip.sol', 'bite.sol']
2,['flop.sol', 'join.sol', 'flip.sol', 'move.sol', 'flap.t.sol', 'heal.sol', 'drip.t.sol', 'heal.t.sol', 'frob.t.sol', 'tune.sol']
2,['flop.sol', 'join.sol', 'flip.sol', 'move.sol', 'flap.t.sol', 'heal.sol', 'drip.t.sol', 'heal.t.sol', 'frob.t.sol', 'bite.sol']
1,['flop.sol', 'join.sol', 'flip.sol', 'move.sol', 'flap.t.sol', 'heal.sol', 'drip.t.sol', 'heal.t.sol', 'tune.sol', 'bite.sol']
2,['flop.sol', 'join.sol', 'flip.sol', 'move.sol', 'flap.t.sol', 'heal.sol', 'drip.t.sol', 'flap.sol', 'drip.sol', 'frob.t.sol']
2,['flop.sol', 'join.sol', 'flip.sol', 'move.sol', 'flap.t.sol', 'heal.sol', 'drip.t.sol', 'flap.sol', 'drip.sol', 'tune.sol']
1,['flop.sol', 'join.sol', 'flip.sol', 'move.sol', 'flap.t.sol', 'heal.sol', 'drip.t.sol', 'flap.sol', 'drip.sol', 'bite.sol']
2,['flop.sol', 'join.sol', 'flip.sol', 'move.sol', 'flap.t.sol', 'heal.sol', 'drip.t.sol', 'flap.sol', 'frob.t.sol', 'tune.sol']
2,['flop.sol', 'join.sol', 'flip.sol', 'move.sol', 'flap.t.sol', 'heal.sol', 'drip.t.sol', 'flap.sol', 'frob.t.sol', 'bite.sol']
1,['flop.sol', 'join.sol', 'flip.sol', 'move.sol', 'flap.t.sol', 'heal.sol', 'drip.t.sol', 'flap.sol', 'tune.sol', 'bite.sol']
1,['flop.sol', 'join.sol', 'flip.sol', 'move.sol', 'flap.t.sol', 'heal.sol', 'drip.t.sol', 'drip.sol', 'frob.t.sol', 'tune.sol']
2,['flop.sol', 'join.sol', 'flip.sol', 'move.sol', 'flap.t.sol', 'heal.sol', 'drip.t.sol', 'drip.sol', 'frob.t.sol', 'bite.sol']
1,['flop.sol', 'join.sol', 'flip.sol', 'move.sol', 'flap.t.sol', 'heal.sol', 'drip.t.sol', 'drip.sol', 'tune.sol', 'bite.sol']
1,['flop.sol', 'join.sol', 'flip.sol', 'move.sol', 'flap.t.sol', 'heal.sol', 'drip.t.sol', 'frob.t.sol', 'tune.sol', 'bite.sol']
2,['flop.sol', 'join.sol', 'flip.sol', 'move.sol', 'flap.t.sol', 'heal.sol', 'heal.t.sol', 'flap.sol', 'drip.sol', 'frob.t.sol']
2,['flop.sol', 'join.sol', 'flip.sol', 'move.sol', 'flap.t.sol', 'heal.sol', 'heal.t.sol', 'flap.sol', 'drip.sol', 'tune.sol']
4,['flop.sol', 'join.sol', 'flip.sol', 'move.sol', 'flap.t.sol', 'heal.sol', 'heal.t.sol', 'flap.sol', 'drip.sol', 'bite.sol']
2,['flop.sol', 'join.sol', 'flip.sol', 'move.sol', 'flap.t.sol', 'heal.sol', 'heal.t.sol', 'flap.sol', 'frob.t.sol', 'tune.sol']
2,['flop.sol', 'join.sol', 'flip.sol', 'move.sol', 'flap.t.sol', 'heal.sol', 'heal.t.sol', 'flap.sol', 'frob.t.sol', 'bite.sol']
2,['flop.sol', 'join.sol', 'flip.sol', 'move.sol', 'flap.t.sol', 'heal.sol', 'heal.t.sol', 'flap.sol', 'tune.sol', 'bite.sol']
2,['flop.sol', 'join.sol', 'flip.sol', 'move.sol', 'flap.t.sol', 'heal.sol', 'heal.t.sol', 'drip.sol', 'frob.t.sol', 'tune.sol']
2,['flop.sol', 'join.sol', 'flip.sol', 'move.sol', 'flap.t.sol', 'heal.sol', 'heal.t.sol', 'drip.sol', 'frob.t.sol', 'bite.sol']
2,['flop.sol', 'join.sol', 'flip.sol', 'move.sol', 'flap.t.sol', 'heal.sol', 'heal.t.sol', 'drip.sol', 'tune.sol', 'bite.sol']
2,['flop.sol', 'join.sol', 'flip.sol', 'move.sol', 'flap.t.sol', 'heal.sol', 'heal.t.sol', 'frob.t.sol', 'tune.sol', 'bite.sol']
3,['flop.sol', 'join.sol', 'flip.sol', 'move.sol', 'flap.t.sol', 'heal.sol', 'flap.sol', 'drip.sol', 'frob.t.sol', 'tune.sol']
2,['flop.sol', 'join.sol', 'flip.sol', 'move.sol', 'flap.t.sol', 'heal.sol', 'flap.sol', 'drip.sol', 'frob.t.sol', 'bite.sol']
1,['flop.sol', 'join.sol', 'flip.sol', 'move.sol', 'flap.t.sol', 'heal.sol', 'flap.sol', 'drip.sol', 'tune.sol', 'bite.sol']
2,['flop.sol', 'join.sol', 'flip.sol', 'move.sol', 'flap.t.sol', 'heal.sol', 'flap.sol', 'frob.t.sol', 'tune.sol', 'bite.sol']
2,['flop.sol', 'join.sol', 'flip.sol', 'move.sol', 'flap.t.sol', 'heal.sol', 'drip.sol', 'frob.t.sol', 'tune.sol', 'bite.sol']
2,['flop.sol', 'join.sol', 'flip.sol', 'move.sol', 'flap.t.sol', 'drip.t.sol', 'heal.t.sol', 'flap.sol', 'drip.sol', 'frob.t.sol']
3,['flop.sol', 'join.sol', 'flip.sol', 'move.sol', 'flap.t.sol', 'drip.t.sol', 'heal.t.sol', 'flap.sol', 'drip.sol', 'tune.sol']
2,['flop.sol', 'join.sol', 'flip.sol', 'move.sol', 'flap.t.sol', 'drip.t.sol', 'heal.t.sol', 'flap.sol', 'drip.sol', 'bite.sol']
2,['flop.sol', 'join.sol', 'flip.sol', 'move.sol', 'flap.t.sol', 'drip.t.sol', 'heal.t.sol', 'flap.sol', 'frob.t.sol', 'tune.sol']
2,['flop.sol', 'join.sol', 'flip.sol', 'move.sol', 'flap.t.sol', 'drip.t.sol', 'heal.t.sol', 'flap.sol', 'frob.t.sol', 'bite.sol']
2,['flop.sol', 'join.sol', 'flip.sol', 'move.sol', 'flap.t.sol', 'drip.t.sol', 'heal.t.sol', 'flap.sol', 'tune.sol', 'bite.sol']
2,['flop.sol', 'join.sol', 'flip.sol', 'move.sol', 'flap.t.sol', 'drip.t.sol', 'heal.t.sol', 'drip.sol', 'frob.t.sol', 'tune.sol']
2,['flop.sol', 'join.sol', 'flip.sol', 'move.sol', 'flap.t.sol', 'drip.t.sol', 'heal.t.sol', 'drip.sol', 'frob.t.sol', 'bite.sol']
1,['flop.sol', 'join.sol', 'flip.sol', 'move.sol', 'flap.t.sol', 'drip.t.sol', 'heal.t.sol', 'drip.sol', 'tune.sol', 'bite.sol']
1,['flop.sol', 'join.sol', 'flip.sol', 'move.sol', 'flap.t.sol', 'drip.t.sol', 'heal.t.sol', 'frob.t.sol', 'tune.sol', 'bite.sol']
2,['flop.sol', 'join.sol', 'flip.sol', 'move.sol', 'flap.t.sol', 'drip.t.sol', 'flap.sol', 'drip.sol', 'frob.t.sol', 'tune.sol']
3,['flop.sol', 'join.sol', 'flip.sol', 'move.sol', 'flap.t.sol', 'drip.t.sol', 'flap.sol', 'drip.sol', 'frob.t.sol', 'bite.sol']
2,['flop.sol', 'join.sol', 'flip.sol', 'move.sol', 'flap.t.sol', 'drip.t.sol', 'flap.sol', 'drip.sol', 'tune.sol', 'bite.sol']
2,['flop.sol', 'join.sol', 'flip.sol', 'move.sol', 'flap.t.sol', 'drip.t.sol', 'flap.sol', 'frob.t.sol', 'tune.sol', 'bite.sol']
2,['flop.sol', 'join.sol', 'flip.sol', 'move.sol', 'flap.t.sol', 'drip.t.sol', 'drip.sol', 'frob.t.sol', 'tune.sol', 'bite.sol']
3,['flop.sol', 'join.sol', 'flip.sol', 'move.sol', 'flap.t.sol', 'heal.t.sol', 'flap.sol', 'drip.sol', 'frob.t.sol', 'tune.sol']
2,['flop.sol', 'join.sol', 'flip.sol', 'move.sol', 'flap.t.sol', 'heal.t.sol', 'flap.sol', 'drip.sol', 'frob.t.sol', 'bite.sol']
3,['flop.sol', 'join.sol', 'flip.sol', 'move.sol', 'flap.t.sol', 'heal.t.sol', 'flap.sol', 'drip.sol', 'tune.sol', 'bite.sol']
2,['flop.sol', 'join.sol', 'flip.sol', 'move.sol', 'flap.t.sol', 'heal.t.sol', 'flap.sol', 'frob.t.sol', 'tune.sol', 'bite.sol']
2,['flop.sol', 'join.sol', 'flip.sol', 'move.sol', 'flap.t.sol', 'heal.t.sol', 'drip.sol', 'frob.t.sol', 'tune.sol', 'bite.sol']
2,['flop.sol', 'join.sol', 'flip.sol', 'move.sol', 'flap.t.sol', 'flap.sol', 'drip.sol', 'frob.t.sol', 'tune.sol', 'bite.sol']
2,['flop.sol', 'join.sol', 'flip.sol', 'move.sol', 'heal.sol', 'drip.t.sol', 'heal.t.sol', 'flap.sol', 'drip.sol', 'frob.t.sol']
1,['flop.sol', 'join.sol', 'flip.sol', 'move.sol', 'heal.sol', 'drip.t.sol', 'heal.t.sol', 'flap.sol', 'drip.sol', 'tune.sol']
2,['flop.sol', 'join.sol', 'flip.sol', 'move.sol', 'heal.sol', 'drip.t.sol', 'heal.t.sol', 'flap.sol', 'drip.sol', 'bite.sol']
2,['flop.sol', 'join.sol', 'flip.sol', 'move.sol', 'heal.sol', 'drip.t.sol', 'heal.t.sol', 'flap.sol', 'frob.t.sol', 'tune.sol']
2,['flop.sol', 'join.sol', 'flip.sol', 'move.sol', 'heal.sol', 'drip.t.sol', 'heal.t.sol', 'flap.sol', 'frob.t.sol', 'bite.sol']
1,['flop.sol', 'join.sol', 'flip.sol', 'move.sol', 'heal.sol', 'drip.t.sol', 'heal.t.sol', 'flap.sol', 'tune.sol', 'bite.sol']
1,['flop.sol', 'join.sol', 'flip.sol', 'move.sol', 'heal.sol', 'drip.t.sol', 'heal.t.sol', 'drip.sol', 'frob.t.sol', 'tune.sol']
2,['flop.sol', 'join.sol', 'flip.sol', 'move.sol', 'heal.sol', 'drip.t.sol', 'heal.t.sol', 'drip.sol', 'frob.t.sol', 'bite.sol']
1,['flop.sol', 'join.sol', 'flip.sol', 'move.sol', 'heal.sol', 'drip.t.sol', 'heal.t.sol', 'drip.sol', 'tune.sol', 'bite.sol']
1,['flop.sol', 'join.sol', 'flip.sol', 'move.sol', 'heal.sol', 'drip.t.sol', 'heal.t.sol', 'frob.t.sol', 'tune.sol', 'bite.sol']
1,['flop.sol', 'join.sol', 'flip.sol', 'move.sol', 'heal.sol', 'drip.t.sol', 'flap.sol', 'drip.sol', 'frob.t.sol', 'tune.sol']
2,['flop.sol', 'join.sol', 'flip.sol', 'move.sol', 'heal.sol', 'drip.t.sol', 'flap.sol', 'drip.sol', 'frob.t.sol', 'bite.sol']
1,['flop.sol', 'join.sol', 'flip.sol', 'move.sol', 'heal.sol', 'drip.t.sol', 'flap.sol', 'drip.sol', 'tune.sol', 'bite.sol']
1,['flop.sol', 'join.sol', 'flip.sol', 'move.sol', 'heal.sol', 'drip.t.sol', 'flap.sol', 'frob.t.sol', 'tune.sol', 'bite.sol']
1,['flop.sol', 'join.sol', 'flip.sol', 'move.sol', 'heal.sol', 'drip.t.sol', 'drip.sol', 'frob.t.sol', 'tune.sol', 'bite.sol']
2,['flop.sol', 'join.sol', 'flip.sol', 'move.sol', 'heal.sol', 'heal.t.sol', 'flap.sol', 'drip.sol', 'frob.t.sol', 'tune.sol']
3,['flop.sol', 'join.sol', 'flip.sol', 'move.sol', 'heal.sol', 'heal.t.sol', 'flap.sol', 'drip.sol', 'frob.t.sol', 'bite.sol']
2,['flop.sol', 'join.sol', 'flip.sol', 'move.sol', 'heal.sol', 'heal.t.sol', 'flap.sol', 'drip.sol', 'tune.sol', 'bite.sol']
2,['flop.sol', 'join.sol', 'flip.sol', 'move.sol', 'heal.sol', 'heal.t.sol', 'flap.sol', 'frob.t.sol', 'tune.sol', 'bite.sol']
2,['flop.sol', 'join.sol', 'flip.sol', 'move.sol', 'heal.sol', 'heal.t.sol', 'drip.sol', 'frob.t.sol', 'tune.sol', 'bite.sol']
2,['flop.sol', 'join.sol', 'flip.sol', 'move.sol', 'heal.sol', 'flap.sol', 'drip.sol', 'frob.t.sol', 'tune.sol', 'bite.sol']
1,['flop.sol', 'join.sol', 'flip.sol', 'move.sol', 'drip.t.sol', 'heal.t.sol', 'flap.sol', 'drip.sol', 'frob.t.sol', 'tune.sol']
2,['flop.sol', 'join.sol', 'flip.sol', 'move.sol', 'drip.t.sol', 'heal.t.sol', 'flap.sol', 'drip.sol', 'frob.t.sol', 'bite.sol']
1,['flop.sol', 'join.sol', 'flip.sol', 'move.sol', 'drip.t.sol', 'heal.t.sol', 'flap.sol', 'drip.sol', 'tune.sol', 'bite.sol']
1,['flop.sol', 'join.sol', 'flip.sol', 'move.sol', 'drip.t.sol', 'heal.t.sol', 'flap.sol', 'frob.t.sol', 'tune.sol', 'bite.sol']
1,['flop.sol', 'join.sol', 'flip.sol', 'move.sol', 'drip.t.sol', 'heal.t.sol', 'drip.sol', 'frob.t.sol', 'tune.sol', 'bite.sol']
2,['flop.sol', 'join.sol', 'flip.sol', 'move.sol', 'drip.t.sol', 'flap.sol', 'drip.sol', 'frob.t.sol', 'tune.sol', 'bite.sol']
2,['flop.sol', 'join.sol', 'flip.sol', 'move.sol', 'heal.t.sol', 'flap.sol', 'drip.sol', 'frob.t.sol', 'tune.sol', 'bite.sol']
2,['flop.sol', 'join.sol', 'flip.sol', 'flop.t.sol', 'flap.t.sol', 'heal.sol', 'drip.t.sol', 'heal.t.sol', 'flap.sol', 'drip.sol']
2,['flop.sol', 'join.sol', 'flip.sol', 'flop.t.sol', 'flap.t.sol', 'heal.sol', 'drip.t.sol', 'heal.t.sol', 'flap.sol', 'frob.t.sol']
1,['flop.sol', 'join.sol', 'flip.sol', 'flop.t.sol', 'flap.t.sol', 'heal.sol', 'drip.t.sol', 'heal.t.sol', 'flap.sol', 'tune.sol']
2,['flop.sol', 'join.sol', 'flip.sol', 'flop.t.sol', 'flap.t.sol', 'heal.sol', 'drip.t.sol', 'heal.t.sol', 'flap.sol', 'bite.sol']
2,['flop.sol', 'join.sol', 'flip.sol', 'flop.t.sol', 'flap.t.sol', 'heal.sol', 'drip.t.sol', 'heal.t.sol', 'drip.sol', 'frob.t.sol']
1,['flop.sol', 'join.sol', 'flip.sol', 'flop.t.sol', 'flap.t.sol', 'heal.sol', 'drip.t.sol', 'heal.t.sol', 'drip.sol', 'tune.sol']
2,['flop.sol', 'join.sol', 'flip.sol', 'flop.t.sol', 'flap.t.sol', 'heal.sol', 'drip.t.sol', 'heal.t.sol', 'drip.sol', 'bite.sol']
2,['flop.sol', 'join.sol', 'flip.sol', 'flop.t.sol', 'flap.t.sol', 'heal.sol', 'drip.t.sol', 'heal.t.sol', 'frob.t.sol', 'tune.sol']
2,['flop.sol', 'join.sol', 'flip.sol', 'flop.t.sol', 'flap.t.sol', 'heal.sol', 'drip.t.sol', 'heal.t.sol', 'frob.t.sol', 'bite.sol']
1,['flop.sol', 'join.sol', 'flip.sol', 'flop.t.sol', 'flap.t.sol', 'heal.sol', 'drip.t.sol', 'heal.t.sol', 'tune.sol', 'bite.sol']
2,['flop.sol', 'join.sol', 'flip.sol', 'flop.t.sol', 'flap.t.sol', 'heal.sol', 'drip.t.sol', 'flap.sol', 'drip.sol', 'frob.t.sol']
2,['flop.sol', 'join.sol', 'flip.sol', 'flop.t.sol', 'flap.t.sol', 'heal.sol', 'drip.t.sol', 'flap.sol', 'drip.sol', 'tune.sol']
1,['flop.sol', 'join.sol', 'flip.sol', 'flop.t.sol', 'flap.t.sol', 'heal.sol', 'drip.t.sol', 'flap.sol', 'drip.sol', 'bite.sol']
2,['flop.sol', 'join.sol', 'flip.sol', 'flop.t.sol', 'flap.t.sol', 'heal.sol', 'drip.t.sol', 'flap.sol', 'frob.t.sol', 'tune.sol']
2,['flop.sol', 'join.sol', 'flip.sol', 'flop.t.sol', 'flap.t.sol', 'heal.sol', 'drip.t.sol', 'flap.sol', 'frob.t.sol', 'bite.sol']
1,['flop.sol', 'join.sol', 'flip.sol', 'flop.t.sol', 'flap.t.sol', 'heal.sol', 'drip.t.sol', 'flap.sol', 'tune.sol', 'bite.sol']
2,['flop.sol', 'join.sol', 'flip.sol', 'flop.t.sol', 'flap.t.sol', 'heal.sol', 'drip.t.sol', 'drip.sol', 'frob.t.sol', 'tune.sol']
2,['flop.sol', 'join.sol', 'flip.sol', 'flop.t.sol', 'flap.t.sol', 'heal.sol', 'drip.t.sol', 'drip.sol', 'frob.t.sol', 'bite.sol']
1,['flop.sol', 'join.sol', 'flip.sol', 'flop.t.sol', 'flap.t.sol', 'heal.sol', 'drip.t.sol', 'drip.sol', 'tune.sol', 'bite.sol']
1,['flop.sol', 'join.sol', 'flip.sol', 'flop.t.sol', 'flap.t.sol', 'heal.sol', 'drip.t.sol', 'frob.t.sol', 'tune.sol', 'bite.sol']
2,['flop.sol', 'join.sol', 'flip.sol', 'flop.t.sol', 'flap.t.sol', 'heal.sol', 'heal.t.sol', 'flap.sol', 'drip.sol', 'frob.t.sol']
2,['flop.sol', 'join.sol', 'flip.sol', 'flop.t.sol', 'flap.t.sol', 'heal.sol', 'heal.t.sol', 'flap.sol', 'drip.sol', 'tune.sol']
3,['flop.sol', 'join.sol', 'flip.sol', 'flop.t.sol', 'flap.t.sol', 'heal.sol', 'heal.t.sol', 'flap.sol', 'drip.sol', 'bite.sol']
2,['flop.sol', 'join.sol', 'flip.sol', 'flop.t.sol', 'flap.t.sol', 'heal.sol', 'heal.t.sol', 'flap.sol', 'frob.t.sol', 'tune.sol']
2,['flop.sol', 'join.sol', 'flip.sol', 'flop.t.sol', 'flap.t.sol', 'heal.sol', 'heal.t.sol', 'flap.sol', 'frob.t.sol', 'bite.sol']
2,['flop.sol', 'join.sol', 'flip.sol', 'flop.t.sol', 'flap.t.sol', 'heal.sol', 'heal.t.sol', 'flap.sol', 'tune.sol', 'bite.sol']
2,['flop.sol', 'join.sol', 'flip.sol', 'flop.t.sol', 'flap.t.sol', 'heal.sol', 'heal.t.sol', 'drip.sol', 'frob.t.sol', 'tune.sol']
2,['flop.sol', 'join.sol', 'flip.sol', 'flop.t.sol', 'flap.t.sol', 'heal.sol', 'heal.t.sol', 'drip.sol', 'frob.t.sol', 'bite.sol']
2,['flop.sol', 'join.sol', 'flip.sol', 'flop.t.sol', 'flap.t.sol', 'heal.sol', 'heal.t.sol', 'drip.sol', 'tune.sol', 'bite.sol']
2,['flop.sol', 'join.sol', 'flip.sol', 'flop.t.sol', 'flap.t.sol', 'heal.sol', 'heal.t.sol', 'frob.t.sol', 'tune.sol', 'bite.sol']
3,['flop.sol', 'join.sol', 'flip.sol', 'flop.t.sol', 'flap.t.sol', 'heal.sol', 'flap.sol', 'drip.sol', 'frob.t.sol', 'tune.sol']
3,['flop.sol', 'join.sol', 'flip.sol', 'flop.t.sol', 'flap.t.sol', 'heal.sol', 'flap.sol', 'drip.sol', 'frob.t.sol', 'bite.sol']
1,['flop.sol', 'join.sol', 'flip.sol', 'flop.t.sol', 'flap.t.sol', 'heal.sol', 'flap.sol', 'drip.sol', 'tune.sol', 'bite.sol']
2,['flop.sol', 'join.sol', 'flip.sol', 'flop.t.sol', 'flap.t.sol', 'heal.sol', 'flap.sol', 'frob.t.sol', 'tune.sol', 'bite.sol']
2,['flop.sol', 'join.sol', 'flip.sol', 'flop.t.sol', 'flap.t.sol', 'heal.sol', 'drip.sol', 'frob.t.sol', 'tune.sol', 'bite.sol']
2,['flop.sol', 'join.sol', 'flip.sol', 'flop.t.sol', 'flap.t.sol', 'drip.t.sol', 'heal.t.sol', 'flap.sol', 'drip.sol', 'frob.t.sol']
2,['flop.sol', 'join.sol', 'flip.sol', 'flop.t.sol', 'flap.t.sol', 'drip.t.sol', 'heal.t.sol', 'flap.sol', 'drip.sol', 'tune.sol']
2,['flop.sol', 'join.sol', 'flip.sol', 'flop.t.sol', 'flap.t.sol', 'drip.t.sol', 'heal.t.sol', 'flap.sol', 'drip.sol', 'bite.sol']
2,['flop.sol', 'join.sol', 'flip.sol', 'flop.t.sol', 'flap.t.sol', 'drip.t.sol', 'heal.t.sol', 'flap.sol', 'frob.t.sol', 'tune.sol']
2,['flop.sol', 'join.sol', 'flip.sol', 'flop.t.sol', 'flap.t.sol', 'drip.t.sol', 'heal.t.sol', 'flap.sol', 'frob.t.sol', 'bite.sol']
2,['flop.sol', 'join.sol', 'flip.sol', 'flop.t.sol', 'flap.t.sol', 'drip.t.sol', 'heal.t.sol', 'flap.sol', 'tune.sol', 'bite.sol']
2,['flop.sol', 'join.sol', 'flip.sol', 'flop.t.sol', 'flap.t.sol', 'drip.t.sol', 'heal.t.sol', 'drip.sol', 'frob.t.sol', 'tune.sol']
2,['flop.sol', 'join.sol', 'flip.sol', 'flop.t.sol', 'flap.t.sol', 'drip.t.sol', 'heal.t.sol', 'drip.sol', 'frob.t.sol', 'bite.sol']
1,['flop.sol', 'join.sol', 'flip.sol', 'flop.t.sol', 'flap.t.sol', 'drip.t.sol', 'heal.t.sol', 'drip.sol', 'tune.sol', 'bite.sol']
2,['flop.sol', 'join.sol', 'flip.sol', 'flop.t.sol', 'flap.t.sol', 'drip.t.sol', 'heal.t.sol', 'frob.t.sol', 'tune.sol', 'bite.sol']
3,['flop.sol', 'join.sol', 'flip.sol', 'flop.t.sol', 'flap.t.sol', 'drip.t.sol', 'flap.sol', 'drip.sol', 'frob.t.sol', 'tune.sol']
2,['flop.sol', 'join.sol', 'flip.sol', 'flop.t.sol', 'flap.t.sol', 'drip.t.sol', 'flap.sol', 'drip.sol', 'frob.t.sol', 'bite.sol']
1,['flop.sol', 'join.sol', 'flip.sol', 'flop.t.sol', 'flap.t.sol', 'drip.t.sol', 'flap.sol', 'drip.sol', 'tune.sol', 'bite.sol']
2,['flop.sol', 'join.sol', 'flip.sol', 'flop.t.sol', 'flap.t.sol', 'drip.t.sol', 'flap.sol', 'frob.t.sol', 'tune.sol', 'bite.sol']
2,['flop.sol', 'join.sol', 'flip.sol', 'flop.t.sol', 'flap.t.sol', 'drip.t.sol', 'drip.sol', 'frob.t.sol', 'tune.sol', 'bite.sol']
3,['flop.sol', 'join.sol', 'flip.sol', 'flop.t.sol', 'flap.t.sol', 'heal.t.sol', 'flap.sol', 'drip.sol', 'frob.t.sol', 'tune.sol']
2,['flop.sol', 'join.sol', 'flip.sol', 'flop.t.sol', 'flap.t.sol', 'heal.t.sol', 'flap.sol', 'drip.sol', 'frob.t.sol', 'bite.sol']
2,['flop.sol', 'join.sol', 'flip.sol', 'flop.t.sol', 'flap.t.sol', 'heal.t.sol', 'flap.sol', 'drip.sol', 'tune.sol', 'bite.sol']
2,['flop.sol', 'join.sol', 'flip.sol', 'flop.t.sol', 'flap.t.sol', 'heal.t.sol', 'flap.sol', 'frob.t.sol', 'tune.sol', 'bite.sol']
2,['flop.sol', 'join.sol', 'flip.sol', 'flop.t.sol', 'flap.t.sol', 'heal.t.sol', 'drip.sol', 'frob.t.sol', 'tune.sol', 'bite.sol']
2,['flop.sol', 'join.sol', 'flip.sol', 'flop.t.sol', 'flap.t.sol', 'flap.sol', 'drip.sol', 'frob.t.sol', 'tune.sol', 'bite.sol']
2,['flop.sol', 'join.sol', 'flip.sol', 'flop.t.sol', 'heal.sol', 'drip.t.sol', 'heal.t.sol', 'flap.sol', 'drip.sol', 'frob.t.sol']
1,['flop.sol', 'join.sol', 'flip.sol', 'flop.t.sol', 'heal.sol', 'drip.t.sol', 'heal.t.sol', 'flap.sol', 'drip.sol', 'tune.sol']
2,['flop.sol', 'join.sol', 'flip.sol', 'flop.t.sol', 'heal.sol', 'drip.t.sol', 'heal.t.sol', 'flap.sol', 'drip.sol', 'bite.sol']
2,['flop.sol', 'join.sol', 'flip.sol', 'flop.t.sol', 'heal.sol', 'drip.t.sol', 'heal.t.sol', 'flap.sol', 'frob.t.sol', 'tune.sol']
2,['flop.sol', 'join.sol', 'flip.sol', 'flop.t.sol', 'heal.sol', 'drip.t.sol', 'heal.t.sol', 'flap.sol', 'frob.t.sol', 'bite.sol']
1,['flop.sol', 'join.sol', 'flip.sol', 'flop.t.sol', 'heal.sol', 'drip.t.sol', 'heal.t.sol', 'flap.sol', 'tune.sol', 'bite.sol']
2,['flop.sol', 'join.sol', 'flip.sol', 'flop.t.sol', 'heal.sol', 'drip.t.sol', 'heal.t.sol', 'drip.sol', 'frob.t.sol', 'tune.sol']
2,['flop.sol', 'join.sol', 'flip.sol', 'flop.t.sol', 'heal.sol', 'drip.t.sol', 'heal.t.sol', 'drip.sol', 'frob.t.sol', 'bite.sol']
1,['flop.sol', 'join.sol', 'flip.sol', 'flop.t.sol', 'heal.sol', 'drip.t.sol', 'heal.t.sol', 'drip.sol', 'tune.sol', 'bite.sol']
1,['flop.sol', 'join.sol', 'flip.sol', 'flop.t.sol', 'heal.sol', 'drip.t.sol', 'heal.t.sol', 'frob.t.sol', 'tune.sol', 'bite.sol']
2,['flop.sol', 'join.sol', 'flip.sol', 'flop.t.sol', 'heal.sol', 'drip.t.sol', 'flap.sol', 'drip.sol', 'frob.t.sol', 'tune.sol']
2,['flop.sol', 'join.sol', 'flip.sol', 'flop.t.sol', 'heal.sol', 'drip.t.sol', 'flap.sol', 'drip.sol', 'frob.t.sol', 'bite.sol']
1,['flop.sol', 'join.sol', 'flip.sol', 'flop.t.sol', 'heal.sol', 'drip.t.sol', 'flap.sol', 'drip.sol', 'tune.sol', 'bite.sol']
1,['flop.sol', 'join.sol', 'flip.sol', 'flop.t.sol', 'heal.sol', 'drip.t.sol', 'flap.sol', 'frob.t.sol', 'tune.sol', 'bite.sol']
1,['flop.sol', 'join.sol', 'flip.sol', 'flop.t.sol', 'heal.sol', 'drip.t.sol', 'drip.sol', 'frob.t.sol', 'tune.sol', 'bite.sol']
2,['flop.sol', 'join.sol', 'flip.sol', 'flop.t.sol', 'heal.sol', 'heal.t.sol', 'flap.sol', 'drip.sol', 'frob.t.sol', 'tune.sol']
2,['flop.sol', 'join.sol', 'flip.sol', 'flop.t.sol', 'heal.sol', 'heal.t.sol', 'flap.sol', 'drip.sol', 'frob.t.sol', 'bite.sol']
2,['flop.sol', 'join.sol', 'flip.sol', 'flop.t.sol', 'heal.sol', 'heal.t.sol', 'flap.sol', 'drip.sol', 'tune.sol', 'bite.sol']
2,['flop.sol', 'join.sol', 'flip.sol', 'flop.t.sol', 'heal.sol', 'heal.t.sol', 'flap.sol', 'frob.t.sol', 'tune.sol', 'bite.sol']
2,['flop.sol', 'join.sol', 'flip.sol', 'flop.t.sol', 'heal.sol', 'heal.t.sol', 'drip.sol', 'frob.t.sol', 'tune.sol', 'bite.sol']
2,['flop.sol', 'join.sol', 'flip.sol', 'flop.t.sol', 'heal.sol', 'flap.sol', 'drip.sol', 'frob.t.sol', 'tune.sol', 'bite.sol']
2,['flop.sol', 'join.sol', 'flip.sol', 'flop.t.sol', 'drip.t.sol', 'heal.t.sol', 'flap.sol', 'drip.sol', 'frob.t.sol', 'tune.sol']
2,['flop.sol', 'join.sol', 'flip.sol', 'flop.t.sol', 'drip.t.sol', 'heal.t.sol', 'flap.sol', 'drip.sol', 'frob.t.sol', 'bite.sol']
1,['flop.sol', 'join.sol', 'flip.sol', 'flop.t.sol', 'drip.t.sol', 'heal.t.sol', 'flap.sol', 'drip.sol', 'tune.sol', 'bite.sol']
1,['flop.sol', 'join.sol', 'flip.sol', 'flop.t.sol', 'drip.t.sol', 'heal.t.sol', 'flap.sol', 'frob.t.sol', 'tune.sol', 'bite.sol']
1,['flop.sol', 'join.sol', 'flip.sol', 'flop.t.sol', 'drip.t.sol', 'heal.t.sol', 'drip.sol', 'frob.t.sol', 'tune.sol', 'bite.sol']
2,['flop.sol', 'join.sol', 'flip.sol', 'flop.t.sol', 'drip.t.sol', 'flap.sol', 'drip.sol', 'frob.t.sol', 'tune.sol', 'bite.sol']
2,['flop.sol', 'join.sol', 'flip.sol', 'flop.t.sol', 'heal.t.sol', 'flap.sol', 'drip.sol', 'frob.t.sol', 'tune.sol', 'bite.sol']
2,['flop.sol', 'join.sol', 'flip.sol', 'flap.t.sol', 'heal.sol', 'drip.t.sol', 'heal.t.sol', 'flap.sol', 'drip.sol', 'frob.t.sol']
1,['flop.sol', 'join.sol', 'flip.sol', 'flap.t.sol', 'heal.sol', 'drip.t.sol', 'heal.t.sol', 'flap.sol', 'drip.sol', 'tune.sol']
2,['flop.sol', 'join.sol', 'flip.sol', 'flap.t.sol', 'heal.sol', 'drip.t.sol', 'heal.t.sol', 'flap.sol', 'drip.sol', 'bite.sol']
2,['flop.sol', 'join.sol', 'flip.sol', 'flap.t.sol', 'heal.sol', 'drip.t.sol', 'heal.t.sol', 'flap.sol', 'frob.t.sol', 'tune.sol']
2,['flop.sol', 'join.sol', 'flip.sol', 'flap.t.sol', 'heal.sol', 'drip.t.sol', 'heal.t.sol', 'flap.sol', 'frob.t.sol', 'bite.sol']
1,['flop.sol', 'join.sol', 'flip.sol', 'flap.t.sol', 'heal.sol', 'drip.t.sol', 'heal.t.sol', 'flap.sol', 'tune.sol', 'bite.sol']
2,['flop.sol', 'join.sol', 'flip.sol', 'flap.t.sol', 'heal.sol', 'drip.t.sol', 'heal.t.sol', 'drip.sol', 'frob.t.sol', 'tune.sol']
2,['flop.sol', 'join.sol', 'flip.sol', 'flap.t.sol', 'heal.sol', 'drip.t.sol', 'heal.t.sol', 'drip.sol', 'frob.t.sol', 'bite.sol']
1,['flop.sol', 'join.sol', 'flip.sol', 'flap.t.sol', 'heal.sol', 'drip.t.sol', 'heal.t.sol', 'drip.sol', 'tune.sol', 'bite.sol']
1,['flop.sol', 'join.sol', 'flip.sol', 'flap.t.sol', 'heal.sol', 'drip.t.sol', 'heal.t.sol', 'frob.t.sol', 'tune.sol', 'bite.sol']
2,['flop.sol', 'join.sol', 'flip.sol', 'flap.t.sol', 'heal.sol', 'drip.t.sol', 'flap.sol', 'drip.sol', 'frob.t.sol', 'tune.sol']
2,['flop.sol', 'join.sol', 'flip.sol', 'flap.t.sol', 'heal.sol', 'drip.t.sol', 'flap.sol', 'drip.sol', 'frob.t.sol', 'bite.sol']
1,['flop.sol', 'join.sol', 'flip.sol', 'flap.t.sol', 'heal.sol', 'drip.t.sol', 'flap.sol', 'drip.sol', 'tune.sol', 'bite.sol']
1,['flop.sol', 'join.sol', 'flip.sol', 'flap.t.sol', 'heal.sol', 'drip.t.sol', 'flap.sol', 'frob.t.sol', 'tune.sol', 'bite.sol']
1,['flop.sol', 'join.sol', 'flip.sol', 'flap.t.sol', 'heal.sol', 'drip.t.sol', 'drip.sol', 'frob.t.sol', 'tune.sol', 'bite.sol']
2,['flop.sol', 'join.sol', 'flip.sol', 'flap.t.sol', 'heal.sol', 'heal.t.sol', 'flap.sol', 'drip.sol', 'frob.t.sol', 'tune.sol']
2,['flop.sol', 'join.sol', 'flip.sol', 'flap.t.sol', 'heal.sol', 'heal.t.sol', 'flap.sol', 'drip.sol', 'frob.t.sol', 'bite.sol']
2,['flop.sol', 'join.sol', 'flip.sol', 'flap.t.sol', 'heal.sol', 'heal.t.sol', 'flap.sol', 'drip.sol', 'tune.sol', 'bite.sol']
2,['flop.sol', 'join.sol', 'flip.sol', 'flap.t.sol', 'heal.sol', 'heal.t.sol', 'flap.sol', 'frob.t.sol', 'tune.sol', 'bite.sol']
2,['flop.sol', 'join.sol', 'flip.sol', 'flap.t.sol', 'heal.sol', 'heal.t.sol', 'drip.sol', 'frob.t.sol', 'tune.sol', 'bite.sol']
2,['flop.sol', 'join.sol', 'flip.sol', 'flap.t.sol', 'heal.sol', 'flap.sol', 'drip.sol', 'frob.t.sol', 'tune.sol', 'bite.sol']
2,['flop.sol', 'join.sol', 'flip.sol', 'flap.t.sol', 'drip.t.sol', 'heal.t.sol', 'flap.sol', 'drip.sol', 'frob.t.sol', 'tune.sol']
2,['flop.sol', 'join.sol', 'flip.sol', 'flap.t.sol', 'drip.t.sol', 'heal.t.sol', 'flap.sol', 'drip.sol', 'frob.t.sol', 'bite.sol']
1,['flop.sol', 'join.sol', 'flip.sol', 'flap.t.sol', 'drip.t.sol', 'heal.t.sol', 'flap.sol', 'drip.sol', 'tune.sol', 'bite.sol']
1,['flop.sol', 'join.sol', 'flip.sol', 'flap.t.sol', 'drip.t.sol', 'heal.t.sol', 'flap.sol', 'frob.t.sol', 'tune.sol', 'bite.sol']
1,['flop.sol', 'join.sol', 'flip.sol', 'flap.t.sol', 'drip.t.sol', 'heal.t.sol', 'drip.sol', 'frob.t.sol', 'tune.sol', 'bite.sol']
2,['flop.sol', 'join.sol', 'flip.sol', 'flap.t.sol', 'drip.t.sol', 'flap.sol', 'drip.sol', 'frob.t.sol', 'tune.sol', 'bite.sol']
2,['flop.sol', 'join.sol', 'flip.sol', 'flap.t.sol', 'heal.t.sol', 'flap.sol', 'drip.sol', 'frob.t.sol', 'tune.sol', 'bite.sol']
2,['flop.sol', 'join.sol', 'flip.sol', 'heal.sol', 'drip.t.sol', 'heal.t.sol', 'flap.sol', 'drip.sol', 'frob.t.sol', 'tune.sol']
2,['flop.sol', 'join.sol', 'flip.sol', 'heal.sol', 'drip.t.sol', 'heal.t.sol', 'flap.sol', 'drip.sol', 'frob.t.sol', 'bite.sol']
1,['flop.sol', 'join.sol', 'flip.sol', 'heal.sol', 'drip.t.sol', 'heal.t.sol', 'flap.sol', 'drip.sol', 'tune.sol', 'bite.sol']
1,['flop.sol', 'join.sol', 'flip.sol', 'heal.sol', 'drip.t.sol', 'heal.t.sol', 'flap.sol', 'frob.t.sol', 'tune.sol', 'bite.sol']
1,['flop.sol', 'join.sol', 'flip.sol', 'heal.sol', 'drip.t.sol', 'heal.t.sol', 'drip.sol', 'frob.t.sol', 'tune.sol', 'bite.sol']
1,['flop.sol', 'join.sol', 'flip.sol', 'heal.sol', 'drip.t.sol', 'flap.sol', 'drip.sol', 'frob.t.sol', 'tune.sol', 'bite.sol']
2,['flop.sol', 'join.sol', 'flip.sol', 'heal.sol', 'heal.t.sol', 'flap.sol', 'drip.sol', 'frob.t.sol', 'tune.sol', 'bite.sol']
1,['flop.sol', 'join.sol', 'flip.sol', 'drip.t.sol', 'heal.t.sol', 'flap.sol', 'drip.sol', 'frob.t.sol', 'tune.sol', 'bite.sol']
1,['flop.sol', 'join.sol', 'frob.sol', 'flip.t.sol', 'move.sol', 'flop.t.sol', 'flap.t.sol', 'heal.sol', 'drip.t.sol', 'heal.t.sol']
2,['flop.sol', 'join.sol', 'frob.sol', 'flip.t.sol', 'move.sol', 'flop.t.sol', 'flap.t.sol', 'heal.sol', 'drip.t.sol', 'flap.sol']
3,['flop.sol', 'join.sol', 'frob.sol', 'flip.t.sol', 'move.sol', 'flop.t.sol', 'flap.t.sol', 'heal.sol', 'drip.t.sol', 'drip.sol']
2,['flop.sol', 'join.sol', 'frob.sol', 'flip.t.sol', 'move.sol', 'flop.t.sol', 'flap.t.sol', 'heal.sol', 'drip.t.sol', 'frob.t.sol']
1,['flop.sol', 'join.sol', 'frob.sol', 'flip.t.sol', 'move.sol', 'flop.t.sol', 'flap.t.sol', 'heal.sol', 'drip.t.sol', 'tune.sol']
3,['flop.sol', 'join.sol', 'frob.sol', 'flip.t.sol', 'move.sol', 'flop.t.sol', 'flap.t.sol', 'heal.sol', 'drip.t.sol', 'bite.sol']
3,['flop.sol', 'join.sol', 'frob.sol', 'flip.t.sol', 'move.sol', 'flop.t.sol', 'flap.t.sol', 'heal.sol', 'heal.t.sol', 'flap.sol']
3,['flop.sol', 'join.sol', 'frob.sol', 'flip.t.sol', 'move.sol', 'flop.t.sol', 'flap.t.sol', 'heal.sol', 'heal.t.sol', 'drip.sol']
2,['flop.sol', 'join.sol', 'frob.sol', 'flip.t.sol', 'move.sol', 'flop.t.sol', 'flap.t.sol', 'heal.sol', 'heal.t.sol', 'frob.t.sol']
2,['flop.sol', 'join.sol', 'frob.sol', 'flip.t.sol', 'move.sol', 'flop.t.sol', 'flap.t.sol', 'heal.sol', 'heal.t.sol', 'tune.sol']
2,['flop.sol', 'join.sol', 'frob.sol', 'flip.t.sol', 'move.sol', 'flop.t.sol', 'flap.t.sol', 'heal.sol', 'heal.t.sol', 'bite.sol']
2,['flop.sol', 'join.sol', 'frob.sol', 'flip.t.sol', 'move.sol', 'flop.t.sol', 'flap.t.sol', 'heal.sol', 'flap.sol', 'drip.sol']
3,['flop.sol', 'join.sol', 'frob.sol', 'flip.t.sol', 'move.sol', 'flop.t.sol', 'flap.t.sol', 'heal.sol', 'flap.sol', 'frob.t.sol']
1,['flop.sol', 'join.sol', 'frob.sol', 'flip.t.sol', 'move.sol', 'flop.t.sol', 'flap.t.sol', 'heal.sol', 'flap.sol', 'tune.sol']
2,['flop.sol', 'join.sol', 'frob.sol', 'flip.t.sol', 'move.sol', 'flop.t.sol', 'flap.t.sol', 'heal.sol', 'flap.sol', 'bite.sol']
2,['flop.sol', 'join.sol', 'frob.sol', 'flip.t.sol', 'move.sol', 'flop.t.sol', 'flap.t.sol', 'heal.sol', 'drip.sol', 'frob.t.sol']
1,['flop.sol', 'join.sol', 'frob.sol', 'flip.t.sol', 'move.sol', 'flop.t.sol', 'flap.t.sol', 'heal.sol', 'drip.sol', 'tune.sol']
1,['flop.sol', 'join.sol', 'frob.sol', 'flip.t.sol', 'move.sol', 'flop.t.sol', 'flap.t.sol', 'heal.sol', 'drip.sol', 'bite.sol']
2,['flop.sol', 'join.sol', 'frob.sol', 'flip.t.sol', 'move.sol', 'flop.t.sol', 'flap.t.sol', 'heal.sol', 'frob.t.sol', 'tune.sol']
2,['flop.sol', 'join.sol', 'frob.sol', 'flip.t.sol', 'move.sol', 'flop.t.sol', 'flap.t.sol', 'heal.sol', 'frob.t.sol', 'bite.sol']
1,['flop.sol', 'join.sol', 'frob.sol', 'flip.t.sol', 'move.sol', 'flop.t.sol', 'flap.t.sol', 'heal.sol', 'tune.sol', 'bite.sol']
2,['flop.sol', 'join.sol', 'frob.sol', 'flip.t.sol', 'move.sol', 'flop.t.sol', 'flap.t.sol', 'drip.t.sol', 'heal.t.sol', 'flap.sol']
2,['flop.sol', 'join.sol', 'frob.sol', 'flip.t.sol', 'move.sol', 'flop.t.sol', 'flap.t.sol', 'drip.t.sol', 'heal.t.sol', 'drip.sol']
2,['flop.sol', 'join.sol', 'frob.sol', 'flip.t.sol', 'move.sol', 'flop.t.sol', 'flap.t.sol', 'drip.t.sol', 'heal.t.sol', 'frob.t.sol']
2,['flop.sol', 'join.sol', 'frob.sol', 'flip.t.sol', 'move.sol', 'flop.t.sol', 'flap.t.sol', 'drip.t.sol', 'heal.t.sol', 'tune.sol']
2,['flop.sol', 'join.sol', 'frob.sol', 'flip.t.sol', 'move.sol', 'flop.t.sol', 'flap.t.sol', 'drip.t.sol', 'heal.t.sol', 'bite.sol']
2,['flop.sol', 'join.sol', 'frob.sol', 'flip.t.sol', 'move.sol', 'flop.t.sol', 'flap.t.sol', 'drip.t.sol', 'flap.sol', 'drip.sol']
2,['flop.sol', 'join.sol', 'frob.sol', 'flip.t.sol', 'move.sol', 'flop.t.sol', 'flap.t.sol', 'drip.t.sol', 'flap.sol', 'frob.t.sol']
1,['flop.sol', 'join.sol', 'frob.sol', 'flip.t.sol', 'move.sol', 'flop.t.sol', 'flap.t.sol', 'drip.t.sol', 'flap.sol', 'tune.sol']
1,['flop.sol', 'join.sol', 'frob.sol', 'flip.t.sol', 'move.sol', 'flop.t.sol', 'flap.t.sol', 'drip.t.sol', 'flap.sol', 'bite.sol']
2,['flop.sol', 'join.sol', 'frob.sol', 'flip.t.sol', 'move.sol', 'flop.t.sol', 'flap.t.sol', 'drip.t.sol', 'drip.sol', 'frob.t.sol']
2,['flop.sol', 'join.sol', 'frob.sol', 'flip.t.sol', 'move.sol', 'flop.t.sol', 'flap.t.sol', 'drip.t.sol', 'drip.sol', 'tune.sol']
3,['flop.sol', 'join.sol', 'frob.sol', 'flip.t.sol', 'move.sol', 'flop.t.sol', 'flap.t.sol', 'drip.t.sol', 'drip.sol', 'bite.sol']
2,['flop.sol', 'join.sol', 'frob.sol', 'flip.t.sol', 'move.sol', 'flop.t.sol', 'flap.t.sol', 'drip.t.sol', 'frob.t.sol', 'tune.sol']
2,['flop.sol', 'join.sol', 'frob.sol', 'flip.t.sol', 'move.sol', 'flop.t.sol', 'flap.t.sol', 'drip.t.sol', 'frob.t.sol', 'bite.sol']
3,['flop.sol', 'join.sol', 'frob.sol', 'flip.t.sol', 'move.sol', 'flop.t.sol', 'flap.t.sol', 'drip.t.sol', 'tune.sol', 'bite.sol']
3,['flop.sol', 'join.sol', 'frob.sol', 'flip.t.sol', 'move.sol', 'flop.t.sol', 'flap.t.sol', 'heal.t.sol', 'flap.sol', 'drip.sol']
3,['flop.sol', 'join.sol', 'frob.sol', 'flip.t.sol', 'move.sol', 'flop.t.sol', 'flap.t.sol', 'heal.t.sol', 'flap.sol', 'frob.t.sol']
2,['flop.sol', 'join.sol', 'frob.sol', 'flip.t.sol', 'move.sol', 'flop.t.sol', 'flap.t.sol', 'heal.t.sol', 'flap.sol', 'tune.sol']
3,['flop.sol', 'join.sol', 'frob.sol', 'flip.t.sol', 'move.sol', 'flop.t.sol', 'flap.t.sol', 'heal.t.sol', 'flap.sol', 'bite.sol']
2,['flop.sol', 'join.sol', 'frob.sol', 'flip.t.sol', 'move.sol', 'flop.t.sol', 'flap.t.sol', 'heal.t.sol', 'drip.sol', 'frob.t.sol']
2,['flop.sol', 'join.sol', 'frob.sol', 'flip.t.sol', 'move.sol', 'flop.t.sol', 'flap.t.sol', 'heal.t.sol', 'drip.sol', 'tune.sol']
3,['flop.sol', 'join.sol', 'frob.sol', 'flip.t.sol', 'move.sol', 'flop.t.sol', 'flap.t.sol', 'heal.t.sol', 'drip.sol', 'bite.sol']
2,['flop.sol', 'join.sol', 'frob.sol', 'flip.t.sol', 'move.sol', 'flop.t.sol', 'flap.t.sol', 'heal.t.sol', 'frob.t.sol', 'tune.sol']
2,['flop.sol', 'join.sol', 'frob.sol', 'flip.t.sol', 'move.sol', 'flop.t.sol', 'flap.t.sol', 'heal.t.sol', 'frob.t.sol', 'bite.sol']
2,['flop.sol', 'join.sol', 'frob.sol', 'flip.t.sol', 'move.sol', 'flop.t.sol', 'flap.t.sol', 'heal.t.sol', 'tune.sol', 'bite.sol']
3,['flop.sol', 'join.sol', 'frob.sol', 'flip.t.sol', 'move.sol', 'flop.t.sol', 'flap.t.sol', 'flap.sol', 'drip.sol', 'frob.t.sol']
1,['flop.sol', 'join.sol', 'frob.sol', 'flip.t.sol', 'move.sol', 'flop.t.sol', 'flap.t.sol', 'flap.sol', 'drip.sol', 'tune.sol']
2,['flop.sol', 'join.sol', 'frob.sol', 'flip.t.sol', 'move.sol', 'flop.t.sol', 'flap.t.sol', 'flap.sol', 'drip.sol', 'bite.sol']
2,['flop.sol', 'join.sol', 'frob.sol', 'flip.t.sol', 'move.sol', 'flop.t.sol', 'flap.t.sol', 'flap.sol', 'frob.t.sol', 'tune.sol']
3,['flop.sol', 'join.sol', 'frob.sol', 'flip.t.sol', 'move.sol', 'flop.t.sol', 'flap.t.sol', 'flap.sol', 'frob.t.sol', 'bite.sol']
1,['flop.sol', 'join.sol', 'frob.sol', 'flip.t.sol', 'move.sol', 'flop.t.sol', 'flap.t.sol', 'flap.sol', 'tune.sol', 'bite.sol']
2,['flop.sol', 'join.sol', 'frob.sol', 'flip.t.sol', 'move.sol', 'flop.t.sol', 'flap.t.sol', 'drip.sol', 'frob.t.sol', 'tune.sol']
3,['flop.sol', 'join.sol', 'frob.sol', 'flip.t.sol', 'move.sol', 'flop.t.sol', 'flap.t.sol', 'drip.sol', 'frob.t.sol', 'bite.sol']
1,['flop.sol', 'join.sol', 'frob.sol', 'flip.t.sol', 'move.sol', 'flop.t.sol', 'flap.t.sol', 'drip.sol', 'tune.sol', 'bite.sol']
2,['flop.sol', 'join.sol', 'frob.sol', 'flip.t.sol', 'move.sol', 'flop.t.sol', 'flap.t.sol', 'frob.t.sol', 'tune.sol', 'bite.sol']
1,['flop.sol', 'join.sol', 'frob.sol', 'flip.t.sol', 'move.sol', 'flop.t.sol', 'heal.sol', 'drip.t.sol', 'heal.t.sol', 'flap.sol']
1,['flop.sol', 'join.sol', 'frob.sol', 'flip.t.sol', 'move.sol', 'flop.t.sol', 'heal.sol', 'drip.t.sol', 'heal.t.sol', 'drip.sol']
2,['flop.sol', 'join.sol', 'frob.sol', 'flip.t.sol', 'move.sol', 'flop.t.sol', 'heal.sol', 'drip.t.sol', 'heal.t.sol', 'frob.t.sol']
1,['flop.sol', 'join.sol', 'frob.sol', 'flip.t.sol', 'move.sol', 'flop.t.sol', 'heal.sol', 'drip.t.sol', 'heal.t.sol', 'tune.sol']
1,['flop.sol', 'join.sol', 'frob.sol', 'flip.t.sol', 'move.sol', 'flop.t.sol', 'heal.sol', 'drip.t.sol', 'heal.t.sol', 'bite.sol']
3,['flop.sol', 'join.sol', 'frob.sol', 'flip.t.sol', 'move.sol', 'flop.t.sol', 'heal.sol', 'drip.t.sol', 'flap.sol', 'drip.sol']
2,['flop.sol', 'join.sol', 'frob.sol', 'flip.t.sol', 'move.sol', 'flop.t.sol', 'heal.sol', 'drip.t.sol', 'flap.sol', 'frob.t.sol']
1,['flop.sol', 'join.sol', 'frob.sol', 'flip.t.sol', 'move.sol', 'flop.t.sol', 'heal.sol', 'drip.t.sol', 'flap.sol', 'tune.sol']
3,['flop.sol', 'join.sol', 'frob.sol', 'flip.t.sol', 'move.sol', 'flop.t.sol', 'heal.sol', 'drip.t.sol', 'flap.sol', 'bite.sol']
2,['flop.sol', 'join.sol', 'frob.sol', 'flip.t.sol', 'move.sol', 'flop.t.sol', 'heal.sol', 'drip.t.sol', 'drip.sol', 'frob.t.sol']
3,['flop.sol', 'join.sol', 'frob.sol', 'flip.t.sol', 'move.sol', 'flop.t.sol', 'heal.sol', 'drip.t.sol', 'drip.sol', 'tune.sol']
1,['flop.sol', 'join.sol', 'frob.sol', 'flip.t.sol', 'move.sol', 'flop.t.sol', 'heal.sol', 'drip.t.sol', 'drip.sol', 'bite.sol']
2,['flop.sol', 'join.sol', 'frob.sol', 'flip.t.sol', 'move.sol', 'flop.t.sol', 'heal.sol', 'drip.t.sol', 'frob.t.sol', 'tune.sol']
1,['flop.sol', 'join.sol', 'frob.sol', 'flip.t.sol', 'move.sol', 'flop.t.sol', 'heal.sol', 'drip.t.sol', 'frob.t.sol', 'bite.sol']
3,['flop.sol', 'join.sol', 'frob.sol', 'flip.t.sol', 'move.sol', 'flop.t.sol', 'heal.sol', 'drip.t.sol', 'tune.sol', 'bite.sol']
2,['flop.sol', 'join.sol', 'frob.sol', 'flip.t.sol', 'move.sol', 'flop.t.sol', 'heal.sol', 'heal.t.sol', 'flap.sol', 'drip.sol']
2,['flop.sol', 'join.sol', 'frob.sol', 'flip.t.sol', 'move.sol', 'flop.t.sol', 'heal.sol', 'heal.t.sol', 'flap.sol', 'frob.t.sol']
2,['flop.sol', 'join.sol', 'frob.sol', 'flip.t.sol', 'move.sol', 'flop.t.sol', 'heal.sol', 'heal.t.sol', 'flap.sol', 'tune.sol']
2,['flop.sol', 'join.sol', 'frob.sol', 'flip.t.sol', 'move.sol', 'flop.t.sol', 'heal.sol', 'heal.t.sol', 'flap.sol', 'bite.sol']
2,['flop.sol', 'join.sol', 'frob.sol', 'flip.t.sol', 'move.sol', 'flop.t.sol', 'heal.sol', 'heal.t.sol', 'drip.sol', 'frob.t.sol']
2,['flop.sol', 'join.sol', 'frob.sol', 'flip.t.sol', 'move.sol', 'flop.t.sol', 'heal.sol', 'heal.t.sol', 'drip.sol', 'tune.sol']
2,['flop.sol', 'join.sol', 'frob.sol', 'flip.t.sol', 'move.sol', 'flop.t.sol', 'heal.sol', 'heal.t.sol', 'drip.sol', 'bite.sol']
2,['flop.sol', 'join.sol', 'frob.sol', 'flip.t.sol', 'move.sol', 'flop.t.sol', 'heal.sol', 'heal.t.sol', 'frob.t.sol', 'tune.sol']
2,['flop.sol', 'join.sol', 'frob.sol', 'flip.t.sol', 'move.sol', 'flop.t.sol', 'heal.sol', 'heal.t.sol', 'frob.t.sol', 'bite.sol']
2,['flop.sol', 'join.sol', 'frob.sol', 'flip.t.sol', 'move.sol', 'flop.t.sol', 'heal.sol', 'heal.t.sol', 'tune.sol', 'bite.sol']
2,['flop.sol', 'join.sol', 'frob.sol', 'flip.t.sol', 'move.sol', 'flop.t.sol', 'heal.sol', 'flap.sol', 'drip.sol', 'frob.t.sol']
1,['flop.sol', 'join.sol', 'frob.sol', 'flip.t.sol', 'move.sol', 'flop.t.sol', 'heal.sol', 'flap.sol', 'drip.sol', 'tune.sol']
2,['flop.sol', 'join.sol', 'frob.sol', 'flip.t.sol', 'move.sol', 'flop.t.sol', 'heal.sol', 'flap.sol', 'drip.sol', 'bite.sol']
2,['flop.sol', 'join.sol', 'frob.sol', 'flip.t.sol', 'move.sol', 'flop.t.sol', 'heal.sol', 'flap.sol', 'frob.t.sol', 'tune.sol']
2,['flop.sol', 'join.sol', 'frob.sol', 'flip.t.sol', 'move.sol', 'flop.t.sol', 'heal.sol', 'flap.sol', 'frob.t.sol', 'bite.sol']
1,['flop.sol', 'join.sol', 'frob.sol', 'flip.t.sol', 'move.sol', 'flop.t.sol', 'heal.sol', 'flap.sol', 'tune.sol', 'bite.sol']
2,['flop.sol', 'join.sol', 'frob.sol', 'flip.t.sol', 'move.sol', 'flop.t.sol', 'heal.sol', 'drip.sol', 'frob.t.sol', 'tune.sol']
2,['flop.sol', 'join.sol', 'frob.sol', 'flip.t.sol', 'move.sol', 'flop.t.sol', 'heal.sol', 'drip.sol', 'frob.t.sol', 'bite.sol']
1,['flop.sol', 'join.sol', 'frob.sol', 'flip.t.sol', 'move.sol', 'flop.t.sol', 'heal.sol', 'drip.sol', 'tune.sol', 'bite.sol']
2,['flop.sol', 'join.sol', 'frob.sol', 'flip.t.sol', 'move.sol', 'flop.t.sol', 'heal.sol', 'frob.t.sol', 'tune.sol', 'bite.sol']
2,['flop.sol', 'join.sol', 'frob.sol', 'flip.t.sol', 'move.sol', 'flop.t.sol', 'drip.t.sol', 'heal.t.sol', 'flap.sol', 'drip.sol']
2,['flop.sol', 'join.sol', 'frob.sol', 'flip.t.sol', 'move.sol', 'flop.t.sol', 'drip.t.sol', 'heal.t.sol', 'flap.sol', 'frob.t.sol']
2,['flop.sol', 'join.sol', 'frob.sol', 'flip.t.sol', 'move.sol', 'flop.t.sol', 'drip.t.sol', 'heal.t.sol', 'flap.sol', 'tune.sol']
2,['flop.sol', 'join.sol', 'frob.sol', 'flip.t.sol', 'move.sol', 'flop.t.sol', 'drip.t.sol', 'heal.t.sol', 'flap.sol', 'bite.sol']
2,['flop.sol', 'join.sol', 'frob.sol', 'flip.t.sol', 'move.sol', 'flop.t.sol', 'drip.t.sol', 'heal.t.sol', 'drip.sol', 'frob.t.sol']
2,['flop.sol', 'join.sol', 'frob.sol', 'flip.t.sol', 'move.sol', 'flop.t.sol', 'drip.t.sol', 'heal.t.sol', 'drip.sol', 'tune.sol']
1,['flop.sol', 'join.sol', 'frob.sol', 'flip.t.sol', 'move.sol', 'flop.t.sol', 'drip.t.sol', 'heal.t.sol', 'drip.sol', 'bite.sol']
1,['flop.sol', 'join.sol', 'frob.sol', 'flip.t.sol', 'move.sol', 'flop.t.sol', 'drip.t.sol', 'heal.t.sol', 'frob.t.sol', 'tune.sol']
2,['flop.sol', 'join.sol', 'frob.sol', 'flip.t.sol', 'move.sol', 'flop.t.sol', 'drip.t.sol', 'heal.t.sol', 'frob.t.sol', 'bite.sol']
2,['flop.sol', 'join.sol', 'frob.sol', 'flip.t.sol', 'move.sol', 'flop.t.sol', 'drip.t.sol', 'heal.t.sol', 'tune.sol', 'bite.sol']
2,['flop.sol', 'join.sol', 'frob.sol', 'flip.t.sol', 'move.sol', 'flop.t.sol', 'drip.t.sol', 'flap.sol', 'drip.sol', 'frob.t.sol']
2,['flop.sol', 'join.sol', 'frob.sol', 'flip.t.sol', 'move.sol', 'flop.t.sol', 'drip.t.sol', 'flap.sol', 'drip.sol', 'tune.sol']
3,['flop.sol', 'join.sol', 'frob.sol', 'flip.t.sol', 'move.sol', 'flop.t.sol', 'drip.t.sol', 'flap.sol', 'drip.sol', 'bite.sol']
2,['flop.sol', 'join.sol', 'frob.sol', 'flip.t.sol', 'move.sol', 'flop.t.sol', 'drip.t.sol', 'flap.sol', 'frob.t.sol', 'tune.sol']
2,['flop.sol', 'join.sol', 'frob.sol', 'flip.t.sol', 'move.sol', 'flop.t.sol', 'drip.t.sol', 'flap.sol', 'frob.t.sol', 'bite.sol']
1,['flop.sol', 'join.sol', 'frob.sol', 'flip.t.sol', 'move.sol', 'flop.t.sol', 'drip.t.sol', 'flap.sol', 'tune.sol', 'bite.sol']
2,['flop.sol', 'join.sol', 'frob.sol', 'flip.t.sol', 'move.sol', 'flop.t.sol', 'drip.t.sol', 'drip.sol', 'frob.t.sol', 'tune.sol']
2,['flop.sol', 'join.sol', 'frob.sol', 'flip.t.sol', 'move.sol', 'flop.t.sol', 'drip.t.sol', 'drip.sol', 'frob.t.sol', 'bite.sol']
3,['flop.sol', 'join.sol', 'frob.sol', 'flip.t.sol', 'move.sol', 'flop.t.sol', 'drip.t.sol', 'drip.sol', 'tune.sol', 'bite.sol']
2,['flop.sol', 'join.sol', 'frob.sol', 'flip.t.sol', 'move.sol', 'flop.t.sol', 'drip.t.sol', 'frob.t.sol', 'tune.sol', 'bite.sol']
2,['flop.sol', 'join.sol', 'frob.sol', 'flip.t.sol', 'move.sol', 'flop.t.sol', 'heal.t.sol', 'flap.sol', 'drip.sol', 'frob.t.sol']
2,['flop.sol', 'join.sol', 'frob.sol', 'flip.t.sol', 'move.sol', 'flop.t.sol', 'heal.t.sol', 'flap.sol', 'drip.sol', 'tune.sol']
3,['flop.sol', 'join.sol', 'frob.sol', 'flip.t.sol', 'move.sol', 'flop.t.sol', 'heal.t.sol', 'flap.sol', 'drip.sol', 'bite.sol']
2,['flop.sol', 'join.sol', 'frob.sol', 'flip.t.sol', 'move.sol', 'flop.t.sol', 'heal.t.sol', 'flap.sol', 'frob.t.sol', 'tune.sol']
2,['flop.sol', 'join.sol', 'frob.sol', 'flip.t.sol', 'move.sol', 'flop.t.sol', 'heal.t.sol', 'flap.sol', 'frob.t.sol', 'bite.sol']
2,['flop.sol', 'join.sol', 'frob.sol', 'flip.t.sol', 'move.sol', 'flop.t.sol', 'heal.t.sol', 'flap.sol', 'tune.sol', 'bite.sol']
2,['flop.sol', 'join.sol', 'frob.sol', 'flip.t.sol', 'move.sol', 'flop.t.sol', 'heal.t.sol', 'drip.sol', 'frob.t.sol', 'tune.sol']
2,['flop.sol', 'join.sol', 'frob.sol', 'flip.t.sol', 'move.sol', 'flop.t.sol', 'heal.t.sol', 'drip.sol', 'frob.t.sol', 'bite.sol']
2,['flop.sol', 'join.sol', 'frob.sol', 'flip.t.sol', 'move.sol', 'flop.t.sol', 'heal.t.sol', 'drip.sol', 'tune.sol', 'bite.sol']
2,['flop.sol', 'join.sol', 'frob.sol', 'flip.t.sol', 'move.sol', 'flop.t.sol', 'heal.t.sol', 'frob.t.sol', 'tune.sol', 'bite.sol']
2,['flop.sol', 'join.sol', 'frob.sol', 'flip.t.sol', 'move.sol', 'flop.t.sol', 'flap.sol', 'drip.sol', 'frob.t.sol', 'tune.sol']
2,['flop.sol', 'join.sol', 'frob.sol', 'flip.t.sol', 'move.sol', 'flop.t.sol', 'flap.sol', 'drip.sol', 'frob.t.sol', 'bite.sol']
1,['flop.sol', 'join.sol', 'frob.sol', 'flip.t.sol', 'move.sol', 'flop.t.sol', 'flap.sol', 'drip.sol', 'tune.sol', 'bite.sol']
2,['flop.sol', 'join.sol', 'frob.sol', 'flip.t.sol', 'move.sol', 'flop.t.sol', 'flap.sol', 'frob.t.sol', 'tune.sol', 'bite.sol']
2,['flop.sol', 'join.sol', 'frob.sol', 'flip.t.sol', 'move.sol', 'flop.t.sol', 'drip.sol', 'frob.t.sol', 'tune.sol', 'bite.sol']
1,['flop.sol', 'join.sol', 'frob.sol', 'flip.t.sol', 'move.sol', 'flap.t.sol', 'heal.sol', 'drip.t.sol', 'heal.t.sol', 'flap.sol']
1,['flop.sol', 'join.sol', 'frob.sol', 'flip.t.sol', 'move.sol', 'flap.t.sol', 'heal.sol', 'drip.t.sol', 'heal.t.sol', 'drip.sol']
2,['flop.sol', 'join.sol', 'frob.sol', 'flip.t.sol', 'move.sol', 'flap.t.sol', 'heal.sol', 'drip.t.sol', 'heal.t.sol', 'frob.t.sol']
1,['flop.sol', 'join.sol', 'frob.sol', 'flip.t.sol', 'move.sol', 'flap.t.sol', 'heal.sol', 'drip.t.sol', 'heal.t.sol', 'tune.sol']
1,['flop.sol', 'join.sol', 'frob.sol', 'flip.t.sol', 'move.sol', 'flap.t.sol', 'heal.sol', 'drip.t.sol', 'heal.t.sol', 'bite.sol']
3,['flop.sol', 'join.sol', 'frob.sol', 'flip.t.sol', 'move.sol', 'flap.t.sol', 'heal.sol', 'drip.t.sol', 'flap.sol', 'drip.sol']
2,['flop.sol', 'join.sol', 'frob.sol', 'flip.t.sol', 'move.sol', 'flap.t.sol', 'heal.sol', 'drip.t.sol', 'flap.sol', 'frob.t.sol']
1,['flop.sol', 'join.sol', 'frob.sol', 'flip.t.sol', 'move.sol', 'flap.t.sol', 'heal.sol', 'drip.t.sol', 'flap.sol', 'tune.sol']
1,['flop.sol', 'join.sol', 'frob.sol', 'flip.t.sol', 'move.sol', 'flap.t.sol', 'heal.sol', 'drip.t.sol', 'flap.sol', 'bite.sol']
2,['flop.sol', 'join.sol', 'frob.sol', 'flip.t.sol', 'move.sol', 'flap.t.sol', 'heal.sol', 'drip.t.sol', 'drip.sol', 'frob.t.sol']
3,['flop.sol', 'join.sol', 'frob.sol', 'flip.t.sol', 'move.sol', 'flap.t.sol', 'heal.sol', 'drip.t.sol', 'drip.sol', 'tune.sol']
1,['flop.sol', 'join.sol', 'frob.sol', 'flip.t.sol', 'move.sol', 'flap.t.sol', 'heal.sol', 'drip.t.sol', 'drip.sol', 'bite.sol']
2,['flop.sol', 'join.sol', 'frob.sol', 'flip.t.sol', 'move.sol', 'flap.t.sol', 'heal.sol', 'drip.t.sol', 'frob.t.sol', 'tune.sol']
1,['flop.sol', 'join.sol', 'frob.sol', 'flip.t.sol', 'move.sol', 'flap.t.sol', 'heal.sol', 'drip.t.sol', 'frob.t.sol', 'bite.sol']
2,['flop.sol', 'join.sol', 'frob.sol', 'flip.t.sol', 'move.sol', 'flap.t.sol', 'heal.sol', 'drip.t.sol', 'tune.sol', 'bite.sol']
2,['flop.sol', 'join.sol', 'frob.sol', 'flip.t.sol', 'move.sol', 'flap.t.sol', 'heal.sol', 'heal.t.sol', 'flap.sol', 'drip.sol']
2,['flop.sol', 'join.sol', 'frob.sol', 'flip.t.sol', 'move.sol', 'flap.t.sol', 'heal.sol', 'heal.t.sol', 'flap.sol', 'frob.t.sol']
2,['flop.sol', 'join.sol', 'frob.sol', 'flip.t.sol', 'move.sol', 'flap.t.sol', 'heal.sol', 'heal.t.sol', 'flap.sol', 'tune.sol']
2,['flop.sol', 'join.sol', 'frob.sol', 'flip.t.sol', 'move.sol', 'flap.t.sol', 'heal.sol', 'heal.t.sol', 'flap.sol', 'bite.sol']
2,['flop.sol', 'join.sol', 'frob.sol', 'flip.t.sol', 'move.sol', 'flap.t.sol', 'heal.sol', 'heal.t.sol', 'drip.sol', 'frob.t.sol']
2,['flop.sol', 'join.sol', 'frob.sol', 'flip.t.sol', 'move.sol', 'flap.t.sol', 'heal.sol', 'heal.t.sol', 'drip.sol', 'tune.sol']
2,['flop.sol', 'join.sol', 'frob.sol', 'flip.t.sol', 'move.sol', 'flap.t.sol', 'heal.sol', 'heal.t.sol', 'drip.sol', 'bite.sol']
2,['flop.sol', 'join.sol', 'frob.sol', 'flip.t.sol', 'move.sol', 'flap.t.sol', 'heal.sol', 'heal.t.sol', 'frob.t.sol', 'tune.sol']
2,['flop.sol', 'join.sol', 'frob.sol', 'flip.t.sol', 'move.sol', 'flap.t.sol', 'heal.sol', 'heal.t.sol', 'frob.t.sol', 'bite.sol']
2,['flop.sol', 'join.sol', 'frob.sol', 'flip.t.sol', 'move.sol', 'flap.t.sol', 'heal.sol', 'heal.t.sol', 'tune.sol', 'bite.sol']
3,['flop.sol', 'join.sol', 'frob.sol', 'flip.t.sol', 'move.sol', 'flap.t.sol', 'heal.sol', 'flap.sol', 'drip.sol', 'frob.t.sol']
1,['flop.sol', 'join.sol', 'frob.sol', 'flip.t.sol', 'move.sol', 'flap.t.sol', 'heal.sol', 'flap.sol', 'drip.sol', 'tune.sol']
2,['flop.sol', 'join.sol', 'frob.sol', 'flip.t.sol', 'move.sol', 'flap.t.sol', 'heal.sol', 'flap.sol', 'drip.sol', 'bite.sol']
2,['flop.sol', 'join.sol', 'frob.sol', 'flip.t.sol', 'move.sol', 'flap.t.sol', 'heal.sol', 'flap.sol', 'frob.t.sol', 'tune.sol']
2,['flop.sol', 'join.sol', 'frob.sol', 'flip.t.sol', 'move.sol', 'flap.t.sol', 'heal.sol', 'flap.sol', 'frob.t.sol', 'bite.sol']
1,['flop.sol', 'join.sol', 'frob.sol', 'flip.t.sol', 'move.sol', 'flap.t.sol', 'heal.sol', 'flap.sol', 'tune.sol', 'bite.sol']
2,['flop.sol', 'join.sol', 'frob.sol', 'flip.t.sol', 'move.sol', 'flap.t.sol', 'heal.sol', 'drip.sol', 'frob.t.sol', 'tune.sol']
2,['flop.sol', 'join.sol', 'frob.sol', 'flip.t.sol', 'move.sol', 'flap.t.sol', 'heal.sol', 'drip.sol', 'frob.t.sol', 'bite.sol']
1,['flop.sol', 'join.sol', 'frob.sol', 'flip.t.sol', 'move.sol', 'flap.t.sol', 'heal.sol', 'drip.sol', 'tune.sol', 'bite.sol']
2,['flop.sol', 'join.sol', 'frob.sol', 'flip.t.sol', 'move.sol', 'flap.t.sol', 'heal.sol', 'frob.t.sol', 'tune.sol', 'bite.sol']
2,['flop.sol', 'join.sol', 'frob.sol', 'flip.t.sol', 'move.sol', 'flap.t.sol', 'drip.t.sol', 'heal.t.sol', 'flap.sol', 'drip.sol']
2,['flop.sol', 'join.sol', 'frob.sol', 'flip.t.sol', 'move.sol', 'flap.t.sol', 'drip.t.sol', 'heal.t.sol', 'flap.sol', 'frob.t.sol']
2,['flop.sol', 'join.sol', 'frob.sol', 'flip.t.sol', 'move.sol', 'flap.t.sol', 'drip.t.sol', 'heal.t.sol', 'flap.sol', 'tune.sol']
2,['flop.sol', 'join.sol', 'frob.sol', 'flip.t.sol', 'move.sol', 'flap.t.sol', 'drip.t.sol', 'heal.t.sol', 'flap.sol', 'bite.sol']
2,['flop.sol', 'join.sol', 'frob.sol', 'flip.t.sol', 'move.sol', 'flap.t.sol', 'drip.t.sol', 'heal.t.sol', 'drip.sol', 'frob.t.sol']
2,['flop.sol', 'join.sol', 'frob.sol', 'flip.t.sol', 'move.sol', 'flap.t.sol', 'drip.t.sol', 'heal.t.sol', 'drip.sol', 'tune.sol']
1,['flop.sol', 'join.sol', 'frob.sol', 'flip.t.sol', 'move.sol', 'flap.t.sol', 'drip.t.sol', 'heal.t.sol', 'drip.sol', 'bite.sol']
2,['flop.sol', 'join.sol', 'frob.sol', 'flip.t.sol', 'move.sol', 'flap.t.sol', 'drip.t.sol', 'heal.t.sol', 'frob.t.sol', 'tune.sol']
2,['flop.sol', 'join.sol', 'frob.sol', 'flip.t.sol', 'move.sol', 'flap.t.sol', 'drip.t.sol', 'heal.t.sol', 'frob.t.sol', 'bite.sol']
2,['flop.sol', 'join.sol', 'frob.sol', 'flip.t.sol', 'move.sol', 'flap.t.sol', 'drip.t.sol', 'heal.t.sol', 'tune.sol', 'bite.sol']
2,['flop.sol', 'join.sol', 'frob.sol', 'flip.t.sol', 'move.sol', 'flap.t.sol', 'drip.t.sol', 'flap.sol', 'drip.sol', 'frob.t.sol']
2,['flop.sol', 'join.sol', 'frob.sol', 'flip.t.sol', 'move.sol', 'flap.t.sol', 'drip.t.sol', 'flap.sol', 'drip.sol', 'tune.sol']
3,['flop.sol', 'join.sol', 'frob.sol', 'flip.t.sol', 'move.sol', 'flap.t.sol', 'drip.t.sol', 'flap.sol', 'drip.sol', 'bite.sol']
2,['flop.sol', 'join.sol', 'frob.sol', 'flip.t.sol', 'move.sol', 'flap.t.sol', 'drip.t.sol', 'flap.sol', 'frob.t.sol', 'tune.sol']
2,['flop.sol', 'join.sol', 'frob.sol', 'flip.t.sol', 'move.sol', 'flap.t.sol', 'drip.t.sol', 'flap.sol', 'frob.t.sol', 'bite.sol']
1,['flop.sol', 'join.sol', 'frob.sol', 'flip.t.sol', 'move.sol', 'flap.t.sol', 'drip.t.sol', 'flap.sol', 'tune.sol', 'bite.sol']
2,['flop.sol', 'join.sol', 'frob.sol', 'flip.t.sol', 'move.sol', 'flap.t.sol', 'drip.t.sol', 'drip.sol', 'frob.t.sol', 'tune.sol']
2,['flop.sol', 'join.sol', 'frob.sol', 'flip.t.sol', 'move.sol', 'flap.t.sol', 'drip.t.sol', 'drip.sol', 'frob.t.sol', 'bite.sol']
2,['flop.sol', 'join.sol', 'frob.sol', 'flip.t.sol', 'move.sol', 'flap.t.sol', 'drip.t.sol', 'drip.sol', 'tune.sol', 'bite.sol']
2,['flop.sol', 'join.sol', 'frob.sol', 'flip.t.sol', 'move.sol', 'flap.t.sol', 'drip.t.sol', 'frob.t.sol', 'tune.sol', 'bite.sol']
2,['flop.sol', 'join.sol', 'frob.sol', 'flip.t.sol', 'move.sol', 'flap.t.sol', 'heal.t.sol', 'flap.sol', 'drip.sol', 'frob.t.sol']
2,['flop.sol', 'join.sol', 'frob.sol', 'flip.t.sol', 'move.sol', 'flap.t.sol', 'heal.t.sol', 'flap.sol', 'drip.sol', 'tune.sol']
3,['flop.sol', 'join.sol', 'frob.sol', 'flip.t.sol', 'move.sol', 'flap.t.sol', 'heal.t.sol', 'flap.sol', 'drip.sol', 'bite.sol']
2,['flop.sol', 'join.sol', 'frob.sol', 'flip.t.sol', 'move.sol', 'flap.t.sol', 'heal.t.sol', 'flap.sol', 'frob.t.sol', 'tune.sol']
2,['flop.sol', 'join.sol', 'frob.sol', 'flip.t.sol', 'move.sol', 'flap.t.sol', 'heal.t.sol', 'flap.sol', 'frob.t.sol', 'bite.sol']
2,['flop.sol', 'join.sol', 'frob.sol', 'flip.t.sol', 'move.sol', 'flap.t.sol', 'heal.t.sol', 'flap.sol', 'tune.sol', 'bite.sol']
2,['flop.sol', 'join.sol', 'frob.sol', 'flip.t.sol', 'move.sol', 'flap.t.sol', 'heal.t.sol', 'drip.sol', 'frob.t.sol', 'tune.sol']
2,['flop.sol', 'join.sol', 'frob.sol', 'flip.t.sol', 'move.sol', 'flap.t.sol', 'heal.t.sol', 'drip.sol', 'frob.t.sol', 'bite.sol']
2,['flop.sol', 'join.sol', 'frob.sol', 'flip.t.sol', 'move.sol', 'flap.t.sol', 'heal.t.sol', 'drip.sol', 'tune.sol', 'bite.sol']
2,['flop.sol', 'join.sol', 'frob.sol', 'flip.t.sol', 'move.sol', 'flap.t.sol', 'heal.t.sol', 'frob.t.sol', 'tune.sol', 'bite.sol']
2,['flop.sol', 'join.sol', 'frob.sol', 'flip.t.sol', 'move.sol', 'flap.t.sol', 'flap.sol', 'drip.sol', 'frob.t.sol', 'tune.sol']
2,['flop.sol', 'join.sol', 'frob.sol', 'flip.t.sol', 'move.sol', 'flap.t.sol', 'flap.sol', 'drip.sol', 'frob.t.sol', 'bite.sol']
1,['flop.sol', 'join.sol', 'frob.sol', 'flip.t.sol', 'move.sol', 'flap.t.sol', 'flap.sol', 'drip.sol', 'tune.sol', 'bite.sol']
2,['flop.sol', 'join.sol', 'frob.sol', 'flip.t.sol', 'move.sol', 'flap.t.sol', 'flap.sol', 'frob.t.sol', 'tune.sol', 'bite.sol']
2,['flop.sol', 'join.sol', 'frob.sol', 'flip.t.sol', 'move.sol', 'flap.t.sol', 'drip.sol', 'frob.t.sol', 'tune.sol', 'bite.sol']
1,['flop.sol', 'join.sol', 'frob.sol', 'flip.t.sol', 'move.sol', 'heal.sol', 'drip.t.sol', 'heal.t.sol', 'flap.sol', 'drip.sol']
2,['flop.sol', 'join.sol', 'frob.sol', 'flip.t.sol', 'move.sol', 'heal.sol', 'drip.t.sol', 'heal.t.sol', 'flap.sol', 'frob.t.sol']
1,['flop.sol', 'join.sol', 'frob.sol', 'flip.t.sol', 'move.sol', 'heal.sol', 'drip.t.sol', 'heal.t.sol', 'flap.sol', 'tune.sol']
1,['flop.sol', 'join.sol', 'frob.sol', 'flip.t.sol', 'move.sol', 'heal.sol', 'drip.t.sol', 'heal.t.sol', 'flap.sol', 'bite.sol']
2,['flop.sol', 'join.sol', 'frob.sol', 'flip.t.sol', 'move.sol', 'heal.sol', 'drip.t.sol', 'heal.t.sol', 'drip.sol', 'frob.t.sol']
1,['flop.sol', 'join.sol', 'frob.sol', 'flip.t.sol', 'move.sol', 'heal.sol', 'drip.t.sol', 'heal.t.sol', 'drip.sol', 'tune.sol']
1,['flop.sol', 'join.sol', 'frob.sol', 'flip.t.sol', 'move.sol', 'heal.sol', 'drip.t.sol', 'heal.t.sol', 'drip.sol', 'bite.sol']
1,['flop.sol', 'join.sol', 'frob.sol', 'flip.t.sol', 'move.sol', 'heal.sol', 'drip.t.sol', 'heal.t.sol', 'frob.t.sol', 'tune.sol']
1,['flop.sol', 'join.sol', 'frob.sol', 'flip.t.sol', 'move.sol', 'heal.sol', 'drip.t.sol', 'heal.t.sol', 'frob.t.sol', 'bite.sol']
1,['flop.sol', 'join.sol', 'frob.sol', 'flip.t.sol', 'move.sol', 'heal.sol', 'drip.t.sol', 'heal.t.sol', 'tune.sol', 'bite.sol']
2,['flop.sol', 'join.sol', 'frob.sol', 'flip.t.sol', 'move.sol', 'heal.sol', 'drip.t.sol', 'flap.sol', 'drip.sol', 'frob.t.sol']
3,['flop.sol', 'join.sol', 'frob.sol', 'flip.t.sol', 'move.sol', 'heal.sol', 'drip.t.sol', 'flap.sol', 'drip.sol', 'tune.sol']
2,['flop.sol', 'join.sol', 'frob.sol', 'flip.t.sol', 'move.sol', 'heal.sol', 'drip.t.sol', 'flap.sol', 'drip.sol', 'bite.sol']
2,['flop.sol', 'join.sol', 'frob.sol', 'flip.t.sol', 'move.sol', 'heal.sol', 'drip.t.sol', 'flap.sol', 'frob.t.sol', 'tune.sol']
1,['flop.sol', 'join.sol', 'frob.sol', 'flip.t.sol', 'move.sol', 'heal.sol', 'drip.t.sol', 'flap.sol', 'frob.t.sol', 'bite.sol']
1,['flop.sol', 'join.sol', 'frob.sol', 'flip.t.sol', 'move.sol', 'heal.sol', 'drip.t.sol', 'flap.sol', 'tune.sol', 'bite.sol']
1,['flop.sol', 'join.sol', 'frob.sol', 'flip.t.sol', 'move.sol', 'heal.sol', 'drip.t.sol', 'drip.sol', 'frob.t.sol', 'tune.sol']
1,['flop.sol', 'join.sol', 'frob.sol', 'flip.t.sol', 'move.sol', 'heal.sol', 'drip.t.sol', 'drip.sol', 'frob.t.sol', 'bite.sol']
2,['flop.sol', 'join.sol', 'frob.sol', 'flip.t.sol', 'move.sol', 'heal.sol', 'drip.t.sol', 'drip.sol', 'tune.sol', 'bite.sol']
1,['flop.sol', 'join.sol', 'frob.sol', 'flip.t.sol', 'move.sol', 'heal.sol', 'drip.t.sol', 'frob.t.sol', 'tune.sol', 'bite.sol']
2,['flop.sol', 'join.sol', 'frob.sol', 'flip.t.sol', 'move.sol', 'heal.sol', 'heal.t.sol', 'flap.sol', 'drip.sol', 'frob.t.sol']
2,['flop.sol', 'join.sol', 'frob.sol', 'flip.t.sol', 'move.sol', 'heal.sol', 'heal.t.sol', 'flap.sol', 'drip.sol', 'tune.sol']
2,['flop.sol', 'join.sol', 'frob.sol', 'flip.t.sol', 'move.sol', 'heal.sol', 'heal.t.sol', 'flap.sol', 'drip.sol', 'bite.sol']
2,['flop.sol', 'join.sol', 'frob.sol', 'flip.t.sol', 'move.sol', 'heal.sol', 'heal.t.sol', 'flap.sol', 'frob.t.sol', 'tune.sol']
2,['flop.sol', 'join.sol', 'frob.sol', 'flip.t.sol', 'move.sol', 'heal.sol', 'heal.t.sol', 'flap.sol', 'frob.t.sol', 'bite.sol']
2,['flop.sol', 'join.sol', 'frob.sol', 'flip.t.sol', 'move.sol', 'heal.sol', 'heal.t.sol', 'flap.sol', 'tune.sol', 'bite.sol']
2,['flop.sol', 'join.sol', 'frob.sol', 'flip.t.sol', 'move.sol', 'heal.sol', 'heal.t.sol', 'drip.sol', 'frob.t.sol', 'tune.sol']
2,['flop.sol', 'join.sol', 'frob.sol', 'flip.t.sol', 'move.sol', 'heal.sol', 'heal.t.sol', 'drip.sol', 'frob.t.sol', 'bite.sol']
2,['flop.sol', 'join.sol', 'frob.sol', 'flip.t.sol', 'move.sol', 'heal.sol', 'heal.t.sol', 'drip.sol', 'tune.sol', 'bite.sol']
2,['flop.sol', 'join.sol', 'frob.sol', 'flip.t.sol', 'move.sol', 'heal.sol', 'heal.t.sol', 'frob.t.sol', 'tune.sol', 'bite.sol']
2,['flop.sol', 'join.sol', 'frob.sol', 'flip.t.sol', 'move.sol', 'heal.sol', 'flap.sol', 'drip.sol', 'frob.t.sol', 'tune.sol']
2,['flop.sol', 'join.sol', 'frob.sol', 'flip.t.sol', 'move.sol', 'heal.sol', 'flap.sol', 'drip.sol', 'frob.t.sol', 'bite.sol']
1,['flop.sol', 'join.sol', 'frob.sol', 'flip.t.sol', 'move.sol', 'heal.sol', 'flap.sol', 'drip.sol', 'tune.sol', 'bite.sol']
2,['flop.sol', 'join.sol', 'frob.sol', 'flip.t.sol', 'move.sol', 'heal.sol', 'flap.sol', 'frob.t.sol', 'tune.sol', 'bite.sol']
2,['flop.sol', 'join.sol', 'frob.sol', 'flip.t.sol', 'move.sol', 'heal.sol', 'drip.sol', 'frob.t.sol', 'tune.sol', 'bite.sol']
2,['flop.sol', 'join.sol', 'frob.sol', 'flip.t.sol', 'move.sol', 'drip.t.sol', 'heal.t.sol', 'flap.sol', 'drip.sol', 'frob.t.sol']
2,['flop.sol', 'join.sol', 'frob.sol', 'flip.t.sol', 'move.sol', 'drip.t.sol', 'heal.t.sol', 'flap.sol', 'drip.sol', 'tune.sol']
1,['flop.sol', 'join.sol', 'frob.sol', 'flip.t.sol', 'move.sol', 'drip.t.sol', 'heal.t.sol', 'flap.sol', 'drip.sol', 'bite.sol']
2,['flop.sol', 'join.sol', 'frob.sol', 'flip.t.sol', 'move.sol', 'drip.t.sol', 'heal.t.sol', 'flap.sol', 'frob.t.sol', 'tune.sol']
1,['flop.sol', 'join.sol', 'frob.sol', 'flip.t.sol', 'move.sol', 'drip.t.sol', 'heal.t.sol', 'flap.sol', 'frob.t.sol', 'bite.sol']
2,['flop.sol', 'join.sol', 'frob.sol', 'flip.t.sol', 'move.sol', 'drip.t.sol', 'heal.t.sol', 'flap.sol', 'tune.sol', 'bite.sol']
1,['flop.sol', 'join.sol', 'frob.sol', 'flip.t.sol', 'move.sol', 'drip.t.sol', 'heal.t.sol', 'drip.sol', 'frob.t.sol', 'tune.sol']
1,['flop.sol', 'join.sol', 'frob.sol', 'flip.t.sol', 'move.sol', 'drip.t.sol', 'heal.t.sol', 'drip.sol', 'frob.t.sol', 'bite.sol']
2,['flop.sol', 'join.sol', 'frob.sol', 'flip.t.sol', 'move.sol', 'drip.t.sol', 'heal.t.sol', 'drip.sol', 'tune.sol', 'bite.sol']
1,['flop.sol', 'join.sol', 'frob.sol', 'flip.t.sol', 'move.sol', 'drip.t.sol', 'heal.t.sol', 'frob.t.sol', 'tune.sol', 'bite.sol']
2,['flop.sol', 'join.sol', 'frob.sol', 'flip.t.sol', 'move.sol', 'drip.t.sol', 'flap.sol', 'drip.sol', 'frob.t.sol', 'tune.sol']
2,['flop.sol', 'join.sol', 'frob.sol', 'flip.t.sol', 'move.sol', 'drip.t.sol', 'flap.sol', 'drip.sol', 'frob.t.sol', 'bite.sol']
3,['flop.sol', 'join.sol', 'frob.sol', 'flip.t.sol', 'move.sol', 'drip.t.sol', 'flap.sol', 'drip.sol', 'tune.sol', 'bite.sol']
2,['flop.sol', 'join.sol', 'frob.sol', 'flip.t.sol', 'move.sol', 'drip.t.sol', 'flap.sol', 'frob.t.sol', 'tune.sol', 'bite.sol']
2,['flop.sol', 'join.sol', 'frob.sol', 'flip.t.sol', 'move.sol', 'drip.t.sol', 'drip.sol', 'frob.t.sol', 'tune.sol', 'bite.sol']
2,['flop.sol', 'join.sol', 'frob.sol', 'flip.t.sol', 'move.sol', 'heal.t.sol', 'flap.sol', 'drip.sol', 'frob.t.sol', 'tune.sol']
2,['flop.sol', 'join.sol', 'frob.sol', 'flip.t.sol', 'move.sol', 'heal.t.sol', 'flap.sol', 'drip.sol', 'frob.t.sol', 'bite.sol']
2,['flop.sol', 'join.sol', 'frob.sol', 'flip.t.sol', 'move.sol', 'heal.t.sol', 'flap.sol', 'drip.sol', 'tune.sol', 'bite.sol']
2,['flop.sol', 'join.sol', 'frob.sol', 'flip.t.sol', 'move.sol', 'heal.t.sol', 'flap.sol', 'frob.t.sol', 'tune.sol', 'bite.sol']
2,['flop.sol', 'join.sol', 'frob.sol', 'flip.t.sol', 'move.sol', 'heal.t.sol', 'drip.sol', 'frob.t.sol', 'tune.sol', 'bite.sol']
2,['flop.sol', 'join.sol', 'frob.sol', 'flip.t.sol', 'move.sol', 'flap.sol', 'drip.sol', 'frob.t.sol', 'tune.sol', 'bite.sol']
2,['flop.sol', 'join.sol', 'frob.sol', 'flip.t.sol', 'flop.t.sol', 'flap.t.sol', 'heal.sol', 'drip.t.sol', 'heal.t.sol', 'flap.sol']
1,['flop.sol', 'join.sol', 'frob.sol', 'flip.t.sol', 'flop.t.sol', 'flap.t.sol', 'heal.sol', 'drip.t.sol', 'heal.t.sol', 'drip.sol']
2,['flop.sol', 'join.sol', 'frob.sol', 'flip.t.sol', 'flop.t.sol', 'flap.t.sol', 'heal.sol', 'drip.t.sol', 'heal.t.sol', 'frob.t.sol']
1,['flop.sol', 'join.sol', 'frob.sol', 'flip.t.sol', 'flop.t.sol', 'flap.t.sol', 'heal.sol', 'drip.t.sol', 'heal.t.sol', 'tune.sol']
1,['flop.sol', 'join.sol', 'frob.sol', 'flip.t.sol', 'flop.t.sol', 'flap.t.sol', 'heal.sol', 'drip.t.sol', 'heal.t.sol', 'bite.sol']
2,['flop.sol', 'join.sol', 'frob.sol', 'flip.t.sol', 'flop.t.sol', 'flap.t.sol', 'heal.sol', 'drip.t.sol', 'flap.sol', 'drip.sol']
2,['flop.sol', 'join.sol', 'frob.sol', 'flip.t.sol', 'flop.t.sol', 'flap.t.sol', 'heal.sol', 'drip.t.sol', 'flap.sol', 'frob.t.sol']
1,['flop.sol', 'join.sol', 'frob.sol', 'flip.t.sol', 'flop.t.sol', 'flap.t.sol', 'heal.sol', 'drip.t.sol', 'flap.sol', 'tune.sol']
1,['flop.sol', 'join.sol', 'frob.sol', 'flip.t.sol', 'flop.t.sol', 'flap.t.sol', 'heal.sol', 'drip.t.sol', 'flap.sol', 'bite.sol']
2,['flop.sol', 'join.sol', 'frob.sol', 'flip.t.sol', 'flop.t.sol', 'flap.t.sol', 'heal.sol', 'drip.t.sol', 'drip.sol', 'frob.t.sol']
1,['flop.sol', 'join.sol', 'frob.sol', 'flip.t.sol', 'flop.t.sol', 'flap.t.sol', 'heal.sol', 'drip.t.sol', 'drip.sol', 'tune.sol']
1,['flop.sol', 'join.sol', 'frob.sol', 'flip.t.sol', 'flop.t.sol', 'flap.t.sol', 'heal.sol', 'drip.t.sol', 'drip.sol', 'bite.sol']
2,['flop.sol', 'join.sol', 'frob.sol', 'flip.t.sol', 'flop.t.sol', 'flap.t.sol', 'heal.sol', 'drip.t.sol', 'frob.t.sol', 'tune.sol']
1,['flop.sol', 'join.sol', 'frob.sol', 'flip.t.sol', 'flop.t.sol', 'flap.t.sol', 'heal.sol', 'drip.t.sol', 'frob.t.sol', 'bite.sol']
1,['flop.sol', 'join.sol', 'frob.sol', 'flip.t.sol', 'flop.t.sol', 'flap.t.sol', 'heal.sol', 'drip.t.sol', 'tune.sol', 'bite.sol']
3,['flop.sol', 'join.sol', 'frob.sol', 'flip.t.sol', 'flop.t.sol', 'flap.t.sol', 'heal.sol', 'heal.t.sol', 'flap.sol', 'drip.sol']
2,['flop.sol', 'join.sol', 'frob.sol', 'flip.t.sol', 'flop.t.sol', 'flap.t.sol', 'heal.sol', 'heal.t.sol', 'flap.sol', 'frob.t.sol']
2,['flop.sol', 'join.sol', 'frob.sol', 'flip.t.sol', 'flop.t.sol', 'flap.t.sol', 'heal.sol', 'heal.t.sol', 'flap.sol', 'tune.sol']
2,['flop.sol', 'join.sol', 'frob.sol', 'flip.t.sol', 'flop.t.sol', 'flap.t.sol', 'heal.sol', 'heal.t.sol', 'flap.sol', 'bite.sol']
2,['flop.sol', 'join.sol', 'frob.sol', 'flip.t.sol', 'flop.t.sol', 'flap.t.sol', 'heal.sol', 'heal.t.sol', 'drip.sol', 'frob.t.sol']
2,['flop.sol', 'join.sol', 'frob.sol', 'flip.t.sol', 'flop.t.sol', 'flap.t.sol', 'heal.sol', 'heal.t.sol', 'drip.sol', 'tune.sol']
2,['flop.sol', 'join.sol', 'frob.sol', 'flip.t.sol', 'flop.t.sol', 'flap.t.sol', 'heal.sol', 'heal.t.sol', 'drip.sol', 'bite.sol']
2,['flop.sol', 'join.sol', 'frob.sol', 'flip.t.sol', 'flop.t.sol', 'flap.t.sol', 'heal.sol', 'heal.t.sol', 'frob.t.sol', 'tune.sol']
2,['flop.sol', 'join.sol', 'frob.sol', 'flip.t.sol', 'flop.t.sol', 'flap.t.sol', 'heal.sol', 'heal.t.sol', 'frob.t.sol', 'bite.sol']
2,['flop.sol', 'join.sol', 'frob.sol', 'flip.t.sol', 'flop.t.sol', 'flap.t.sol', 'heal.sol', 'heal.t.sol', 'tune.sol', 'bite.sol']
2,['flop.sol', 'join.sol', 'frob.sol', 'flip.t.sol', 'flop.t.sol', 'flap.t.sol', 'heal.sol', 'flap.sol', 'drip.sol', 'frob.t.sol']
1,['flop.sol', 'join.sol', 'frob.sol', 'flip.t.sol', 'flop.t.sol', 'flap.t.sol', 'heal.sol', 'flap.sol', 'drip.sol', 'tune.sol']
2,['flop.sol', 'join.sol', 'frob.sol', 'flip.t.sol', 'flop.t.sol', 'flap.t.sol', 'heal.sol', 'flap.sol', 'drip.sol', 'bite.sol']
3,['flop.sol', 'join.sol', 'frob.sol', 'flip.t.sol', 'flop.t.sol', 'flap.t.sol', 'heal.sol', 'flap.sol', 'frob.t.sol', 'tune.sol']
2,['flop.sol', 'join.sol', 'frob.sol', 'flip.t.sol', 'flop.t.sol', 'flap.t.sol', 'heal.sol', 'flap.sol', 'frob.t.sol', 'bite.sol']
1,['flop.sol', 'join.sol', 'frob.sol', 'flip.t.sol', 'flop.t.sol', 'flap.t.sol', 'heal.sol', 'flap.sol', 'tune.sol', 'bite.sol']
2,['flop.sol', 'join.sol', 'frob.sol', 'flip.t.sol', 'flop.t.sol', 'flap.t.sol', 'heal.sol', 'drip.sol', 'frob.t.sol', 'tune.sol']
2,['flop.sol', 'join.sol', 'frob.sol', 'flip.t.sol', 'flop.t.sol', 'flap.t.sol', 'heal.sol', 'drip.sol', 'frob.t.sol', 'bite.sol']
1,['flop.sol', 'join.sol', 'frob.sol', 'flip.t.sol', 'flop.t.sol', 'flap.t.sol', 'heal.sol', 'drip.sol', 'tune.sol', 'bite.sol']
2,['flop.sol', 'join.sol', 'frob.sol', 'flip.t.sol', 'flop.t.sol', 'flap.t.sol', 'heal.sol', 'frob.t.sol', 'tune.sol', 'bite.sol']
2,['flop.sol', 'join.sol', 'frob.sol', 'flip.t.sol', 'flop.t.sol', 'flap.t.sol', 'drip.t.sol', 'heal.t.sol', 'flap.sol', 'drip.sol']
2,['flop.sol', 'join.sol', 'frob.sol', 'flip.t.sol', 'flop.t.sol', 'flap.t.sol', 'drip.t.sol', 'heal.t.sol', 'flap.sol', 'frob.t.sol']
2,['flop.sol', 'join.sol', 'frob.sol', 'flip.t.sol', 'flop.t.sol', 'flap.t.sol', 'drip.t.sol', 'heal.t.sol', 'flap.sol', 'tune.sol']
2,['flop.sol', 'join.sol', 'frob.sol', 'flip.t.sol', 'flop.t.sol', 'flap.t.sol', 'drip.t.sol', 'heal.t.sol', 'flap.sol', 'bite.sol']
2,['flop.sol', 'join.sol', 'frob.sol', 'flip.t.sol', 'flop.t.sol', 'flap.t.sol', 'drip.t.sol', 'heal.t.sol', 'drip.sol', 'frob.t.sol']
2,['flop.sol', 'join.sol', 'frob.sol', 'flip.t.sol', 'flop.t.sol', 'flap.t.sol', 'drip.t.sol', 'heal.t.sol', 'drip.sol', 'tune.sol']
1,['flop.sol', 'join.sol', 'frob.sol', 'flip.t.sol', 'flop.t.sol', 'flap.t.sol', 'drip.t.sol', 'heal.t.sol', 'drip.sol', 'bite.sol']
2,['flop.sol', 'join.sol', 'frob.sol', 'flip.t.sol', 'flop.t.sol', 'flap.t.sol', 'drip.t.sol', 'heal.t.sol', 'frob.t.sol', 'tune.sol']
1,['flop.sol', 'join.sol', 'frob.sol', 'flip.t.sol', 'flop.t.sol', 'flap.t.sol', 'drip.t.sol', 'heal.t.sol', 'frob.t.sol', 'bite.sol']
2,['flop.sol', 'join.sol', 'frob.sol', 'flip.t.sol', 'flop.t.sol', 'flap.t.sol', 'drip.t.sol', 'heal.t.sol', 'tune.sol', 'bite.sol']
2,['flop.sol', 'join.sol', 'frob.sol', 'flip.t.sol', 'flop.t.sol', 'flap.t.sol', 'drip.t.sol', 'flap.sol', 'drip.sol', 'frob.t.sol']
1,['flop.sol', 'join.sol', 'frob.sol', 'flip.t.sol', 'flop.t.sol', 'flap.t.sol', 'drip.t.sol', 'flap.sol', 'drip.sol', 'tune.sol']
1,['flop.sol', 'join.sol', 'frob.sol', 'flip.t.sol', 'flop.t.sol', 'flap.t.sol', 'drip.t.sol', 'flap.sol', 'drip.sol', 'bite.sol']
2,['flop.sol', 'join.sol', 'frob.sol', 'flip.t.sol', 'flop.t.sol', 'flap.t.sol', 'drip.t.sol', 'flap.sol', 'frob.t.sol', 'tune.sol']
2,['flop.sol', 'join.sol', 'frob.sol', 'flip.t.sol', 'flop.t.sol', 'flap.t.sol', 'drip.t.sol', 'flap.sol', 'frob.t.sol', 'bite.sol']
1,['flop.sol', 'join.sol', 'frob.sol', 'flip.t.sol', 'flop.t.sol', 'flap.t.sol', 'drip.t.sol', 'flap.sol', 'tune.sol', 'bite.sol']
2,['flop.sol', 'join.sol', 'frob.sol', 'flip.t.sol', 'flop.t.sol', 'flap.t.sol', 'drip.t.sol', 'drip.sol', 'frob.t.sol', 'tune.sol']
2,['flop.sol', 'join.sol', 'frob.sol', 'flip.t.sol', 'flop.t.sol', 'flap.t.sol', 'drip.t.sol', 'drip.sol', 'frob.t.sol', 'bite.sol']
1,['flop.sol', 'join.sol', 'frob.sol', 'flip.t.sol', 'flop.t.sol', 'flap.t.sol', 'drip.t.sol', 'drip.sol', 'tune.sol', 'bite.sol']
2,['flop.sol', 'join.sol', 'frob.sol', 'flip.t.sol', 'flop.t.sol', 'flap.t.sol', 'drip.t.sol', 'frob.t.sol', 'tune.sol', 'bite.sol']
2,['flop.sol', 'join.sol', 'frob.sol', 'flip.t.sol', 'flop.t.sol', 'flap.t.sol', 'heal.t.sol', 'flap.sol', 'drip.sol', 'frob.t.sol']
2,['flop.sol', 'join.sol', 'frob.sol', 'flip.t.sol', 'flop.t.sol', 'flap.t.sol', 'heal.t.sol', 'flap.sol', 'drip.sol', 'tune.sol']
2,['flop.sol', 'join.sol', 'frob.sol', 'flip.t.sol', 'flop.t.sol', 'flap.t.sol', 'heal.t.sol', 'flap.sol', 'drip.sol', 'bite.sol']
2,['flop.sol', 'join.sol', 'frob.sol', 'flip.t.sol', 'flop.t.sol', 'flap.t.sol', 'heal.t.sol', 'flap.sol', 'frob.t.sol', 'tune.sol']
2,['flop.sol', 'join.sol', 'frob.sol', 'flip.t.sol', 'flop.t.sol', 'flap.t.sol', 'heal.t.sol', 'flap.sol', 'frob.t.sol', 'bite.sol']
2,['flop.sol', 'join.sol', 'frob.sol', 'flip.t.sol', 'flop.t.sol', 'flap.t.sol', 'heal.t.sol', 'flap.sol', 'tune.sol', 'bite.sol']
2,['flop.sol', 'join.sol', 'frob.sol', 'flip.t.sol', 'flop.t.sol', 'flap.t.sol', 'heal.t.sol', 'drip.sol', 'frob.t.sol', 'tune.sol']
2,['flop.sol', 'join.sol', 'frob.sol', 'flip.t.sol', 'flop.t.sol', 'flap.t.sol', 'heal.t.sol', 'drip.sol', 'frob.t.sol', 'bite.sol']
2,['flop.sol', 'join.sol', 'frob.sol', 'flip.t.sol', 'flop.t.sol', 'flap.t.sol', 'heal.t.sol', 'drip.sol', 'tune.sol', 'bite.sol']
2,['flop.sol', 'join.sol', 'frob.sol', 'flip.t.sol', 'flop.t.sol', 'flap.t.sol', 'heal.t.sol', 'frob.t.sol', 'tune.sol', 'bite.sol']
2,['flop.sol', 'join.sol', 'frob.sol', 'flip.t.sol', 'flop.t.sol', 'flap.t.sol', 'flap.sol', 'drip.sol', 'frob.t.sol', 'tune.sol']
2,['flop.sol', 'join.sol', 'frob.sol', 'flip.t.sol', 'flop.t.sol', 'flap.t.sol', 'flap.sol', 'drip.sol', 'frob.t.sol', 'bite.sol']
1,['flop.sol', 'join.sol', 'frob.sol', 'flip.t.sol', 'flop.t.sol', 'flap.t.sol', 'flap.sol', 'drip.sol', 'tune.sol', 'bite.sol']
2,['flop.sol', 'join.sol', 'frob.sol', 'flip.t.sol', 'flop.t.sol', 'flap.t.sol', 'flap.sol', 'frob.t.sol', 'tune.sol', 'bite.sol']
2,['flop.sol', 'join.sol', 'frob.sol', 'flip.t.sol', 'flop.t.sol', 'flap.t.sol', 'drip.sol', 'frob.t.sol', 'tune.sol', 'bite.sol']
1,['flop.sol', 'join.sol', 'frob.sol', 'flip.t.sol', 'flop.t.sol', 'heal.sol', 'drip.t.sol', 'heal.t.sol', 'flap.sol', 'drip.sol']
2,['flop.sol', 'join.sol', 'frob.sol', 'flip.t.sol', 'flop.t.sol', 'heal.sol', 'drip.t.sol', 'heal.t.sol', 'flap.sol', 'frob.t.sol']
1,['flop.sol', 'join.sol', 'frob.sol', 'flip.t.sol', 'flop.t.sol', 'heal.sol', 'drip.t.sol', 'heal.t.sol', 'flap.sol', 'tune.sol']
1,['flop.sol', 'join.sol', 'frob.sol', 'flip.t.sol', 'flop.t.sol', 'heal.sol', 'drip.t.sol', 'heal.t.sol', 'flap.sol', 'bite.sol']
2,['flop.sol', 'join.sol', 'frob.sol', 'flip.t.sol', 'flop.t.sol', 'heal.sol', 'drip.t.sol', 'heal.t.sol', 'drip.sol', 'frob.t.sol']
1,['flop.sol', 'join.sol', 'frob.sol', 'flip.t.sol', 'flop.t.sol', 'heal.sol', 'drip.t.sol', 'heal.t.sol', 'drip.sol', 'tune.sol']
1,['flop.sol', 'join.sol', 'frob.sol', 'flip.t.sol', 'flop.t.sol', 'heal.sol', 'drip.t.sol', 'heal.t.sol', 'drip.sol', 'bite.sol']
1,['flop.sol', 'join.sol', 'frob.sol', 'flip.t.sol', 'flop.t.sol', 'heal.sol', 'drip.t.sol', 'heal.t.sol', 'frob.t.sol', 'tune.sol']
1,['flop.sol', 'join.sol', 'frob.sol', 'flip.t.sol', 'flop.t.sol', 'heal.sol', 'drip.t.sol', 'heal.t.sol', 'frob.t.sol', 'bite.sol']
1,['flop.sol', 'join.sol', 'frob.sol', 'flip.t.sol', 'flop.t.sol', 'heal.sol', 'drip.t.sol', 'heal.t.sol', 'tune.sol', 'bite.sol']
2,['flop.sol', 'join.sol', 'frob.sol', 'flip.t.sol', 'flop.t.sol', 'heal.sol', 'drip.t.sol', 'flap.sol', 'drip.sol', 'frob.t.sol']
1,['flop.sol', 'join.sol', 'frob.sol', 'flip.t.sol', 'flop.t.sol', 'heal.sol', 'drip.t.sol', 'flap.sol', 'drip.sol', 'tune.sol']
1,['flop.sol', 'join.sol', 'frob.sol', 'flip.t.sol', 'flop.t.sol', 'heal.sol', 'drip.t.sol', 'flap.sol', 'drip.sol', 'bite.sol']
2,['flop.sol', 'join.sol', 'frob.sol', 'flip.t.sol', 'flop.t.sol', 'heal.sol', 'drip.t.sol', 'flap.sol', 'frob.t.sol', 'tune.sol']
2,['flop.sol', 'join.sol', 'frob.sol', 'flip.t.sol', 'flop.t.sol', 'heal.sol', 'drip.t.sol', 'flap.sol', 'frob.t.sol', 'bite.sol']
1,['flop.sol', 'join.sol', 'frob.sol', 'flip.t.sol', 'flop.t.sol', 'heal.sol', 'drip.t.sol', 'flap.sol', 'tune.sol', 'bite.sol']
1,['flop.sol', 'join.sol', 'frob.sol', 'flip.t.sol', 'flop.t.sol', 'heal.sol', 'drip.t.sol', 'drip.sol', 'frob.t.sol', 'tune.sol']
1,['flop.sol', 'join.sol', 'frob.sol', 'flip.t.sol', 'flop.t.sol', 'heal.sol', 'drip.t.sol', 'drip.sol', 'frob.t.sol', 'bite.sol']
2,['flop.sol', 'join.sol', 'frob.sol', 'flip.t.sol', 'flop.t.sol', 'heal.sol', 'drip.t.sol', 'drip.sol', 'tune.sol', 'bite.sol']
1,['flop.sol', 'join.sol', 'frob.sol', 'flip.t.sol', 'flop.t.sol', 'heal.sol', 'drip.t.sol', 'frob.t.sol', 'tune.sol', 'bite.sol']
2,['flop.sol', 'join.sol', 'frob.sol', 'flip.t.sol', 'flop.t.sol', 'heal.sol', 'heal.t.sol', 'flap.sol', 'drip.sol', 'frob.t.sol']
2,['flop.sol', 'join.sol', 'frob.sol', 'flip.t.sol', 'flop.t.sol', 'heal.sol', 'heal.t.sol', 'flap.sol', 'drip.sol', 'tune.sol']
2,['flop.sol', 'join.sol', 'frob.sol', 'flip.t.sol', 'flop.t.sol', 'heal.sol', 'heal.t.sol', 'flap.sol', 'drip.sol', 'bite.sol']
2,['flop.sol', 'join.sol', 'frob.sol', 'flip.t.sol', 'flop.t.sol', 'heal.sol', 'heal.t.sol', 'flap.sol', 'frob.t.sol', 'tune.sol']
2,['flop.sol', 'join.sol', 'frob.sol', 'flip.t.sol', 'flop.t.sol', 'heal.sol', 'heal.t.sol', 'flap.sol', 'frob.t.sol', 'bite.sol']
2,['flop.sol', 'join.sol', 'frob.sol', 'flip.t.sol', 'flop.t.sol', 'heal.sol', 'heal.t.sol', 'flap.sol', 'tune.sol', 'bite.sol']
2,['flop.sol', 'join.sol', 'frob.sol', 'flip.t.sol', 'flop.t.sol', 'heal.sol', 'heal.t.sol', 'drip.sol', 'frob.t.sol', 'tune.sol']
2,['flop.sol', 'join.sol', 'frob.sol', 'flip.t.sol', 'flop.t.sol', 'heal.sol', 'heal.t.sol', 'drip.sol', 'frob.t.sol', 'bite.sol']
2,['flop.sol', 'join.sol', 'frob.sol', 'flip.t.sol', 'flop.t.sol', 'heal.sol', 'heal.t.sol', 'drip.sol', 'tune.sol', 'bite.sol']
2,['flop.sol', 'join.sol', 'frob.sol', 'flip.t.sol', 'flop.t.sol', 'heal.sol', 'heal.t.sol', 'frob.t.sol', 'tune.sol', 'bite.sol']
2,['flop.sol', 'join.sol', 'frob.sol', 'flip.t.sol', 'flop.t.sol', 'heal.sol', 'flap.sol', 'drip.sol', 'frob.t.sol', 'tune.sol']
2,['flop.sol', 'join.sol', 'frob.sol', 'flip.t.sol', 'flop.t.sol', 'heal.sol', 'flap.sol', 'drip.sol', 'frob.t.sol', 'bite.sol']
1,['flop.sol', 'join.sol', 'frob.sol', 'flip.t.sol', 'flop.t.sol', 'heal.sol', 'flap.sol', 'drip.sol', 'tune.sol', 'bite.sol']
2,['flop.sol', 'join.sol', 'frob.sol', 'flip.t.sol', 'flop.t.sol', 'heal.sol', 'flap.sol', 'frob.t.sol', 'tune.sol', 'bite.sol']
2,['flop.sol', 'join.sol', 'frob.sol', 'flip.t.sol', 'flop.t.sol', 'heal.sol', 'drip.sol', 'frob.t.sol', 'tune.sol', 'bite.sol']
2,['flop.sol', 'join.sol', 'frob.sol', 'flip.t.sol', 'flop.t.sol', 'drip.t.sol', 'heal.t.sol', 'flap.sol', 'drip.sol', 'frob.t.sol']
2,['flop.sol', 'join.sol', 'frob.sol', 'flip.t.sol', 'flop.t.sol', 'drip.t.sol', 'heal.t.sol', 'flap.sol', 'drip.sol', 'tune.sol']
1,['flop.sol', 'join.sol', 'frob.sol', 'flip.t.sol', 'flop.t.sol', 'drip.t.sol', 'heal.t.sol', 'flap.sol', 'drip.sol', 'bite.sol']
2,['flop.sol', 'join.sol', 'frob.sol', 'flip.t.sol', 'flop.t.sol', 'drip.t.sol', 'heal.t.sol', 'flap.sol', 'frob.t.sol', 'tune.sol']
1,['flop.sol', 'join.sol', 'frob.sol', 'flip.t.sol', 'flop.t.sol', 'drip.t.sol', 'heal.t.sol', 'flap.sol', 'frob.t.sol', 'bite.sol']
2,['flop.sol', 'join.sol', 'frob.sol', 'flip.t.sol', 'flop.t.sol', 'drip.t.sol', 'heal.t.sol', 'flap.sol', 'tune.sol', 'bite.sol']
1,['flop.sol', 'join.sol', 'frob.sol', 'flip.t.sol', 'flop.t.sol', 'drip.t.sol', 'heal.t.sol', 'drip.sol', 'frob.t.sol', 'tune.sol']
1,['flop.sol', 'join.sol', 'frob.sol', 'flip.t.sol', 'flop.t.sol', 'drip.t.sol', 'heal.t.sol', 'drip.sol', 'frob.t.sol', 'bite.sol']
1,['flop.sol', 'join.sol', 'frob.sol', 'flip.t.sol', 'flop.t.sol', 'drip.t.sol', 'heal.t.sol', 'drip.sol', 'tune.sol', 'bite.sol']
1,['flop.sol', 'join.sol', 'frob.sol', 'flip.t.sol', 'flop.t.sol', 'drip.t.sol', 'heal.t.sol', 'frob.t.sol', 'tune.sol', 'bite.sol']
2,['flop.sol', 'join.sol', 'frob.sol', 'flip.t.sol', 'flop.t.sol', 'drip.t.sol', 'flap.sol', 'drip.sol', 'frob.t.sol', 'tune.sol']
2,['flop.sol', 'join.sol', 'frob.sol', 'flip.t.sol', 'flop.t.sol', 'drip.t.sol', 'flap.sol', 'drip.sol', 'frob.t.sol', 'bite.sol']
1,['flop.sol', 'join.sol', 'frob.sol', 'flip.t.sol', 'flop.t.sol', 'drip.t.sol', 'flap.sol', 'drip.sol', 'tune.sol', 'bite.sol']
2,['flop.sol', 'join.sol', 'frob.sol', 'flip.t.sol', 'flop.t.sol', 'drip.t.sol', 'flap.sol', 'frob.t.sol', 'tune.sol', 'bite.sol']
2,['flop.sol', 'join.sol', 'frob.sol', 'flip.t.sol', 'flop.t.sol', 'drip.t.sol', 'drip.sol', 'frob.t.sol', 'tune.sol', 'bite.sol']
2,['flop.sol', 'join.sol', 'frob.sol', 'flip.t.sol', 'flop.t.sol', 'heal.t.sol', 'flap.sol', 'drip.sol', 'frob.t.sol', 'tune.sol']
2,['flop.sol', 'join.sol', 'frob.sol', 'flip.t.sol', 'flop.t.sol', 'heal.t.sol', 'flap.sol', 'drip.sol', 'frob.t.sol', 'bite.sol']
2,['flop.sol', 'join.sol', 'frob.sol', 'flip.t.sol', 'flop.t.sol', 'heal.t.sol', 'flap.sol', 'drip.sol', 'tune.sol', 'bite.sol']
2,['flop.sol', 'join.sol', 'frob.sol', 'flip.t.sol', 'flop.t.sol', 'heal.t.sol', 'flap.sol', 'frob.t.sol', 'tune.sol', 'bite.sol']
2,['flop.sol', 'join.sol', 'frob.sol', 'flip.t.sol', 'flop.t.sol', 'heal.t.sol', 'drip.sol', 'frob.t.sol', 'tune.sol', 'bite.sol']
2,['flop.sol', 'join.sol', 'frob.sol', 'flip.t.sol', 'flop.t.sol', 'flap.sol', 'drip.sol', 'frob.t.sol', 'tune.sol', 'bite.sol']
1,['flop.sol', 'join.sol', 'frob.sol', 'flip.t.sol', 'flap.t.sol', 'heal.sol', 'drip.t.sol', 'heal.t.sol', 'flap.sol', 'drip.sol']
2,['flop.sol', 'join.sol', 'frob.sol', 'flip.t.sol', 'flap.t.sol', 'heal.sol', 'drip.t.sol', 'heal.t.sol', 'flap.sol', 'frob.t.sol']
1,['flop.sol', 'join.sol', 'frob.sol', 'flip.t.sol', 'flap.t.sol', 'heal.sol', 'drip.t.sol', 'heal.t.sol', 'flap.sol', 'tune.sol']
1,['flop.sol', 'join.sol', 'frob.sol', 'flip.t.sol', 'flap.t.sol', 'heal.sol', 'drip.t.sol', 'heal.t.sol', 'flap.sol', 'bite.sol']
2,['flop.sol', 'join.sol', 'frob.sol', 'flip.t.sol', 'flap.t.sol', 'heal.sol', 'drip.t.sol', 'heal.t.sol', 'drip.sol', 'frob.t.sol']
1,['flop.sol', 'join.sol', 'frob.sol', 'flip.t.sol', 'flap.t.sol', 'heal.sol', 'drip.t.sol', 'heal.t.sol', 'drip.sol', 'tune.sol']
1,['flop.sol', 'join.sol', 'frob.sol', 'flip.t.sol', 'flap.t.sol', 'heal.sol', 'drip.t.sol', 'heal.t.sol', 'drip.sol', 'bite.sol']
1,['flop.sol', 'join.sol', 'frob.sol', 'flip.t.sol', 'flap.t.sol', 'heal.sol', 'drip.t.sol', 'heal.t.sol', 'frob.t.sol', 'tune.sol']
1,['flop.sol', 'join.sol', 'frob.sol', 'flip.t.sol', 'flap.t.sol', 'heal.sol', 'drip.t.sol', 'heal.t.sol', 'frob.t.sol', 'bite.sol']
1,['flop.sol', 'join.sol', 'frob.sol', 'flip.t.sol', 'flap.t.sol', 'heal.sol', 'drip.t.sol', 'heal.t.sol', 'tune.sol', 'bite.sol']
2,['flop.sol', 'join.sol', 'frob.sol', 'flip.t.sol', 'flap.t.sol', 'heal.sol', 'drip.t.sol', 'flap.sol', 'drip.sol', 'frob.t.sol']
1,['flop.sol', 'join.sol', 'frob.sol', 'flip.t.sol', 'flap.t.sol', 'heal.sol', 'drip.t.sol', 'flap.sol', 'drip.sol', 'tune.sol']
1,['flop.sol', 'join.sol', 'frob.sol', 'flip.t.sol', 'flap.t.sol', 'heal.sol', 'drip.t.sol', 'flap.sol', 'drip.sol', 'bite.sol']
2,['flop.sol', 'join.sol', 'frob.sol', 'flip.t.sol', 'flap.t.sol', 'heal.sol', 'drip.t.sol', 'flap.sol', 'frob.t.sol', 'tune.sol']
2,['flop.sol', 'join.sol', 'frob.sol', 'flip.t.sol', 'flap.t.sol', 'heal.sol', 'drip.t.sol', 'flap.sol', 'frob.t.sol', 'bite.sol']
1,['flop.sol', 'join.sol', 'frob.sol', 'flip.t.sol', 'flap.t.sol', 'heal.sol', 'drip.t.sol', 'flap.sol', 'tune.sol', 'bite.sol']
1,['flop.sol', 'join.sol', 'frob.sol', 'flip.t.sol', 'flap.t.sol', 'heal.sol', 'drip.t.sol', 'drip.sol', 'frob.t.sol', 'tune.sol']
1,['flop.sol', 'join.sol', 'frob.sol', 'flip.t.sol', 'flap.t.sol', 'heal.sol', 'drip.t.sol', 'drip.sol', 'frob.t.sol', 'bite.sol']
1,['flop.sol', 'join.sol', 'frob.sol', 'flip.t.sol', 'flap.t.sol', 'heal.sol', 'drip.t.sol', 'drip.sol', 'tune.sol', 'bite.sol']
1,['flop.sol', 'join.sol', 'frob.sol', 'flip.t.sol', 'flap.t.sol', 'heal.sol', 'drip.t.sol', 'frob.t.sol', 'tune.sol', 'bite.sol']
2,['flop.sol', 'join.sol', 'frob.sol', 'flip.t.sol', 'flap.t.sol', 'heal.sol', 'heal.t.sol', 'flap.sol', 'drip.sol', 'frob.t.sol']
2,['flop.sol', 'join.sol', 'frob.sol', 'flip.t.sol', 'flap.t.sol', 'heal.sol', 'heal.t.sol', 'flap.sol', 'drip.sol', 'tune.sol']
2,['flop.sol', 'join.sol', 'frob.sol', 'flip.t.sol', 'flap.t.sol', 'heal.sol', 'heal.t.sol', 'flap.sol', 'drip.sol', 'bite.sol']
2,['flop.sol', 'join.sol', 'frob.sol', 'flip.t.sol', 'flap.t.sol', 'heal.sol', 'heal.t.sol', 'flap.sol', 'frob.t.sol', 'tune.sol']
2,['flop.sol', 'join.sol', 'frob.sol', 'flip.t.sol', 'flap.t.sol', 'heal.sol', 'heal.t.sol', 'flap.sol', 'frob.t.sol', 'bite.sol']
2,['flop.sol', 'join.sol', 'frob.sol', 'flip.t.sol', 'flap.t.sol', 'heal.sol', 'heal.t.sol', 'flap.sol', 'tune.sol', 'bite.sol']
2,['flop.sol', 'join.sol', 'frob.sol', 'flip.t.sol', 'flap.t.sol', 'heal.sol', 'heal.t.sol', 'drip.sol', 'frob.t.sol', 'tune.sol']
2,['flop.sol', 'join.sol', 'frob.sol', 'flip.t.sol', 'flap.t.sol', 'heal.sol', 'heal.t.sol', 'drip.sol', 'frob.t.sol', 'bite.sol']
2,['flop.sol', 'join.sol', 'frob.sol', 'flip.t.sol', 'flap.t.sol', 'heal.sol', 'heal.t.sol', 'drip.sol', 'tune.sol', 'bite.sol']
2,['flop.sol', 'join.sol', 'frob.sol', 'flip.t.sol', 'flap.t.sol', 'heal.sol', 'heal.t.sol', 'frob.t.sol', 'tune.sol', 'bite.sol']
2,['flop.sol', 'join.sol', 'frob.sol', 'flip.t.sol', 'flap.t.sol', 'heal.sol', 'flap.sol', 'drip.sol', 'frob.t.sol', 'tune.sol']
2,['flop.sol', 'join.sol', 'frob.sol', 'flip.t.sol', 'flap.t.sol', 'heal.sol', 'flap.sol', 'drip.sol', 'frob.t.sol', 'bite.sol']
1,['flop.sol', 'join.sol', 'frob.sol', 'flip.t.sol', 'flap.t.sol', 'heal.sol', 'flap.sol', 'drip.sol', 'tune.sol', 'bite.sol']
2,['flop.sol', 'join.sol', 'frob.sol', 'flip.t.sol', 'flap.t.sol', 'heal.sol', 'flap.sol', 'frob.t.sol', 'tune.sol', 'bite.sol']
2,['flop.sol', 'join.sol', 'frob.sol', 'flip.t.sol', 'flap.t.sol', 'heal.sol', 'drip.sol', 'frob.t.sol', 'tune.sol', 'bite.sol']
2,['flop.sol', 'join.sol', 'frob.sol', 'flip.t.sol', 'flap.t.sol', 'drip.t.sol', 'heal.t.sol', 'flap.sol', 'drip.sol', 'frob.t.sol']
2,['flop.sol', 'join.sol', 'frob.sol', 'flip.t.sol', 'flap.t.sol', 'drip.t.sol', 'heal.t.sol', 'flap.sol', 'drip.sol', 'tune.sol']
1,['flop.sol', 'join.sol', 'frob.sol', 'flip.t.sol', 'flap.t.sol', 'drip.t.sol', 'heal.t.sol', 'flap.sol', 'drip.sol', 'bite.sol']
2,['flop.sol', 'join.sol', 'frob.sol', 'flip.t.sol', 'flap.t.sol', 'drip.t.sol', 'heal.t.sol', 'flap.sol', 'frob.t.sol', 'tune.sol']
1,['flop.sol', 'join.sol', 'frob.sol', 'flip.t.sol', 'flap.t.sol', 'drip.t.sol', 'heal.t.sol', 'flap.sol', 'frob.t.sol', 'bite.sol']
2,['flop.sol', 'join.sol', 'frob.sol', 'flip.t.sol', 'flap.t.sol', 'drip.t.sol', 'heal.t.sol', 'flap.sol', 'tune.sol', 'bite.sol']
1,['flop.sol', 'join.sol', 'frob.sol', 'flip.t.sol', 'flap.t.sol', 'drip.t.sol', 'heal.t.sol', 'drip.sol', 'frob.t.sol', 'tune.sol']
1,['flop.sol', 'join.sol', 'frob.sol', 'flip.t.sol', 'flap.t.sol', 'drip.t.sol', 'heal.t.sol', 'drip.sol', 'frob.t.sol', 'bite.sol']
2,['flop.sol', 'join.sol', 'frob.sol', 'flip.t.sol', 'flap.t.sol', 'drip.t.sol', 'heal.t.sol', 'drip.sol', 'tune.sol', 'bite.sol']
1,['flop.sol', 'join.sol', 'frob.sol', 'flip.t.sol', 'flap.t.sol', 'drip.t.sol', 'heal.t.sol', 'frob.t.sol', 'tune.sol', 'bite.sol']
2,['flop.sol', 'join.sol', 'frob.sol', 'flip.t.sol', 'flap.t.sol', 'drip.t.sol', 'flap.sol', 'drip.sol', 'frob.t.sol', 'tune.sol']
2,['flop.sol', 'join.sol', 'frob.sol', 'flip.t.sol', 'flap.t.sol', 'drip.t.sol', 'flap.sol', 'drip.sol', 'frob.t.sol', 'bite.sol']
1,['flop.sol', 'join.sol', 'frob.sol', 'flip.t.sol', 'flap.t.sol', 'drip.t.sol', 'flap.sol', 'drip.sol', 'tune.sol', 'bite.sol']
2,['flop.sol', 'join.sol', 'frob.sol', 'flip.t.sol', 'flap.t.sol', 'drip.t.sol', 'flap.sol', 'frob.t.sol', 'tune.sol', 'bite.sol']
2,['flop.sol', 'join.sol', 'frob.sol', 'flip.t.sol', 'flap.t.sol', 'drip.t.sol', 'drip.sol', 'frob.t.sol', 'tune.sol', 'bite.sol']
2,['flop.sol', 'join.sol', 'frob.sol', 'flip.t.sol', 'flap.t.sol', 'heal.t.sol', 'flap.sol', 'drip.sol', 'frob.t.sol', 'tune.sol']
2,['flop.sol', 'join.sol', 'frob.sol', 'flip.t.sol', 'flap.t.sol', 'heal.t.sol', 'flap.sol', 'drip.sol', 'frob.t.sol', 'bite.sol']
2,['flop.sol', 'join.sol', 'frob.sol', 'flip.t.sol', 'flap.t.sol', 'heal.t.sol', 'flap.sol', 'drip.sol', 'tune.sol', 'bite.sol']
2,['flop.sol', 'join.sol', 'frob.sol', 'flip.t.sol', 'flap.t.sol', 'heal.t.sol', 'flap.sol', 'frob.t.sol', 'tune.sol', 'bite.sol']
2,['flop.sol', 'join.sol', 'frob.sol', 'flip.t.sol', 'flap.t.sol', 'heal.t.sol', 'drip.sol', 'frob.t.sol', 'tune.sol', 'bite.sol']
2,['flop.sol', 'join.sol', 'frob.sol', 'flip.t.sol', 'flap.t.sol', 'flap.sol', 'drip.sol', 'frob.t.sol', 'tune.sol', 'bite.sol']
2,['flop.sol', 'join.sol', 'frob.sol', 'flip.t.sol', 'heal.sol', 'drip.t.sol', 'heal.t.sol', 'flap.sol', 'drip.sol', 'frob.t.sol']
1,['flop.sol', 'join.sol', 'frob.sol', 'flip.t.sol', 'heal.sol', 'drip.t.sol', 'heal.t.sol', 'flap.sol', 'drip.sol', 'tune.sol']
1,['flop.sol', 'join.sol', 'frob.sol', 'flip.t.sol', 'heal.sol', 'drip.t.sol', 'heal.t.sol', 'flap.sol', 'drip.sol', 'bite.sol']
1,['flop.sol', 'join.sol', 'frob.sol', 'flip.t.sol', 'heal.sol', 'drip.t.sol', 'heal.t.sol', 'flap.sol', 'frob.t.sol', 'tune.sol']
1,['flop.sol', 'join.sol', 'frob.sol', 'flip.t.sol', 'heal.sol', 'drip.t.sol', 'heal.t.sol', 'flap.sol', 'frob.t.sol', 'bite.sol']
1,['flop.sol', 'join.sol', 'frob.sol', 'flip.t.sol', 'heal.sol', 'drip.t.sol', 'heal.t.sol', 'flap.sol', 'tune.sol', 'bite.sol']
1,['flop.sol', 'join.sol', 'frob.sol', 'flip.t.sol', 'heal.sol', 'drip.t.sol', 'heal.t.sol', 'drip.sol', 'frob.t.sol', 'tune.sol']
1,['flop.sol', 'join.sol', 'frob.sol', 'flip.t.sol', 'heal.sol', 'drip.t.sol', 'heal.t.sol', 'drip.sol', 'frob.t.sol', 'bite.sol']
1,['flop.sol', 'join.sol', 'frob.sol', 'flip.t.sol', 'heal.sol', 'drip.t.sol', 'heal.t.sol', 'drip.sol', 'tune.sol', 'bite.sol']
1,['flop.sol', 'join.sol', 'frob.sol', 'flip.t.sol', 'heal.sol', 'drip.t.sol', 'heal.t.sol', 'frob.t.sol', 'tune.sol', 'bite.sol']
1,['flop.sol', 'join.sol', 'frob.sol', 'flip.t.sol', 'heal.sol', 'drip.t.sol', 'flap.sol', 'drip.sol', 'frob.t.sol', 'tune.sol']
1,['flop.sol', 'join.sol', 'frob.sol', 'flip.t.sol', 'heal.sol', 'drip.t.sol', 'flap.sol', 'drip.sol', 'frob.t.sol', 'bite.sol']
1,['flop.sol', 'join.sol', 'frob.sol', 'flip.t.sol', 'heal.sol', 'drip.t.sol', 'flap.sol', 'drip.sol', 'tune.sol', 'bite.sol']
1,['flop.sol', 'join.sol', 'frob.sol', 'flip.t.sol', 'heal.sol', 'drip.t.sol', 'flap.sol', 'frob.t.sol', 'tune.sol', 'bite.sol']
1,['flop.sol', 'join.sol', 'frob.sol', 'flip.t.sol', 'heal.sol', 'drip.t.sol', 'drip.sol', 'frob.t.sol', 'tune.sol', 'bite.sol']
2,['flop.sol', 'join.sol', 'frob.sol', 'flip.t.sol', 'heal.sol', 'heal.t.sol', 'flap.sol', 'drip.sol', 'frob.t.sol', 'tune.sol']
2,['flop.sol', 'join.sol', 'frob.sol', 'flip.t.sol', 'heal.sol', 'heal.t.sol', 'flap.sol', 'drip.sol', 'frob.t.sol', 'bite.sol']
2,['flop.sol', 'join.sol', 'frob.sol', 'flip.t.sol', 'heal.sol', 'heal.t.sol', 'flap.sol', 'drip.sol', 'tune.sol', 'bite.sol']
2,['flop.sol', 'join.sol', 'frob.sol', 'flip.t.sol', 'heal.sol', 'heal.t.sol', 'flap.sol', 'frob.t.sol', 'tune.sol', 'bite.sol']
2,['flop.sol', 'join.sol', 'frob.sol', 'flip.t.sol', 'heal.sol', 'heal.t.sol', 'drip.sol', 'frob.t.sol', 'tune.sol', 'bite.sol']
2,['flop.sol', 'join.sol', 'frob.sol', 'flip.t.sol', 'heal.sol', 'flap.sol', 'drip.sol', 'frob.t.sol', 'tune.sol', 'bite.sol']
1,['flop.sol', 'join.sol', 'frob.sol', 'flip.t.sol', 'drip.t.sol', 'heal.t.sol', 'flap.sol', 'drip.sol', 'frob.t.sol', 'tune.sol']
1,['flop.sol', 'join.sol', 'frob.sol', 'flip.t.sol', 'drip.t.sol', 'heal.t.sol', 'flap.sol', 'drip.sol', 'frob.t.sol', 'bite.sol']
2,['flop.sol', 'join.sol', 'frob.sol', 'flip.t.sol', 'drip.t.sol', 'heal.t.sol', 'flap.sol', 'drip.sol', 'tune.sol', 'bite.sol']
1,['flop.sol', 'join.sol', 'frob.sol', 'flip.t.sol', 'drip.t.sol', 'heal.t.sol', 'flap.sol', 'frob.t.sol', 'tune.sol', 'bite.sol']
1,['flop.sol', 'join.sol', 'frob.sol', 'flip.t.sol', 'drip.t.sol', 'heal.t.sol', 'drip.sol', 'frob.t.sol', 'tune.sol', 'bite.sol']
2,['flop.sol', 'join.sol', 'frob.sol', 'flip.t.sol', 'drip.t.sol', 'flap.sol', 'drip.sol', 'frob.t.sol', 'tune.sol', 'bite.sol']
2,['flop.sol', 'join.sol', 'frob.sol', 'flip.t.sol', 'heal.t.sol', 'flap.sol', 'drip.sol', 'frob.t.sol', 'tune.sol', 'bite.sol']
1,['flop.sol', 'join.sol', 'frob.sol', 'move.sol', 'flop.t.sol', 'flap.t.sol', 'heal.sol', 'drip.t.sol', 'heal.t.sol', 'flap.sol']
1,['flop.sol', 'join.sol', 'frob.sol', 'move.sol', 'flop.t.sol', 'flap.t.sol', 'heal.sol', 'drip.t.sol', 'heal.t.sol', 'drip.sol']
2,['flop.sol', 'join.sol', 'frob.sol', 'move.sol', 'flop.t.sol', 'flap.t.sol', 'heal.sol', 'drip.t.sol', 'heal.t.sol', 'frob.t.sol']
1,['flop.sol', 'join.sol', 'frob.sol', 'move.sol', 'flop.t.sol', 'flap.t.sol', 'heal.sol', 'drip.t.sol', 'heal.t.sol', 'tune.sol']
1,['flop.sol', 'join.sol', 'frob.sol', 'move.sol', 'flop.t.sol', 'flap.t.sol', 'heal.sol', 'drip.t.sol', 'heal.t.sol', 'bite.sol']
2,['flop.sol', 'join.sol', 'frob.sol', 'move.sol', 'flop.t.sol', 'flap.t.sol', 'heal.sol', 'drip.t.sol', 'flap.sol', 'drip.sol']
2,['flop.sol', 'join.sol', 'frob.sol', 'move.sol', 'flop.t.sol', 'flap.t.sol', 'heal.sol', 'drip.t.sol', 'flap.sol', 'frob.t.sol']
3,['flop.sol', 'join.sol', 'frob.sol', 'move.sol', 'flop.t.sol', 'flap.t.sol', 'heal.sol', 'drip.t.sol', 'flap.sol', 'tune.sol']
2,['flop.sol', 'join.sol', 'frob.sol', 'move.sol', 'flop.t.sol', 'flap.t.sol', 'heal.sol', 'drip.t.sol', 'flap.sol', 'bite.sol']
2,['flop.sol', 'join.sol', 'frob.sol', 'move.sol', 'flop.t.sol', 'flap.t.sol', 'heal.sol', 'drip.t.sol', 'drip.sol', 'frob.t.sol']
3,['flop.sol', 'join.sol', 'frob.sol', 'move.sol', 'flop.t.sol', 'flap.t.sol', 'heal.sol', 'drip.t.sol', 'drip.sol', 'tune.sol']
2,['flop.sol', 'join.sol', 'frob.sol', 'move.sol', 'flop.t.sol', 'flap.t.sol', 'heal.sol', 'drip.t.sol', 'drip.sol', 'bite.sol']
1,['flop.sol', 'join.sol', 'frob.sol', 'move.sol', 'flop.t.sol', 'flap.t.sol', 'heal.sol', 'drip.t.sol', 'frob.t.sol', 'tune.sol']
1,['flop.sol', 'join.sol', 'frob.sol', 'move.sol', 'flop.t.sol', 'flap.t.sol', 'heal.sol', 'drip.t.sol', 'frob.t.sol', 'bite.sol']
1,['flop.sol', 'join.sol', 'frob.sol', 'move.sol', 'flop.t.sol', 'flap.t.sol', 'heal.sol', 'drip.t.sol', 'tune.sol', 'bite.sol']
3,['flop.sol', 'join.sol', 'frob.sol', 'move.sol', 'flop.t.sol', 'flap.t.sol', 'heal.sol', 'heal.t.sol', 'flap.sol', 'drip.sol']
2,['flop.sol', 'join.sol', 'frob.sol', 'move.sol', 'flop.t.sol', 'flap.t.sol', 'heal.sol', 'heal.t.sol', 'flap.sol', 'frob.t.sol']
2,['flop.sol', 'join.sol', 'frob.sol', 'move.sol', 'flop.t.sol', 'flap.t.sol', 'heal.sol', 'heal.t.sol', 'flap.sol', 'tune.sol']
2,['flop.sol', 'join.sol', 'frob.sol', 'move.sol', 'flop.t.sol', 'flap.t.sol', 'heal.sol', 'heal.t.sol', 'flap.sol', 'bite.sol']
2,['flop.sol', 'join.sol', 'frob.sol', 'move.sol', 'flop.t.sol', 'flap.t.sol', 'heal.sol', 'heal.t.sol', 'drip.sol', 'frob.t.sol']
2,['flop.sol', 'join.sol', 'frob.sol', 'move.sol', 'flop.t.sol', 'flap.t.sol', 'heal.sol', 'heal.t.sol', 'drip.sol', 'tune.sol']
2,['flop.sol', 'join.sol', 'frob.sol', 'move.sol', 'flop.t.sol', 'flap.t.sol', 'heal.sol', 'heal.t.sol', 'drip.sol', 'bite.sol']
2,['flop.sol', 'join.sol', 'frob.sol', 'move.sol', 'flop.t.sol', 'flap.t.sol', 'heal.sol', 'heal.t.sol', 'frob.t.sol', 'tune.sol']
2,['flop.sol', 'join.sol', 'frob.sol', 'move.sol', 'flop.t.sol', 'flap.t.sol', 'heal.sol', 'heal.t.sol', 'frob.t.sol', 'bite.sol']
2,['flop.sol', 'join.sol', 'frob.sol', 'move.sol', 'flop.t.sol', 'flap.t.sol', 'heal.sol', 'heal.t.sol', 'tune.sol', 'bite.sol']
3,['flop.sol', 'join.sol', 'frob.sol', 'move.sol', 'flop.t.sol', 'flap.t.sol', 'heal.sol', 'flap.sol', 'drip.sol', 'frob.t.sol']
1,['flop.sol', 'join.sol', 'frob.sol', 'move.sol', 'flop.t.sol', 'flap.t.sol', 'heal.sol', 'flap.sol', 'drip.sol', 'tune.sol']
3,['flop.sol', 'join.sol', 'frob.sol', 'move.sol', 'flop.t.sol', 'flap.t.sol', 'heal.sol', 'flap.sol', 'drip.sol', 'bite.sol']
2,['flop.sol', 'join.sol', 'frob.sol', 'move.sol', 'flop.t.sol', 'flap.t.sol', 'heal.sol', 'flap.sol', 'frob.t.sol', 'tune.sol']
2,['flop.sol', 'join.sol', 'frob.sol', 'move.sol', 'flop.t.sol', 'flap.t.sol', 'heal.sol', 'flap.sol', 'frob.t.sol', 'bite.sol']
1,['flop.sol', 'join.sol', 'frob.sol', 'move.sol', 'flop.t.sol', 'flap.t.sol', 'heal.sol', 'flap.sol', 'tune.sol', 'bite.sol']
2,['flop.sol', 'join.sol', 'frob.sol', 'move.sol', 'flop.t.sol', 'flap.t.sol', 'heal.sol', 'drip.sol', 'frob.t.sol', 'tune.sol']
2,['flop.sol', 'join.sol', 'frob.sol', 'move.sol', 'flop.t.sol', 'flap.t.sol', 'heal.sol', 'drip.sol', 'frob.t.sol', 'bite.sol']
3,['flop.sol', 'join.sol', 'frob.sol', 'move.sol', 'flop.t.sol', 'flap.t.sol', 'heal.sol', 'drip.sol', 'tune.sol', 'bite.sol']
2,['flop.sol', 'join.sol', 'frob.sol', 'move.sol', 'flop.t.sol', 'flap.t.sol', 'heal.sol', 'frob.t.sol', 'tune.sol', 'bite.sol']
1,['flop.sol', 'join.sol', 'frob.sol', 'move.sol', 'flop.t.sol', 'flap.t.sol', 'drip.t.sol', 'heal.t.sol', 'flap.sol', 'drip.sol']
2,['flop.sol', 'join.sol', 'frob.sol', 'move.sol', 'flop.t.sol', 'flap.t.sol', 'drip.t.sol', 'heal.t.sol', 'flap.sol', 'frob.t.sol']
2,['flop.sol', 'join.sol', 'frob.sol', 'move.sol', 'flop.t.sol', 'flap.t.sol', 'drip.t.sol', 'heal.t.sol', 'flap.sol', 'tune.sol']
1,['flop.sol', 'join.sol', 'frob.sol', 'move.sol', 'flop.t.sol', 'flap.t.sol', 'drip.t.sol', 'heal.t.sol', 'flap.sol', 'bite.sol']
2,['flop.sol', 'join.sol', 'frob.sol', 'move.sol', 'flop.t.sol', 'flap.t.sol', 'drip.t.sol', 'heal.t.sol', 'drip.sol', 'frob.t.sol']
1,['flop.sol', 'join.sol', 'frob.sol', 'move.sol', 'flop.t.sol', 'flap.t.sol', 'drip.t.sol', 'heal.t.sol', 'drip.sol', 'tune.sol']
1,['flop.sol', 'join.sol', 'frob.sol', 'move.sol', 'flop.t.sol', 'flap.t.sol', 'drip.t.sol', 'heal.t.sol', 'drip.sol', 'bite.sol']
1,['flop.sol', 'join.sol', 'frob.sol', 'move.sol', 'flop.t.sol', 'flap.t.sol', 'drip.t.sol', 'heal.t.sol', 'frob.t.sol', 'tune.sol']
2,['flop.sol', 'join.sol', 'frob.sol', 'move.sol', 'flop.t.sol', 'flap.t.sol', 'drip.t.sol', 'heal.t.sol', 'frob.t.sol', 'bite.sol']
1,['flop.sol', 'join.sol', 'frob.sol', 'move.sol', 'flop.t.sol', 'flap.t.sol', 'drip.t.sol', 'heal.t.sol', 'tune.sol', 'bite.sol']
3,['flop.sol', 'join.sol', 'frob.sol', 'move.sol', 'flop.t.sol', 'flap.t.sol', 'drip.t.sol', 'flap.sol', 'drip.sol', 'frob.t.sol']
2,['flop.sol', 'join.sol', 'frob.sol', 'move.sol', 'flop.t.sol', 'flap.t.sol', 'drip.t.sol', 'flap.sol', 'drip.sol', 'tune.sol']
3,['flop.sol', 'join.sol', 'frob.sol', 'move.sol', 'flop.t.sol', 'flap.t.sol', 'drip.t.sol', 'flap.sol', 'drip.sol', 'bite.sol']
2,['flop.sol', 'join.sol', 'frob.sol', 'move.sol', 'flop.t.sol', 'flap.t.sol', 'drip.t.sol', 'flap.sol', 'frob.t.sol', 'tune.sol']
2,['flop.sol', 'join.sol', 'frob.sol', 'move.sol', 'flop.t.sol', 'flap.t.sol', 'drip.t.sol', 'flap.sol', 'frob.t.sol', 'bite.sol']
2,['flop.sol', 'join.sol', 'frob.sol', 'move.sol', 'flop.t.sol', 'flap.t.sol', 'drip.t.sol', 'flap.sol', 'tune.sol', 'bite.sol']
2,['flop.sol', 'join.sol', 'frob.sol', 'move.sol', 'flop.t.sol', 'flap.t.sol', 'drip.t.sol', 'drip.sol', 'frob.t.sol', 'tune.sol']
1,['flop.sol', 'join.sol', 'frob.sol', 'move.sol', 'flop.t.sol', 'flap.t.sol', 'drip.t.sol', 'drip.sol', 'frob.t.sol', 'bite.sol']
2,['flop.sol', 'join.sol', 'frob.sol', 'move.sol', 'flop.t.sol', 'flap.t.sol', 'drip.t.sol', 'drip.sol', 'tune.sol', 'bite.sol']
2,['flop.sol', 'join.sol', 'frob.sol', 'move.sol', 'flop.t.sol', 'flap.t.sol', 'drip.t.sol', 'frob.t.sol', 'tune.sol', 'bite.sol']
2,['flop.sol', 'join.sol', 'frob.sol', 'move.sol', 'flop.t.sol', 'flap.t.sol', 'heal.t.sol', 'flap.sol', 'drip.sol', 'frob.t.sol']
3,['flop.sol', 'join.sol', 'frob.sol', 'move.sol', 'flop.t.sol', 'flap.t.sol', 'heal.t.sol', 'flap.sol', 'drip.sol', 'tune.sol']
3,['flop.sol', 'join.sol', 'frob.sol', 'move.sol', 'flop.t.sol', 'flap.t.sol', 'heal.t.sol', 'flap.sol', 'drip.sol', 'bite.sol']
3,['flop.sol', 'join.sol', 'frob.sol', 'move.sol', 'flop.t.sol', 'flap.t.sol', 'heal.t.sol', 'flap.sol', 'frob.t.sol', 'tune.sol']
2,['flop.sol', 'join.sol', 'frob.sol', 'move.sol', 'flop.t.sol', 'flap.t.sol', 'heal.t.sol', 'flap.sol', 'frob.t.sol', 'bite.sol']
2,['flop.sol', 'join.sol', 'frob.sol', 'move.sol', 'flop.t.sol', 'flap.t.sol', 'heal.t.sol', 'flap.sol', 'tune.sol', 'bite.sol']
2,['flop.sol', 'join.sol', 'frob.sol', 'move.sol', 'flop.t.sol', 'flap.t.sol', 'heal.t.sol', 'drip.sol', 'frob.t.sol', 'tune.sol']
2,['flop.sol', 'join.sol', 'frob.sol', 'move.sol', 'flop.t.sol', 'flap.t.sol', 'heal.t.sol', 'drip.sol', 'frob.t.sol', 'bite.sol']
2,['flop.sol', 'join.sol', 'frob.sol', 'move.sol', 'flop.t.sol', 'flap.t.sol', 'heal.t.sol', 'drip.sol', 'tune.sol', 'bite.sol']
2,['flop.sol', 'join.sol', 'frob.sol', 'move.sol', 'flop.t.sol', 'flap.t.sol', 'heal.t.sol', 'frob.t.sol', 'tune.sol', 'bite.sol']
2,['flop.sol', 'join.sol', 'frob.sol', 'move.sol', 'flop.t.sol', 'flap.t.sol', 'flap.sol', 'drip.sol', 'frob.t.sol', 'tune.sol']
3,['flop.sol', 'join.sol', 'frob.sol', 'move.sol', 'flop.t.sol', 'flap.t.sol', 'flap.sol', 'drip.sol', 'frob.t.sol', 'bite.sol']
2,['flop.sol', 'join.sol', 'frob.sol', 'move.sol', 'flop.t.sol', 'flap.t.sol', 'flap.sol', 'drip.sol', 'tune.sol', 'bite.sol']
2,['flop.sol', 'join.sol', 'frob.sol', 'move.sol', 'flop.t.sol', 'flap.t.sol', 'flap.sol', 'frob.t.sol', 'tune.sol', 'bite.sol']
2,['flop.sol', 'join.sol', 'frob.sol', 'move.sol', 'flop.t.sol', 'flap.t.sol', 'drip.sol', 'frob.t.sol', 'tune.sol', 'bite.sol']
2,['flop.sol', 'join.sol', 'frob.sol', 'move.sol', 'flop.t.sol', 'heal.sol', 'drip.t.sol', 'heal.t.sol', 'flap.sol', 'drip.sol']
2,['flop.sol', 'join.sol', 'frob.sol', 'move.sol', 'flop.t.sol', 'heal.sol', 'drip.t.sol', 'heal.t.sol', 'flap.sol', 'frob.t.sol']
1,['flop.sol', 'join.sol', 'frob.sol', 'move.sol', 'flop.t.sol', 'heal.sol', 'drip.t.sol', 'heal.t.sol', 'flap.sol', 'tune.sol']
2,['flop.sol', 'join.sol', 'frob.sol', 'move.sol', 'flop.t.sol', 'heal.sol', 'drip.t.sol', 'heal.t.sol', 'flap.sol', 'bite.sol']
2,['flop.sol', 'join.sol', 'frob.sol', 'move.sol', 'flop.t.sol', 'heal.sol', 'drip.t.sol', 'heal.t.sol', 'drip.sol', 'frob.t.sol']
1,['flop.sol', 'join.sol', 'frob.sol', 'move.sol', 'flop.t.sol', 'heal.sol', 'drip.t.sol', 'heal.t.sol', 'drip.sol', 'tune.sol']
1,['flop.sol', 'join.sol', 'frob.sol', 'move.sol', 'flop.t.sol', 'heal.sol', 'drip.t.sol', 'heal.t.sol', 'drip.sol', 'bite.sol']
1,['flop.sol', 'join.sol', 'frob.sol', 'move.sol', 'flop.t.sol', 'heal.sol', 'drip.t.sol', 'heal.t.sol', 'frob.t.sol', 'tune.sol']
1,['flop.sol', 'join.sol', 'frob.sol', 'move.sol', 'flop.t.sol', 'heal.sol', 'drip.t.sol', 'heal.t.sol', 'frob.t.sol', 'bite.sol']
1,['flop.sol', 'join.sol', 'frob.sol', 'move.sol', 'flop.t.sol', 'heal.sol', 'drip.t.sol', 'heal.t.sol', 'tune.sol', 'bite.sol']
2,['flop.sol', 'join.sol', 'frob.sol', 'move.sol', 'flop.t.sol', 'heal.sol', 'drip.t.sol', 'flap.sol', 'drip.sol', 'frob.t.sol']
3,['flop.sol', 'join.sol', 'frob.sol', 'move.sol', 'flop.t.sol', 'heal.sol', 'drip.t.sol', 'flap.sol', 'drip.sol', 'tune.sol']
2,['flop.sol', 'join.sol', 'frob.sol', 'move.sol', 'flop.t.sol', 'heal.sol', 'drip.t.sol', 'flap.sol', 'drip.sol', 'bite.sol']
1,['flop.sol', 'join.sol', 'frob.sol', 'move.sol', 'flop.t.sol', 'heal.sol', 'drip.t.sol', 'flap.sol', 'frob.t.sol', 'tune.sol']
2,['flop.sol', 'join.sol', 'frob.sol', 'move.sol', 'flop.t.sol', 'heal.sol', 'drip.t.sol', 'flap.sol', 'frob.t.sol', 'bite.sol']
1,['flop.sol', 'join.sol', 'frob.sol', 'move.sol', 'flop.t.sol', 'heal.sol', 'drip.t.sol', 'flap.sol', 'tune.sol', 'bite.sol']
1,['flop.sol', 'join.sol', 'frob.sol', 'move.sol', 'flop.t.sol', 'heal.sol', 'drip.t.sol', 'drip.sol', 'frob.t.sol', 'tune.sol']
2,['flop.sol', 'join.sol', 'frob.sol', 'move.sol', 'flop.t.sol', 'heal.sol', 'drip.t.sol', 'drip.sol', 'frob.t.sol', 'bite.sol']
1,['flop.sol', 'join.sol', 'frob.sol', 'move.sol', 'flop.t.sol', 'heal.sol', 'drip.t.sol', 'drip.sol', 'tune.sol', 'bite.sol']
1,['flop.sol', 'join.sol', 'frob.sol', 'move.sol', 'flop.t.sol', 'heal.sol', 'drip.t.sol', 'frob.t.sol', 'tune.sol', 'bite.sol']
3,['flop.sol', 'join.sol', 'frob.sol', 'move.sol', 'flop.t.sol', 'heal.sol', 'heal.t.sol', 'flap.sol', 'drip.sol', 'frob.t.sol']
2,['flop.sol', 'join.sol', 'frob.sol', 'move.sol', 'flop.t.sol', 'heal.sol', 'heal.t.sol', 'flap.sol', 'drip.sol', 'tune.sol']
3,['flop.sol', 'join.sol', 'frob.sol', 'move.sol', 'flop.t.sol', 'heal.sol', 'heal.t.sol', 'flap.sol', 'drip.sol', 'bite.sol']
2,['flop.sol', 'join.sol', 'frob.sol', 'move.sol', 'flop.t.sol', 'heal.sol', 'heal.t.sol', 'flap.sol', 'frob.t.sol', 'tune.sol']
2,['flop.sol', 'join.sol', 'frob.sol', 'move.sol', 'flop.t.sol', 'heal.sol', 'heal.t.sol', 'flap.sol', 'frob.t.sol', 'bite.sol']
2,['flop.sol', 'join.sol', 'frob.sol', 'move.sol', 'flop.t.sol', 'heal.sol', 'heal.t.sol', 'flap.sol', 'tune.sol', 'bite.sol']
2,['flop.sol', 'join.sol', 'frob.sol', 'move.sol', 'flop.t.sol', 'heal.sol', 'heal.t.sol', 'drip.sol', 'frob.t.sol', 'tune.sol']
2,['flop.sol', 'join.sol', 'frob.sol', 'move.sol', 'flop.t.sol', 'heal.sol', 'heal.t.sol', 'drip.sol', 'frob.t.sol', 'bite.sol']
2,['flop.sol', 'join.sol', 'frob.sol', 'move.sol', 'flop.t.sol', 'heal.sol', 'heal.t.sol', 'drip.sol', 'tune.sol', 'bite.sol']
2,['flop.sol', 'join.sol', 'frob.sol', 'move.sol', 'flop.t.sol', 'heal.sol', 'heal.t.sol', 'frob.t.sol', 'tune.sol', 'bite.sol']
2,['flop.sol', 'join.sol', 'frob.sol', 'move.sol', 'flop.t.sol', 'heal.sol', 'flap.sol', 'drip.sol', 'frob.t.sol', 'tune.sol']
2,['flop.sol', 'join.sol', 'frob.sol', 'move.sol', 'flop.t.sol', 'heal.sol', 'flap.sol', 'drip.sol', 'frob.t.sol', 'bite.sol']
3,['flop.sol', 'join.sol', 'frob.sol', 'move.sol', 'flop.t.sol', 'heal.sol', 'flap.sol', 'drip.sol', 'tune.sol', 'bite.sol']
2,['flop.sol', 'join.sol', 'frob.sol', 'move.sol', 'flop.t.sol', 'heal.sol', 'flap.sol', 'frob.t.sol', 'tune.sol', 'bite.sol']
2,['flop.sol', 'join.sol', 'frob.sol', 'move.sol', 'flop.t.sol', 'heal.sol', 'drip.sol', 'frob.t.sol', 'tune.sol', 'bite.sol']
2,['flop.sol', 'join.sol', 'frob.sol', 'move.sol', 'flop.t.sol', 'drip.t.sol', 'heal.t.sol', 'flap.sol', 'drip.sol', 'frob.t.sol']
1,['flop.sol', 'join.sol', 'frob.sol', 'move.sol', 'flop.t.sol', 'drip.t.sol', 'heal.t.sol', 'flap.sol', 'drip.sol', 'tune.sol']
2,['flop.sol', 'join.sol', 'frob.sol', 'move.sol', 'flop.t.sol', 'drip.t.sol', 'heal.t.sol', 'flap.sol', 'drip.sol', 'bite.sol']
1,['flop.sol', 'join.sol', 'frob.sol', 'move.sol', 'flop.t.sol', 'drip.t.sol', 'heal.t.sol', 'flap.sol', 'frob.t.sol', 'tune.sol']
1,['flop.sol', 'join.sol', 'frob.sol', 'move.sol', 'flop.t.sol', 'drip.t.sol', 'heal.t.sol', 'flap.sol', 'frob.t.sol', 'bite.sol']
1,['flop.sol', 'join.sol', 'frob.sol', 'move.sol', 'flop.t.sol', 'drip.t.sol', 'heal.t.sol', 'flap.sol', 'tune.sol', 'bite.sol']
1,['flop.sol', 'join.sol', 'frob.sol', 'move.sol', 'flop.t.sol', 'drip.t.sol', 'heal.t.sol', 'drip.sol', 'frob.t.sol', 'tune.sol']
1,['flop.sol', 'join.sol', 'frob.sol', 'move.sol', 'flop.t.sol', 'drip.t.sol', 'heal.t.sol', 'drip.sol', 'frob.t.sol', 'bite.sol']
1,['flop.sol', 'join.sol', 'frob.sol', 'move.sol', 'flop.t.sol', 'drip.t.sol', 'heal.t.sol', 'drip.sol', 'tune.sol', 'bite.sol']
1,['flop.sol', 'join.sol', 'frob.sol', 'move.sol', 'flop.t.sol', 'drip.t.sol', 'heal.t.sol', 'frob.t.sol', 'tune.sol', 'bite.sol']
2,['flop.sol', 'join.sol', 'frob.sol', 'move.sol', 'flop.t.sol', 'drip.t.sol', 'flap.sol', 'drip.sol', 'frob.t.sol', 'tune.sol']
2,['flop.sol', 'join.sol', 'frob.sol', 'move.sol', 'flop.t.sol', 'drip.t.sol', 'flap.sol', 'drip.sol', 'frob.t.sol', 'bite.sol']
2,['flop.sol', 'join.sol', 'frob.sol', 'move.sol', 'flop.t.sol', 'drip.t.sol', 'flap.sol', 'drip.sol', 'tune.sol', 'bite.sol']
2,['flop.sol', 'join.sol', 'frob.sol', 'move.sol', 'flop.t.sol', 'drip.t.sol', 'flap.sol', 'frob.t.sol', 'tune.sol', 'bite.sol']
1,['flop.sol', 'join.sol', 'frob.sol', 'move.sol', 'flop.t.sol', 'drip.t.sol', 'drip.sol', 'frob.t.sol', 'tune.sol', 'bite.sol']
2,['flop.sol', 'join.sol', 'frob.sol', 'move.sol', 'flop.t.sol', 'heal.t.sol', 'flap.sol', 'drip.sol', 'frob.t.sol', 'tune.sol']
2,['flop.sol', 'join.sol', 'frob.sol', 'move.sol', 'flop.t.sol', 'heal.t.sol', 'flap.sol', 'drip.sol', 'frob.t.sol', 'bite.sol']
2,['flop.sol', 'join.sol', 'frob.sol', 'move.sol', 'flop.t.sol', 'heal.t.sol', 'flap.sol', 'drip.sol', 'tune.sol', 'bite.sol']
2,['flop.sol', 'join.sol', 'frob.sol', 'move.sol', 'flop.t.sol', 'heal.t.sol', 'flap.sol', 'frob.t.sol', 'tune.sol', 'bite.sol']
2,['flop.sol', 'join.sol', 'frob.sol', 'move.sol', 'flop.t.sol', 'heal.t.sol', 'drip.sol', 'frob.t.sol', 'tune.sol', 'bite.sol']
2,['flop.sol', 'join.sol', 'frob.sol', 'move.sol', 'flop.t.sol', 'flap.sol', 'drip.sol', 'frob.t.sol', 'tune.sol', 'bite.sol']
2,['flop.sol', 'join.sol', 'frob.sol', 'move.sol', 'flap.t.sol', 'heal.sol', 'drip.t.sol', 'heal.t.sol', 'flap.sol', 'drip.sol']
2,['flop.sol', 'join.sol', 'frob.sol', 'move.sol', 'flap.t.sol', 'heal.sol', 'drip.t.sol', 'heal.t.sol', 'flap.sol', 'frob.t.sol']
1,['flop.sol', 'join.sol', 'frob.sol', 'move.sol', 'flap.t.sol', 'heal.sol', 'drip.t.sol', 'heal.t.sol', 'flap.sol', 'tune.sol']
1,['flop.sol', 'join.sol', 'frob.sol', 'move.sol', 'flap.t.sol', 'heal.sol', 'drip.t.sol', 'heal.t.sol', 'flap.sol', 'bite.sol']
2,['flop.sol', 'join.sol', 'frob.sol', 'move.sol', 'flap.t.sol', 'heal.sol', 'drip.t.sol', 'heal.t.sol', 'drip.sol', 'frob.t.sol']
1,['flop.sol', 'join.sol', 'frob.sol', 'move.sol', 'flap.t.sol', 'heal.sol', 'drip.t.sol', 'heal.t.sol', 'drip.sol', 'tune.sol']
1,['flop.sol', 'join.sol', 'frob.sol', 'move.sol', 'flap.t.sol', 'heal.sol', 'drip.t.sol', 'heal.t.sol', 'drip.sol', 'bite.sol']
1,['flop.sol', 'join.sol', 'frob.sol', 'move.sol', 'flap.t.sol', 'heal.sol', 'drip.t.sol', 'heal.t.sol', 'frob.t.sol', 'tune.sol']
1,['flop.sol', 'join.sol', 'frob.sol', 'move.sol', 'flap.t.sol', 'heal.sol', 'drip.t.sol', 'heal.t.sol', 'frob.t.sol', 'bite.sol']
1,['flop.sol', 'join.sol', 'frob.sol', 'move.sol', 'flap.t.sol', 'heal.sol', 'drip.t.sol', 'heal.t.sol', 'tune.sol', 'bite.sol']
2,['flop.sol', 'join.sol', 'frob.sol', 'move.sol', 'flap.t.sol', 'heal.sol', 'drip.t.sol', 'flap.sol', 'drip.sol', 'frob.t.sol']
3,['flop.sol', 'join.sol', 'frob.sol', 'move.sol', 'flap.t.sol', 'heal.sol', 'drip.t.sol', 'flap.sol', 'drip.sol', 'tune.sol']
1,['flop.sol', 'join.sol', 'frob.sol', 'move.sol', 'flap.t.sol', 'heal.sol', 'drip.t.sol', 'flap.sol', 'drip.sol', 'bite.sol']
1,['flop.sol', 'join.sol', 'frob.sol', 'move.sol', 'flap.t.sol', 'heal.sol', 'drip.t.sol', 'flap.sol', 'frob.t.sol', 'tune.sol']
2,['flop.sol', 'join.sol', 'frob.sol', 'move.sol', 'flap.t.sol', 'heal.sol', 'drip.t.sol', 'flap.sol', 'frob.t.sol', 'bite.sol']
3,['flop.sol', 'join.sol', 'frob.sol', 'move.sol', 'flap.t.sol', 'heal.sol', 'drip.t.sol', 'flap.sol', 'tune.sol', 'bite.sol']
1,['flop.sol', 'join.sol', 'frob.sol', 'move.sol', 'flap.t.sol', 'heal.sol', 'drip.t.sol', 'drip.sol', 'frob.t.sol', 'tune.sol']
2,['flop.sol', 'join.sol', 'frob.sol', 'move.sol', 'flap.t.sol', 'heal.sol', 'drip.t.sol', 'drip.sol', 'frob.t.sol', 'bite.sol']
1,['flop.sol', 'join.sol', 'frob.sol', 'move.sol', 'flap.t.sol', 'heal.sol', 'drip.t.sol', 'drip.sol', 'tune.sol', 'bite.sol']
1,['flop.sol', 'join.sol', 'frob.sol', 'move.sol', 'flap.t.sol', 'heal.sol', 'drip.t.sol', 'frob.t.sol', 'tune.sol', 'bite.sol']
2,['flop.sol', 'join.sol', 'frob.sol', 'move.sol', 'flap.t.sol', 'heal.sol', 'heal.t.sol', 'flap.sol', 'drip.sol', 'frob.t.sol']
2,['flop.sol', 'join.sol', 'frob.sol', 'move.sol', 'flap.t.sol', 'heal.sol', 'heal.t.sol', 'flap.sol', 'drip.sol', 'tune.sol']
3,['flop.sol', 'join.sol', 'frob.sol', 'move.sol', 'flap.t.sol', 'heal.sol', 'heal.t.sol', 'flap.sol', 'drip.sol', 'bite.sol']
2,['flop.sol', 'join.sol', 'frob.sol', 'move.sol', 'flap.t.sol', 'heal.sol', 'heal.t.sol', 'flap.sol', 'frob.t.sol', 'tune.sol']
2,['flop.sol', 'join.sol', 'frob.sol', 'move.sol', 'flap.t.sol', 'heal.sol', 'heal.t.sol', 'flap.sol', 'frob.t.sol', 'bite.sol']
2,['flop.sol', 'join.sol', 'frob.sol', 'move.sol', 'flap.t.sol', 'heal.sol', 'heal.t.sol', 'flap.sol', 'tune.sol', 'bite.sol']
2,['flop.sol', 'join.sol', 'frob.sol', 'move.sol', 'flap.t.sol', 'heal.sol', 'heal.t.sol', 'drip.sol', 'frob.t.sol', 'tune.sol']
2,['flop.sol', 'join.sol', 'frob.sol', 'move.sol', 'flap.t.sol', 'heal.sol', 'heal.t.sol', 'drip.sol', 'frob.t.sol', 'bite.sol']
2,['flop.sol', 'join.sol', 'frob.sol', 'move.sol', 'flap.t.sol', 'heal.sol', 'heal.t.sol', 'drip.sol', 'tune.sol', 'bite.sol']
2,['flop.sol', 'join.sol', 'frob.sol', 'move.sol', 'flap.t.sol', 'heal.sol', 'heal.t.sol', 'frob.t.sol', 'tune.sol', 'bite.sol']
2,['flop.sol', 'join.sol', 'frob.sol', 'move.sol', 'flap.t.sol', 'heal.sol', 'flap.sol', 'drip.sol', 'frob.t.sol', 'tune.sol']
2,['flop.sol', 'join.sol', 'frob.sol', 'move.sol', 'flap.t.sol', 'heal.sol', 'flap.sol', 'drip.sol', 'frob.t.sol', 'bite.sol']
1,['flop.sol', 'join.sol', 'frob.sol', 'move.sol', 'flap.t.sol', 'heal.sol', 'flap.sol', 'drip.sol', 'tune.sol', 'bite.sol']
2,['flop.sol', 'join.sol', 'frob.sol', 'move.sol', 'flap.t.sol', 'heal.sol', 'flap.sol', 'frob.t.sol', 'tune.sol', 'bite.sol']
2,['flop.sol', 'join.sol', 'frob.sol', 'move.sol', 'flap.t.sol', 'heal.sol', 'drip.sol', 'frob.t.sol', 'tune.sol', 'bite.sol']
2,['flop.sol', 'join.sol', 'frob.sol', 'move.sol', 'flap.t.sol', 'drip.t.sol', 'heal.t.sol', 'flap.sol', 'drip.sol', 'frob.t.sol']
2,['flop.sol', 'join.sol', 'frob.sol', 'move.sol', 'flap.t.sol', 'drip.t.sol', 'heal.t.sol', 'flap.sol', 'drip.sol', 'tune.sol']
2,['flop.sol', 'join.sol', 'frob.sol', 'move.sol', 'flap.t.sol', 'drip.t.sol', 'heal.t.sol', 'flap.sol', 'drip.sol', 'bite.sol']
1,['flop.sol', 'join.sol', 'frob.sol', 'move.sol', 'flap.t.sol', 'drip.t.sol', 'heal.t.sol', 'flap.sol', 'frob.t.sol', 'tune.sol']
1,['flop.sol', 'join.sol', 'frob.sol', 'move.sol', 'flap.t.sol', 'drip.t.sol', 'heal.t.sol', 'flap.sol', 'frob.t.sol', 'bite.sol']
1,['flop.sol', 'join.sol', 'frob.sol', 'move.sol', 'flap.t.sol', 'drip.t.sol', 'heal.t.sol', 'flap.sol', 'tune.sol', 'bite.sol']
1,['flop.sol', 'join.sol', 'frob.sol', 'move.sol', 'flap.t.sol', 'drip.t.sol', 'heal.t.sol', 'drip.sol', 'frob.t.sol', 'tune.sol']
1,['flop.sol', 'join.sol', 'frob.sol', 'move.sol', 'flap.t.sol', 'drip.t.sol', 'heal.t.sol', 'drip.sol', 'frob.t.sol', 'bite.sol']
1,['flop.sol', 'join.sol', 'frob.sol', 'move.sol', 'flap.t.sol', 'drip.t.sol', 'heal.t.sol', 'drip.sol', 'tune.sol', 'bite.sol']
1,['flop.sol', 'join.sol', 'frob.sol', 'move.sol', 'flap.t.sol', 'drip.t.sol', 'heal.t.sol', 'frob.t.sol', 'tune.sol', 'bite.sol']
2,['flop.sol', 'join.sol', 'frob.sol', 'move.sol', 'flap.t.sol', 'drip.t.sol', 'flap.sol', 'drip.sol', 'frob.t.sol', 'tune.sol']
2,['flop.sol', 'join.sol', 'frob.sol', 'move.sol', 'flap.t.sol', 'drip.t.sol', 'flap.sol', 'drip.sol', 'frob.t.sol', 'bite.sol']
2,['flop.sol', 'join.sol', 'frob.sol', 'move.sol', 'flap.t.sol', 'drip.t.sol', 'flap.sol', 'drip.sol', 'tune.sol', 'bite.sol']
2,['flop.sol', 'join.sol', 'frob.sol', 'move.sol', 'flap.t.sol', 'drip.t.sol', 'flap.sol', 'frob.t.sol', 'tune.sol', 'bite.sol']
2,['flop.sol', 'join.sol', 'frob.sol', 'move.sol', 'flap.t.sol', 'drip.t.sol', 'drip.sol', 'frob.t.sol', 'tune.sol', 'bite.sol']
2,['flop.sol', 'join.sol', 'frob.sol', 'move.sol', 'flap.t.sol', 'heal.t.sol', 'flap.sol', 'drip.sol', 'frob.t.sol', 'tune.sol']
2,['flop.sol', 'join.sol', 'frob.sol', 'move.sol', 'flap.t.sol', 'heal.t.sol', 'flap.sol', 'drip.sol', 'frob.t.sol', 'bite.sol']
2,['flop.sol', 'join.sol', 'frob.sol', 'move.sol', 'flap.t.sol', 'heal.t.sol', 'flap.sol', 'drip.sol', 'tune.sol', 'bite.sol']
2,['flop.sol', 'join.sol', 'frob.sol', 'move.sol', 'flap.t.sol', 'heal.t.sol', 'flap.sol', 'frob.t.sol', 'tune.sol', 'bite.sol']
2,['flop.sol', 'join.sol', 'frob.sol', 'move.sol', 'flap.t.sol', 'heal.t.sol', 'drip.sol', 'frob.t.sol', 'tune.sol', 'bite.sol']
2,['flop.sol', 'join.sol', 'frob.sol', 'move.sol', 'flap.t.sol', 'flap.sol', 'drip.sol', 'frob.t.sol', 'tune.sol', 'bite.sol']
2,['flop.sol', 'join.sol', 'frob.sol', 'move.sol', 'heal.sol', 'drip.t.sol', 'heal.t.sol', 'flap.sol', 'drip.sol', 'frob.t.sol']
1,['flop.sol', 'join.sol', 'frob.sol', 'move.sol', 'heal.sol', 'drip.t.sol', 'heal.t.sol', 'flap.sol', 'drip.sol', 'tune.sol']
2,['flop.sol', 'join.sol', 'frob.sol', 'move.sol', 'heal.sol', 'drip.t.sol', 'heal.t.sol', 'flap.sol', 'drip.sol', 'bite.sol']
1,['flop.sol', 'join.sol', 'frob.sol', 'move.sol', 'heal.sol', 'drip.t.sol', 'heal.t.sol', 'flap.sol', 'frob.t.sol', 'tune.sol']
1,['flop.sol', 'join.sol', 'frob.sol', 'move.sol', 'heal.sol', 'drip.t.sol', 'heal.t.sol', 'flap.sol', 'frob.t.sol', 'bite.sol']
1,['flop.sol', 'join.sol', 'frob.sol', 'move.sol', 'heal.sol', 'drip.t.sol', 'heal.t.sol', 'flap.sol', 'tune.sol', 'bite.sol']
1,['flop.sol', 'join.sol', 'frob.sol', 'move.sol', 'heal.sol', 'drip.t.sol', 'heal.t.sol', 'drip.sol', 'frob.t.sol', 'tune.sol']
1,['flop.sol', 'join.sol', 'frob.sol', 'move.sol', 'heal.sol', 'drip.t.sol', 'heal.t.sol', 'drip.sol', 'frob.t.sol', 'bite.sol']
1,['flop.sol', 'join.sol', 'frob.sol', 'move.sol', 'heal.sol', 'drip.t.sol', 'heal.t.sol', 'drip.sol', 'tune.sol', 'bite.sol']
1,['flop.sol', 'join.sol', 'frob.sol', 'move.sol', 'heal.sol', 'drip.t.sol', 'heal.t.sol', 'frob.t.sol', 'tune.sol', 'bite.sol']
1,['flop.sol', 'join.sol', 'frob.sol', 'move.sol', 'heal.sol', 'drip.t.sol', 'flap.sol', 'drip.sol', 'frob.t.sol', 'tune.sol']
1,['flop.sol', 'join.sol', 'frob.sol', 'move.sol', 'heal.sol', 'drip.t.sol', 'flap.sol', 'drip.sol', 'frob.t.sol', 'bite.sol']
1,['flop.sol', 'join.sol', 'frob.sol', 'move.sol', 'heal.sol', 'drip.t.sol', 'flap.sol', 'drip.sol', 'tune.sol', 'bite.sol']
1,['flop.sol', 'join.sol', 'frob.sol', 'move.sol', 'heal.sol', 'drip.t.sol', 'flap.sol', 'frob.t.sol', 'tune.sol', 'bite.sol']
1,['flop.sol', 'join.sol', 'frob.sol', 'move.sol', 'heal.sol', 'drip.t.sol', 'drip.sol', 'frob.t.sol', 'tune.sol', 'bite.sol']
2,['flop.sol', 'join.sol', 'frob.sol', 'move.sol', 'heal.sol', 'heal.t.sol', 'flap.sol', 'drip.sol', 'frob.t.sol', 'tune.sol']
2,['flop.sol', 'join.sol', 'frob.sol', 'move.sol', 'heal.sol', 'heal.t.sol', 'flap.sol', 'drip.sol', 'frob.t.sol', 'bite.sol']
2,['flop.sol', 'join.sol', 'frob.sol', 'move.sol', 'heal.sol', 'heal.t.sol', 'flap.sol', 'drip.sol', 'tune.sol', 'bite.sol']
2,['flop.sol', 'join.sol', 'frob.sol', 'move.sol', 'heal.sol', 'heal.t.sol', 'flap.sol', 'frob.t.sol', 'tune.sol', 'bite.sol']
2,['flop.sol', 'join.sol', 'frob.sol', 'move.sol', 'heal.sol', 'heal.t.sol', 'drip.sol', 'frob.t.sol', 'tune.sol', 'bite.sol']
2,['flop.sol', 'join.sol', 'frob.sol', 'move.sol', 'heal.sol', 'flap.sol', 'drip.sol', 'frob.t.sol', 'tune.sol', 'bite.sol']
1,['flop.sol', 'join.sol', 'frob.sol', 'move.sol', 'drip.t.sol', 'heal.t.sol', 'flap.sol', 'drip.sol', 'frob.t.sol', 'tune.sol']
1,['flop.sol', 'join.sol', 'frob.sol', 'move.sol', 'drip.t.sol', 'heal.t.sol', 'flap.sol', 'drip.sol', 'frob.t.sol', 'bite.sol']
1,['flop.sol', 'join.sol', 'frob.sol', 'move.sol', 'drip.t.sol', 'heal.t.sol', 'flap.sol', 'drip.sol', 'tune.sol', 'bite.sol']
1,['flop.sol', 'join.sol', 'frob.sol', 'move.sol', 'drip.t.sol', 'heal.t.sol', 'flap.sol', 'frob.t.sol', 'tune.sol', 'bite.sol']
1,['flop.sol', 'join.sol', 'frob.sol', 'move.sol', 'drip.t.sol', 'heal.t.sol', 'drip.sol', 'frob.t.sol', 'tune.sol', 'bite.sol']
2,['flop.sol', 'join.sol', 'frob.sol', 'move.sol', 'drip.t.sol', 'flap.sol', 'drip.sol', 'frob.t.sol', 'tune.sol', 'bite.sol']
2,['flop.sol', 'join.sol', 'frob.sol', 'move.sol', 'heal.t.sol', 'flap.sol', 'drip.sol', 'frob.t.sol', 'tune.sol', 'bite.sol']
1,['flop.sol', 'join.sol', 'frob.sol', 'flop.t.sol', 'flap.t.sol', 'heal.sol', 'drip.t.sol', 'heal.t.sol', 'flap.sol', 'drip.sol']
2,['flop.sol', 'join.sol', 'frob.sol', 'flop.t.sol', 'flap.t.sol', 'heal.sol', 'drip.t.sol', 'heal.t.sol', 'flap.sol', 'frob.t.sol']
1,['flop.sol', 'join.sol', 'frob.sol', 'flop.t.sol', 'flap.t.sol', 'heal.sol', 'drip.t.sol', 'heal.t.sol', 'flap.sol', 'tune.sol']
1,['flop.sol', 'join.sol', 'frob.sol', 'flop.t.sol', 'flap.t.sol', 'heal.sol', 'drip.t.sol', 'heal.t.sol', 'flap.sol', 'bite.sol']
2,['flop.sol', 'join.sol', 'frob.sol', 'flop.t.sol', 'flap.t.sol', 'heal.sol', 'drip.t.sol', 'heal.t.sol', 'drip.sol', 'frob.t.sol']
1,['flop.sol', 'join.sol', 'frob.sol', 'flop.t.sol', 'flap.t.sol', 'heal.sol', 'drip.t.sol', 'heal.t.sol', 'drip.sol', 'tune.sol']
1,['flop.sol', 'join.sol', 'frob.sol', 'flop.t.sol', 'flap.t.sol', 'heal.sol', 'drip.t.sol', 'heal.t.sol', 'drip.sol', 'bite.sol']
1,['flop.sol', 'join.sol', 'frob.sol', 'flop.t.sol', 'flap.t.sol', 'heal.sol', 'drip.t.sol', 'heal.t.sol', 'frob.t.sol', 'tune.sol']
2,['flop.sol', 'join.sol', 'frob.sol', 'flop.t.sol', 'flap.t.sol', 'heal.sol', 'drip.t.sol', 'heal.t.sol', 'frob.t.sol', 'bite.sol']
1,['flop.sol', 'join.sol', 'frob.sol', 'flop.t.sol', 'flap.t.sol', 'heal.sol', 'drip.t.sol', 'heal.t.sol', 'tune.sol', 'bite.sol']
2,['flop.sol', 'join.sol', 'frob.sol', 'flop.t.sol', 'flap.t.sol', 'heal.sol', 'drip.t.sol', 'flap.sol', 'drip.sol', 'frob.t.sol']
2,['flop.sol', 'join.sol', 'frob.sol', 'flop.t.sol', 'flap.t.sol', 'heal.sol', 'drip.t.sol', 'flap.sol', 'drip.sol', 'tune.sol']
2,['flop.sol', 'join.sol', 'frob.sol', 'flop.t.sol', 'flap.t.sol', 'heal.sol', 'drip.t.sol', 'flap.sol', 'drip.sol', 'bite.sol']
1,['flop.sol', 'join.sol', 'frob.sol', 'flop.t.sol', 'flap.t.sol', 'heal.sol', 'drip.t.sol', 'flap.sol', 'frob.t.sol', 'tune.sol']
2,['flop.sol', 'join.sol', 'frob.sol', 'flop.t.sol', 'flap.t.sol', 'heal.sol', 'drip.t.sol', 'flap.sol', 'frob.t.sol', 'bite.sol']
1,['flop.sol', 'join.sol', 'frob.sol', 'flop.t.sol', 'flap.t.sol', 'heal.sol', 'drip.t.sol', 'flap.sol', 'tune.sol', 'bite.sol']
1,['flop.sol', 'join.sol', 'frob.sol', 'flop.t.sol', 'flap.t.sol', 'heal.sol', 'drip.t.sol', 'drip.sol', 'frob.t.sol', 'tune.sol']
1,['flop.sol', 'join.sol', 'frob.sol', 'flop.t.sol', 'flap.t.sol', 'heal.sol', 'drip.t.sol', 'drip.sol', 'frob.t.sol', 'bite.sol']
1,['flop.sol', 'join.sol', 'frob.sol', 'flop.t.sol', 'flap.t.sol', 'heal.sol', 'drip.t.sol', 'drip.sol', 'tune.sol', 'bite.sol']
1,['flop.sol', 'join.sol', 'frob.sol', 'flop.t.sol', 'flap.t.sol', 'heal.sol', 'drip.t.sol', 'frob.t.sol', 'tune.sol', 'bite.sol']
2,['flop.sol', 'join.sol', 'frob.sol', 'flop.t.sol', 'flap.t.sol', 'heal.sol', 'heal.t.sol', 'flap.sol', 'drip.sol', 'frob.t.sol']
2,['flop.sol', 'join.sol', 'frob.sol', 'flop.t.sol', 'flap.t.sol', 'heal.sol', 'heal.t.sol', 'flap.sol', 'drip.sol', 'tune.sol']
2,['flop.sol', 'join.sol', 'frob.sol', 'flop.t.sol', 'flap.t.sol', 'heal.sol', 'heal.t.sol', 'flap.sol', 'drip.sol', 'bite.sol']
2,['flop.sol', 'join.sol', 'frob.sol', 'flop.t.sol', 'flap.t.sol', 'heal.sol', 'heal.t.sol', 'flap.sol', 'frob.t.sol', 'tune.sol']
2,['flop.sol', 'join.sol', 'frob.sol', 'flop.t.sol', 'flap.t.sol', 'heal.sol', 'heal.t.sol', 'flap.sol', 'frob.t.sol', 'bite.sol']
2,['flop.sol', 'join.sol', 'frob.sol', 'flop.t.sol', 'flap.t.sol', 'heal.sol', 'heal.t.sol', 'flap.sol', 'tune.sol', 'bite.sol']
2,['flop.sol', 'join.sol', 'frob.sol', 'flop.t.sol', 'flap.t.sol', 'heal.sol', 'heal.t.sol', 'drip.sol', 'frob.t.sol', 'tune.sol']
2,['flop.sol', 'join.sol', 'frob.sol', 'flop.t.sol', 'flap.t.sol', 'heal.sol', 'heal.t.sol', 'drip.sol', 'frob.t.sol', 'bite.sol']
2,['flop.sol', 'join.sol', 'frob.sol', 'flop.t.sol', 'flap.t.sol', 'heal.sol', 'heal.t.sol', 'drip.sol', 'tune.sol', 'bite.sol']
2,['flop.sol', 'join.sol', 'frob.sol', 'flop.t.sol', 'flap.t.sol', 'heal.sol', 'heal.t.sol', 'frob.t.sol', 'tune.sol', 'bite.sol']
2,['flop.sol', 'join.sol', 'frob.sol', 'flop.t.sol', 'flap.t.sol', 'heal.sol', 'flap.sol', 'drip.sol', 'frob.t.sol', 'tune.sol']
2,['flop.sol', 'join.sol', 'frob.sol', 'flop.t.sol', 'flap.t.sol', 'heal.sol', 'flap.sol', 'drip.sol', 'frob.t.sol', 'bite.sol']
1,['flop.sol', 'join.sol', 'frob.sol', 'flop.t.sol', 'flap.t.sol', 'heal.sol', 'flap.sol', 'drip.sol', 'tune.sol', 'bite.sol']
2,['flop.sol', 'join.sol', 'frob.sol', 'flop.t.sol', 'flap.t.sol', 'heal.sol', 'flap.sol', 'frob.t.sol', 'tune.sol', 'bite.sol']
2,['flop.sol', 'join.sol', 'frob.sol', 'flop.t.sol', 'flap.t.sol', 'heal.sol', 'drip.sol', 'frob.t.sol', 'tune.sol', 'bite.sol']
2,['flop.sol', 'join.sol', 'frob.sol', 'flop.t.sol', 'flap.t.sol', 'drip.t.sol', 'heal.t.sol', 'flap.sol', 'drip.sol', 'frob.t.sol']
2,['flop.sol', 'join.sol', 'frob.sol', 'flop.t.sol', 'flap.t.sol', 'drip.t.sol', 'heal.t.sol', 'flap.sol', 'drip.sol', 'tune.sol']
1,['flop.sol', 'join.sol', 'frob.sol', 'flop.t.sol', 'flap.t.sol', 'drip.t.sol', 'heal.t.sol', 'flap.sol', 'drip.sol', 'bite.sol']
1,['flop.sol', 'join.sol', 'frob.sol', 'flop.t.sol', 'flap.t.sol', 'drip.t.sol', 'heal.t.sol', 'flap.sol', 'frob.t.sol', 'tune.sol']
2,['flop.sol', 'join.sol', 'frob.sol', 'flop.t.sol', 'flap.t.sol', 'drip.t.sol', 'heal.t.sol', 'flap.sol', 'frob.t.sol', 'bite.sol']
1,['flop.sol', 'join.sol', 'frob.sol', 'flop.t.sol', 'flap.t.sol', 'drip.t.sol', 'heal.t.sol', 'flap.sol', 'tune.sol', 'bite.sol']
1,['flop.sol', 'join.sol', 'frob.sol', 'flop.t.sol', 'flap.t.sol', 'drip.t.sol', 'heal.t.sol', 'drip.sol', 'frob.t.sol', 'tune.sol']
2,['flop.sol', 'join.sol', 'frob.sol', 'flop.t.sol', 'flap.t.sol', 'drip.t.sol', 'heal.t.sol', 'drip.sol', 'frob.t.sol', 'bite.sol']
1,['flop.sol', 'join.sol', 'frob.sol', 'flop.t.sol', 'flap.t.sol', 'drip.t.sol', 'heal.t.sol', 'drip.sol', 'tune.sol', 'bite.sol']
1,['flop.sol', 'join.sol', 'frob.sol', 'flop.t.sol', 'flap.t.sol', 'drip.t.sol', 'heal.t.sol', 'frob.t.sol', 'tune.sol', 'bite.sol']
2,['flop.sol', 'join.sol', 'frob.sol', 'flop.t.sol', 'flap.t.sol', 'drip.t.sol', 'flap.sol', 'drip.sol', 'frob.t.sol', 'tune.sol']
1,['flop.sol', 'join.sol', 'frob.sol', 'flop.t.sol', 'flap.t.sol', 'drip.t.sol', 'flap.sol', 'drip.sol', 'frob.t.sol', 'bite.sol']
2,['flop.sol', 'join.sol', 'frob.sol', 'flop.t.sol', 'flap.t.sol', 'drip.t.sol', 'flap.sol', 'drip.sol', 'tune.sol', 'bite.sol']
2,['flop.sol', 'join.sol', 'frob.sol', 'flop.t.sol', 'flap.t.sol', 'drip.t.sol', 'flap.sol', 'frob.t.sol', 'tune.sol', 'bite.sol']
1,['flop.sol', 'join.sol', 'frob.sol', 'flop.t.sol', 'flap.t.sol', 'drip.t.sol', 'drip.sol', 'frob.t.sol', 'tune.sol', 'bite.sol']
2,['flop.sol', 'join.sol', 'frob.sol', 'flop.t.sol', 'flap.t.sol', 'heal.t.sol', 'flap.sol', 'drip.sol', 'frob.t.sol', 'tune.sol']
2,['flop.sol', 'join.sol', 'frob.sol', 'flop.t.sol', 'flap.t.sol', 'heal.t.sol', 'flap.sol', 'drip.sol', 'frob.t.sol', 'bite.sol']
2,['flop.sol', 'join.sol', 'frob.sol', 'flop.t.sol', 'flap.t.sol', 'heal.t.sol', 'flap.sol', 'drip.sol', 'tune.sol', 'bite.sol']
2,['flop.sol', 'join.sol', 'frob.sol', 'flop.t.sol', 'flap.t.sol', 'heal.t.sol', 'flap.sol', 'frob.t.sol', 'tune.sol', 'bite.sol']
2,['flop.sol', 'join.sol', 'frob.sol', 'flop.t.sol', 'flap.t.sol', 'heal.t.sol', 'drip.sol', 'frob.t.sol', 'tune.sol', 'bite.sol']
2,['flop.sol', 'join.sol', 'frob.sol', 'flop.t.sol', 'flap.t.sol', 'flap.sol', 'drip.sol', 'frob.t.sol', 'tune.sol', 'bite.sol']
2,['flop.sol', 'join.sol', 'frob.sol', 'flop.t.sol', 'heal.sol', 'drip.t.sol', 'heal.t.sol', 'flap.sol', 'drip.sol', 'frob.t.sol']
1,['flop.sol', 'join.sol', 'frob.sol', 'flop.t.sol', 'heal.sol', 'drip.t.sol', 'heal.t.sol', 'flap.sol', 'drip.sol', 'tune.sol']
1,['flop.sol', 'join.sol', 'frob.sol', 'flop.t.sol', 'heal.sol', 'drip.t.sol', 'heal.t.sol', 'flap.sol', 'drip.sol', 'bite.sol']
1,['flop.sol', 'join.sol', 'frob.sol', 'flop.t.sol', 'heal.sol', 'drip.t.sol', 'heal.t.sol', 'flap.sol', 'frob.t.sol', 'tune.sol']
2,['flop.sol', 'join.sol', 'frob.sol', 'flop.t.sol', 'heal.sol', 'drip.t.sol', 'heal.t.sol', 'flap.sol', 'frob.t.sol', 'bite.sol']
1,['flop.sol', 'join.sol', 'frob.sol', 'flop.t.sol', 'heal.sol', 'drip.t.sol', 'heal.t.sol', 'flap.sol', 'tune.sol', 'bite.sol']
1,['flop.sol', 'join.sol', 'frob.sol', 'flop.t.sol', 'heal.sol', 'drip.t.sol', 'heal.t.sol', 'drip.sol', 'frob.t.sol', 'tune.sol']
1,['flop.sol', 'join.sol', 'frob.sol', 'flop.t.sol', 'heal.sol', 'drip.t.sol', 'heal.t.sol', 'drip.sol', 'frob.t.sol', 'bite.sol']
1,['flop.sol', 'join.sol', 'frob.sol', 'flop.t.sol', 'heal.sol', 'drip.t.sol', 'heal.t.sol', 'drip.sol', 'tune.sol', 'bite.sol']
1,['flop.sol', 'join.sol', 'frob.sol', 'flop.t.sol', 'heal.sol', 'drip.t.sol', 'heal.t.sol', 'frob.t.sol', 'tune.sol', 'bite.sol']
1,['flop.sol', 'join.sol', 'frob.sol', 'flop.t.sol', 'heal.sol', 'drip.t.sol', 'flap.sol', 'drip.sol', 'frob.t.sol', 'tune.sol']
2,['flop.sol', 'join.sol', 'frob.sol', 'flop.t.sol', 'heal.sol', 'drip.t.sol', 'flap.sol', 'drip.sol', 'frob.t.sol', 'bite.sol']
1,['flop.sol', 'join.sol', 'frob.sol', 'flop.t.sol', 'heal.sol', 'drip.t.sol', 'flap.sol', 'drip.sol', 'tune.sol', 'bite.sol']
1,['flop.sol', 'join.sol', 'frob.sol', 'flop.t.sol', 'heal.sol', 'drip.t.sol', 'flap.sol', 'frob.t.sol', 'tune.sol', 'bite.sol']
1,['flop.sol', 'join.sol', 'frob.sol', 'flop.t.sol', 'heal.sol', 'drip.t.sol', 'drip.sol', 'frob.t.sol', 'tune.sol', 'bite.sol']
2,['flop.sol', 'join.sol', 'frob.sol', 'flop.t.sol', 'heal.sol', 'heal.t.sol', 'flap.sol', 'drip.sol', 'frob.t.sol', 'tune.sol']
2,['flop.sol', 'join.sol', 'frob.sol', 'flop.t.sol', 'heal.sol', 'heal.t.sol', 'flap.sol', 'drip.sol', 'frob.t.sol', 'bite.sol']
2,['flop.sol', 'join.sol', 'frob.sol', 'flop.t.sol', 'heal.sol', 'heal.t.sol', 'flap.sol', 'drip.sol', 'tune.sol', 'bite.sol']
2,['flop.sol', 'join.sol', 'frob.sol', 'flop.t.sol', 'heal.sol', 'heal.t.sol', 'flap.sol', 'frob.t.sol', 'tune.sol', 'bite.sol']
2,['flop.sol', 'join.sol', 'frob.sol', 'flop.t.sol', 'heal.sol', 'heal.t.sol', 'drip.sol', 'frob.t.sol', 'tune.sol', 'bite.sol']
2,['flop.sol', 'join.sol', 'frob.sol', 'flop.t.sol', 'heal.sol', 'flap.sol', 'drip.sol', 'frob.t.sol', 'tune.sol', 'bite.sol']
1,['flop.sol', 'join.sol', 'frob.sol', 'flop.t.sol', 'drip.t.sol', 'heal.t.sol', 'flap.sol', 'drip.sol', 'frob.t.sol', 'tune.sol']
1,['flop.sol', 'join.sol', 'frob.sol', 'flop.t.sol', 'drip.t.sol', 'heal.t.sol', 'flap.sol', 'drip.sol', 'frob.t.sol', 'bite.sol']
1,['flop.sol', 'join.sol', 'frob.sol', 'flop.t.sol', 'drip.t.sol', 'heal.t.sol', 'flap.sol', 'drip.sol', 'tune.sol', 'bite.sol']
1,['flop.sol', 'join.sol', 'frob.sol', 'flop.t.sol', 'drip.t.sol', 'heal.t.sol', 'flap.sol', 'frob.t.sol', 'tune.sol', 'bite.sol']
1,['flop.sol', 'join.sol', 'frob.sol', 'flop.t.sol', 'drip.t.sol', 'heal.t.sol', 'drip.sol', 'frob.t.sol', 'tune.sol', 'bite.sol']
1,['flop.sol', 'join.sol', 'frob.sol', 'flop.t.sol', 'drip.t.sol', 'flap.sol', 'drip.sol', 'frob.t.sol', 'tune.sol', 'bite.sol']
2,['flop.sol', 'join.sol', 'frob.sol', 'flop.t.sol', 'heal.t.sol', 'flap.sol', 'drip.sol', 'frob.t.sol', 'tune.sol', 'bite.sol']
2,['flop.sol', 'join.sol', 'frob.sol', 'flap.t.sol', 'heal.sol', 'drip.t.sol', 'heal.t.sol', 'flap.sol', 'drip.sol', 'frob.t.sol']
1,['flop.sol', 'join.sol', 'frob.sol', 'flap.t.sol', 'heal.sol', 'drip.t.sol', 'heal.t.sol', 'flap.sol', 'drip.sol', 'tune.sol']
1,['flop.sol', 'join.sol', 'frob.sol', 'flap.t.sol', 'heal.sol', 'drip.t.sol', 'heal.t.sol', 'flap.sol', 'drip.sol', 'bite.sol']
1,['flop.sol', 'join.sol', 'frob.sol', 'flap.t.sol', 'heal.sol', 'drip.t.sol', 'heal.t.sol', 'flap.sol', 'frob.t.sol', 'tune.sol']
2,['flop.sol', 'join.sol', 'frob.sol', 'flap.t.sol', 'heal.sol', 'drip.t.sol', 'heal.t.sol', 'flap.sol', 'frob.t.sol', 'bite.sol']
1,['flop.sol', 'join.sol', 'frob.sol', 'flap.t.sol', 'heal.sol', 'drip.t.sol', 'heal.t.sol', 'flap.sol', 'tune.sol', 'bite.sol']
1,['flop.sol', 'join.sol', 'frob.sol', 'flap.t.sol', 'heal.sol', 'drip.t.sol', 'heal.t.sol', 'drip.sol', 'frob.t.sol', 'tune.sol']
1,['flop.sol', 'join.sol', 'frob.sol', 'flap.t.sol', 'heal.sol', 'drip.t.sol', 'heal.t.sol', 'drip.sol', 'frob.t.sol', 'bite.sol']
1,['flop.sol', 'join.sol', 'frob.sol', 'flap.t.sol', 'heal.sol', 'drip.t.sol', 'heal.t.sol', 'drip.sol', 'tune.sol', 'bite.sol']
1,['flop.sol', 'join.sol', 'frob.sol', 'flap.t.sol', 'heal.sol', 'drip.t.sol', 'heal.t.sol', 'frob.t.sol', 'tune.sol', 'bite.sol']
1,['flop.sol', 'join.sol', 'frob.sol', 'flap.t.sol', 'heal.sol', 'drip.t.sol', 'flap.sol', 'drip.sol', 'frob.t.sol', 'tune.sol']
2,['flop.sol', 'join.sol', 'frob.sol', 'flap.t.sol', 'heal.sol', 'drip.t.sol', 'flap.sol', 'drip.sol', 'frob.t.sol', 'bite.sol']
1,['flop.sol', 'join.sol', 'frob.sol', 'flap.t.sol', 'heal.sol', 'drip.t.sol', 'flap.sol', 'drip.sol', 'tune.sol', 'bite.sol']
1,['flop.sol', 'join.sol', 'frob.sol', 'flap.t.sol', 'heal.sol', 'drip.t.sol', 'flap.sol', 'frob.t.sol', 'tune.sol', 'bite.sol']
1,['flop.sol', 'join.sol', 'frob.sol', 'flap.t.sol', 'heal.sol', 'drip.t.sol', 'drip.sol', 'frob.t.sol', 'tune.sol', 'bite.sol']
2,['flop.sol', 'join.sol', 'frob.sol', 'flap.t.sol', 'heal.sol', 'heal.t.sol', 'flap.sol', 'drip.sol', 'frob.t.sol', 'tune.sol']
2,['flop.sol', 'join.sol', 'frob.sol', 'flap.t.sol', 'heal.sol', 'heal.t.sol', 'flap.sol', 'drip.sol', 'frob.t.sol', 'bite.sol']
2,['flop.sol', 'join.sol', 'frob.sol', 'flap.t.sol', 'heal.sol', 'heal.t.sol', 'flap.sol', 'drip.sol', 'tune.sol', 'bite.sol']
2,['flop.sol', 'join.sol', 'frob.sol', 'flap.t.sol', 'heal.sol', 'heal.t.sol', 'flap.sol', 'frob.t.sol', 'tune.sol', 'bite.sol']
2,['flop.sol', 'join.sol', 'frob.sol', 'flap.t.sol', 'heal.sol', 'heal.t.sol', 'drip.sol', 'frob.t.sol', 'tune.sol', 'bite.sol']
2,['flop.sol', 'join.sol', 'frob.sol', 'flap.t.sol', 'heal.sol', 'flap.sol', 'drip.sol', 'frob.t.sol', 'tune.sol', 'bite.sol']
1,['flop.sol', 'join.sol', 'frob.sol', 'flap.t.sol', 'drip.t.sol', 'heal.t.sol', 'flap.sol', 'drip.sol', 'frob.t.sol', 'tune.sol']
1,['flop.sol', 'join.sol', 'frob.sol', 'flap.t.sol', 'drip.t.sol', 'heal.t.sol', 'flap.sol', 'drip.sol', 'frob.t.sol', 'bite.sol']
1,['flop.sol', 'join.sol', 'frob.sol', 'flap.t.sol', 'drip.t.sol', 'heal.t.sol', 'flap.sol', 'drip.sol', 'tune.sol', 'bite.sol']
1,['flop.sol', 'join.sol', 'frob.sol', 'flap.t.sol', 'drip.t.sol', 'heal.t.sol', 'flap.sol', 'frob.t.sol', 'tune.sol', 'bite.sol']
1,['flop.sol', 'join.sol', 'frob.sol', 'flap.t.sol', 'drip.t.sol', 'heal.t.sol', 'drip.sol', 'frob.t.sol', 'tune.sol', 'bite.sol']
2,['flop.sol', 'join.sol', 'frob.sol', 'flap.t.sol', 'drip.t.sol', 'flap.sol', 'drip.sol', 'frob.t.sol', 'tune.sol', 'bite.sol']
2,['flop.sol', 'join.sol', 'frob.sol', 'flap.t.sol', 'heal.t.sol', 'flap.sol', 'drip.sol', 'frob.t.sol', 'tune.sol', 'bite.sol']
1,['flop.sol', 'join.sol', 'frob.sol', 'heal.sol', 'drip.t.sol', 'heal.t.sol', 'flap.sol', 'drip.sol', 'frob.t.sol', 'tune.sol']
1,['flop.sol', 'join.sol', 'frob.sol', 'heal.sol', 'drip.t.sol', 'heal.t.sol', 'flap.sol', 'drip.sol', 'frob.t.sol', 'bite.sol']
1,['flop.sol', 'join.sol', 'frob.sol', 'heal.sol', 'drip.t.sol', 'heal.t.sol', 'flap.sol', 'drip.sol', 'tune.sol', 'bite.sol']
1,['flop.sol', 'join.sol', 'frob.sol', 'heal.sol', 'drip.t.sol', 'heal.t.sol', 'flap.sol', 'frob.t.sol', 'tune.sol', 'bite.sol']
1,['flop.sol', 'join.sol', 'frob.sol', 'heal.sol', 'drip.t.sol', 'heal.t.sol', 'drip.sol', 'frob.t.sol', 'tune.sol', 'bite.sol']
1,['flop.sol', 'join.sol', 'frob.sol', 'heal.sol', 'drip.t.sol', 'flap.sol', 'drip.sol', 'frob.t.sol', 'tune.sol', 'bite.sol']
2,['flop.sol', 'join.sol', 'frob.sol', 'heal.sol', 'heal.t.sol', 'flap.sol', 'drip.sol', 'frob.t.sol', 'tune.sol', 'bite.sol']
1,['flop.sol', 'join.sol', 'frob.sol', 'drip.t.sol', 'heal.t.sol', 'flap.sol', 'drip.sol', 'frob.t.sol', 'tune.sol', 'bite.sol']
2,['flop.sol', 'join.sol', 'flip.t.sol', 'move.sol', 'flop.t.sol', 'flap.t.sol', 'heal.sol', 'drip.t.sol', 'heal.t.sol', 'flap.sol']
2,['flop.sol', 'join.sol', 'flip.t.sol', 'move.sol', 'flop.t.sol', 'flap.t.sol', 'heal.sol', 'drip.t.sol', 'heal.t.sol', 'drip.sol']
2,['flop.sol', 'join.sol', 'flip.t.sol', 'move.sol', 'flop.t.sol', 'flap.t.sol', 'heal.sol', 'drip.t.sol', 'heal.t.sol', 'frob.t.sol']
1,['flop.sol', 'join.sol', 'flip.t.sol', 'move.sol', 'flop.t.sol', 'flap.t.sol', 'heal.sol', 'drip.t.sol', 'heal.t.sol', 'tune.sol']
2,['flop.sol', 'join.sol', 'flip.t.sol', 'move.sol', 'flop.t.sol', 'flap.t.sol', 'heal.sol', 'drip.t.sol', 'heal.t.sol', 'bite.sol']
3,['flop.sol', 'join.sol', 'flip.t.sol', 'move.sol', 'flop.t.sol', 'flap.t.sol', 'heal.sol', 'drip.t.sol', 'flap.sol', 'drip.sol']
2,['flop.sol', 'join.sol', 'flip.t.sol', 'move.sol', 'flop.t.sol', 'flap.t.sol', 'heal.sol', 'drip.t.sol', 'flap.sol', 'frob.t.sol']
1,['flop.sol', 'join.sol', 'flip.t.sol', 'move.sol', 'flop.t.sol', 'flap.t.sol', 'heal.sol', 'drip.t.sol', 'flap.sol', 'tune.sol']
1,['flop.sol', 'join.sol', 'flip.t.sol', 'move.sol', 'flop.t.sol', 'flap.t.sol', 'heal.sol', 'drip.t.sol', 'flap.sol', 'bite.sol']
2,['flop.sol', 'join.sol', 'flip.t.sol', 'move.sol', 'flop.t.sol', 'flap.t.sol', 'heal.sol', 'drip.t.sol', 'drip.sol', 'frob.t.sol']
3,['flop.sol', 'join.sol', 'flip.t.sol', 'move.sol', 'flop.t.sol', 'flap.t.sol', 'heal.sol', 'drip.t.sol', 'drip.sol', 'tune.sol']
1,['flop.sol', 'join.sol', 'flip.t.sol', 'move.sol', 'flop.t.sol', 'flap.t.sol', 'heal.sol', 'drip.t.sol', 'drip.sol', 'bite.sol']
2,['flop.sol', 'join.sol', 'flip.t.sol', 'move.sol', 'flop.t.sol', 'flap.t.sol', 'heal.sol', 'drip.t.sol', 'frob.t.sol', 'tune.sol']
2,['flop.sol', 'join.sol', 'flip.t.sol', 'move.sol', 'flop.t.sol', 'flap.t.sol', 'heal.sol', 'drip.t.sol', 'frob.t.sol', 'bite.sol']
1,['flop.sol', 'join.sol', 'flip.t.sol', 'move.sol', 'flop.t.sol', 'flap.t.sol', 'heal.sol', 'drip.t.sol', 'tune.sol', 'bite.sol']
3,['flop.sol', 'join.sol', 'flip.t.sol', 'move.sol', 'flop.t.sol', 'flap.t.sol', 'heal.sol', 'heal.t.sol', 'flap.sol', 'drip.sol']
2,['flop.sol', 'join.sol', 'flip.t.sol', 'move.sol', 'flop.t.sol', 'flap.t.sol', 'heal.sol', 'heal.t.sol', 'flap.sol', 'frob.t.sol']
3,['flop.sol', 'join.sol', 'flip.t.sol', 'move.sol', 'flop.t.sol', 'flap.t.sol', 'heal.sol', 'heal.t.sol', 'flap.sol', 'tune.sol']
3,['flop.sol', 'join.sol', 'flip.t.sol', 'move.sol', 'flop.t.sol', 'flap.t.sol', 'heal.sol', 'heal.t.sol', 'flap.sol', 'bite.sol']
2,['flop.sol', 'join.sol', 'flip.t.sol', 'move.sol', 'flop.t.sol', 'flap.t.sol', 'heal.sol', 'heal.t.sol', 'drip.sol', 'frob.t.sol']
2,['flop.sol', 'join.sol', 'flip.t.sol', 'move.sol', 'flop.t.sol', 'flap.t.sol', 'heal.sol', 'heal.t.sol', 'drip.sol', 'tune.sol']
3,['flop.sol', 'join.sol', 'flip.t.sol', 'move.sol', 'flop.t.sol', 'flap.t.sol', 'heal.sol', 'heal.t.sol', 'drip.sol', 'bite.sol']
2,['flop.sol', 'join.sol', 'flip.t.sol', 'move.sol', 'flop.t.sol', 'flap.t.sol', 'heal.sol', 'heal.t.sol', 'frob.t.sol', 'tune.sol']
2,['flop.sol', 'join.sol', 'flip.t.sol', 'move.sol', 'flop.t.sol', 'flap.t.sol', 'heal.sol', 'heal.t.sol', 'frob.t.sol', 'bite.sol']
2,['flop.sol', 'join.sol', 'flip.t.sol', 'move.sol', 'flop.t.sol', 'flap.t.sol', 'heal.sol', 'heal.t.sol', 'tune.sol', 'bite.sol']
3,['flop.sol', 'join.sol', 'flip.t.sol', 'move.sol', 'flop.t.sol', 'flap.t.sol', 'heal.sol', 'flap.sol', 'drip.sol', 'frob.t.sol']
1,['flop.sol', 'join.sol', 'flip.t.sol', 'move.sol', 'flop.t.sol', 'flap.t.sol', 'heal.sol', 'flap.sol', 'drip.sol', 'tune.sol']
2,['flop.sol', 'join.sol', 'flip.t.sol', 'move.sol', 'flop.t.sol', 'flap.t.sol', 'heal.sol', 'flap.sol', 'drip.sol', 'bite.sol']
3,['flop.sol', 'join.sol', 'flip.t.sol', 'move.sol', 'flop.t.sol', 'flap.t.sol', 'heal.sol', 'flap.sol', 'frob.t.sol', 'tune.sol']
3,['flop.sol', 'join.sol', 'flip.t.sol', 'move.sol', 'flop.t.sol', 'flap.t.sol', 'heal.sol', 'flap.sol', 'frob.t.sol', 'bite.sol']
1,['flop.sol', 'join.sol', 'flip.t.sol', 'move.sol', 'flop.t.sol', 'flap.t.sol', 'heal.sol', 'flap.sol', 'tune.sol', 'bite.sol']
2,['flop.sol', 'join.sol', 'flip.t.sol', 'move.sol', 'flop.t.sol', 'flap.t.sol', 'heal.sol', 'drip.sol', 'frob.t.sol', 'tune.sol']
2,['flop.sol', 'join.sol', 'flip.t.sol', 'move.sol', 'flop.t.sol', 'flap.t.sol', 'heal.sol', 'drip.sol', 'frob.t.sol', 'bite.sol']
1,['flop.sol', 'join.sol', 'flip.t.sol', 'move.sol', 'flop.t.sol', 'flap.t.sol', 'heal.sol', 'drip.sol', 'tune.sol', 'bite.sol']
2,['flop.sol', 'join.sol', 'flip.t.sol', 'move.sol', 'flop.t.sol', 'flap.t.sol', 'heal.sol', 'frob.t.sol', 'tune.sol', 'bite.sol']
3,['flop.sol', 'join.sol', 'flip.t.sol', 'move.sol', 'flop.t.sol', 'flap.t.sol', 'drip.t.sol', 'heal.t.sol', 'flap.sol', 'drip.sol']
2,['flop.sol', 'join.sol', 'flip.t.sol', 'move.sol', 'flop.t.sol', 'flap.t.sol', 'drip.t.sol', 'heal.t.sol', 'flap.sol', 'frob.t.sol']
2,['flop.sol', 'join.sol', 'flip.t.sol', 'move.sol', 'flop.t.sol', 'flap.t.sol', 'drip.t.sol', 'heal.t.sol', 'flap.sol', 'tune.sol']
3,['flop.sol', 'join.sol', 'flip.t.sol', 'move.sol', 'flop.t.sol', 'flap.t.sol', 'drip.t.sol', 'heal.t.sol', 'flap.sol', 'bite.sol']
2,['flop.sol', 'join.sol', 'flip.t.sol', 'move.sol', 'flop.t.sol', 'flap.t.sol', 'drip.t.sol', 'heal.t.sol', 'drip.sol', 'frob.t.sol']
2,['flop.sol', 'join.sol', 'flip.t.sol', 'move.sol', 'flop.t.sol', 'flap.t.sol', 'drip.t.sol', 'heal.t.sol', 'drip.sol', 'tune.sol']
1,['flop.sol', 'join.sol', 'flip.t.sol', 'move.sol', 'flop.t.sol', 'flap.t.sol', 'drip.t.sol', 'heal.t.sol', 'drip.sol', 'bite.sol']
2,['flop.sol', 'join.sol', 'flip.t.sol', 'move.sol', 'flop.t.sol', 'flap.t.sol', 'drip.t.sol', 'heal.t.sol', 'frob.t.sol', 'tune.sol']
2,['flop.sol', 'join.sol', 'flip.t.sol', 'move.sol', 'flop.t.sol', 'flap.t.sol', 'drip.t.sol', 'heal.t.sol', 'frob.t.sol', 'bite.sol']
2,['flop.sol', 'join.sol', 'flip.t.sol', 'move.sol', 'flop.t.sol', 'flap.t.sol', 'drip.t.sol', 'heal.t.sol', 'tune.sol', 'bite.sol']
2,['flop.sol', 'join.sol', 'flip.t.sol', 'move.sol', 'flop.t.sol', 'flap.t.sol', 'drip.t.sol', 'flap.sol', 'drip.sol', 'frob.t.sol']
1,['flop.sol', 'join.sol', 'flip.t.sol', 'move.sol', 'flop.t.sol', 'flap.t.sol', 'drip.t.sol', 'flap.sol', 'drip.sol', 'tune.sol']
3,['flop.sol', 'join.sol', 'flip.t.sol', 'move.sol', 'flop.t.sol', 'flap.t.sol', 'drip.t.sol', 'flap.sol', 'drip.sol', 'bite.sol']
2,['flop.sol', 'join.sol', 'flip.t.sol', 'move.sol', 'flop.t.sol', 'flap.t.sol', 'drip.t.sol', 'flap.sol', 'frob.t.sol', 'tune.sol']
2,['flop.sol', 'join.sol', 'flip.t.sol', 'move.sol', 'flop.t.sol', 'flap.t.sol', 'drip.t.sol', 'flap.sol', 'frob.t.sol', 'bite.sol']
1,['flop.sol', 'join.sol', 'flip.t.sol', 'move.sol', 'flop.t.sol', 'flap.t.sol', 'drip.t.sol', 'flap.sol', 'tune.sol', 'bite.sol']
2,['flop.sol', 'join.sol', 'flip.t.sol', 'move.sol', 'flop.t.sol', 'flap.t.sol', 'drip.t.sol', 'drip.sol', 'frob.t.sol', 'tune.sol']
2,['flop.sol', 'join.sol', 'flip.t.sol', 'move.sol', 'flop.t.sol', 'flap.t.sol', 'drip.t.sol', 'drip.sol', 'frob.t.sol', 'bite.sol']
3,['flop.sol', 'join.sol', 'flip.t.sol', 'move.sol', 'flop.t.sol', 'flap.t.sol', 'drip.t.sol', 'drip.sol', 'tune.sol', 'bite.sol']
2,['flop.sol', 'join.sol', 'flip.t.sol', 'move.sol', 'flop.t.sol', 'flap.t.sol', 'drip.t.sol', 'frob.t.sol', 'tune.sol', 'bite.sol']
3,['flop.sol', 'join.sol', 'flip.t.sol', 'move.sol', 'flop.t.sol', 'flap.t.sol', 'heal.t.sol', 'flap.sol', 'drip.sol', 'frob.t.sol']
2,['flop.sol', 'join.sol', 'flip.t.sol', 'move.sol', 'flop.t.sol', 'flap.t.sol', 'heal.t.sol', 'flap.sol', 'drip.sol', 'tune.sol']
3,['flop.sol', 'join.sol', 'flip.t.sol', 'move.sol', 'flop.t.sol', 'flap.t.sol', 'heal.t.sol', 'flap.sol', 'drip.sol', 'bite.sol']
3,['flop.sol', 'join.sol', 'flip.t.sol', 'move.sol', 'flop.t.sol', 'flap.t.sol', 'heal.t.sol', 'flap.sol', 'frob.t.sol', 'tune.sol']
2,['flop.sol', 'join.sol', 'flip.t.sol', 'move.sol', 'flop.t.sol', 'flap.t.sol', 'heal.t.sol', 'flap.sol', 'frob.t.sol', 'bite.sol']
2,['flop.sol', 'join.sol', 'flip.t.sol', 'move.sol', 'flop.t.sol', 'flap.t.sol', 'heal.t.sol', 'flap.sol', 'tune.sol', 'bite.sol']
2,['flop.sol', 'join.sol', 'flip.t.sol', 'move.sol', 'flop.t.sol', 'flap.t.sol', 'heal.t.sol', 'drip.sol', 'frob.t.sol', 'tune.sol']
2,['flop.sol', 'join.sol', 'flip.t.sol', 'move.sol', 'flop.t.sol', 'flap.t.sol', 'heal.t.sol', 'drip.sol', 'frob.t.sol', 'bite.sol']
2,['flop.sol', 'join.sol', 'flip.t.sol', 'move.sol', 'flop.t.sol', 'flap.t.sol', 'heal.t.sol', 'drip.sol', 'tune.sol', 'bite.sol']
2,['flop.sol', 'join.sol', 'flip.t.sol', 'move.sol', 'flop.t.sol', 'flap.t.sol', 'heal.t.sol', 'frob.t.sol', 'tune.sol', 'bite.sol']
3,['flop.sol', 'join.sol', 'flip.t.sol', 'move.sol', 'flop.t.sol', 'flap.t.sol', 'flap.sol', 'drip.sol', 'frob.t.sol', 'tune.sol']
3,['flop.sol', 'join.sol', 'flip.t.sol', 'move.sol', 'flop.t.sol', 'flap.t.sol', 'flap.sol', 'drip.sol', 'frob.t.sol', 'bite.sol']
1,['flop.sol', 'join.sol', 'flip.t.sol', 'move.sol', 'flop.t.sol', 'flap.t.sol', 'flap.sol', 'drip.sol', 'tune.sol', 'bite.sol']
3,['flop.sol', 'join.sol', 'flip.t.sol', 'move.sol', 'flop.t.sol', 'flap.t.sol', 'flap.sol', 'frob.t.sol', 'tune.sol', 'bite.sol']
2,['flop.sol', 'join.sol', 'flip.t.sol', 'move.sol', 'flop.t.sol', 'flap.t.sol', 'drip.sol', 'frob.t.sol', 'tune.sol', 'bite.sol']
2,['flop.sol', 'join.sol', 'flip.t.sol', 'move.sol', 'flop.t.sol', 'heal.sol', 'drip.t.sol', 'heal.t.sol', 'flap.sol', 'drip.sol']
2,['flop.sol', 'join.sol', 'flip.t.sol', 'move.sol', 'flop.t.sol', 'heal.sol', 'drip.t.sol', 'heal.t.sol', 'flap.sol', 'frob.t.sol']
1,['flop.sol', 'join.sol', 'flip.t.sol', 'move.sol', 'flop.t.sol', 'heal.sol', 'drip.t.sol', 'heal.t.sol', 'flap.sol', 'tune.sol']
1,['flop.sol', 'join.sol', 'flip.t.sol', 'move.sol', 'flop.t.sol', 'heal.sol', 'drip.t.sol', 'heal.t.sol', 'flap.sol', 'bite.sol']
2,['flop.sol', 'join.sol', 'flip.t.sol', 'move.sol', 'flop.t.sol', 'heal.sol', 'drip.t.sol', 'heal.t.sol', 'drip.sol', 'frob.t.sol']
1,['flop.sol', 'join.sol', 'flip.t.sol', 'move.sol', 'flop.t.sol', 'heal.sol', 'drip.t.sol', 'heal.t.sol', 'drip.sol', 'tune.sol']
1,['flop.sol', 'join.sol', 'flip.t.sol', 'move.sol', 'flop.t.sol', 'heal.sol', 'drip.t.sol', 'heal.t.sol', 'drip.sol', 'bite.sol']
2,['flop.sol', 'join.sol', 'flip.t.sol', 'move.sol', 'flop.t.sol', 'heal.sol', 'drip.t.sol', 'heal.t.sol', 'frob.t.sol', 'tune.sol']
2,['flop.sol', 'join.sol', 'flip.t.sol', 'move.sol', 'flop.t.sol', 'heal.sol', 'drip.t.sol', 'heal.t.sol', 'frob.t.sol', 'bite.sol']
1,['flop.sol', 'join.sol', 'flip.t.sol', 'move.sol', 'flop.t.sol', 'heal.sol', 'drip.t.sol', 'heal.t.sol', 'tune.sol', 'bite.sol']
2,['flop.sol', 'join.sol', 'flip.t.sol', 'move.sol', 'flop.t.sol', 'heal.sol', 'drip.t.sol', 'flap.sol', 'drip.sol', 'frob.t.sol']
1,['flop.sol', 'join.sol', 'flip.t.sol', 'move.sol', 'flop.t.sol', 'heal.sol', 'drip.t.sol', 'flap.sol', 'drip.sol', 'tune.sol']
2,['flop.sol', 'join.sol', 'flip.t.sol', 'move.sol', 'flop.t.sol', 'heal.sol', 'drip.t.sol', 'flap.sol', 'drip.sol', 'bite.sol']
3,['flop.sol', 'join.sol', 'flip.t.sol', 'move.sol', 'flop.t.sol', 'heal.sol', 'drip.t.sol', 'flap.sol', 'frob.t.sol', 'tune.sol']
2,['flop.sol', 'join.sol', 'flip.t.sol', 'move.sol', 'flop.t.sol', 'heal.sol', 'drip.t.sol', 'flap.sol', 'frob.t.sol', 'bite.sol']
1,['flop.sol', 'join.sol', 'flip.t.sol', 'move.sol', 'flop.t.sol', 'heal.sol', 'drip.t.sol', 'flap.sol', 'tune.sol', 'bite.sol']
1,['flop.sol', 'join.sol', 'flip.t.sol', 'move.sol', 'flop.t.sol', 'heal.sol', 'drip.t.sol', 'drip.sol', 'frob.t.sol', 'tune.sol']
2,['flop.sol', 'join.sol', 'flip.t.sol', 'move.sol', 'flop.t.sol', 'heal.sol', 'drip.t.sol', 'drip.sol', 'frob.t.sol', 'bite.sol']
3,['flop.sol', 'join.sol', 'flip.t.sol', 'move.sol', 'flop.t.sol', 'heal.sol', 'drip.t.sol', 'drip.sol', 'tune.sol', 'bite.sol']
1,['flop.sol', 'join.sol', 'flip.t.sol', 'move.sol', 'flop.t.sol', 'heal.sol', 'drip.t.sol', 'frob.t.sol', 'tune.sol', 'bite.sol']
2,['flop.sol', 'join.sol', 'flip.t.sol', 'move.sol', 'flop.t.sol', 'heal.sol', 'heal.t.sol', 'flap.sol', 'drip.sol', 'frob.t.sol']
2,['flop.sol', 'join.sol', 'flip.t.sol', 'move.sol', 'flop.t.sol', 'heal.sol', 'heal.t.sol', 'flap.sol', 'drip.sol', 'tune.sol']
3,['flop.sol', 'join.sol', 'flip.t.sol', 'move.sol', 'flop.t.sol', 'heal.sol', 'heal.t.sol', 'flap.sol', 'drip.sol', 'bite.sol']
2,['flop.sol', 'join.sol', 'flip.t.sol', 'move.sol', 'flop.t.sol', 'heal.sol', 'heal.t.sol', 'flap.sol', 'frob.t.sol', 'tune.sol']
2,['flop.sol', 'join.sol', 'flip.t.sol', 'move.sol', 'flop.t.sol', 'heal.sol', 'heal.t.sol', 'flap.sol', 'frob.t.sol', 'bite.sol']
2,['flop.sol', 'join.sol', 'flip.t.sol', 'move.sol', 'flop.t.sol', 'heal.sol', 'heal.t.sol', 'flap.sol', 'tune.sol', 'bite.sol']
2,['flop.sol', 'join.sol', 'flip.t.sol', 'move.sol', 'flop.t.sol', 'heal.sol', 'heal.t.sol', 'drip.sol', 'frob.t.sol', 'tune.sol']
2,['flop.sol', 'join.sol', 'flip.t.sol', 'move.sol', 'flop.t.sol', 'heal.sol', 'heal.t.sol', 'drip.sol', 'frob.t.sol', 'bite.sol']
2,['flop.sol', 'join.sol', 'flip.t.sol', 'move.sol', 'flop.t.sol', 'heal.sol', 'heal.t.sol', 'drip.sol', 'tune.sol', 'bite.sol']
2,['flop.sol', 'join.sol', 'flip.t.sol', 'move.sol', 'flop.t.sol', 'heal.sol', 'heal.t.sol', 'frob.t.sol', 'tune.sol', 'bite.sol']
3,['flop.sol', 'join.sol', 'flip.t.sol', 'move.sol', 'flop.t.sol', 'heal.sol', 'flap.sol', 'drip.sol', 'frob.t.sol', 'tune.sol']
2,['flop.sol', 'join.sol', 'flip.t.sol', 'move.sol', 'flop.t.sol', 'heal.sol', 'flap.sol', 'drip.sol', 'frob.t.sol', 'bite.sol']
1,['flop.sol', 'join.sol', 'flip.t.sol', 'move.sol', 'flop.t.sol', 'heal.sol', 'flap.sol', 'drip.sol', 'tune.sol', 'bite.sol']
2,['flop.sol', 'join.sol', 'flip.t.sol', 'move.sol', 'flop.t.sol', 'heal.sol', 'flap.sol', 'frob.t.sol', 'tune.sol', 'bite.sol']
2,['flop.sol', 'join.sol', 'flip.t.sol', 'move.sol', 'flop.t.sol', 'heal.sol', 'drip.sol', 'frob.t.sol', 'tune.sol', 'bite.sol']
2,['flop.sol', 'join.sol', 'flip.t.sol', 'move.sol', 'flop.t.sol', 'drip.t.sol', 'heal.t.sol', 'flap.sol', 'drip.sol', 'frob.t.sol']
2,['flop.sol', 'join.sol', 'flip.t.sol', 'move.sol', 'flop.t.sol', 'drip.t.sol', 'heal.t.sol', 'flap.sol', 'drip.sol', 'tune.sol']
1,['flop.sol', 'join.sol', 'flip.t.sol', 'move.sol', 'flop.t.sol', 'drip.t.sol', 'heal.t.sol', 'flap.sol', 'drip.sol', 'bite.sol']
2,['flop.sol', 'join.sol', 'flip.t.sol', 'move.sol', 'flop.t.sol', 'drip.t.sol', 'heal.t.sol', 'flap.sol', 'frob.t.sol', 'tune.sol']
2,['flop.sol', 'join.sol', 'flip.t.sol', 'move.sol', 'flop.t.sol', 'drip.t.sol', 'heal.t.sol', 'flap.sol', 'frob.t.sol', 'bite.sol']
2,['flop.sol', 'join.sol', 'flip.t.sol', 'move.sol', 'flop.t.sol', 'drip.t.sol', 'heal.t.sol', 'flap.sol', 'tune.sol', 'bite.sol']
2,['flop.sol', 'join.sol', 'flip.t.sol', 'move.sol', 'flop.t.sol', 'drip.t.sol', 'heal.t.sol', 'drip.sol', 'frob.t.sol', 'tune.sol']
2,['flop.sol', 'join.sol', 'flip.t.sol', 'move.sol', 'flop.t.sol', 'drip.t.sol', 'heal.t.sol', 'drip.sol', 'frob.t.sol', 'bite.sol']
2,['flop.sol', 'join.sol', 'flip.t.sol', 'move.sol', 'flop.t.sol', 'drip.t.sol', 'heal.t.sol', 'drip.sol', 'tune.sol', 'bite.sol']
1,['flop.sol', 'join.sol', 'flip.t.sol', 'move.sol', 'flop.t.sol', 'drip.t.sol', 'heal.t.sol', 'frob.t.sol', 'tune.sol', 'bite.sol']
2,['flop.sol', 'join.sol', 'flip.t.sol', 'move.sol', 'flop.t.sol', 'drip.t.sol', 'flap.sol', 'drip.sol', 'frob.t.sol', 'tune.sol']
3,['flop.sol', 'join.sol', 'flip.t.sol', 'move.sol', 'flop.t.sol', 'drip.t.sol', 'flap.sol', 'drip.sol', 'frob.t.sol', 'bite.sol']
3,['flop.sol', 'join.sol', 'flip.t.sol', 'move.sol', 'flop.t.sol', 'drip.t.sol', 'flap.sol', 'drip.sol', 'tune.sol', 'bite.sol']
2,['flop.sol', 'join.sol', 'flip.t.sol', 'move.sol', 'flop.t.sol', 'drip.t.sol', 'flap.sol', 'frob.t.sol', 'tune.sol', 'bite.sol']
2,['flop.sol', 'join.sol', 'flip.t.sol', 'move.sol', 'flop.t.sol', 'drip.t.sol', 'drip.sol', 'frob.t.sol', 'tune.sol', 'bite.sol']
3,['flop.sol', 'join.sol', 'flip.t.sol', 'move.sol', 'flop.t.sol', 'heal.t.sol', 'flap.sol', 'drip.sol', 'frob.t.sol', 'tune.sol']
2,['flop.sol', 'join.sol', 'flip.t.sol', 'move.sol', 'flop.t.sol', 'heal.t.sol', 'flap.sol', 'drip.sol', 'frob.t.sol', 'bite.sol']
2,['flop.sol', 'join.sol', 'flip.t.sol', 'move.sol', 'flop.t.sol', 'heal.t.sol', 'flap.sol', 'drip.sol', 'tune.sol', 'bite.sol']
3,['flop.sol', 'join.sol', 'flip.t.sol', 'move.sol', 'flop.t.sol', 'heal.t.sol', 'flap.sol', 'frob.t.sol', 'tune.sol', 'bite.sol']
2,['flop.sol', 'join.sol', 'flip.t.sol', 'move.sol', 'flop.t.sol', 'heal.t.sol', 'drip.sol', 'frob.t.sol', 'tune.sol', 'bite.sol']
2,['flop.sol', 'join.sol', 'flip.t.sol', 'move.sol', 'flop.t.sol', 'flap.sol', 'drip.sol', 'frob.t.sol', 'tune.sol', 'bite.sol']
2,['flop.sol', 'join.sol', 'flip.t.sol', 'move.sol', 'flap.t.sol', 'heal.sol', 'drip.t.sol', 'heal.t.sol', 'flap.sol', 'drip.sol']
2,['flop.sol', 'join.sol', 'flip.t.sol', 'move.sol', 'flap.t.sol', 'heal.sol', 'drip.t.sol', 'heal.t.sol', 'flap.sol', 'frob.t.sol']
1,['flop.sol', 'join.sol', 'flip.t.sol', 'move.sol', 'flap.t.sol', 'heal.sol', 'drip.t.sol', 'heal.t.sol', 'flap.sol', 'tune.sol']
1,['flop.sol', 'join.sol', 'flip.t.sol', 'move.sol', 'flap.t.sol', 'heal.sol', 'drip.t.sol', 'heal.t.sol', 'flap.sol', 'bite.sol']
2,['flop.sol', 'join.sol', 'flip.t.sol', 'move.sol', 'flap.t.sol', 'heal.sol', 'drip.t.sol', 'heal.t.sol', 'drip.sol', 'frob.t.sol']
1,['flop.sol', 'join.sol', 'flip.t.sol', 'move.sol', 'flap.t.sol', 'heal.sol', 'drip.t.sol', 'heal.t.sol', 'drip.sol', 'tune.sol']
1,['flop.sol', 'join.sol', 'flip.t.sol', 'move.sol', 'flap.t.sol', 'heal.sol', 'drip.t.sol', 'heal.t.sol', 'drip.sol', 'bite.sol']
2,['flop.sol', 'join.sol', 'flip.t.sol', 'move.sol', 'flap.t.sol', 'heal.sol', 'drip.t.sol', 'heal.t.sol', 'frob.t.sol', 'tune.sol']
2,['flop.sol', 'join.sol', 'flip.t.sol', 'move.sol', 'flap.t.sol', 'heal.sol', 'drip.t.sol', 'heal.t.sol', 'frob.t.sol', 'bite.sol']
1,['flop.sol', 'join.sol', 'flip.t.sol', 'move.sol', 'flap.t.sol', 'heal.sol', 'drip.t.sol', 'heal.t.sol', 'tune.sol', 'bite.sol']
2,['flop.sol', 'join.sol', 'flip.t.sol', 'move.sol', 'flap.t.sol', 'heal.sol', 'drip.t.sol', 'flap.sol', 'drip.sol', 'frob.t.sol']
1,['flop.sol', 'join.sol', 'flip.t.sol', 'move.sol', 'flap.t.sol', 'heal.sol', 'drip.t.sol', 'flap.sol', 'drip.sol', 'tune.sol']
2,['flop.sol', 'join.sol', 'flip.t.sol', 'move.sol', 'flap.t.sol', 'heal.sol', 'drip.t.sol', 'flap.sol', 'drip.sol', 'bite.sol']
3,['flop.sol', 'join.sol', 'flip.t.sol', 'move.sol', 'flap.t.sol', 'heal.sol', 'drip.t.sol', 'flap.sol', 'frob.t.sol', 'tune.sol']
2,['flop.sol', 'join.sol', 'flip.t.sol', 'move.sol', 'flap.t.sol', 'heal.sol', 'drip.t.sol', 'flap.sol', 'frob.t.sol', 'bite.sol']
1,['flop.sol', 'join.sol', 'flip.t.sol', 'move.sol', 'flap.t.sol', 'heal.sol', 'drip.t.sol', 'flap.sol', 'tune.sol', 'bite.sol']
1,['flop.sol', 'join.sol', 'flip.t.sol', 'move.sol', 'flap.t.sol', 'heal.sol', 'drip.t.sol', 'drip.sol', 'frob.t.sol', 'tune.sol']
2,['flop.sol', 'join.sol', 'flip.t.sol', 'move.sol', 'flap.t.sol', 'heal.sol', 'drip.t.sol', 'drip.sol', 'frob.t.sol', 'bite.sol']
3,['flop.sol', 'join.sol', 'flip.t.sol', 'move.sol', 'flap.t.sol', 'heal.sol', 'drip.t.sol', 'drip.sol', 'tune.sol', 'bite.sol']
1,['flop.sol', 'join.sol', 'flip.t.sol', 'move.sol', 'flap.t.sol', 'heal.sol', 'drip.t.sol', 'frob.t.sol', 'tune.sol', 'bite.sol']
2,['flop.sol', 'join.sol', 'flip.t.sol', 'move.sol', 'flap.t.sol', 'heal.sol', 'heal.t.sol', 'flap.sol', 'drip.sol', 'frob.t.sol']
2,['flop.sol', 'join.sol', 'flip.t.sol', 'move.sol', 'flap.t.sol', 'heal.sol', 'heal.t.sol', 'flap.sol', 'drip.sol', 'tune.sol']
3,['flop.sol', 'join.sol', 'flip.t.sol', 'move.sol', 'flap.t.sol', 'heal.sol', 'heal.t.sol', 'flap.sol', 'drip.sol', 'bite.sol']
2,['flop.sol', 'join.sol', 'flip.t.sol', 'move.sol', 'flap.t.sol', 'heal.sol', 'heal.t.sol', 'flap.sol', 'frob.t.sol', 'tune.sol']
2,['flop.sol', 'join.sol', 'flip.t.sol', 'move.sol', 'flap.t.sol', 'heal.sol', 'heal.t.sol', 'flap.sol', 'frob.t.sol', 'bite.sol']
2,['flop.sol', 'join.sol', 'flip.t.sol', 'move.sol', 'flap.t.sol', 'heal.sol', 'heal.t.sol', 'flap.sol', 'tune.sol', 'bite.sol']
2,['flop.sol', 'join.sol', 'flip.t.sol', 'move.sol', 'flap.t.sol', 'heal.sol', 'heal.t.sol', 'drip.sol', 'frob.t.sol', 'tune.sol']
2,['flop.sol', 'join.sol', 'flip.t.sol', 'move.sol', 'flap.t.sol', 'heal.sol', 'heal.t.sol', 'drip.sol', 'frob.t.sol', 'bite.sol']
2,['flop.sol', 'join.sol', 'flip.t.sol', 'move.sol', 'flap.t.sol', 'heal.sol', 'heal.t.sol', 'drip.sol', 'tune.sol', 'bite.sol']
2,['flop.sol', 'join.sol', 'flip.t.sol', 'move.sol', 'flap.t.sol', 'heal.sol', 'heal.t.sol', 'frob.t.sol', 'tune.sol', 'bite.sol']
3,['flop.sol', 'join.sol', 'flip.t.sol', 'move.sol', 'flap.t.sol', 'heal.sol', 'flap.sol', 'drip.sol', 'frob.t.sol', 'tune.sol']
2,['flop.sol', 'join.sol', 'flip.t.sol', 'move.sol', 'flap.t.sol', 'heal.sol', 'flap.sol', 'drip.sol', 'frob.t.sol', 'bite.sol']
1,['flop.sol', 'join.sol', 'flip.t.sol', 'move.sol', 'flap.t.sol', 'heal.sol', 'flap.sol', 'drip.sol', 'tune.sol', 'bite.sol']
2,['flop.sol', 'join.sol', 'flip.t.sol', 'move.sol', 'flap.t.sol', 'heal.sol', 'flap.sol', 'frob.t.sol', 'tune.sol', 'bite.sol']
2,['flop.sol', 'join.sol', 'flip.t.sol', 'move.sol', 'flap.t.sol', 'heal.sol', 'drip.sol', 'frob.t.sol', 'tune.sol', 'bite.sol']
2,['flop.sol', 'join.sol', 'flip.t.sol', 'move.sol', 'flap.t.sol', 'drip.t.sol', 'heal.t.sol', 'flap.sol', 'drip.sol', 'frob.t.sol']
2,['flop.sol', 'join.sol', 'flip.t.sol', 'move.sol', 'flap.t.sol', 'drip.t.sol', 'heal.t.sol', 'flap.sol', 'drip.sol', 'tune.sol']
1,['flop.sol', 'join.sol', 'flip.t.sol', 'move.sol', 'flap.t.sol', 'drip.t.sol', 'heal.t.sol', 'flap.sol', 'drip.sol', 'bite.sol']
2,['flop.sol', 'join.sol', 'flip.t.sol', 'move.sol', 'flap.t.sol', 'drip.t.sol', 'heal.t.sol', 'flap.sol', 'frob.t.sol', 'tune.sol']
2,['flop.sol', 'join.sol', 'flip.t.sol', 'move.sol', 'flap.t.sol', 'drip.t.sol', 'heal.t.sol', 'flap.sol', 'frob.t.sol', 'bite.sol']
2,['flop.sol', 'join.sol', 'flip.t.sol', 'move.sol', 'flap.t.sol', 'drip.t.sol', 'heal.t.sol', 'flap.sol', 'tune.sol', 'bite.sol']
2,['flop.sol', 'join.sol', 'flip.t.sol', 'move.sol', 'flap.t.sol', 'drip.t.sol', 'heal.t.sol', 'drip.sol', 'frob.t.sol', 'tune.sol']
2,['flop.sol', 'join.sol', 'flip.t.sol', 'move.sol', 'flap.t.sol', 'drip.t.sol', 'heal.t.sol', 'drip.sol', 'frob.t.sol', 'bite.sol']
2,['flop.sol', 'join.sol', 'flip.t.sol', 'move.sol', 'flap.t.sol', 'drip.t.sol', 'heal.t.sol', 'drip.sol', 'tune.sol', 'bite.sol']
1,['flop.sol', 'join.sol', 'flip.t.sol', 'move.sol', 'flap.t.sol', 'drip.t.sol', 'heal.t.sol', 'frob.t.sol', 'tune.sol', 'bite.sol']
2,['flop.sol', 'join.sol', 'flip.t.sol', 'move.sol', 'flap.t.sol', 'drip.t.sol', 'flap.sol', 'drip.sol', 'frob.t.sol', 'tune.sol']
3,['flop.sol', 'join.sol', 'flip.t.sol', 'move.sol', 'flap.t.sol', 'drip.t.sol', 'flap.sol', 'drip.sol', 'frob.t.sol', 'bite.sol']
1,['flop.sol', 'join.sol', 'flip.t.sol', 'move.sol', 'flap.t.sol', 'drip.t.sol', 'flap.sol', 'drip.sol', 'tune.sol', 'bite.sol']
2,['flop.sol', 'join.sol', 'flip.t.sol', 'move.sol', 'flap.t.sol', 'drip.t.sol', 'flap.sol', 'frob.t.sol', 'tune.sol', 'bite.sol']
2,['flop.sol', 'join.sol', 'flip.t.sol', 'move.sol', 'flap.t.sol', 'drip.t.sol', 'drip.sol', 'frob.t.sol', 'tune.sol', 'bite.sol']
3,['flop.sol', 'join.sol', 'flip.t.sol', 'move.sol', 'flap.t.sol', 'heal.t.sol', 'flap.sol', 'drip.sol', 'frob.t.sol', 'tune.sol']
2,['flop.sol', 'join.sol', 'flip.t.sol', 'move.sol', 'flap.t.sol', 'heal.t.sol', 'flap.sol', 'drip.sol', 'frob.t.sol', 'bite.sol']
2,['flop.sol', 'join.sol', 'flip.t.sol', 'move.sol', 'flap.t.sol', 'heal.t.sol', 'flap.sol', 'drip.sol', 'tune.sol', 'bite.sol']
2,['flop.sol', 'join.sol', 'flip.t.sol', 'move.sol', 'flap.t.sol', 'heal.t.sol', 'flap.sol', 'frob.t.sol', 'tune.sol', 'bite.sol']
2,['flop.sol', 'join.sol', 'flip.t.sol', 'move.sol', 'flap.t.sol', 'heal.t.sol', 'drip.sol', 'frob.t.sol', 'tune.sol', 'bite.sol']
2,['flop.sol', 'join.sol', 'flip.t.sol', 'move.sol', 'flap.t.sol', 'flap.sol', 'drip.sol', 'frob.t.sol', 'tune.sol', 'bite.sol']
2,['flop.sol', 'join.sol', 'flip.t.sol', 'move.sol', 'heal.sol', 'drip.t.sol', 'heal.t.sol', 'flap.sol', 'drip.sol', 'frob.t.sol']
1,['flop.sol', 'join.sol', 'flip.t.sol', 'move.sol', 'heal.sol', 'drip.t.sol', 'heal.t.sol', 'flap.sol', 'drip.sol', 'tune.sol']
1,['flop.sol', 'join.sol', 'flip.t.sol', 'move.sol', 'heal.sol', 'drip.t.sol', 'heal.t.sol', 'flap.sol', 'drip.sol', 'bite.sol']
2,['flop.sol', 'join.sol', 'flip.t.sol', 'move.sol', 'heal.sol', 'drip.t.sol', 'heal.t.sol', 'flap.sol', 'frob.t.sol', 'tune.sol']
2,['flop.sol', 'join.sol', 'flip.t.sol', 'move.sol', 'heal.sol', 'drip.t.sol', 'heal.t.sol', 'flap.sol', 'frob.t.sol', 'bite.sol']
1,['flop.sol', 'join.sol', 'flip.t.sol', 'move.sol', 'heal.sol', 'drip.t.sol', 'heal.t.sol', 'flap.sol', 'tune.sol', 'bite.sol']
1,['flop.sol', 'join.sol', 'flip.t.sol', 'move.sol', 'heal.sol', 'drip.t.sol', 'heal.t.sol', 'drip.sol', 'frob.t.sol', 'tune.sol']
2,['flop.sol', 'join.sol', 'flip.t.sol', 'move.sol', 'heal.sol', 'drip.t.sol', 'heal.t.sol', 'drip.sol', 'frob.t.sol', 'bite.sol']
1,['flop.sol', 'join.sol', 'flip.t.sol', 'move.sol', 'heal.sol', 'drip.t.sol', 'heal.t.sol', 'drip.sol', 'tune.sol', 'bite.sol']
1,['flop.sol', 'join.sol', 'flip.t.sol', 'move.sol', 'heal.sol', 'drip.t.sol', 'heal.t.sol', 'frob.t.sol', 'tune.sol', 'bite.sol']
1,['flop.sol', 'join.sol', 'flip.t.sol', 'move.sol', 'heal.sol', 'drip.t.sol', 'flap.sol', 'drip.sol', 'frob.t.sol', 'tune.sol']
2,['flop.sol', 'join.sol', 'flip.t.sol', 'move.sol', 'heal.sol', 'drip.t.sol', 'flap.sol', 'drip.sol', 'frob.t.sol', 'bite.sol']
1,['flop.sol', 'join.sol', 'flip.t.sol', 'move.sol', 'heal.sol', 'drip.t.sol', 'flap.sol', 'drip.sol', 'tune.sol', 'bite.sol']
1,['flop.sol', 'join.sol', 'flip.t.sol', 'move.sol', 'heal.sol', 'drip.t.sol', 'flap.sol', 'frob.t.sol', 'tune.sol', 'bite.sol']
1,['flop.sol', 'join.sol', 'flip.t.sol', 'move.sol', 'heal.sol', 'drip.t.sol', 'drip.sol', 'frob.t.sol', 'tune.sol', 'bite.sol']
2,['flop.sol', 'join.sol', 'flip.t.sol', 'move.sol', 'heal.sol', 'heal.t.sol', 'flap.sol', 'drip.sol', 'frob.t.sol', 'tune.sol']
2,['flop.sol', 'join.sol', 'flip.t.sol', 'move.sol', 'heal.sol', 'heal.t.sol', 'flap.sol', 'drip.sol', 'frob.t.sol', 'bite.sol']
2,['flop.sol', 'join.sol', 'flip.t.sol', 'move.sol', 'heal.sol', 'heal.t.sol', 'flap.sol', 'drip.sol', 'tune.sol', 'bite.sol']
2,['flop.sol', 'join.sol', 'flip.t.sol', 'move.sol', 'heal.sol', 'heal.t.sol', 'flap.sol', 'frob.t.sol', 'tune.sol', 'bite.sol']
2,['flop.sol', 'join.sol', 'flip.t.sol', 'move.sol', 'heal.sol', 'heal.t.sol', 'drip.sol', 'frob.t.sol', 'tune.sol', 'bite.sol']
2,['flop.sol', 'join.sol', 'flip.t.sol', 'move.sol', 'heal.sol', 'flap.sol', 'drip.sol', 'frob.t.sol', 'tune.sol', 'bite.sol']
1,['flop.sol', 'join.sol', 'flip.t.sol', 'move.sol', 'drip.t.sol', 'heal.t.sol', 'flap.sol', 'drip.sol', 'frob.t.sol', 'tune.sol']
2,['flop.sol', 'join.sol', 'flip.t.sol', 'move.sol', 'drip.t.sol', 'heal.t.sol', 'flap.sol', 'drip.sol', 'frob.t.sol', 'bite.sol']
2,['flop.sol', 'join.sol', 'flip.t.sol', 'move.sol', 'drip.t.sol', 'heal.t.sol', 'flap.sol', 'drip.sol', 'tune.sol', 'bite.sol']
1,['flop.sol', 'join.sol', 'flip.t.sol', 'move.sol', 'drip.t.sol', 'heal.t.sol', 'flap.sol', 'frob.t.sol', 'tune.sol', 'bite.sol']
1,['flop.sol', 'join.sol', 'flip.t.sol', 'move.sol', 'drip.t.sol', 'heal.t.sol', 'drip.sol', 'frob.t.sol', 'tune.sol', 'bite.sol']
2,['flop.sol', 'join.sol', 'flip.t.sol', 'move.sol', 'drip.t.sol', 'flap.sol', 'drip.sol', 'frob.t.sol', 'tune.sol', 'bite.sol']
2,['flop.sol', 'join.sol', 'flip.t.sol', 'move.sol', 'heal.t.sol', 'flap.sol', 'drip.sol', 'frob.t.sol', 'tune.sol', 'bite.sol']
2,['flop.sol', 'join.sol', 'flip.t.sol', 'flop.t.sol', 'flap.t.sol', 'heal.sol', 'drip.t.sol', 'heal.t.sol', 'flap.sol', 'drip.sol']
2,['flop.sol', 'join.sol', 'flip.t.sol', 'flop.t.sol', 'flap.t.sol', 'heal.sol', 'drip.t.sol', 'heal.t.sol', 'flap.sol', 'frob.t.sol']
1,['flop.sol', 'join.sol', 'flip.t.sol', 'flop.t.sol', 'flap.t.sol', 'heal.sol', 'drip.t.sol', 'heal.t.sol', 'flap.sol', 'tune.sol']
2,['flop.sol', 'join.sol', 'flip.t.sol', 'flop.t.sol', 'flap.t.sol', 'heal.sol', 'drip.t.sol', 'heal.t.sol', 'flap.sol', 'bite.sol']
2,['flop.sol', 'join.sol', 'flip.t.sol', 'flop.t.sol', 'flap.t.sol', 'heal.sol', 'drip.t.sol', 'heal.t.sol', 'drip.sol', 'frob.t.sol']
1,['flop.sol', 'join.sol', 'flip.t.sol', 'flop.t.sol', 'flap.t.sol', 'heal.sol', 'drip.t.sol', 'heal.t.sol', 'drip.sol', 'tune.sol']
2,['flop.sol', 'join.sol', 'flip.t.sol', 'flop.t.sol', 'flap.t.sol', 'heal.sol', 'drip.t.sol', 'heal.t.sol', 'drip.sol', 'bite.sol']
1,['flop.sol', 'join.sol', 'flip.t.sol', 'flop.t.sol', 'flap.t.sol', 'heal.sol', 'drip.t.sol', 'heal.t.sol', 'frob.t.sol', 'tune.sol']
1,['flop.sol', 'join.sol', 'flip.t.sol', 'flop.t.sol', 'flap.t.sol', 'heal.sol', 'drip.t.sol', 'heal.t.sol', 'frob.t.sol', 'bite.sol']
1,['flop.sol', 'join.sol', 'flip.t.sol', 'flop.t.sol', 'flap.t.sol', 'heal.sol', 'drip.t.sol', 'heal.t.sol', 'tune.sol', 'bite.sol']
2,['flop.sol', 'join.sol', 'flip.t.sol', 'flop.t.sol', 'flap.t.sol', 'heal.sol', 'drip.t.sol', 'flap.sol', 'drip.sol', 'frob.t.sol']
1,['flop.sol', 'join.sol', 'flip.t.sol', 'flop.t.sol', 'flap.t.sol', 'heal.sol', 'drip.t.sol', 'flap.sol', 'drip.sol', 'tune.sol']
1,['flop.sol', 'join.sol', 'flip.t.sol', 'flop.t.sol', 'flap.t.sol', 'heal.sol', 'drip.t.sol', 'flap.sol', 'drip.sol', 'bite.sol']
2,['flop.sol', 'join.sol', 'flip.t.sol', 'flop.t.sol', 'flap.t.sol', 'heal.sol', 'drip.t.sol', 'flap.sol', 'frob.t.sol', 'tune.sol']
2,['flop.sol', 'join.sol', 'flip.t.sol', 'flop.t.sol', 'flap.t.sol', 'heal.sol', 'drip.t.sol', 'flap.sol', 'frob.t.sol', 'bite.sol']
1,['flop.sol', 'join.sol', 'flip.t.sol', 'flop.t.sol', 'flap.t.sol', 'heal.sol', 'drip.t.sol', 'flap.sol', 'tune.sol', 'bite.sol']
2,['flop.sol', 'join.sol', 'flip.t.sol', 'flop.t.sol', 'flap.t.sol', 'heal.sol', 'drip.t.sol', 'drip.sol', 'frob.t.sol', 'tune.sol']
2,['flop.sol', 'join.sol', 'flip.t.sol', 'flop.t.sol', 'flap.t.sol', 'heal.sol', 'drip.t.sol', 'drip.sol', 'frob.t.sol', 'bite.sol']
1,['flop.sol', 'join.sol', 'flip.t.sol', 'flop.t.sol', 'flap.t.sol', 'heal.sol', 'drip.t.sol', 'drip.sol', 'tune.sol', 'bite.sol']
1,['flop.sol', 'join.sol', 'flip.t.sol', 'flop.t.sol', 'flap.t.sol', 'heal.sol', 'drip.t.sol', 'frob.t.sol', 'tune.sol', 'bite.sol']
2,['flop.sol', 'join.sol', 'flip.t.sol', 'flop.t.sol', 'flap.t.sol', 'heal.sol', 'heal.t.sol', 'flap.sol', 'drip.sol', 'frob.t.sol']
3,['flop.sol', 'join.sol', 'flip.t.sol', 'flop.t.sol', 'flap.t.sol', 'heal.sol', 'heal.t.sol', 'flap.sol', 'drip.sol', 'tune.sol']
3,['flop.sol', 'join.sol', 'flip.t.sol', 'flop.t.sol', 'flap.t.sol', 'heal.sol', 'heal.t.sol', 'flap.sol', 'drip.sol', 'bite.sol']
2,['flop.sol', 'join.sol', 'flip.t.sol', 'flop.t.sol', 'flap.t.sol', 'heal.sol', 'heal.t.sol', 'flap.sol', 'frob.t.sol', 'tune.sol']
2,['flop.sol', 'join.sol', 'flip.t.sol', 'flop.t.sol', 'flap.t.sol', 'heal.sol', 'heal.t.sol', 'flap.sol', 'frob.t.sol', 'bite.sol']
2,['flop.sol', 'join.sol', 'flip.t.sol', 'flop.t.sol', 'flap.t.sol', 'heal.sol', 'heal.t.sol', 'flap.sol', 'tune.sol', 'bite.sol']
2,['flop.sol', 'join.sol', 'flip.t.sol', 'flop.t.sol', 'flap.t.sol', 'heal.sol', 'heal.t.sol', 'drip.sol', 'frob.t.sol', 'tune.sol']
2,['flop.sol', 'join.sol', 'flip.t.sol', 'flop.t.sol', 'flap.t.sol', 'heal.sol', 'heal.t.sol', 'drip.sol', 'frob.t.sol', 'bite.sol']
2,['flop.sol', 'join.sol', 'flip.t.sol', 'flop.t.sol', 'flap.t.sol', 'heal.sol', 'heal.t.sol', 'drip.sol', 'tune.sol', 'bite.sol']
2,['flop.sol', 'join.sol', 'flip.t.sol', 'flop.t.sol', 'flap.t.sol', 'heal.sol', 'heal.t.sol', 'frob.t.sol', 'tune.sol', 'bite.sol']
3,['flop.sol', 'join.sol', 'flip.t.sol', 'flop.t.sol', 'flap.t.sol', 'heal.sol', 'flap.sol', 'drip.sol', 'frob.t.sol', 'tune.sol']
2,['flop.sol', 'join.sol', 'flip.t.sol', 'flop.t.sol', 'flap.t.sol', 'heal.sol', 'flap.sol', 'drip.sol', 'frob.t.sol', 'bite.sol']
1,['flop.sol', 'join.sol', 'flip.t.sol', 'flop.t.sol', 'flap.t.sol', 'heal.sol', 'flap.sol', 'drip.sol', 'tune.sol', 'bite.sol']
3,['flop.sol', 'join.sol', 'flip.t.sol', 'flop.t.sol', 'flap.t.sol', 'heal.sol', 'flap.sol', 'frob.t.sol', 'tune.sol', 'bite.sol']
2,['flop.sol', 'join.sol', 'flip.t.sol', 'flop.t.sol', 'flap.t.sol', 'heal.sol', 'drip.sol', 'frob.t.sol', 'tune.sol', 'bite.sol']
2,['flop.sol', 'join.sol', 'flip.t.sol', 'flop.t.sol', 'flap.t.sol', 'drip.t.sol', 'heal.t.sol', 'flap.sol', 'drip.sol', 'frob.t.sol']
2,['flop.sol', 'join.sol', 'flip.t.sol', 'flop.t.sol', 'flap.t.sol', 'drip.t.sol', 'heal.t.sol', 'flap.sol', 'drip.sol', 'tune.sol']
2,['flop.sol', 'join.sol', 'flip.t.sol', 'flop.t.sol', 'flap.t.sol', 'drip.t.sol', 'heal.t.sol', 'flap.sol', 'drip.sol', 'bite.sol']
2,['flop.sol', 'join.sol', 'flip.t.sol', 'flop.t.sol', 'flap.t.sol', 'drip.t.sol', 'heal.t.sol', 'flap.sol', 'frob.t.sol', 'tune.sol']
2,['flop.sol', 'join.sol', 'flip.t.sol', 'flop.t.sol', 'flap.t.sol', 'drip.t.sol', 'heal.t.sol', 'flap.sol', 'frob.t.sol', 'bite.sol']
2,['flop.sol', 'join.sol', 'flip.t.sol', 'flop.t.sol', 'flap.t.sol', 'drip.t.sol', 'heal.t.sol', 'flap.sol', 'tune.sol', 'bite.sol']
1,['flop.sol', 'join.sol', 'flip.t.sol', 'flop.t.sol', 'flap.t.sol', 'drip.t.sol', 'heal.t.sol', 'drip.sol', 'frob.t.sol', 'tune.sol']
2,['flop.sol', 'join.sol', 'flip.t.sol', 'flop.t.sol', 'flap.t.sol', 'drip.t.sol', 'heal.t.sol', 'drip.sol', 'frob.t.sol', 'bite.sol']
2,['flop.sol', 'join.sol', 'flip.t.sol', 'flop.t.sol', 'flap.t.sol', 'drip.t.sol', 'heal.t.sol', 'drip.sol', 'tune.sol', 'bite.sol']
1,['flop.sol', 'join.sol', 'flip.t.sol', 'flop.t.sol', 'flap.t.sol', 'drip.t.sol', 'heal.t.sol', 'frob.t.sol', 'tune.sol', 'bite.sol']
2,['flop.sol', 'join.sol', 'flip.t.sol', 'flop.t.sol', 'flap.t.sol', 'drip.t.sol', 'flap.sol', 'drip.sol', 'frob.t.sol', 'tune.sol']
2,['flop.sol', 'join.sol', 'flip.t.sol', 'flop.t.sol', 'flap.t.sol', 'drip.t.sol', 'flap.sol', 'drip.sol', 'frob.t.sol', 'bite.sol']
1,['flop.sol', 'join.sol', 'flip.t.sol', 'flop.t.sol', 'flap.t.sol', 'drip.t.sol', 'flap.sol', 'drip.sol', 'tune.sol', 'bite.sol']
2,['flop.sol', 'join.sol', 'flip.t.sol', 'flop.t.sol', 'flap.t.sol', 'drip.t.sol', 'flap.sol', 'frob.t.sol', 'tune.sol', 'bite.sol']
2,['flop.sol', 'join.sol', 'flip.t.sol', 'flop.t.sol', 'flap.t.sol', 'drip.t.sol', 'drip.sol', 'frob.t.sol', 'tune.sol', 'bite.sol']
3,['flop.sol', 'join.sol', 'flip.t.sol', 'flop.t.sol', 'flap.t.sol', 'heal.t.sol', 'flap.sol', 'drip.sol', 'frob.t.sol', 'tune.sol']
2,['flop.sol', 'join.sol', 'flip.t.sol', 'flop.t.sol', 'flap.t.sol', 'heal.t.sol', 'flap.sol', 'drip.sol', 'frob.t.sol', 'bite.sol']
2,['flop.sol', 'join.sol', 'flip.t.sol', 'flop.t.sol', 'flap.t.sol', 'heal.t.sol', 'flap.sol', 'drip.sol', 'tune.sol', 'bite.sol']
2,['flop.sol', 'join.sol', 'flip.t.sol', 'flop.t.sol', 'flap.t.sol', 'heal.t.sol', 'flap.sol', 'frob.t.sol', 'tune.sol', 'bite.sol']
2,['flop.sol', 'join.sol', 'flip.t.sol', 'flop.t.sol', 'flap.t.sol', 'heal.t.sol', 'drip.sol', 'frob.t.sol', 'tune.sol', 'bite.sol']
3,['flop.sol', 'join.sol', 'flip.t.sol', 'flop.t.sol', 'flap.t.sol', 'flap.sol', 'drip.sol', 'frob.t.sol', 'tune.sol', 'bite.sol']
2,['flop.sol', 'join.sol', 'flip.t.sol', 'flop.t.sol', 'heal.sol', 'drip.t.sol', 'heal.t.sol', 'flap.sol', 'drip.sol', 'frob.t.sol']
1,['flop.sol', 'join.sol', 'flip.t.sol', 'flop.t.sol', 'heal.sol', 'drip.t.sol', 'heal.t.sol', 'flap.sol', 'drip.sol', 'tune.sol']
1,['flop.sol', 'join.sol', 'flip.t.sol', 'flop.t.sol', 'heal.sol', 'drip.t.sol', 'heal.t.sol', 'flap.sol', 'drip.sol', 'bite.sol']
2,['flop.sol', 'join.sol', 'flip.t.sol', 'flop.t.sol', 'heal.sol', 'drip.t.sol', 'heal.t.sol', 'flap.sol', 'frob.t.sol', 'tune.sol']
2,['flop.sol', 'join.sol', 'flip.t.sol', 'flop.t.sol', 'heal.sol', 'drip.t.sol', 'heal.t.sol', 'flap.sol', 'frob.t.sol', 'bite.sol']
1,['flop.sol', 'join.sol', 'flip.t.sol', 'flop.t.sol', 'heal.sol', 'drip.t.sol', 'heal.t.sol', 'flap.sol', 'tune.sol', 'bite.sol']
2,['flop.sol', 'join.sol', 'flip.t.sol', 'flop.t.sol', 'heal.sol', 'drip.t.sol', 'heal.t.sol', 'drip.sol', 'frob.t.sol', 'tune.sol']
2,['flop.sol', 'join.sol', 'flip.t.sol', 'flop.t.sol', 'heal.sol', 'drip.t.sol', 'heal.t.sol', 'drip.sol', 'frob.t.sol', 'bite.sol']
1,['flop.sol', 'join.sol', 'flip.t.sol', 'flop.t.sol', 'heal.sol', 'drip.t.sol', 'heal.t.sol', 'drip.sol', 'tune.sol', 'bite.sol']
1,['flop.sol', 'join.sol', 'flip.t.sol', 'flop.t.sol', 'heal.sol', 'drip.t.sol', 'heal.t.sol', 'frob.t.sol', 'tune.sol', 'bite.sol']
2,['flop.sol', 'join.sol', 'flip.t.sol', 'flop.t.sol', 'heal.sol', 'drip.t.sol', 'flap.sol', 'drip.sol', 'frob.t.sol', 'tune.sol']
2,['flop.sol', 'join.sol', 'flip.t.sol', 'flop.t.sol', 'heal.sol', 'drip.t.sol', 'flap.sol', 'drip.sol', 'frob.t.sol', 'bite.sol']
1,['flop.sol', 'join.sol', 'flip.t.sol', 'flop.t.sol', 'heal.sol', 'drip.t.sol', 'flap.sol', 'drip.sol', 'tune.sol', 'bite.sol']
1,['flop.sol', 'join.sol', 'flip.t.sol', 'flop.t.sol', 'heal.sol', 'drip.t.sol', 'flap.sol', 'frob.t.sol', 'tune.sol', 'bite.sol']
1,['flop.sol', 'join.sol', 'flip.t.sol', 'flop.t.sol', 'heal.sol', 'drip.t.sol', 'drip.sol', 'frob.t.sol', 'tune.sol', 'bite.sol']
2,['flop.sol', 'join.sol', 'flip.t.sol', 'flop.t.sol', 'heal.sol', 'heal.t.sol', 'flap.sol', 'drip.sol', 'frob.t.sol', 'tune.sol']
2,['flop.sol', 'join.sol', 'flip.t.sol', 'flop.t.sol', 'heal.sol', 'heal.t.sol', 'flap.sol', 'drip.sol', 'frob.t.sol', 'bite.sol']
2,['flop.sol', 'join.sol', 'flip.t.sol', 'flop.t.sol', 'heal.sol', 'heal.t.sol', 'flap.sol', 'drip.sol', 'tune.sol', 'bite.sol']
2,['flop.sol', 'join.sol', 'flip.t.sol', 'flop.t.sol', 'heal.sol', 'heal.t.sol', 'flap.sol', 'frob.t.sol', 'tune.sol', 'bite.sol']
2,['flop.sol', 'join.sol', 'flip.t.sol', 'flop.t.sol', 'heal.sol', 'heal.t.sol', 'drip.sol', 'frob.t.sol', 'tune.sol', 'bite.sol']
2,['flop.sol', 'join.sol', 'flip.t.sol', 'flop.t.sol', 'heal.sol', 'flap.sol', 'drip.sol', 'frob.t.sol', 'tune.sol', 'bite.sol']
2,['flop.sol', 'join.sol', 'flip.t.sol', 'flop.t.sol', 'drip.t.sol', 'heal.t.sol', 'flap.sol', 'drip.sol', 'frob.t.sol', 'tune.sol']
2,['flop.sol', 'join.sol', 'flip.t.sol', 'flop.t.sol', 'drip.t.sol', 'heal.t.sol', 'flap.sol', 'drip.sol', 'frob.t.sol', 'bite.sol']
2,['flop.sol', 'join.sol', 'flip.t.sol', 'flop.t.sol', 'drip.t.sol', 'heal.t.sol', 'flap.sol', 'drip.sol', 'tune.sol', 'bite.sol']
2,['flop.sol', 'join.sol', 'flip.t.sol', 'flop.t.sol', 'drip.t.sol', 'heal.t.sol', 'flap.sol', 'frob.t.sol', 'tune.sol', 'bite.sol']
1,['flop.sol', 'join.sol', 'flip.t.sol', 'flop.t.sol', 'drip.t.sol', 'heal.t.sol', 'drip.sol', 'frob.t.sol', 'tune.sol', 'bite.sol']
2,['flop.sol', 'join.sol', 'flip.t.sol', 'flop.t.sol', 'drip.t.sol', 'flap.sol', 'drip.sol', 'frob.t.sol', 'tune.sol', 'bite.sol']
2,['flop.sol', 'join.sol', 'flip.t.sol', 'flop.t.sol', 'heal.t.sol', 'flap.sol', 'drip.sol', 'frob.t.sol', 'tune.sol', 'bite.sol']
2,['flop.sol', 'join.sol', 'flip.t.sol', 'flap.t.sol', 'heal.sol', 'drip.t.sol', 'heal.t.sol', 'flap.sol', 'drip.sol', 'frob.t.sol']
1,['flop.sol', 'join.sol', 'flip.t.sol', 'flap.t.sol', 'heal.sol', 'drip.t.sol', 'heal.t.sol', 'flap.sol', 'drip.sol', 'tune.sol']
1,['flop.sol', 'join.sol', 'flip.t.sol', 'flap.t.sol', 'heal.sol', 'drip.t.sol', 'heal.t.sol', 'flap.sol', 'drip.sol', 'bite.sol']
2,['flop.sol', 'join.sol', 'flip.t.sol', 'flap.t.sol', 'heal.sol', 'drip.t.sol', 'heal.t.sol', 'flap.sol', 'frob.t.sol', 'tune.sol']
2,['flop.sol', 'join.sol', 'flip.t.sol', 'flap.t.sol', 'heal.sol', 'drip.t.sol', 'heal.t.sol', 'flap.sol', 'frob.t.sol', 'bite.sol']
1,['flop.sol', 'join.sol', 'flip.t.sol', 'flap.t.sol', 'heal.sol', 'drip.t.sol', 'heal.t.sol', 'flap.sol', 'tune.sol', 'bite.sol']
1,['flop.sol', 'join.sol', 'flip.t.sol', 'flap.t.sol', 'heal.sol', 'drip.t.sol', 'heal.t.sol', 'drip.sol', 'frob.t.sol', 'tune.sol']
1,['flop.sol', 'join.sol', 'flip.t.sol', 'flap.t.sol', 'heal.sol', 'drip.t.sol', 'heal.t.sol', 'drip.sol', 'frob.t.sol', 'bite.sol']
1,['flop.sol', 'join.sol', 'flip.t.sol', 'flap.t.sol', 'heal.sol', 'drip.t.sol', 'heal.t.sol', 'drip.sol', 'tune.sol', 'bite.sol']
1,['flop.sol', 'join.sol', 'flip.t.sol', 'flap.t.sol', 'heal.sol', 'drip.t.sol', 'heal.t.sol', 'frob.t.sol', 'tune.sol', 'bite.sol']
2,['flop.sol', 'join.sol', 'flip.t.sol', 'flap.t.sol', 'heal.sol', 'drip.t.sol', 'flap.sol', 'drip.sol', 'frob.t.sol', 'tune.sol']
2,['flop.sol', 'join.sol', 'flip.t.sol', 'flap.t.sol', 'heal.sol', 'drip.t.sol', 'flap.sol', 'drip.sol', 'frob.t.sol', 'bite.sol']
1,['flop.sol', 'join.sol', 'flip.t.sol', 'flap.t.sol', 'heal.sol', 'drip.t.sol', 'flap.sol', 'drip.sol', 'tune.sol', 'bite.sol']
1,['flop.sol', 'join.sol', 'flip.t.sol', 'flap.t.sol', 'heal.sol', 'drip.t.sol', 'flap.sol', 'frob.t.sol', 'tune.sol', 'bite.sol']
1,['flop.sol', 'join.sol', 'flip.t.sol', 'flap.t.sol', 'heal.sol', 'drip.t.sol', 'drip.sol', 'frob.t.sol', 'tune.sol', 'bite.sol']
2,['flop.sol', 'join.sol', 'flip.t.sol', 'flap.t.sol', 'heal.sol', 'heal.t.sol', 'flap.sol', 'drip.sol', 'frob.t.sol', 'tune.sol']
2,['flop.sol', 'join.sol', 'flip.t.sol', 'flap.t.sol', 'heal.sol', 'heal.t.sol', 'flap.sol', 'drip.sol', 'frob.t.sol', 'bite.sol']
2,['flop.sol', 'join.sol', 'flip.t.sol', 'flap.t.sol', 'heal.sol', 'heal.t.sol', 'flap.sol', 'drip.sol', 'tune.sol', 'bite.sol']
2,['flop.sol', 'join.sol', 'flip.t.sol', 'flap.t.sol', 'heal.sol', 'heal.t.sol', 'flap.sol', 'frob.t.sol', 'tune.sol', 'bite.sol']
2,['flop.sol', 'join.sol', 'flip.t.sol', 'flap.t.sol', 'heal.sol', 'heal.t.sol', 'drip.sol', 'frob.t.sol', 'tune.sol', 'bite.sol']
2,['flop.sol', 'join.sol', 'flip.t.sol', 'flap.t.sol', 'heal.sol', 'flap.sol', 'drip.sol', 'frob.t.sol', 'tune.sol', 'bite.sol']
2,['flop.sol', 'join.sol', 'flip.t.sol', 'flap.t.sol', 'drip.t.sol', 'heal.t.sol', 'flap.sol', 'drip.sol', 'frob.t.sol', 'tune.sol']
2,['flop.sol', 'join.sol', 'flip.t.sol', 'flap.t.sol', 'drip.t.sol', 'heal.t.sol', 'flap.sol', 'drip.sol', 'frob.t.sol', 'bite.sol']
2,['flop.sol', 'join.sol', 'flip.t.sol', 'flap.t.sol', 'drip.t.sol', 'heal.t.sol', 'flap.sol', 'drip.sol', 'tune.sol', 'bite.sol']
2,['flop.sol', 'join.sol', 'flip.t.sol', 'flap.t.sol', 'drip.t.sol', 'heal.t.sol', 'flap.sol', 'frob.t.sol', 'tune.sol', 'bite.sol']
1,['flop.sol', 'join.sol', 'flip.t.sol', 'flap.t.sol', 'drip.t.sol', 'heal.t.sol', 'drip.sol', 'frob.t.sol', 'tune.sol', 'bite.sol']
2,['flop.sol', 'join.sol', 'flip.t.sol', 'flap.t.sol', 'drip.t.sol', 'flap.sol', 'drip.sol', 'frob.t.sol', 'tune.sol', 'bite.sol']
2,['flop.sol', 'join.sol', 'flip.t.sol', 'flap.t.sol', 'heal.t.sol', 'flap.sol', 'drip.sol', 'frob.t.sol', 'tune.sol', 'bite.sol']
2,['flop.sol', 'join.sol', 'flip.t.sol', 'heal.sol', 'drip.t.sol', 'heal.t.sol', 'flap.sol', 'drip.sol', 'frob.t.sol', 'tune.sol']
2,['flop.sol', 'join.sol', 'flip.t.sol', 'heal.sol', 'drip.t.sol', 'heal.t.sol', 'flap.sol', 'drip.sol', 'frob.t.sol', 'bite.sol']
1,['flop.sol', 'join.sol', 'flip.t.sol', 'heal.sol', 'drip.t.sol', 'heal.t.sol', 'flap.sol', 'drip.sol', 'tune.sol', 'bite.sol']
1,['flop.sol', 'join.sol', 'flip.t.sol', 'heal.sol', 'drip.t.sol', 'heal.t.sol', 'flap.sol', 'frob.t.sol', 'tune.sol', 'bite.sol']
1,['flop.sol', 'join.sol', 'flip.t.sol', 'heal.sol', 'drip.t.sol', 'heal.t.sol', 'drip.sol', 'frob.t.sol', 'tune.sol', 'bite.sol']
1,['flop.sol', 'join.sol', 'flip.t.sol', 'heal.sol', 'drip.t.sol', 'flap.sol', 'drip.sol', 'frob.t.sol', 'tune.sol', 'bite.sol']
2,['flop.sol', 'join.sol', 'flip.t.sol', 'heal.sol', 'heal.t.sol', 'flap.sol', 'drip.sol', 'frob.t.sol', 'tune.sol', 'bite.sol']
1,['flop.sol', 'join.sol', 'flip.t.sol', 'drip.t.sol', 'heal.t.sol', 'flap.sol', 'drip.sol', 'frob.t.sol', 'tune.sol', 'bite.sol']
3,['flop.sol', 'join.sol', 'move.sol', 'flop.t.sol', 'flap.t.sol', 'heal.sol', 'drip.t.sol', 'heal.t.sol', 'flap.sol', 'drip.sol']
2,['flop.sol', 'join.sol', 'move.sol', 'flop.t.sol', 'flap.t.sol', 'heal.sol', 'drip.t.sol', 'heal.t.sol', 'flap.sol', 'frob.t.sol']
1,['flop.sol', 'join.sol', 'move.sol', 'flop.t.sol', 'flap.t.sol', 'heal.sol', 'drip.t.sol', 'heal.t.sol', 'flap.sol', 'tune.sol']
2,['flop.sol', 'join.sol', 'move.sol', 'flop.t.sol', 'flap.t.sol', 'heal.sol', 'drip.t.sol', 'heal.t.sol', 'flap.sol', 'bite.sol']
2,['flop.sol', 'join.sol', 'move.sol', 'flop.t.sol', 'flap.t.sol', 'heal.sol', 'drip.t.sol', 'heal.t.sol', 'drip.sol', 'frob.t.sol']
1,['flop.sol', 'join.sol', 'move.sol', 'flop.t.sol', 'flap.t.sol', 'heal.sol', 'drip.t.sol', 'heal.t.sol', 'drip.sol', 'tune.sol']
2,['flop.sol', 'join.sol', 'move.sol', 'flop.t.sol', 'flap.t.sol', 'heal.sol', 'drip.t.sol', 'heal.t.sol', 'drip.sol', 'bite.sol']
2,['flop.sol', 'join.sol', 'move.sol', 'flop.t.sol', 'flap.t.sol', 'heal.sol', 'drip.t.sol', 'heal.t.sol', 'frob.t.sol', 'tune.sol']
2,['flop.sol', 'join.sol', 'move.sol', 'flop.t.sol', 'flap.t.sol', 'heal.sol', 'drip.t.sol', 'heal.t.sol', 'frob.t.sol', 'bite.sol']
1,['flop.sol', 'join.sol', 'move.sol', 'flop.t.sol', 'flap.t.sol', 'heal.sol', 'drip.t.sol', 'heal.t.sol', 'tune.sol', 'bite.sol']
2,['flop.sol', 'join.sol', 'move.sol', 'flop.t.sol', 'flap.t.sol', 'heal.sol', 'drip.t.sol', 'flap.sol', 'drip.sol', 'frob.t.sol']
3,['flop.sol', 'join.sol', 'move.sol', 'flop.t.sol', 'flap.t.sol', 'heal.sol', 'drip.t.sol', 'flap.sol', 'drip.sol', 'tune.sol']
2,['flop.sol', 'join.sol', 'move.sol', 'flop.t.sol', 'flap.t.sol', 'heal.sol', 'drip.t.sol', 'flap.sol', 'drip.sol', 'bite.sol']
2,['flop.sol', 'join.sol', 'move.sol', 'flop.t.sol', 'flap.t.sol', 'heal.sol', 'drip.t.sol', 'flap.sol', 'frob.t.sol', 'tune.sol']
2,['flop.sol', 'join.sol', 'move.sol', 'flop.t.sol', 'flap.t.sol', 'heal.sol', 'drip.t.sol', 'flap.sol', 'frob.t.sol', 'bite.sol']
3,['flop.sol', 'join.sol', 'move.sol', 'flop.t.sol', 'flap.t.sol', 'heal.sol', 'drip.t.sol', 'flap.sol', 'tune.sol', 'bite.sol']
1,['flop.sol', 'join.sol', 'move.sol', 'flop.t.sol', 'flap.t.sol', 'heal.sol', 'drip.t.sol', 'drip.sol', 'frob.t.sol', 'tune.sol']
2,['flop.sol', 'join.sol', 'move.sol', 'flop.t.sol', 'flap.t.sol', 'heal.sol', 'drip.t.sol', 'drip.sol', 'frob.t.sol', 'bite.sol']
1,['flop.sol', 'join.sol', 'move.sol', 'flop.t.sol', 'flap.t.sol', 'heal.sol', 'drip.t.sol', 'drip.sol', 'tune.sol', 'bite.sol']
1,['flop.sol', 'join.sol', 'move.sol', 'flop.t.sol', 'flap.t.sol', 'heal.sol', 'drip.t.sol', 'frob.t.sol', 'tune.sol', 'bite.sol']
2,['flop.sol', 'join.sol', 'move.sol', 'flop.t.sol', 'flap.t.sol', 'heal.sol', 'heal.t.sol', 'flap.sol', 'drip.sol', 'frob.t.sol']
2,['flop.sol', 'join.sol', 'move.sol', 'flop.t.sol', 'flap.t.sol', 'heal.sol', 'heal.t.sol', 'flap.sol', 'drip.sol', 'tune.sol']
3,['flop.sol', 'join.sol', 'move.sol', 'flop.t.sol', 'flap.t.sol', 'heal.sol', 'heal.t.sol', 'flap.sol', 'drip.sol', 'bite.sol']
2,['flop.sol', 'join.sol', 'move.sol', 'flop.t.sol', 'flap.t.sol', 'heal.sol', 'heal.t.sol', 'flap.sol', 'frob.t.sol', 'tune.sol']
2,['flop.sol', 'join.sol', 'move.sol', 'flop.t.sol', 'flap.t.sol', 'heal.sol', 'heal.t.sol', 'flap.sol', 'frob.t.sol', 'bite.sol']
2,['flop.sol', 'join.sol', 'move.sol', 'flop.t.sol', 'flap.t.sol', 'heal.sol', 'heal.t.sol', 'flap.sol', 'tune.sol', 'bite.sol']
2,['flop.sol', 'join.sol', 'move.sol', 'flop.t.sol', 'flap.t.sol', 'heal.sol', 'heal.t.sol', 'drip.sol', 'frob.t.sol', 'tune.sol']
2,['flop.sol', 'join.sol', 'move.sol', 'flop.t.sol', 'flap.t.sol', 'heal.sol', 'heal.t.sol', 'drip.sol', 'frob.t.sol', 'bite.sol']
2,['flop.sol', 'join.sol', 'move.sol', 'flop.t.sol', 'flap.t.sol', 'heal.sol', 'heal.t.sol', 'drip.sol', 'tune.sol', 'bite.sol']
2,['flop.sol', 'join.sol', 'move.sol', 'flop.t.sol', 'flap.t.sol', 'heal.sol', 'heal.t.sol', 'frob.t.sol', 'tune.sol', 'bite.sol']
3,['flop.sol', 'join.sol', 'move.sol', 'flop.t.sol', 'flap.t.sol', 'heal.sol', 'flap.sol', 'drip.sol', 'frob.t.sol', 'tune.sol']
3,['flop.sol', 'join.sol', 'move.sol', 'flop.t.sol', 'flap.t.sol', 'heal.sol', 'flap.sol', 'drip.sol', 'frob.t.sol', 'bite.sol']
2,['flop.sol', 'join.sol', 'move.sol', 'flop.t.sol', 'flap.t.sol', 'heal.sol', 'flap.sol', 'drip.sol', 'tune.sol', 'bite.sol']
2,['flop.sol', 'join.sol', 'move.sol', 'flop.t.sol', 'flap.t.sol', 'heal.sol', 'flap.sol', 'frob.t.sol', 'tune.sol', 'bite.sol']
2,['flop.sol', 'join.sol', 'move.sol', 'flop.t.sol', 'flap.t.sol', 'heal.sol', 'drip.sol', 'frob.t.sol', 'tune.sol', 'bite.sol']
2,['flop.sol', 'join.sol', 'move.sol', 'flop.t.sol', 'flap.t.sol', 'drip.t.sol', 'heal.t.sol', 'flap.sol', 'drip.sol', 'frob.t.sol']
3,['flop.sol', 'join.sol', 'move.sol', 'flop.t.sol', 'flap.t.sol', 'drip.t.sol', 'heal.t.sol', 'flap.sol', 'drip.sol', 'tune.sol']
2,['flop.sol', 'join.sol', 'move.sol', 'flop.t.sol', 'flap.t.sol', 'drip.t.sol', 'heal.t.sol', 'flap.sol', 'drip.sol', 'bite.sol']
2,['flop.sol', 'join.sol', 'move.sol', 'flop.t.sol', 'flap.t.sol', 'drip.t.sol', 'heal.t.sol', 'flap.sol', 'frob.t.sol', 'tune.sol']
2,['flop.sol', 'join.sol', 'move.sol', 'flop.t.sol', 'flap.t.sol', 'drip.t.sol', 'heal.t.sol', 'flap.sol', 'frob.t.sol', 'bite.sol']
2,['flop.sol', 'join.sol', 'move.sol', 'flop.t.sol', 'flap.t.sol', 'drip.t.sol', 'heal.t.sol', 'flap.sol', 'tune.sol', 'bite.sol']
2,['flop.sol', 'join.sol', 'move.sol', 'flop.t.sol', 'flap.t.sol', 'drip.t.sol', 'heal.t.sol', 'drip.sol', 'frob.t.sol', 'tune.sol']
2,['flop.sol', 'join.sol', 'move.sol', 'flop.t.sol', 'flap.t.sol', 'drip.t.sol', 'heal.t.sol', 'drip.sol', 'frob.t.sol', 'bite.sol']
1,['flop.sol', 'join.sol', 'move.sol', 'flop.t.sol', 'flap.t.sol', 'drip.t.sol', 'heal.t.sol', 'drip.sol', 'tune.sol', 'bite.sol']
1,['flop.sol', 'join.sol', 'move.sol', 'flop.t.sol', 'flap.t.sol', 'drip.t.sol', 'heal.t.sol', 'frob.t.sol', 'tune.sol', 'bite.sol']
2,['flop.sol', 'join.sol', 'move.sol', 'flop.t.sol', 'flap.t.sol', 'drip.t.sol', 'flap.sol', 'drip.sol', 'frob.t.sol', 'tune.sol']
2,['flop.sol', 'join.sol', 'move.sol', 'flop.t.sol', 'flap.t.sol', 'drip.t.sol', 'flap.sol', 'drip.sol', 'frob.t.sol', 'bite.sol']
2,['flop.sol', 'join.sol', 'move.sol', 'flop.t.sol', 'flap.t.sol', 'drip.t.sol', 'flap.sol', 'drip.sol', 'tune.sol', 'bite.sol']
2,['flop.sol', 'join.sol', 'move.sol', 'flop.t.sol', 'flap.t.sol', 'drip.t.sol', 'flap.sol', 'frob.t.sol', 'tune.sol', 'bite.sol']
2,['flop.sol', 'join.sol', 'move.sol', 'flop.t.sol', 'flap.t.sol', 'drip.t.sol', 'drip.sol', 'frob.t.sol', 'tune.sol', 'bite.sol']
3,['flop.sol', 'join.sol', 'move.sol', 'flop.t.sol', 'flap.t.sol', 'heal.t.sol', 'flap.sol', 'drip.sol', 'frob.t.sol', 'tune.sol']
2,['flop.sol', 'join.sol', 'move.sol', 'flop.t.sol', 'flap.t.sol', 'heal.t.sol', 'flap.sol', 'drip.sol', 'frob.t.sol', 'bite.sol']
3,['flop.sol', 'join.sol', 'move.sol', 'flop.t.sol', 'flap.t.sol', 'heal.t.sol', 'flap.sol', 'drip.sol', 'tune.sol', 'bite.sol']
2,['flop.sol', 'join.sol', 'move.sol', 'flop.t.sol', 'flap.t.sol', 'heal.t.sol', 'flap.sol', 'frob.t.sol', 'tune.sol', 'bite.sol']
2,['flop.sol', 'join.sol', 'move.sol', 'flop.t.sol', 'flap.t.sol', 'heal.t.sol', 'drip.sol', 'frob.t.sol', 'tune.sol', 'bite.sol']
2,['flop.sol', 'join.sol', 'move.sol', 'flop.t.sol', 'flap.t.sol', 'flap.sol', 'drip.sol', 'frob.t.sol', 'tune.sol', 'bite.sol']
2,['flop.sol', 'join.sol', 'move.sol', 'flop.t.sol', 'heal.sol', 'drip.t.sol', 'heal.t.sol', 'flap.sol', 'drip.sol', 'frob.t.sol']
1,['flop.sol', 'join.sol', 'move.sol', 'flop.t.sol', 'heal.sol', 'drip.t.sol', 'heal.t.sol', 'flap.sol', 'drip.sol', 'tune.sol']
2,['flop.sol', 'join.sol', 'move.sol', 'flop.t.sol', 'heal.sol', 'drip.t.sol', 'heal.t.sol', 'flap.sol', 'drip.sol', 'bite.sol']
2,['flop.sol', 'join.sol', 'move.sol', 'flop.t.sol', 'heal.sol', 'drip.t.sol', 'heal.t.sol', 'flap.sol', 'frob.t.sol', 'tune.sol']
2,['flop.sol', 'join.sol', 'move.sol', 'flop.t.sol', 'heal.sol', 'drip.t.sol', 'heal.t.sol', 'flap.sol', 'frob.t.sol', 'bite.sol']
1,['flop.sol', 'join.sol', 'move.sol', 'flop.t.sol', 'heal.sol', 'drip.t.sol', 'heal.t.sol', 'flap.sol', 'tune.sol', 'bite.sol']
2,['flop.sol', 'join.sol', 'move.sol', 'flop.t.sol', 'heal.sol', 'drip.t.sol', 'heal.t.sol', 'drip.sol', 'frob.t.sol', 'tune.sol']
2,['flop.sol', 'join.sol', 'move.sol', 'flop.t.sol', 'heal.sol', 'drip.t.sol', 'heal.t.sol', 'drip.sol', 'frob.t.sol', 'bite.sol']
1,['flop.sol', 'join.sol', 'move.sol', 'flop.t.sol', 'heal.sol', 'drip.t.sol', 'heal.t.sol', 'drip.sol', 'tune.sol', 'bite.sol']
1,['flop.sol', 'join.sol', 'move.sol', 'flop.t.sol', 'heal.sol', 'drip.t.sol', 'heal.t.sol', 'frob.t.sol', 'tune.sol', 'bite.sol']
1,['flop.sol', 'join.sol', 'move.sol', 'flop.t.sol', 'heal.sol', 'drip.t.sol', 'flap.sol', 'drip.sol', 'frob.t.sol', 'tune.sol']
2,['flop.sol', 'join.sol', 'move.sol', 'flop.t.sol', 'heal.sol', 'drip.t.sol', 'flap.sol', 'drip.sol', 'frob.t.sol', 'bite.sol']
2,['flop.sol', 'join.sol', 'move.sol', 'flop.t.sol', 'heal.sol', 'drip.t.sol', 'flap.sol', 'drip.sol', 'tune.sol', 'bite.sol']
1,['flop.sol', 'join.sol', 'move.sol', 'flop.t.sol', 'heal.sol', 'drip.t.sol', 'flap.sol', 'frob.t.sol', 'tune.sol', 'bite.sol']
1,['flop.sol', 'join.sol', 'move.sol', 'flop.t.sol', 'heal.sol', 'drip.t.sol', 'drip.sol', 'frob.t.sol', 'tune.sol', 'bite.sol']
2,['flop.sol', 'join.sol', 'move.sol', 'flop.t.sol', 'heal.sol', 'heal.t.sol', 'flap.sol', 'drip.sol', 'frob.t.sol', 'tune.sol']
2,['flop.sol', 'join.sol', 'move.sol', 'flop.t.sol', 'heal.sol', 'heal.t.sol', 'flap.sol', 'drip.sol', 'frob.t.sol', 'bite.sol']
2,['flop.sol', 'join.sol', 'move.sol', 'flop.t.sol', 'heal.sol', 'heal.t.sol', 'flap.sol', 'drip.sol', 'tune.sol', 'bite.sol']
2,['flop.sol', 'join.sol', 'move.sol', 'flop.t.sol', 'heal.sol', 'heal.t.sol', 'flap.sol', 'frob.t.sol', 'tune.sol', 'bite.sol']
2,['flop.sol', 'join.sol', 'move.sol', 'flop.t.sol', 'heal.sol', 'heal.t.sol', 'drip.sol', 'frob.t.sol', 'tune.sol', 'bite.sol']
2,['flop.sol', 'join.sol', 'move.sol', 'flop.t.sol', 'heal.sol', 'flap.sol', 'drip.sol', 'frob.t.sol', 'tune.sol', 'bite.sol']
2,['flop.sol', 'join.sol', 'move.sol', 'flop.t.sol', 'drip.t.sol', 'heal.t.sol', 'flap.sol', 'drip.sol', 'frob.t.sol', 'tune.sol']
2,['flop.sol', 'join.sol', 'move.sol', 'flop.t.sol', 'drip.t.sol', 'heal.t.sol', 'flap.sol', 'drip.sol', 'frob.t.sol', 'bite.sol']
1,['flop.sol', 'join.sol', 'move.sol', 'flop.t.sol', 'drip.t.sol', 'heal.t.sol', 'flap.sol', 'drip.sol', 'tune.sol', 'bite.sol']
1,['flop.sol', 'join.sol', 'move.sol', 'flop.t.sol', 'drip.t.sol', 'heal.t.sol', 'flap.sol', 'frob.t.sol', 'tune.sol', 'bite.sol']
1,['flop.sol', 'join.sol', 'move.sol', 'flop.t.sol', 'drip.t.sol', 'heal.t.sol', 'drip.sol', 'frob.t.sol', 'tune.sol', 'bite.sol']
2,['flop.sol', 'join.sol', 'move.sol', 'flop.t.sol', 'drip.t.sol', 'flap.sol', 'drip.sol', 'frob.t.sol', 'tune.sol', 'bite.sol']
2,['flop.sol', 'join.sol', 'move.sol', 'flop.t.sol', 'heal.t.sol', 'flap.sol', 'drip.sol', 'frob.t.sol', 'tune.sol', 'bite.sol']
2,['flop.sol', 'join.sol', 'move.sol', 'flap.t.sol', 'heal.sol', 'drip.t.sol', 'heal.t.sol', 'flap.sol', 'drip.sol', 'frob.t.sol']
1,['flop.sol', 'join.sol', 'move.sol', 'flap.t.sol', 'heal.sol', 'drip.t.sol', 'heal.t.sol', 'flap.sol', 'drip.sol', 'tune.sol']
2,['flop.sol', 'join.sol', 'move.sol', 'flap.t.sol', 'heal.sol', 'drip.t.sol', 'heal.t.sol', 'flap.sol', 'drip.sol', 'bite.sol']
2,['flop.sol', 'join.sol', 'move.sol', 'flap.t.sol', 'heal.sol', 'drip.t.sol', 'heal.t.sol', 'flap.sol', 'frob.t.sol', 'tune.sol']
2,['flop.sol', 'join.sol', 'move.sol', 'flap.t.sol', 'heal.sol', 'drip.t.sol', 'heal.t.sol', 'flap.sol', 'frob.t.sol', 'bite.sol']
1,['flop.sol', 'join.sol', 'move.sol', 'flap.t.sol', 'heal.sol', 'drip.t.sol', 'heal.t.sol', 'flap.sol', 'tune.sol', 'bite.sol']
2,['flop.sol', 'join.sol', 'move.sol', 'flap.t.sol', 'heal.sol', 'drip.t.sol', 'heal.t.sol', 'drip.sol', 'frob.t.sol', 'tune.sol']
2,['flop.sol', 'join.sol', 'move.sol', 'flap.t.sol', 'heal.sol', 'drip.t.sol', 'heal.t.sol', 'drip.sol', 'frob.t.sol', 'bite.sol']
1,['flop.sol', 'join.sol', 'move.sol', 'flap.t.sol', 'heal.sol', 'drip.t.sol', 'heal.t.sol', 'drip.sol', 'tune.sol', 'bite.sol']
1,['flop.sol', 'join.sol', 'move.sol', 'flap.t.sol', 'heal.sol', 'drip.t.sol', 'heal.t.sol', 'frob.t.sol', 'tune.sol', 'bite.sol']
1,['flop.sol', 'join.sol', 'move.sol', 'flap.t.sol', 'heal.sol', 'drip.t.sol', 'flap.sol', 'drip.sol', 'frob.t.sol', 'tune.sol']
2,['flop.sol', 'join.sol', 'move.sol', 'flap.t.sol', 'heal.sol', 'drip.t.sol', 'flap.sol', 'drip.sol', 'frob.t.sol', 'bite.sol']
1,['flop.sol', 'join.sol', 'move.sol', 'flap.t.sol', 'heal.sol', 'drip.t.sol', 'flap.sol', 'drip.sol', 'tune.sol', 'bite.sol']
1,['flop.sol', 'join.sol', 'move.sol', 'flap.t.sol', 'heal.sol', 'drip.t.sol', 'flap.sol', 'frob.t.sol', 'tune.sol', 'bite.sol']
1,['flop.sol', 'join.sol', 'move.sol', 'flap.t.sol', 'heal.sol', 'drip.t.sol', 'drip.sol', 'frob.t.sol', 'tune.sol', 'bite.sol']
2,['flop.sol', 'join.sol', 'move.sol', 'flap.t.sol', 'heal.sol', 'heal.t.sol', 'flap.sol', 'drip.sol', 'frob.t.sol', 'tune.sol']
2,['flop.sol', 'join.sol', 'move.sol', 'flap.t.sol', 'heal.sol', 'heal.t.sol', 'flap.sol', 'drip.sol', 'frob.t.sol', 'bite.sol']
2,['flop.sol', 'join.sol', 'move.sol', 'flap.t.sol', 'heal.sol', 'heal.t.sol', 'flap.sol', 'drip.sol', 'tune.sol', 'bite.sol']
2,['flop.sol', 'join.sol', 'move.sol', 'flap.t.sol', 'heal.sol', 'heal.t.sol', 'flap.sol', 'frob.t.sol', 'tune.sol', 'bite.sol']
2,['flop.sol', 'join.sol', 'move.sol', 'flap.t.sol', 'heal.sol', 'heal.t.sol', 'drip.sol', 'frob.t.sol', 'tune.sol', 'bite.sol']
2,['flop.sol', 'join.sol', 'move.sol', 'flap.t.sol', 'heal.sol', 'flap.sol', 'drip.sol', 'frob.t.sol', 'tune.sol', 'bite.sol']
2,['flop.sol', 'join.sol', 'move.sol', 'flap.t.sol', 'drip.t.sol', 'heal.t.sol', 'flap.sol', 'drip.sol', 'frob.t.sol', 'tune.sol']
2,['flop.sol', 'join.sol', 'move.sol', 'flap.t.sol', 'drip.t.sol', 'heal.t.sol', 'flap.sol', 'drip.sol', 'frob.t.sol', 'bite.sol']
1,['flop.sol', 'join.sol', 'move.sol', 'flap.t.sol', 'drip.t.sol', 'heal.t.sol', 'flap.sol', 'drip.sol', 'tune.sol', 'bite.sol']
1,['flop.sol', 'join.sol', 'move.sol', 'flap.t.sol', 'drip.t.sol', 'heal.t.sol', 'flap.sol', 'frob.t.sol', 'tune.sol', 'bite.sol']
1,['flop.sol', 'join.sol', 'move.sol', 'flap.t.sol', 'drip.t.sol', 'heal.t.sol', 'drip.sol', 'frob.t.sol', 'tune.sol', 'bite.sol']
2,['flop.sol', 'join.sol', 'move.sol', 'flap.t.sol', 'drip.t.sol', 'flap.sol', 'drip.sol', 'frob.t.sol', 'tune.sol', 'bite.sol']
2,['flop.sol', 'join.sol', 'move.sol', 'flap.t.sol', 'heal.t.sol', 'flap.sol', 'drip.sol', 'frob.t.sol', 'tune.sol', 'bite.sol']
1,['flop.sol', 'join.sol', 'move.sol', 'heal.sol', 'drip.t.sol', 'heal.t.sol', 'flap.sol', 'drip.sol', 'frob.t.sol', 'tune.sol']
2,['flop.sol', 'join.sol', 'move.sol', 'heal.sol', 'drip.t.sol', 'heal.t.sol', 'flap.sol', 'drip.sol', 'frob.t.sol', 'bite.sol']
1,['flop.sol', 'join.sol', 'move.sol', 'heal.sol', 'drip.t.sol', 'heal.t.sol', 'flap.sol', 'drip.sol', 'tune.sol', 'bite.sol']
1,['flop.sol', 'join.sol', 'move.sol', 'heal.sol', 'drip.t.sol', 'heal.t.sol', 'flap.sol', 'frob.t.sol', 'tune.sol', 'bite.sol']
1,['flop.sol', 'join.sol', 'move.sol', 'heal.sol', 'drip.t.sol', 'heal.t.sol', 'drip.sol', 'frob.t.sol', 'tune.sol', 'bite.sol']
1,['flop.sol', 'join.sol', 'move.sol', 'heal.sol', 'drip.t.sol', 'flap.sol', 'drip.sol', 'frob.t.sol', 'tune.sol', 'bite.sol']
2,['flop.sol', 'join.sol', 'move.sol', 'heal.sol', 'heal.t.sol', 'flap.sol', 'drip.sol', 'frob.t.sol', 'tune.sol', 'bite.sol']
1,['flop.sol', 'join.sol', 'move.sol', 'drip.t.sol', 'heal.t.sol', 'flap.sol', 'drip.sol', 'frob.t.sol', 'tune.sol', 'bite.sol']
2,['flop.sol', 'join.sol', 'flop.t.sol', 'flap.t.sol', 'heal.sol', 'drip.t.sol', 'heal.t.sol', 'flap.sol', 'drip.sol', 'frob.t.sol']
1,['flop.sol', 'join.sol', 'flop.t.sol', 'flap.t.sol', 'heal.sol', 'drip.t.sol', 'heal.t.sol', 'flap.sol', 'drip.sol', 'tune.sol']
2,['flop.sol', 'join.sol', 'flop.t.sol', 'flap.t.sol', 'heal.sol', 'drip.t.sol', 'heal.t.sol', 'flap.sol', 'drip.sol', 'bite.sol']
2,['flop.sol', 'join.sol', 'flop.t.sol', 'flap.t.sol', 'heal.sol', 'drip.t.sol', 'heal.t.sol', 'flap.sol', 'frob.t.sol', 'tune.sol']
2,['flop.sol', 'join.sol', 'flop.t.sol', 'flap.t.sol', 'heal.sol', 'drip.t.sol', 'heal.t.sol', 'flap.sol', 'frob.t.sol', 'bite.sol']
1,['flop.sol', 'join.sol', 'flop.t.sol', 'flap.t.sol', 'heal.sol', 'drip.t.sol', 'heal.t.sol', 'flap.sol', 'tune.sol', 'bite.sol']
2,['flop.sol', 'join.sol', 'flop.t.sol', 'flap.t.sol', 'heal.sol', 'drip.t.sol', 'heal.t.sol', 'drip.sol', 'frob.t.sol', 'tune.sol']
2,['flop.sol', 'join.sol', 'flop.t.sol', 'flap.t.sol', 'heal.sol', 'drip.t.sol', 'heal.t.sol', 'drip.sol', 'frob.t.sol', 'bite.sol']
1,['flop.sol', 'join.sol', 'flop.t.sol', 'flap.t.sol', 'heal.sol', 'drip.t.sol', 'heal.t.sol', 'drip.sol', 'tune.sol', 'bite.sol']
2,['flop.sol', 'join.sol', 'flop.t.sol', 'flap.t.sol', 'heal.sol', 'drip.t.sol', 'heal.t.sol', 'frob.t.sol', 'tune.sol', 'bite.sol']
2,['flop.sol', 'join.sol', 'flop.t.sol', 'flap.t.sol', 'heal.sol', 'drip.t.sol', 'flap.sol', 'drip.sol', 'frob.t.sol', 'tune.sol']
2,['flop.sol', 'join.sol', 'flop.t.sol', 'flap.t.sol', 'heal.sol', 'drip.t.sol', 'flap.sol', 'drip.sol', 'frob.t.sol', 'bite.sol']
1,['flop.sol', 'join.sol', 'flop.t.sol', 'flap.t.sol', 'heal.sol', 'drip.t.sol', 'flap.sol', 'drip.sol', 'tune.sol', 'bite.sol']
1,['flop.sol', 'join.sol', 'flop.t.sol', 'flap.t.sol', 'heal.sol', 'drip.t.sol', 'flap.sol', 'frob.t.sol', 'tune.sol', 'bite.sol']
1,['flop.sol', 'join.sol', 'flop.t.sol', 'flap.t.sol', 'heal.sol', 'drip.t.sol', 'drip.sol', 'frob.t.sol', 'tune.sol', 'bite.sol']
2,['flop.sol', 'join.sol', 'flop.t.sol', 'flap.t.sol', 'heal.sol', 'heal.t.sol', 'flap.sol', 'drip.sol', 'frob.t.sol', 'tune.sol']
2,['flop.sol', 'join.sol', 'flop.t.sol', 'flap.t.sol', 'heal.sol', 'heal.t.sol', 'flap.sol', 'drip.sol', 'frob.t.sol', 'bite.sol']
2,['flop.sol', 'join.sol', 'flop.t.sol', 'flap.t.sol', 'heal.sol', 'heal.t.sol', 'flap.sol', 'drip.sol', 'tune.sol', 'bite.sol']
2,['flop.sol', 'join.sol', 'flop.t.sol', 'flap.t.sol', 'heal.sol', 'heal.t.sol', 'flap.sol', 'frob.t.sol', 'tune.sol', 'bite.sol']
2,['flop.sol', 'join.sol', 'flop.t.sol', 'flap.t.sol', 'heal.sol', 'heal.t.sol', 'drip.sol', 'frob.t.sol', 'tune.sol', 'bite.sol']
2,['flop.sol', 'join.sol', 'flop.t.sol', 'flap.t.sol', 'heal.sol', 'flap.sol', 'drip.sol', 'frob.t.sol', 'tune.sol', 'bite.sol']
2,['flop.sol', 'join.sol', 'flop.t.sol', 'flap.t.sol', 'drip.t.sol', 'heal.t.sol', 'flap.sol', 'drip.sol', 'frob.t.sol', 'tune.sol']
2,['flop.sol', 'join.sol', 'flop.t.sol', 'flap.t.sol', 'drip.t.sol', 'heal.t.sol', 'flap.sol', 'drip.sol', 'frob.t.sol', 'bite.sol']
1,['flop.sol', 'join.sol', 'flop.t.sol', 'flap.t.sol', 'drip.t.sol', 'heal.t.sol', 'flap.sol', 'drip.sol', 'tune.sol', 'bite.sol']
2,['flop.sol', 'join.sol', 'flop.t.sol', 'flap.t.sol', 'drip.t.sol', 'heal.t.sol', 'flap.sol', 'frob.t.sol', 'tune.sol', 'bite.sol']
1,['flop.sol', 'join.sol', 'flop.t.sol', 'flap.t.sol', 'drip.t.sol', 'heal.t.sol', 'drip.sol', 'frob.t.sol', 'tune.sol', 'bite.sol']
2,['flop.sol', 'join.sol', 'flop.t.sol', 'flap.t.sol', 'drip.t.sol', 'flap.sol', 'drip.sol', 'frob.t.sol', 'tune.sol', 'bite.sol']
2,['flop.sol', 'join.sol', 'flop.t.sol', 'flap.t.sol', 'heal.t.sol', 'flap.sol', 'drip.sol', 'frob.t.sol', 'tune.sol', 'bite.sol']
2,['flop.sol', 'join.sol', 'flop.t.sol', 'heal.sol', 'drip.t.sol', 'heal.t.sol', 'flap.sol', 'drip.sol', 'frob.t.sol', 'tune.sol']
2,['flop.sol', 'join.sol', 'flop.t.sol', 'heal.sol', 'drip.t.sol', 'heal.t.sol', 'flap.sol', 'drip.sol', 'frob.t.sol', 'bite.sol']
1,['flop.sol', 'join.sol', 'flop.t.sol', 'heal.sol', 'drip.t.sol', 'heal.t.sol', 'flap.sol', 'drip.sol', 'tune.sol', 'bite.sol']
1,['flop.sol', 'join.sol', 'flop.t.sol', 'heal.sol', 'drip.t.sol', 'heal.t.sol', 'flap.sol', 'frob.t.sol', 'tune.sol', 'bite.sol']
1,['flop.sol', 'join.sol', 'flop.t.sol', 'heal.sol', 'drip.t.sol', 'heal.t.sol', 'drip.sol', 'frob.t.sol', 'tune.sol', 'bite.sol']
1,['flop.sol', 'join.sol', 'flop.t.sol', 'heal.sol', 'drip.t.sol', 'flap.sol', 'drip.sol', 'frob.t.sol', 'tune.sol', 'bite.sol']
2,['flop.sol', 'join.sol', 'flop.t.sol', 'heal.sol', 'heal.t.sol', 'flap.sol', 'drip.sol', 'frob.t.sol', 'tune.sol', 'bite.sol']
1,['flop.sol', 'join.sol', 'flop.t.sol', 'drip.t.sol', 'heal.t.sol', 'flap.sol', 'drip.sol', 'frob.t.sol', 'tune.sol', 'bite.sol']
2,['flop.sol', 'join.sol', 'flap.t.sol', 'heal.sol', 'drip.t.sol', 'heal.t.sol', 'flap.sol', 'drip.sol', 'frob.t.sol', 'tune.sol']
2,['flop.sol', 'join.sol', 'flap.t.sol', 'heal.sol', 'drip.t.sol', 'heal.t.sol', 'flap.sol', 'drip.sol', 'frob.t.sol', 'bite.sol']
1,['flop.sol', 'join.sol', 'flap.t.sol', 'heal.sol', 'drip.t.sol', 'heal.t.sol', 'flap.sol', 'drip.sol', 'tune.sol', 'bite.sol']
1,['flop.sol', 'join.sol', 'flap.t.sol', 'heal.sol', 'drip.t.sol', 'heal.t.sol', 'flap.sol', 'frob.t.sol', 'tune.sol', 'bite.sol']
1,['flop.sol', 'join.sol', 'flap.t.sol', 'heal.sol', 'drip.t.sol', 'heal.t.sol', 'drip.sol', 'frob.t.sol', 'tune.sol', 'bite.sol']
1,['flop.sol', 'join.sol', 'flap.t.sol', 'heal.sol', 'drip.t.sol', 'flap.sol', 'drip.sol', 'frob.t.sol', 'tune.sol', 'bite.sol']
2,['flop.sol', 'join.sol', 'flap.t.sol', 'heal.sol', 'heal.t.sol', 'flap.sol', 'drip.sol', 'frob.t.sol', 'tune.sol', 'bite.sol']
1,['flop.sol', 'join.sol', 'flap.t.sol', 'drip.t.sol', 'heal.t.sol', 'flap.sol', 'drip.sol', 'frob.t.sol', 'tune.sol', 'bite.sol']
1,['flop.sol', 'join.sol', 'heal.sol', 'drip.t.sol', 'heal.t.sol', 'flap.sol', 'drip.sol', 'frob.t.sol', 'tune.sol', 'bite.sol']
2,['flop.sol', 'flip.sol', 'frob.sol', 'flip.t.sol', 'move.sol', 'flop.t.sol', 'flap.t.sol', 'heal.sol', 'drip.t.sol', 'heal.t.sol']
3,['flop.sol', 'flip.sol', 'frob.sol', 'flip.t.sol', 'move.sol', 'flop.t.sol', 'flap.t.sol', 'heal.sol', 'drip.t.sol', 'flap.sol']
1,['flop.sol', 'flip.sol', 'frob.sol', 'flip.t.sol', 'move.sol', 'flop.t.sol', 'flap.t.sol', 'heal.sol', 'drip.t.sol', 'drip.sol']
2,['flop.sol', 'flip.sol', 'frob.sol', 'flip.t.sol', 'move.sol', 'flop.t.sol', 'flap.t.sol', 'heal.sol', 'drip.t.sol', 'frob.t.sol']
1,['flop.sol', 'flip.sol', 'frob.sol', 'flip.t.sol', 'move.sol', 'flop.t.sol', 'flap.t.sol', 'heal.sol', 'drip.t.sol', 'tune.sol']
1,['flop.sol', 'flip.sol', 'frob.sol', 'flip.t.sol', 'move.sol', 'flop.t.sol', 'flap.t.sol', 'heal.sol', 'drip.t.sol', 'bite.sol']
2,['flop.sol', 'flip.sol', 'frob.sol', 'flip.t.sol', 'move.sol', 'flop.t.sol', 'flap.t.sol', 'heal.sol', 'heal.t.sol', 'flap.sol']
3,['flop.sol', 'flip.sol', 'frob.sol', 'flip.t.sol', 'move.sol', 'flop.t.sol', 'flap.t.sol', 'heal.sol', 'heal.t.sol', 'drip.sol']
2,['flop.sol', 'flip.sol', 'frob.sol', 'flip.t.sol', 'move.sol', 'flop.t.sol', 'flap.t.sol', 'heal.sol', 'heal.t.sol', 'frob.t.sol']
1,['flop.sol', 'flip.sol', 'frob.sol', 'flip.t.sol', 'move.sol', 'flop.t.sol', 'flap.t.sol', 'heal.sol', 'heal.t.sol', 'tune.sol']
3,['flop.sol', 'flip.sol', 'frob.sol', 'flip.t.sol', 'move.sol', 'flop.t.sol', 'flap.t.sol', 'heal.sol', 'heal.t.sol', 'bite.sol']
2,['flop.sol', 'flip.sol', 'frob.sol', 'flip.t.sol', 'move.sol', 'flop.t.sol', 'flap.t.sol', 'heal.sol', 'flap.sol', 'drip.sol']
3,['flop.sol', 'flip.sol', 'frob.sol', 'flip.t.sol', 'move.sol', 'flop.t.sol', 'flap.t.sol', 'heal.sol', 'flap.sol', 'frob.t.sol']
1,['flop.sol', 'flip.sol', 'frob.sol', 'flip.t.sol', 'move.sol', 'flop.t.sol', 'flap.t.sol', 'heal.sol', 'flap.sol', 'tune.sol']
1,['flop.sol', 'flip.sol', 'frob.sol', 'flip.t.sol', 'move.sol', 'flop.t.sol', 'flap.t.sol', 'heal.sol', 'flap.sol', 'bite.sol']
2,['flop.sol', 'flip.sol', 'frob.sol', 'flip.t.sol', 'move.sol', 'flop.t.sol', 'flap.t.sol', 'heal.sol', 'drip.sol', 'frob.t.sol']
1,['flop.sol', 'flip.sol', 'frob.sol', 'flip.t.sol', 'move.sol', 'flop.t.sol', 'flap.t.sol', 'heal.sol', 'drip.sol', 'tune.sol']
1,['flop.sol', 'flip.sol', 'frob.sol', 'flip.t.sol', 'move.sol', 'flop.t.sol', 'flap.t.sol', 'heal.sol', 'drip.sol', 'bite.sol']
2,['flop.sol', 'flip.sol', 'frob.sol', 'flip.t.sol', 'move.sol', 'flop.t.sol', 'flap.t.sol', 'heal.sol', 'frob.t.sol', 'tune.sol']
2,['flop.sol', 'flip.sol', 'frob.sol', 'flip.t.sol', 'move.sol', 'flop.t.sol', 'flap.t.sol', 'heal.sol', 'frob.t.sol', 'bite.sol']
1,['flop.sol', 'flip.sol', 'frob.sol', 'flip.t.sol', 'move.sol', 'flop.t.sol', 'flap.t.sol', 'heal.sol', 'tune.sol', 'bite.sol']
2,['flop.sol', 'flip.sol', 'frob.sol', 'flip.t.sol', 'move.sol', 'flop.t.sol', 'flap.t.sol', 'drip.t.sol', 'heal.t.sol', 'flap.sol']
2,['flop.sol', 'flip.sol', 'frob.sol', 'flip.t.sol', 'move.sol', 'flop.t.sol', 'flap.t.sol', 'drip.t.sol', 'heal.t.sol', 'drip.sol']
2,['flop.sol', 'flip.sol', 'frob.sol', 'flip.t.sol', 'move.sol', 'flop.t.sol', 'flap.t.sol', 'drip.t.sol', 'heal.t.sol', 'frob.t.sol']
1,['flop.sol', 'flip.sol', 'frob.sol', 'flip.t.sol', 'move.sol', 'flop.t.sol', 'flap.t.sol', 'drip.t.sol', 'heal.t.sol', 'tune.sol']
2,['flop.sol', 'flip.sol', 'frob.sol', 'flip.t.sol', 'move.sol', 'flop.t.sol', 'flap.t.sol', 'drip.t.sol', 'heal.t.sol', 'bite.sol']
2,['flop.sol', 'flip.sol', 'frob.sol', 'flip.t.sol', 'move.sol', 'flop.t.sol', 'flap.t.sol', 'drip.t.sol', 'flap.sol', 'drip.sol']
2,['flop.sol', 'flip.sol', 'frob.sol', 'flip.t.sol', 'move.sol', 'flop.t.sol', 'flap.t.sol', 'drip.t.sol', 'flap.sol', 'frob.t.sol']
1,['flop.sol', 'flip.sol', 'frob.sol', 'flip.t.sol', 'move.sol', 'flop.t.sol', 'flap.t.sol', 'drip.t.sol', 'flap.sol', 'tune.sol']
1,['flop.sol', 'flip.sol', 'frob.sol', 'flip.t.sol', 'move.sol', 'flop.t.sol', 'flap.t.sol', 'drip.t.sol', 'flap.sol', 'bite.sol']
2,['flop.sol', 'flip.sol', 'frob.sol', 'flip.t.sol', 'move.sol', 'flop.t.sol', 'flap.t.sol', 'drip.t.sol', 'drip.sol', 'frob.t.sol']
1,['flop.sol', 'flip.sol', 'frob.sol', 'flip.t.sol', 'move.sol', 'flop.t.sol', 'flap.t.sol', 'drip.t.sol', 'drip.sol', 'tune.sol']
1,['flop.sol', 'flip.sol', 'frob.sol', 'flip.t.sol', 'move.sol', 'flop.t.sol', 'flap.t.sol', 'drip.t.sol', 'drip.sol', 'bite.sol']
2,['flop.sol', 'flip.sol', 'frob.sol', 'flip.t.sol', 'move.sol', 'flop.t.sol', 'flap.t.sol', 'drip.t.sol', 'frob.t.sol', 'tune.sol']
2,['flop.sol', 'flip.sol', 'frob.sol', 'flip.t.sol', 'move.sol', 'flop.t.sol', 'flap.t.sol', 'drip.t.sol', 'frob.t.sol', 'bite.sol']
1,['flop.sol', 'flip.sol', 'frob.sol', 'flip.t.sol', 'move.sol', 'flop.t.sol', 'flap.t.sol', 'drip.t.sol', 'tune.sol', 'bite.sol']
3,['flop.sol', 'flip.sol', 'frob.sol', 'flip.t.sol', 'move.sol', 'flop.t.sol', 'flap.t.sol', 'heal.t.sol', 'flap.sol', 'drip.sol']
3,['flop.sol', 'flip.sol', 'frob.sol', 'flip.t.sol', 'move.sol', 'flop.t.sol', 'flap.t.sol', 'heal.t.sol', 'flap.sol', 'frob.t.sol']
1,['flop.sol', 'flip.sol', 'frob.sol', 'flip.t.sol', 'move.sol', 'flop.t.sol', 'flap.t.sol', 'heal.t.sol', 'flap.sol', 'tune.sol']
2,['flop.sol', 'flip.sol', 'frob.sol', 'flip.t.sol', 'move.sol', 'flop.t.sol', 'flap.t.sol', 'heal.t.sol', 'flap.sol', 'bite.sol']
3,['flop.sol', 'flip.sol', 'frob.sol', 'flip.t.sol', 'move.sol', 'flop.t.sol', 'flap.t.sol', 'heal.t.sol', 'drip.sol', 'frob.t.sol']
2,['flop.sol', 'flip.sol', 'frob.sol', 'flip.t.sol', 'move.sol', 'flop.t.sol', 'flap.t.sol', 'heal.t.sol', 'drip.sol', 'tune.sol']
2,['flop.sol', 'flip.sol', 'frob.sol', 'flip.t.sol', 'move.sol', 'flop.t.sol', 'flap.t.sol', 'heal.t.sol', 'drip.sol', 'bite.sol']
2,['flop.sol', 'flip.sol', 'frob.sol', 'flip.t.sol', 'move.sol', 'flop.t.sol', 'flap.t.sol', 'heal.t.sol', 'frob.t.sol', 'tune.sol']
2,['flop.sol', 'flip.sol', 'frob.sol', 'flip.t.sol', 'move.sol', 'flop.t.sol', 'flap.t.sol', 'heal.t.sol', 'frob.t.sol', 'bite.sol']
2,['flop.sol', 'flip.sol', 'frob.sol', 'flip.t.sol', 'move.sol', 'flop.t.sol', 'flap.t.sol', 'heal.t.sol', 'tune.sol', 'bite.sol']
2,['flop.sol', 'flip.sol', 'frob.sol', 'flip.t.sol', 'move.sol', 'flop.t.sol', 'flap.t.sol', 'flap.sol', 'drip.sol', 'frob.t.sol']
1,['flop.sol', 'flip.sol', 'frob.sol', 'flip.t.sol', 'move.sol', 'flop.t.sol', 'flap.t.sol', 'flap.sol', 'drip.sol', 'tune.sol']
2,['flop.sol', 'flip.sol', 'frob.sol', 'flip.t.sol', 'move.sol', 'flop.t.sol', 'flap.t.sol', 'flap.sol', 'drip.sol', 'bite.sol']
2,['flop.sol', 'flip.sol', 'frob.sol', 'flip.t.sol', 'move.sol', 'flop.t.sol', 'flap.t.sol', 'flap.sol', 'frob.t.sol', 'tune.sol']
2,['flop.sol', 'flip.sol', 'frob.sol', 'flip.t.sol', 'move.sol', 'flop.t.sol', 'flap.t.sol', 'flap.sol', 'frob.t.sol', 'bite.sol']
1,['flop.sol', 'flip.sol', 'frob.sol', 'flip.t.sol', 'move.sol', 'flop.t.sol', 'flap.t.sol', 'flap.sol', 'tune.sol', 'bite.sol']
2,['flop.sol', 'flip.sol', 'frob.sol', 'flip.t.sol', 'move.sol', 'flop.t.sol', 'flap.t.sol', 'drip.sol', 'frob.t.sol', 'tune.sol']
2,['flop.sol', 'flip.sol', 'frob.sol', 'flip.t.sol', 'move.sol', 'flop.t.sol', 'flap.t.sol', 'drip.sol', 'frob.t.sol', 'bite.sol']
1,['flop.sol', 'flip.sol', 'frob.sol', 'flip.t.sol', 'move.sol', 'flop.t.sol', 'flap.t.sol', 'drip.sol', 'tune.sol', 'bite.sol']
2,['flop.sol', 'flip.sol', 'frob.sol', 'flip.t.sol', 'move.sol', 'flop.t.sol', 'flap.t.sol', 'frob.t.sol', 'tune.sol', 'bite.sol']
2,['flop.sol', 'flip.sol', 'frob.sol', 'flip.t.sol', 'move.sol', 'flop.t.sol', 'heal.sol', 'drip.t.sol', 'heal.t.sol', 'flap.sol']
1,['flop.sol', 'flip.sol', 'frob.sol', 'flip.t.sol', 'move.sol', 'flop.t.sol', 'heal.sol', 'drip.t.sol', 'heal.t.sol', 'drip.sol']
2,['flop.sol', 'flip.sol', 'frob.sol', 'flip.t.sol', 'move.sol', 'flop.t.sol', 'heal.sol', 'drip.t.sol', 'heal.t.sol', 'frob.t.sol']
1,['flop.sol', 'flip.sol', 'frob.sol', 'flip.t.sol', 'move.sol', 'flop.t.sol', 'heal.sol', 'drip.t.sol', 'heal.t.sol', 'tune.sol']
1,['flop.sol', 'flip.sol', 'frob.sol', 'flip.t.sol', 'move.sol', 'flop.t.sol', 'heal.sol', 'drip.t.sol', 'heal.t.sol', 'bite.sol']
2,['flop.sol', 'flip.sol', 'frob.sol', 'flip.t.sol', 'move.sol', 'flop.t.sol', 'heal.sol', 'drip.t.sol', 'flap.sol', 'drip.sol']
3,['flop.sol', 'flip.sol', 'frob.sol', 'flip.t.sol', 'move.sol', 'flop.t.sol', 'heal.sol', 'drip.t.sol', 'flap.sol', 'frob.t.sol']
1,['flop.sol', 'flip.sol', 'frob.sol', 'flip.t.sol', 'move.sol', 'flop.t.sol', 'heal.sol', 'drip.t.sol', 'flap.sol', 'tune.sol']
1,['flop.sol', 'flip.sol', 'frob.sol', 'flip.t.sol', 'move.sol', 'flop.t.sol', 'heal.sol', 'drip.t.sol', 'flap.sol', 'bite.sol']
2,['flop.sol', 'flip.sol', 'frob.sol', 'flip.t.sol', 'move.sol', 'flop.t.sol', 'heal.sol', 'drip.t.sol', 'drip.sol', 'frob.t.sol']
1,['flop.sol', 'flip.sol', 'frob.sol', 'flip.t.sol', 'move.sol', 'flop.t.sol', 'heal.sol', 'drip.t.sol', 'drip.sol', 'tune.sol']
1,['flop.sol', 'flip.sol', 'frob.sol', 'flip.t.sol', 'move.sol', 'flop.t.sol', 'heal.sol', 'drip.t.sol', 'drip.sol', 'bite.sol']
2,['flop.sol', 'flip.sol', 'frob.sol', 'flip.t.sol', 'move.sol', 'flop.t.sol', 'heal.sol', 'drip.t.sol', 'frob.t.sol', 'tune.sol']
2,['flop.sol', 'flip.sol', 'frob.sol', 'flip.t.sol', 'move.sol', 'flop.t.sol', 'heal.sol', 'drip.t.sol', 'frob.t.sol', 'bite.sol']
1,['flop.sol', 'flip.sol', 'frob.sol', 'flip.t.sol', 'move.sol', 'flop.t.sol', 'heal.sol', 'drip.t.sol', 'tune.sol', 'bite.sol']
3,['flop.sol', 'flip.sol', 'frob.sol', 'flip.t.sol', 'move.sol', 'flop.t.sol', 'heal.sol', 'heal.t.sol', 'flap.sol', 'drip.sol']
2,['flop.sol', 'flip.sol', 'frob.sol', 'flip.t.sol', 'move.sol', 'flop.t.sol', 'heal.sol', 'heal.t.sol', 'flap.sol', 'frob.t.sol']
1,['flop.sol', 'flip.sol', 'frob.sol', 'flip.t.sol', 'move.sol', 'flop.t.sol', 'heal.sol', 'heal.t.sol', 'flap.sol', 'tune.sol']
1,['flop.sol', 'flip.sol', 'frob.sol', 'flip.t.sol', 'move.sol', 'flop.t.sol', 'heal.sol', 'heal.t.sol', 'flap.sol', 'bite.sol']
2,['flop.sol', 'flip.sol', 'frob.sol', 'flip.t.sol', 'move.sol', 'flop.t.sol', 'heal.sol', 'heal.t.sol', 'drip.sol', 'frob.t.sol']
2,['flop.sol', 'flip.sol', 'frob.sol', 'flip.t.sol', 'move.sol', 'flop.t.sol', 'heal.sol', 'heal.t.sol', 'drip.sol', 'tune.sol']
2,['flop.sol', 'flip.sol', 'frob.sol', 'flip.t.sol', 'move.sol', 'flop.t.sol', 'heal.sol', 'heal.t.sol', 'drip.sol', 'bite.sol']
2,['flop.sol', 'flip.sol', 'frob.sol', 'flip.t.sol', 'move.sol', 'flop.t.sol', 'heal.sol', 'heal.t.sol', 'frob.t.sol', 'tune.sol']
2,['flop.sol', 'flip.sol', 'frob.sol', 'flip.t.sol', 'move.sol', 'flop.t.sol', 'heal.sol', 'heal.t.sol', 'frob.t.sol', 'bite.sol']
2,['flop.sol', 'flip.sol', 'frob.sol', 'flip.t.sol', 'move.sol', 'flop.t.sol', 'heal.sol', 'heal.t.sol', 'tune.sol', 'bite.sol']
3,['flop.sol', 'flip.sol', 'frob.sol', 'flip.t.sol', 'move.sol', 'flop.t.sol', 'heal.sol', 'flap.sol', 'drip.sol', 'frob.t.sol']
1,['flop.sol', 'flip.sol', 'frob.sol', 'flip.t.sol', 'move.sol', 'flop.t.sol', 'heal.sol', 'flap.sol', 'drip.sol', 'tune.sol']
1,['flop.sol', 'flip.sol', 'frob.sol', 'flip.t.sol', 'move.sol', 'flop.t.sol', 'heal.sol', 'flap.sol', 'drip.sol', 'bite.sol']
3,['flop.sol', 'flip.sol', 'frob.sol', 'flip.t.sol', 'move.sol', 'flop.t.sol', 'heal.sol', 'flap.sol', 'frob.t.sol', 'tune.sol']
2,['flop.sol', 'flip.sol', 'frob.sol', 'flip.t.sol', 'move.sol', 'flop.t.sol', 'heal.sol', 'flap.sol', 'frob.t.sol', 'bite.sol']
1,['flop.sol', 'flip.sol', 'frob.sol', 'flip.t.sol', 'move.sol', 'flop.t.sol', 'heal.sol', 'flap.sol', 'tune.sol', 'bite.sol']
2,['flop.sol', 'flip.sol', 'frob.sol', 'flip.t.sol', 'move.sol', 'flop.t.sol', 'heal.sol', 'drip.sol', 'frob.t.sol', 'tune.sol']
2,['flop.sol', 'flip.sol', 'frob.sol', 'flip.t.sol', 'move.sol', 'flop.t.sol', 'heal.sol', 'drip.sol', 'frob.t.sol', 'bite.sol']
1,['flop.sol', 'flip.sol', 'frob.sol', 'flip.t.sol', 'move.sol', 'flop.t.sol', 'heal.sol', 'drip.sol', 'tune.sol', 'bite.sol']
2,['flop.sol', 'flip.sol', 'frob.sol', 'flip.t.sol', 'move.sol', 'flop.t.sol', 'heal.sol', 'frob.t.sol', 'tune.sol', 'bite.sol']
2,['flop.sol', 'flip.sol', 'frob.sol', 'flip.t.sol', 'move.sol', 'flop.t.sol', 'drip.t.sol', 'heal.t.sol', 'flap.sol', 'drip.sol']
2,['flop.sol', 'flip.sol', 'frob.sol', 'flip.t.sol', 'move.sol', 'flop.t.sol', 'drip.t.sol', 'heal.t.sol', 'flap.sol', 'frob.t.sol']
1,['flop.sol', 'flip.sol', 'frob.sol', 'flip.t.sol', 'move.sol', 'flop.t.sol', 'drip.t.sol', 'heal.t.sol', 'flap.sol', 'tune.sol']
2,['flop.sol', 'flip.sol', 'frob.sol', 'flip.t.sol', 'move.sol', 'flop.t.sol', 'drip.t.sol', 'heal.t.sol', 'flap.sol', 'bite.sol']
2,['flop.sol', 'flip.sol', 'frob.sol', 'flip.t.sol', 'move.sol', 'flop.t.sol', 'drip.t.sol', 'heal.t.sol', 'drip.sol', 'frob.t.sol']
2,['flop.sol', 'flip.sol', 'frob.sol', 'flip.t.sol', 'move.sol', 'flop.t.sol', 'drip.t.sol', 'heal.t.sol', 'drip.sol', 'tune.sol']
1,['flop.sol', 'flip.sol', 'frob.sol', 'flip.t.sol', 'move.sol', 'flop.t.sol', 'drip.t.sol', 'heal.t.sol', 'drip.sol', 'bite.sol']
2,['flop.sol', 'flip.sol', 'frob.sol', 'flip.t.sol', 'move.sol', 'flop.t.sol', 'drip.t.sol', 'heal.t.sol', 'frob.t.sol', 'tune.sol']
1,['flop.sol', 'flip.sol', 'frob.sol', 'flip.t.sol', 'move.sol', 'flop.t.sol', 'drip.t.sol', 'heal.t.sol', 'frob.t.sol', 'bite.sol']
1,['flop.sol', 'flip.sol', 'frob.sol', 'flip.t.sol', 'move.sol', 'flop.t.sol', 'drip.t.sol', 'heal.t.sol', 'tune.sol', 'bite.sol']
3,['flop.sol', 'flip.sol', 'frob.sol', 'flip.t.sol', 'move.sol', 'flop.t.sol', 'drip.t.sol', 'flap.sol', 'drip.sol', 'frob.t.sol']
1,['flop.sol', 'flip.sol', 'frob.sol', 'flip.t.sol', 'move.sol', 'flop.t.sol', 'drip.t.sol', 'flap.sol', 'drip.sol', 'tune.sol']
1,['flop.sol', 'flip.sol', 'frob.sol', 'flip.t.sol', 'move.sol', 'flop.t.sol', 'drip.t.sol', 'flap.sol', 'drip.sol', 'bite.sol']
2,['flop.sol', 'flip.sol', 'frob.sol', 'flip.t.sol', 'move.sol', 'flop.t.sol', 'drip.t.sol', 'flap.sol', 'frob.t.sol', 'tune.sol']
2,['flop.sol', 'flip.sol', 'frob.sol', 'flip.t.sol', 'move.sol', 'flop.t.sol', 'drip.t.sol', 'flap.sol', 'frob.t.sol', 'bite.sol']
1,['flop.sol', 'flip.sol', 'frob.sol', 'flip.t.sol', 'move.sol', 'flop.t.sol', 'drip.t.sol', 'flap.sol', 'tune.sol', 'bite.sol']
2,['flop.sol', 'flip.sol', 'frob.sol', 'flip.t.sol', 'move.sol', 'flop.t.sol', 'drip.t.sol', 'drip.sol', 'frob.t.sol', 'tune.sol']
2,['flop.sol', 'flip.sol', 'frob.sol', 'flip.t.sol', 'move.sol', 'flop.t.sol', 'drip.t.sol', 'drip.sol', 'frob.t.sol', 'bite.sol']
1,['flop.sol', 'flip.sol', 'frob.sol', 'flip.t.sol', 'move.sol', 'flop.t.sol', 'drip.t.sol', 'drip.sol', 'tune.sol', 'bite.sol']
2,['flop.sol', 'flip.sol', 'frob.sol', 'flip.t.sol', 'move.sol', 'flop.t.sol', 'drip.t.sol', 'frob.t.sol', 'tune.sol', 'bite.sol']
3,['flop.sol', 'flip.sol', 'frob.sol', 'flip.t.sol', 'move.sol', 'flop.t.sol', 'heal.t.sol', 'flap.sol', 'drip.sol', 'frob.t.sol']
2,['flop.sol', 'flip.sol', 'frob.sol', 'flip.t.sol', 'move.sol', 'flop.t.sol', 'heal.t.sol', 'flap.sol', 'drip.sol', 'tune.sol']
2,['flop.sol', 'flip.sol', 'frob.sol', 'flip.t.sol', 'move.sol', 'flop.t.sol', 'heal.t.sol', 'flap.sol', 'drip.sol', 'bite.sol']
2,['flop.sol', 'flip.sol', 'frob.sol', 'flip.t.sol', 'move.sol', 'flop.t.sol', 'heal.t.sol', 'flap.sol', 'frob.t.sol', 'tune.sol']
2,['flop.sol', 'flip.sol', 'frob.sol', 'flip.t.sol', 'move.sol', 'flop.t.sol', 'heal.t.sol', 'flap.sol', 'frob.t.sol', 'bite.sol']
1,['flop.sol', 'flip.sol', 'frob.sol', 'flip.t.sol', 'move.sol', 'flop.t.sol', 'heal.t.sol', 'flap.sol', 'tune.sol', 'bite.sol']
2,['flop.sol', 'flip.sol', 'frob.sol', 'flip.t.sol', 'move.sol', 'flop.t.sol', 'heal.t.sol', 'drip.sol', 'frob.t.sol', 'tune.sol']
2,['flop.sol', 'flip.sol', 'frob.sol', 'flip.t.sol', 'move.sol', 'flop.t.sol', 'heal.t.sol', 'drip.sol', 'frob.t.sol', 'bite.sol']
2,['flop.sol', 'flip.sol', 'frob.sol', 'flip.t.sol', 'move.sol', 'flop.t.sol', 'heal.t.sol', 'drip.sol', 'tune.sol', 'bite.sol']
2,['flop.sol', 'flip.sol', 'frob.sol', 'flip.t.sol', 'move.sol', 'flop.t.sol', 'heal.t.sol', 'frob.t.sol', 'tune.sol', 'bite.sol']
1,['flop.sol', 'flip.sol', 'frob.sol', 'flip.t.sol', 'move.sol', 'flop.t.sol', 'flap.sol', 'drip.sol', 'frob.t.sol', 'tune.sol']
2,['flop.sol', 'flip.sol', 'frob.sol', 'flip.t.sol', 'move.sol', 'flop.t.sol', 'flap.sol', 'drip.sol', 'frob.t.sol', 'bite.sol']
1,['flop.sol', 'flip.sol', 'frob.sol', 'flip.t.sol', 'move.sol', 'flop.t.sol', 'flap.sol', 'drip.sol', 'tune.sol', 'bite.sol']
2,['flop.sol', 'flip.sol', 'frob.sol', 'flip.t.sol', 'move.sol', 'flop.t.sol', 'flap.sol', 'frob.t.sol', 'tune.sol', 'bite.sol']
2,['flop.sol', 'flip.sol', 'frob.sol', 'flip.t.sol', 'move.sol', 'flop.t.sol', 'drip.sol', 'frob.t.sol', 'tune.sol', 'bite.sol']
2,['flop.sol', 'flip.sol', 'frob.sol', 'flip.t.sol', 'move.sol', 'flap.t.sol', 'heal.sol', 'drip.t.sol', 'heal.t.sol', 'flap.sol']
1,['flop.sol', 'flip.sol', 'frob.sol', 'flip.t.sol', 'move.sol', 'flap.t.sol', 'heal.sol', 'drip.t.sol', 'heal.t.sol', 'drip.sol']
2,['flop.sol', 'flip.sol', 'frob.sol', 'flip.t.sol', 'move.sol', 'flap.t.sol', 'heal.sol', 'drip.t.sol', 'heal.t.sol', 'frob.t.sol']
1,['flop.sol', 'flip.sol', 'frob.sol', 'flip.t.sol', 'move.sol', 'flap.t.sol', 'heal.sol', 'drip.t.sol', 'heal.t.sol', 'tune.sol']
1,['flop.sol', 'flip.sol', 'frob.sol', 'flip.t.sol', 'move.sol', 'flap.t.sol', 'heal.sol', 'drip.t.sol', 'heal.t.sol', 'bite.sol']
2,['flop.sol', 'flip.sol', 'frob.sol', 'flip.t.sol', 'move.sol', 'flap.t.sol', 'heal.sol', 'drip.t.sol', 'flap.sol', 'drip.sol']
3,['flop.sol', 'flip.sol', 'frob.sol', 'flip.t.sol', 'move.sol', 'flap.t.sol', 'heal.sol', 'drip.t.sol', 'flap.sol', 'frob.t.sol']
1,['flop.sol', 'flip.sol', 'frob.sol', 'flip.t.sol', 'move.sol', 'flap.t.sol', 'heal.sol', 'drip.t.sol', 'flap.sol', 'tune.sol']
1,['flop.sol', 'flip.sol', 'frob.sol', 'flip.t.sol', 'move.sol', 'flap.t.sol', 'heal.sol', 'drip.t.sol', 'flap.sol', 'bite.sol']
2,['flop.sol', 'flip.sol', 'frob.sol', 'flip.t.sol', 'move.sol', 'flap.t.sol', 'heal.sol', 'drip.t.sol', 'drip.sol', 'frob.t.sol']
1,['flop.sol', 'flip.sol', 'frob.sol', 'flip.t.sol', 'move.sol', 'flap.t.sol', 'heal.sol', 'drip.t.sol', 'drip.sol', 'tune.sol']
1,['flop.sol', 'flip.sol', 'frob.sol', 'flip.t.sol', 'move.sol', 'flap.t.sol', 'heal.sol', 'drip.t.sol', 'drip.sol', 'bite.sol']
2,['flop.sol', 'flip.sol', 'frob.sol', 'flip.t.sol', 'move.sol', 'flap.t.sol', 'heal.sol', 'drip.t.sol', 'frob.t.sol', 'tune.sol']
2,['flop.sol', 'flip.sol', 'frob.sol', 'flip.t.sol', 'move.sol', 'flap.t.sol', 'heal.sol', 'drip.t.sol', 'frob.t.sol', 'bite.sol']
1,['flop.sol', 'flip.sol', 'frob.sol', 'flip.t.sol', 'move.sol', 'flap.t.sol', 'heal.sol', 'drip.t.sol', 'tune.sol', 'bite.sol']
2,['flop.sol', 'flip.sol', 'frob.sol', 'flip.t.sol', 'move.sol', 'flap.t.sol', 'heal.sol', 'heal.t.sol', 'flap.sol', 'drip.sol']
2,['flop.sol', 'flip.sol', 'frob.sol', 'flip.t.sol', 'move.sol', 'flap.t.sol', 'heal.sol', 'heal.t.sol', 'flap.sol', 'frob.t.sol']
1,['flop.sol', 'flip.sol', 'frob.sol', 'flip.t.sol', 'move.sol', 'flap.t.sol', 'heal.sol', 'heal.t.sol', 'flap.sol', 'tune.sol']
1,['flop.sol', 'flip.sol', 'frob.sol', 'flip.t.sol', 'move.sol', 'flap.t.sol', 'heal.sol', 'heal.t.sol', 'flap.sol', 'bite.sol']
2,['flop.sol', 'flip.sol', 'frob.sol', 'flip.t.sol', 'move.sol', 'flap.t.sol', 'heal.sol', 'heal.t.sol', 'drip.sol', 'frob.t.sol']
2,['flop.sol', 'flip.sol', 'frob.sol', 'flip.t.sol', 'move.sol', 'flap.t.sol', 'heal.sol', 'heal.t.sol', 'drip.sol', 'tune.sol']
2,['flop.sol', 'flip.sol', 'frob.sol', 'flip.t.sol', 'move.sol', 'flap.t.sol', 'heal.sol', 'heal.t.sol', 'drip.sol', 'bite.sol']
2,['flop.sol', 'flip.sol', 'frob.sol', 'flip.t.sol', 'move.sol', 'flap.t.sol', 'heal.sol', 'heal.t.sol', 'frob.t.sol', 'tune.sol']
2,['flop.sol', 'flip.sol', 'frob.sol', 'flip.t.sol', 'move.sol', 'flap.t.sol', 'heal.sol', 'heal.t.sol', 'frob.t.sol', 'bite.sol']
2,['flop.sol', 'flip.sol', 'frob.sol', 'flip.t.sol', 'move.sol', 'flap.t.sol', 'heal.sol', 'heal.t.sol', 'tune.sol', 'bite.sol']
2,['flop.sol', 'flip.sol', 'frob.sol', 'flip.t.sol', 'move.sol', 'flap.t.sol', 'heal.sol', 'flap.sol', 'drip.sol', 'frob.t.sol']
1,['flop.sol', 'flip.sol', 'frob.sol', 'flip.t.sol', 'move.sol', 'flap.t.sol', 'heal.sol', 'flap.sol', 'drip.sol', 'tune.sol']
1,['flop.sol', 'flip.sol', 'frob.sol', 'flip.t.sol', 'move.sol', 'flap.t.sol', 'heal.sol', 'flap.sol', 'drip.sol', 'bite.sol']
3,['flop.sol', 'flip.sol', 'frob.sol', 'flip.t.sol', 'move.sol', 'flap.t.sol', 'heal.sol', 'flap.sol', 'frob.t.sol', 'tune.sol']
2,['flop.sol', 'flip.sol', 'frob.sol', 'flip.t.sol', 'move.sol', 'flap.t.sol', 'heal.sol', 'flap.sol', 'frob.t.sol', 'bite.sol']
1,['flop.sol', 'flip.sol', 'frob.sol', 'flip.t.sol', 'move.sol', 'flap.t.sol', 'heal.sol', 'flap.sol', 'tune.sol', 'bite.sol']
2,['flop.sol', 'flip.sol', 'frob.sol', 'flip.t.sol', 'move.sol', 'flap.t.sol', 'heal.sol', 'drip.sol', 'frob.t.sol', 'tune.sol']
2,['flop.sol', 'flip.sol', 'frob.sol', 'flip.t.sol', 'move.sol', 'flap.t.sol', 'heal.sol', 'drip.sol', 'frob.t.sol', 'bite.sol']
1,['flop.sol', 'flip.sol', 'frob.sol', 'flip.t.sol', 'move.sol', 'flap.t.sol', 'heal.sol', 'drip.sol', 'tune.sol', 'bite.sol']
2,['flop.sol', 'flip.sol', 'frob.sol', 'flip.t.sol', 'move.sol', 'flap.t.sol', 'heal.sol', 'frob.t.sol', 'tune.sol', 'bite.sol']
2,['flop.sol', 'flip.sol', 'frob.sol', 'flip.t.sol', 'move.sol', 'flap.t.sol', 'drip.t.sol', 'heal.t.sol', 'flap.sol', 'drip.sol']
2,['flop.sol', 'flip.sol', 'frob.sol', 'flip.t.sol', 'move.sol', 'flap.t.sol', 'drip.t.sol', 'heal.t.sol', 'flap.sol', 'frob.t.sol']
1,['flop.sol', 'flip.sol', 'frob.sol', 'flip.t.sol', 'move.sol', 'flap.t.sol', 'drip.t.sol', 'heal.t.sol', 'flap.sol', 'tune.sol']
2,['flop.sol', 'flip.sol', 'frob.sol', 'flip.t.sol', 'move.sol', 'flap.t.sol', 'drip.t.sol', 'heal.t.sol', 'flap.sol', 'bite.sol']
2,['flop.sol', 'flip.sol', 'frob.sol', 'flip.t.sol', 'move.sol', 'flap.t.sol', 'drip.t.sol', 'heal.t.sol', 'drip.sol', 'frob.t.sol']
1,['flop.sol', 'flip.sol', 'frob.sol', 'flip.t.sol', 'move.sol', 'flap.t.sol', 'drip.t.sol', 'heal.t.sol', 'drip.sol', 'tune.sol']
1,['flop.sol', 'flip.sol', 'frob.sol', 'flip.t.sol', 'move.sol', 'flap.t.sol', 'drip.t.sol', 'heal.t.sol', 'drip.sol', 'bite.sol']
2,['flop.sol', 'flip.sol', 'frob.sol', 'flip.t.sol', 'move.sol', 'flap.t.sol', 'drip.t.sol', 'heal.t.sol', 'frob.t.sol', 'tune.sol']
1,['flop.sol', 'flip.sol', 'frob.sol', 'flip.t.sol', 'move.sol', 'flap.t.sol', 'drip.t.sol', 'heal.t.sol', 'frob.t.sol', 'bite.sol']
1,['flop.sol', 'flip.sol', 'frob.sol', 'flip.t.sol', 'move.sol', 'flap.t.sol', 'drip.t.sol', 'heal.t.sol', 'tune.sol', 'bite.sol']
3,['flop.sol', 'flip.sol', 'frob.sol', 'flip.t.sol', 'move.sol', 'flap.t.sol', 'drip.t.sol', 'flap.sol', 'drip.sol', 'frob.t.sol']
1,['flop.sol', 'flip.sol', 'frob.sol', 'flip.t.sol', 'move.sol', 'flap.t.sol', 'drip.t.sol', 'flap.sol', 'drip.sol', 'tune.sol']
1,['flop.sol', 'flip.sol', 'frob.sol', 'flip.t.sol', 'move.sol', 'flap.t.sol', 'drip.t.sol', 'flap.sol', 'drip.sol', 'bite.sol']
2,['flop.sol', 'flip.sol', 'frob.sol', 'flip.t.sol', 'move.sol', 'flap.t.sol', 'drip.t.sol', 'flap.sol', 'frob.t.sol', 'tune.sol']
2,['flop.sol', 'flip.sol', 'frob.sol', 'flip.t.sol', 'move.sol', 'flap.t.sol', 'drip.t.sol', 'flap.sol', 'frob.t.sol', 'bite.sol']
1,['flop.sol', 'flip.sol', 'frob.sol', 'flip.t.sol', 'move.sol', 'flap.t.sol', 'drip.t.sol', 'flap.sol', 'tune.sol', 'bite.sol']
2,['flop.sol', 'flip.sol', 'frob.sol', 'flip.t.sol', 'move.sol', 'flap.t.sol', 'drip.t.sol', 'drip.sol', 'frob.t.sol', 'tune.sol']
2,['flop.sol', 'flip.sol', 'frob.sol', 'flip.t.sol', 'move.sol', 'flap.t.sol', 'drip.t.sol', 'drip.sol', 'frob.t.sol', 'bite.sol']
1,['flop.sol', 'flip.sol', 'frob.sol', 'flip.t.sol', 'move.sol', 'flap.t.sol', 'drip.t.sol', 'drip.sol', 'tune.sol', 'bite.sol']
2,['flop.sol', 'flip.sol', 'frob.sol', 'flip.t.sol', 'move.sol', 'flap.t.sol', 'drip.t.sol', 'frob.t.sol', 'tune.sol', 'bite.sol']
3,['flop.sol', 'flip.sol', 'frob.sol', 'flip.t.sol', 'move.sol', 'flap.t.sol', 'heal.t.sol', 'flap.sol', 'drip.sol', 'frob.t.sol']
1,['flop.sol', 'flip.sol', 'frob.sol', 'flip.t.sol', 'move.sol', 'flap.t.sol', 'heal.t.sol', 'flap.sol', 'drip.sol', 'tune.sol']
2,['flop.sol', 'flip.sol', 'frob.sol', 'flip.t.sol', 'move.sol', 'flap.t.sol', 'heal.t.sol', 'flap.sol', 'drip.sol', 'bite.sol']
2,['flop.sol', 'flip.sol', 'frob.sol', 'flip.t.sol', 'move.sol', 'flap.t.sol', 'heal.t.sol', 'flap.sol', 'frob.t.sol', 'tune.sol']
2,['flop.sol', 'flip.sol', 'frob.sol', 'flip.t.sol', 'move.sol', 'flap.t.sol', 'heal.t.sol', 'flap.sol', 'frob.t.sol', 'bite.sol']
1,['flop.sol', 'flip.sol', 'frob.sol', 'flip.t.sol', 'move.sol', 'flap.t.sol', 'heal.t.sol', 'flap.sol', 'tune.sol', 'bite.sol']
2,['flop.sol', 'flip.sol', 'frob.sol', 'flip.t.sol', 'move.sol', 'flap.t.sol', 'heal.t.sol', 'drip.sol', 'frob.t.sol', 'tune.sol']
2,['flop.sol', 'flip.sol', 'frob.sol', 'flip.t.sol', 'move.sol', 'flap.t.sol', 'heal.t.sol', 'drip.sol', 'frob.t.sol', 'bite.sol']
2,['flop.sol', 'flip.sol', 'frob.sol', 'flip.t.sol', 'move.sol', 'flap.t.sol', 'heal.t.sol', 'drip.sol', 'tune.sol', 'bite.sol']
2,['flop.sol', 'flip.sol', 'frob.sol', 'flip.t.sol', 'move.sol', 'flap.t.sol', 'heal.t.sol', 'frob.t.sol', 'tune.sol', 'bite.sol']
1,['flop.sol', 'flip.sol', 'frob.sol', 'flip.t.sol', 'move.sol', 'flap.t.sol', 'flap.sol', 'drip.sol', 'frob.t.sol', 'tune.sol']
2,['flop.sol', 'flip.sol', 'frob.sol', 'flip.t.sol', 'move.sol', 'flap.t.sol', 'flap.sol', 'drip.sol', 'frob.t.sol', 'bite.sol']
1,['flop.sol', 'flip.sol', 'frob.sol', 'flip.t.sol', 'move.sol', 'flap.t.sol', 'flap.sol', 'drip.sol', 'tune.sol', 'bite.sol']
2,['flop.sol', 'flip.sol', 'frob.sol', 'flip.t.sol', 'move.sol', 'flap.t.sol', 'flap.sol', 'frob.t.sol', 'tune.sol', 'bite.sol']
2,['flop.sol', 'flip.sol', 'frob.sol', 'flip.t.sol', 'move.sol', 'flap.t.sol', 'drip.sol', 'frob.t.sol', 'tune.sol', 'bite.sol']
1,['flop.sol', 'flip.sol', 'frob.sol', 'flip.t.sol', 'move.sol', 'heal.sol', 'drip.t.sol', 'heal.t.sol', 'flap.sol', 'drip.sol']
2,['flop.sol', 'flip.sol', 'frob.sol', 'flip.t.sol', 'move.sol', 'heal.sol', 'drip.t.sol', 'heal.t.sol', 'flap.sol', 'frob.t.sol']
1,['flop.sol', 'flip.sol', 'frob.sol', 'flip.t.sol', 'move.sol', 'heal.sol', 'drip.t.sol', 'heal.t.sol', 'flap.sol', 'tune.sol']
1,['flop.sol', 'flip.sol', 'frob.sol', 'flip.t.sol', 'move.sol', 'heal.sol', 'drip.t.sol', 'heal.t.sol', 'flap.sol', 'bite.sol']
2,['flop.sol', 'flip.sol', 'frob.sol', 'flip.t.sol', 'move.sol', 'heal.sol', 'drip.t.sol', 'heal.t.sol', 'drip.sol', 'frob.t.sol']
1,['flop.sol', 'flip.sol', 'frob.sol', 'flip.t.sol', 'move.sol', 'heal.sol', 'drip.t.sol', 'heal.t.sol', 'drip.sol', 'tune.sol']
1,['flop.sol', 'flip.sol', 'frob.sol', 'flip.t.sol', 'move.sol', 'heal.sol', 'drip.t.sol', 'heal.t.sol', 'drip.sol', 'bite.sol']
1,['flop.sol', 'flip.sol', 'frob.sol', 'flip.t.sol', 'move.sol', 'heal.sol', 'drip.t.sol', 'heal.t.sol', 'frob.t.sol', 'tune.sol']
2,['flop.sol', 'flip.sol', 'frob.sol', 'flip.t.sol', 'move.sol', 'heal.sol', 'drip.t.sol', 'heal.t.sol', 'frob.t.sol', 'bite.sol']
1,['flop.sol', 'flip.sol', 'frob.sol', 'flip.t.sol', 'move.sol', 'heal.sol', 'drip.t.sol', 'heal.t.sol', 'tune.sol', 'bite.sol']
2,['flop.sol', 'flip.sol', 'frob.sol', 'flip.t.sol', 'move.sol', 'heal.sol', 'drip.t.sol', 'flap.sol', 'drip.sol', 'frob.t.sol']
1,['flop.sol', 'flip.sol', 'frob.sol', 'flip.t.sol', 'move.sol', 'heal.sol', 'drip.t.sol', 'flap.sol', 'drip.sol', 'tune.sol']
2,['flop.sol', 'flip.sol', 'frob.sol', 'flip.t.sol', 'move.sol', 'heal.sol', 'drip.t.sol', 'flap.sol', 'drip.sol', 'bite.sol']
2,['flop.sol', 'flip.sol', 'frob.sol', 'flip.t.sol', 'move.sol', 'heal.sol', 'drip.t.sol', 'flap.sol', 'frob.t.sol', 'tune.sol']
1,['flop.sol', 'flip.sol', 'frob.sol', 'flip.t.sol', 'move.sol', 'heal.sol', 'drip.t.sol', 'flap.sol', 'frob.t.sol', 'bite.sol']
1,['flop.sol', 'flip.sol', 'frob.sol', 'flip.t.sol', 'move.sol', 'heal.sol', 'drip.t.sol', 'flap.sol', 'tune.sol', 'bite.sol']
2,['flop.sol', 'flip.sol', 'frob.sol', 'flip.t.sol', 'move.sol', 'heal.sol', 'drip.t.sol', 'drip.sol', 'frob.t.sol', 'tune.sol']
1,['flop.sol', 'flip.sol', 'frob.sol', 'flip.t.sol', 'move.sol', 'heal.sol', 'drip.t.sol', 'drip.sol', 'frob.t.sol', 'bite.sol']
1,['flop.sol', 'flip.sol', 'frob.sol', 'flip.t.sol', 'move.sol', 'heal.sol', 'drip.t.sol', 'drip.sol', 'tune.sol', 'bite.sol']
1,['flop.sol', 'flip.sol', 'frob.sol', 'flip.t.sol', 'move.sol', 'heal.sol', 'drip.t.sol', 'frob.t.sol', 'tune.sol', 'bite.sol']
2,['flop.sol', 'flip.sol', 'frob.sol', 'flip.t.sol', 'move.sol', 'heal.sol', 'heal.t.sol', 'flap.sol', 'drip.sol', 'frob.t.sol']
1,['flop.sol', 'flip.sol', 'frob.sol', 'flip.t.sol', 'move.sol', 'heal.sol', 'heal.t.sol', 'flap.sol', 'drip.sol', 'tune.sol']
2,['flop.sol', 'flip.sol', 'frob.sol', 'flip.t.sol', 'move.sol', 'heal.sol', 'heal.t.sol', 'flap.sol', 'drip.sol', 'bite.sol']
2,['flop.sol', 'flip.sol', 'frob.sol', 'flip.t.sol', 'move.sol', 'heal.sol', 'heal.t.sol', 'flap.sol', 'frob.t.sol', 'tune.sol']
2,['flop.sol', 'flip.sol', 'frob.sol', 'flip.t.sol', 'move.sol', 'heal.sol', 'heal.t.sol', 'flap.sol', 'frob.t.sol', 'bite.sol']
1,['flop.sol', 'flip.sol', 'frob.sol', 'flip.t.sol', 'move.sol', 'heal.sol', 'heal.t.sol', 'flap.sol', 'tune.sol', 'bite.sol']
2,['flop.sol', 'flip.sol', 'frob.sol', 'flip.t.sol', 'move.sol', 'heal.sol', 'heal.t.sol', 'drip.sol', 'frob.t.sol', 'tune.sol']
2,['flop.sol', 'flip.sol', 'frob.sol', 'flip.t.sol', 'move.sol', 'heal.sol', 'heal.t.sol', 'drip.sol', 'frob.t.sol', 'bite.sol']
2,['flop.sol', 'flip.sol', 'frob.sol', 'flip.t.sol', 'move.sol', 'heal.sol', 'heal.t.sol', 'drip.sol', 'tune.sol', 'bite.sol']
2,['flop.sol', 'flip.sol', 'frob.sol', 'flip.t.sol', 'move.sol', 'heal.sol', 'heal.t.sol', 'frob.t.sol', 'tune.sol', 'bite.sol']
2,['flop.sol', 'flip.sol', 'frob.sol', 'flip.t.sol', 'move.sol', 'heal.sol', 'flap.sol', 'drip.sol', 'frob.t.sol', 'tune.sol']
2,['flop.sol', 'flip.sol', 'frob.sol', 'flip.t.sol', 'move.sol', 'heal.sol', 'flap.sol', 'drip.sol', 'frob.t.sol', 'bite.sol']
1,['flop.sol', 'flip.sol', 'frob.sol', 'flip.t.sol', 'move.sol', 'heal.sol', 'flap.sol', 'drip.sol', 'tune.sol', 'bite.sol']
2,['flop.sol', 'flip.sol', 'frob.sol', 'flip.t.sol', 'move.sol', 'heal.sol', 'flap.sol', 'frob.t.sol', 'tune.sol', 'bite.sol']
2,['flop.sol', 'flip.sol', 'frob.sol', 'flip.t.sol', 'move.sol', 'heal.sol', 'drip.sol', 'frob.t.sol', 'tune.sol', 'bite.sol']
2,['flop.sol', 'flip.sol', 'frob.sol', 'flip.t.sol', 'move.sol', 'drip.t.sol', 'heal.t.sol', 'flap.sol', 'drip.sol', 'frob.t.sol']
2,['flop.sol', 'flip.sol', 'frob.sol', 'flip.t.sol', 'move.sol', 'drip.t.sol', 'heal.t.sol', 'flap.sol', 'drip.sol', 'tune.sol']
1,['flop.sol', 'flip.sol', 'frob.sol', 'flip.t.sol', 'move.sol', 'drip.t.sol', 'heal.t.sol', 'flap.sol', 'drip.sol', 'bite.sol']
2,['flop.sol', 'flip.sol', 'frob.sol', 'flip.t.sol', 'move.sol', 'drip.t.sol', 'heal.t.sol', 'flap.sol', 'frob.t.sol', 'tune.sol']
1,['flop.sol', 'flip.sol', 'frob.sol', 'flip.t.sol', 'move.sol', 'drip.t.sol', 'heal.t.sol', 'flap.sol', 'frob.t.sol', 'bite.sol']
1,['flop.sol', 'flip.sol', 'frob.sol', 'flip.t.sol', 'move.sol', 'drip.t.sol', 'heal.t.sol', 'flap.sol', 'tune.sol', 'bite.sol']
1,['flop.sol', 'flip.sol', 'frob.sol', 'flip.t.sol', 'move.sol', 'drip.t.sol', 'heal.t.sol', 'drip.sol', 'frob.t.sol', 'tune.sol']
1,['flop.sol', 'flip.sol', 'frob.sol', 'flip.t.sol', 'move.sol', 'drip.t.sol', 'heal.t.sol', 'drip.sol', 'frob.t.sol', 'bite.sol']
1,['flop.sol', 'flip.sol', 'frob.sol', 'flip.t.sol', 'move.sol', 'drip.t.sol', 'heal.t.sol', 'drip.sol', 'tune.sol', 'bite.sol']
1,['flop.sol', 'flip.sol', 'frob.sol', 'flip.t.sol', 'move.sol', 'drip.t.sol', 'heal.t.sol', 'frob.t.sol', 'tune.sol', 'bite.sol']
2,['flop.sol', 'flip.sol', 'frob.sol', 'flip.t.sol', 'move.sol', 'drip.t.sol', 'flap.sol', 'drip.sol', 'frob.t.sol', 'tune.sol']
2,['flop.sol', 'flip.sol', 'frob.sol', 'flip.t.sol', 'move.sol', 'drip.t.sol', 'flap.sol', 'drip.sol', 'frob.t.sol', 'bite.sol']
1,['flop.sol', 'flip.sol', 'frob.sol', 'flip.t.sol', 'move.sol', 'drip.t.sol', 'flap.sol', 'drip.sol', 'tune.sol', 'bite.sol']
2,['flop.sol', 'flip.sol', 'frob.sol', 'flip.t.sol', 'move.sol', 'drip.t.sol', 'flap.sol', 'frob.t.sol', 'tune.sol', 'bite.sol']
2,['flop.sol', 'flip.sol', 'frob.sol', 'flip.t.sol', 'move.sol', 'drip.t.sol', 'drip.sol', 'frob.t.sol', 'tune.sol', 'bite.sol']
2,['flop.sol', 'flip.sol', 'frob.sol', 'flip.t.sol', 'move.sol', 'heal.t.sol', 'flap.sol', 'drip.sol', 'frob.t.sol', 'tune.sol']
2,['flop.sol', 'flip.sol', 'frob.sol', 'flip.t.sol', 'move.sol', 'heal.t.sol', 'flap.sol', 'drip.sol', 'frob.t.sol', 'bite.sol']
2,['flop.sol', 'flip.sol', 'frob.sol', 'flip.t.sol', 'move.sol', 'heal.t.sol', 'flap.sol', 'drip.sol', 'tune.sol', 'bite.sol']
2,['flop.sol', 'flip.sol', 'frob.sol', 'flip.t.sol', 'move.sol', 'heal.t.sol', 'flap.sol', 'frob.t.sol', 'tune.sol', 'bite.sol']
2,['flop.sol', 'flip.sol', 'frob.sol', 'flip.t.sol', 'move.sol', 'heal.t.sol', 'drip.sol', 'frob.t.sol', 'tune.sol', 'bite.sol']
2,['flop.sol', 'flip.sol', 'frob.sol', 'flip.t.sol', 'move.sol', 'flap.sol', 'drip.sol', 'frob.t.sol', 'tune.sol', 'bite.sol']
2,['flop.sol', 'flip.sol', 'frob.sol', 'flip.t.sol', 'flop.t.sol', 'flap.t.sol', 'heal.sol', 'drip.t.sol', 'heal.t.sol', 'flap.sol']
2,['flop.sol', 'flip.sol', 'frob.sol', 'flip.t.sol', 'flop.t.sol', 'flap.t.sol', 'heal.sol', 'drip.t.sol', 'heal.t.sol', 'drip.sol']
2,['flop.sol', 'flip.sol', 'frob.sol', 'flip.t.sol', 'flop.t.sol', 'flap.t.sol', 'heal.sol', 'drip.t.sol', 'heal.t.sol', 'frob.t.sol']
1,['flop.sol', 'flip.sol', 'frob.sol', 'flip.t.sol', 'flop.t.sol', 'flap.t.sol', 'heal.sol', 'drip.t.sol', 'heal.t.sol', 'tune.sol']
1,['flop.sol', 'flip.sol', 'frob.sol', 'flip.t.sol', 'flop.t.sol', 'flap.t.sol', 'heal.sol', 'drip.t.sol', 'heal.t.sol', 'bite.sol']
2,['flop.sol', 'flip.sol', 'frob.sol', 'flip.t.sol', 'flop.t.sol', 'flap.t.sol', 'heal.sol', 'drip.t.sol', 'flap.sol', 'drip.sol']
2,['flop.sol', 'flip.sol', 'frob.sol', 'flip.t.sol', 'flop.t.sol', 'flap.t.sol', 'heal.sol', 'drip.t.sol', 'flap.sol', 'frob.t.sol']
1,['flop.sol', 'flip.sol', 'frob.sol', 'flip.t.sol', 'flop.t.sol', 'flap.t.sol', 'heal.sol', 'drip.t.sol', 'flap.sol', 'tune.sol']
1,['flop.sol', 'flip.sol', 'frob.sol', 'flip.t.sol', 'flop.t.sol', 'flap.t.sol', 'heal.sol', 'drip.t.sol', 'flap.sol', 'bite.sol']
2,['flop.sol', 'flip.sol', 'frob.sol', 'flip.t.sol', 'flop.t.sol', 'flap.t.sol', 'heal.sol', 'drip.t.sol', 'drip.sol', 'frob.t.sol']
1,['flop.sol', 'flip.sol', 'frob.sol', 'flip.t.sol', 'flop.t.sol', 'flap.t.sol', 'heal.sol', 'drip.t.sol', 'drip.sol', 'tune.sol']
1,['flop.sol', 'flip.sol', 'frob.sol', 'flip.t.sol', 'flop.t.sol', 'flap.t.sol', 'heal.sol', 'drip.t.sol', 'drip.sol', 'bite.sol']
2,['flop.sol', 'flip.sol', 'frob.sol', 'flip.t.sol', 'flop.t.sol', 'flap.t.sol', 'heal.sol', 'drip.t.sol', 'frob.t.sol', 'tune.sol']
1,['flop.sol', 'flip.sol', 'frob.sol', 'flip.t.sol', 'flop.t.sol', 'flap.t.sol', 'heal.sol', 'drip.t.sol', 'frob.t.sol', 'bite.sol']
1,['flop.sol', 'flip.sol', 'frob.sol', 'flip.t.sol', 'flop.t.sol', 'flap.t.sol', 'heal.sol', 'drip.t.sol', 'tune.sol', 'bite.sol']
2,['flop.sol', 'flip.sol', 'frob.sol', 'flip.t.sol', 'flop.t.sol', 'flap.t.sol', 'heal.sol', 'heal.t.sol', 'flap.sol', 'drip.sol']
2,['flop.sol', 'flip.sol', 'frob.sol', 'flip.t.sol', 'flop.t.sol', 'flap.t.sol', 'heal.sol', 'heal.t.sol', 'flap.sol', 'frob.t.sol']
1,['flop.sol', 'flip.sol', 'frob.sol', 'flip.t.sol', 'flop.t.sol', 'flap.t.sol', 'heal.sol', 'heal.t.sol', 'flap.sol', 'tune.sol']
2,['flop.sol', 'flip.sol', 'frob.sol', 'flip.t.sol', 'flop.t.sol', 'flap.t.sol', 'heal.sol', 'heal.t.sol', 'flap.sol', 'bite.sol']
2,['flop.sol', 'flip.sol', 'frob.sol', 'flip.t.sol', 'flop.t.sol', 'flap.t.sol', 'heal.sol', 'heal.t.sol', 'drip.sol', 'frob.t.sol']
1,['flop.sol', 'flip.sol', 'frob.sol', 'flip.t.sol', 'flop.t.sol', 'flap.t.sol', 'heal.sol', 'heal.t.sol', 'drip.sol', 'tune.sol']
2,['flop.sol', 'flip.sol', 'frob.sol', 'flip.t.sol', 'flop.t.sol', 'flap.t.sol', 'heal.sol', 'heal.t.sol', 'drip.sol', 'bite.sol']
2,['flop.sol', 'flip.sol', 'frob.sol', 'flip.t.sol', 'flop.t.sol', 'flap.t.sol', 'heal.sol', 'heal.t.sol', 'frob.t.sol', 'tune.sol']
2,['flop.sol', 'flip.sol', 'frob.sol', 'flip.t.sol', 'flop.t.sol', 'flap.t.sol', 'heal.sol', 'heal.t.sol', 'frob.t.sol', 'bite.sol']
1,['flop.sol', 'flip.sol', 'frob.sol', 'flip.t.sol', 'flop.t.sol', 'flap.t.sol', 'heal.sol', 'heal.t.sol', 'tune.sol', 'bite.sol']
2,['flop.sol', 'flip.sol', 'frob.sol', 'flip.t.sol', 'flop.t.sol', 'flap.t.sol', 'heal.sol', 'flap.sol', 'drip.sol', 'frob.t.sol']
1,['flop.sol', 'flip.sol', 'frob.sol', 'flip.t.sol', 'flop.t.sol', 'flap.t.sol', 'heal.sol', 'flap.sol', 'drip.sol', 'tune.sol']
1,['flop.sol', 'flip.sol', 'frob.sol', 'flip.t.sol', 'flop.t.sol', 'flap.t.sol', 'heal.sol', 'flap.sol', 'drip.sol', 'bite.sol']
2,['flop.sol', 'flip.sol', 'frob.sol', 'flip.t.sol', 'flop.t.sol', 'flap.t.sol', 'heal.sol', 'flap.sol', 'frob.t.sol', 'tune.sol']
2,['flop.sol', 'flip.sol', 'frob.sol', 'flip.t.sol', 'flop.t.sol', 'flap.t.sol', 'heal.sol', 'flap.sol', 'frob.t.sol', 'bite.sol']
1,['flop.sol', 'flip.sol', 'frob.sol', 'flip.t.sol', 'flop.t.sol', 'flap.t.sol', 'heal.sol', 'flap.sol', 'tune.sol', 'bite.sol']
2,['flop.sol', 'flip.sol', 'frob.sol', 'flip.t.sol', 'flop.t.sol', 'flap.t.sol', 'heal.sol', 'drip.sol', 'frob.t.sol', 'tune.sol']
2,['flop.sol', 'flip.sol', 'frob.sol', 'flip.t.sol', 'flop.t.sol', 'flap.t.sol', 'heal.sol', 'drip.sol', 'frob.t.sol', 'bite.sol']
1,['flop.sol', 'flip.sol', 'frob.sol', 'flip.t.sol', 'flop.t.sol', 'flap.t.sol', 'heal.sol', 'drip.sol', 'tune.sol', 'bite.sol']
1,['flop.sol', 'flip.sol', 'frob.sol', 'flip.t.sol', 'flop.t.sol', 'flap.t.sol', 'heal.sol', 'frob.t.sol', 'tune.sol', 'bite.sol']
2,['flop.sol', 'flip.sol', 'frob.sol', 'flip.t.sol', 'flop.t.sol', 'flap.t.sol', 'drip.t.sol', 'heal.t.sol', 'flap.sol', 'drip.sol']
2,['flop.sol', 'flip.sol', 'frob.sol', 'flip.t.sol', 'flop.t.sol', 'flap.t.sol', 'drip.t.sol', 'heal.t.sol', 'flap.sol', 'frob.t.sol']
1,['flop.sol', 'flip.sol', 'frob.sol', 'flip.t.sol', 'flop.t.sol', 'flap.t.sol', 'drip.t.sol', 'heal.t.sol', 'flap.sol', 'tune.sol']
2,['flop.sol', 'flip.sol', 'frob.sol', 'flip.t.sol', 'flop.t.sol', 'flap.t.sol', 'drip.t.sol', 'heal.t.sol', 'flap.sol', 'bite.sol']
2,['flop.sol', 'flip.sol', 'frob.sol', 'flip.t.sol', 'flop.t.sol', 'flap.t.sol', 'drip.t.sol', 'heal.t.sol', 'drip.sol', 'frob.t.sol']
1,['flop.sol', 'flip.sol', 'frob.sol', 'flip.t.sol', 'flop.t.sol', 'flap.t.sol', 'drip.t.sol', 'heal.t.sol', 'drip.sol', 'tune.sol']
1,['flop.sol', 'flip.sol', 'frob.sol', 'flip.t.sol', 'flop.t.sol', 'flap.t.sol', 'drip.t.sol', 'heal.t.sol', 'drip.sol', 'bite.sol']
2,['flop.sol', 'flip.sol', 'frob.sol', 'flip.t.sol', 'flop.t.sol', 'flap.t.sol', 'drip.t.sol', 'heal.t.sol', 'frob.t.sol', 'tune.sol']
1,['flop.sol', 'flip.sol', 'frob.sol', 'flip.t.sol', 'flop.t.sol', 'flap.t.sol', 'drip.t.sol', 'heal.t.sol', 'frob.t.sol', 'bite.sol']
1,['flop.sol', 'flip.sol', 'frob.sol', 'flip.t.sol', 'flop.t.sol', 'flap.t.sol', 'drip.t.sol', 'heal.t.sol', 'tune.sol', 'bite.sol']
2,['flop.sol', 'flip.sol', 'frob.sol', 'flip.t.sol', 'flop.t.sol', 'flap.t.sol', 'drip.t.sol', 'flap.sol', 'drip.sol', 'frob.t.sol']
1,['flop.sol', 'flip.sol', 'frob.sol', 'flip.t.sol', 'flop.t.sol', 'flap.t.sol', 'drip.t.sol', 'flap.sol', 'drip.sol', 'tune.sol']
1,['flop.sol', 'flip.sol', 'frob.sol', 'flip.t.sol', 'flop.t.sol', 'flap.t.sol', 'drip.t.sol', 'flap.sol', 'drip.sol', 'bite.sol']
2,['flop.sol', 'flip.sol', 'frob.sol', 'flip.t.sol', 'flop.t.sol', 'flap.t.sol', 'drip.t.sol', 'flap.sol', 'frob.t.sol', 'tune.sol']
2,['flop.sol', 'flip.sol', 'frob.sol', 'flip.t.sol', 'flop.t.sol', 'flap.t.sol', 'drip.t.sol', 'flap.sol', 'frob.t.sol', 'bite.sol']
1,['flop.sol', 'flip.sol', 'frob.sol', 'flip.t.sol', 'flop.t.sol', 'flap.t.sol', 'drip.t.sol', 'flap.sol', 'tune.sol', 'bite.sol']
1,['flop.sol', 'flip.sol', 'frob.sol', 'flip.t.sol', 'flop.t.sol', 'flap.t.sol', 'drip.t.sol', 'drip.sol', 'frob.t.sol', 'tune.sol']
2,['flop.sol', 'flip.sol', 'frob.sol', 'flip.t.sol', 'flop.t.sol', 'flap.t.sol', 'drip.t.sol', 'drip.sol', 'frob.t.sol', 'bite.sol']
1,['flop.sol', 'flip.sol', 'frob.sol', 'flip.t.sol', 'flop.t.sol', 'flap.t.sol', 'drip.t.sol', 'drip.sol', 'tune.sol', 'bite.sol']
1,['flop.sol', 'flip.sol', 'frob.sol', 'flip.t.sol', 'flop.t.sol', 'flap.t.sol', 'drip.t.sol', 'frob.t.sol', 'tune.sol', 'bite.sol']
2,['flop.sol', 'flip.sol', 'frob.sol', 'flip.t.sol', 'flop.t.sol', 'flap.t.sol', 'heal.t.sol', 'flap.sol', 'drip.sol', 'frob.t.sol']
1,['flop.sol', 'flip.sol', 'frob.sol', 'flip.t.sol', 'flop.t.sol', 'flap.t.sol', 'heal.t.sol', 'flap.sol', 'drip.sol', 'tune.sol']
2,['flop.sol', 'flip.sol', 'frob.sol', 'flip.t.sol', 'flop.t.sol', 'flap.t.sol', 'heal.t.sol', 'flap.sol', 'drip.sol', 'bite.sol']
2,['flop.sol', 'flip.sol', 'frob.sol', 'flip.t.sol', 'flop.t.sol', 'flap.t.sol', 'heal.t.sol', 'flap.sol', 'frob.t.sol', 'tune.sol']
2,['flop.sol', 'flip.sol', 'frob.sol', 'flip.t.sol', 'flop.t.sol', 'flap.t.sol', 'heal.t.sol', 'flap.sol', 'frob.t.sol', 'bite.sol']
1,['flop.sol', 'flip.sol', 'frob.sol', 'flip.t.sol', 'flop.t.sol', 'flap.t.sol', 'heal.t.sol', 'flap.sol', 'tune.sol', 'bite.sol']
2,['flop.sol', 'flip.sol', 'frob.sol', 'flip.t.sol', 'flop.t.sol', 'flap.t.sol', 'heal.t.sol', 'drip.sol', 'frob.t.sol', 'tune.sol']
2,['flop.sol', 'flip.sol', 'frob.sol', 'flip.t.sol', 'flop.t.sol', 'flap.t.sol', 'heal.t.sol', 'drip.sol', 'frob.t.sol', 'bite.sol']
1,['flop.sol', 'flip.sol', 'frob.sol', 'flip.t.sol', 'flop.t.sol', 'flap.t.sol', 'heal.t.sol', 'drip.sol', 'tune.sol', 'bite.sol']
2,['flop.sol', 'flip.sol', 'frob.sol', 'flip.t.sol', 'flop.t.sol', 'flap.t.sol', 'heal.t.sol', 'frob.t.sol', 'tune.sol', 'bite.sol']
2,['flop.sol', 'flip.sol', 'frob.sol', 'flip.t.sol', 'flop.t.sol', 'flap.t.sol', 'flap.sol', 'drip.sol', 'frob.t.sol', 'tune.sol']
2,['flop.sol', 'flip.sol', 'frob.sol', 'flip.t.sol', 'flop.t.sol', 'flap.t.sol', 'flap.sol', 'drip.sol', 'frob.t.sol', 'bite.sol']
1,['flop.sol', 'flip.sol', 'frob.sol', 'flip.t.sol', 'flop.t.sol', 'flap.t.sol', 'flap.sol', 'drip.sol', 'tune.sol', 'bite.sol']
1,['flop.sol', 'flip.sol', 'frob.sol', 'flip.t.sol', 'flop.t.sol', 'flap.t.sol', 'flap.sol', 'frob.t.sol', 'tune.sol', 'bite.sol']
1,['flop.sol', 'flip.sol', 'frob.sol', 'flip.t.sol', 'flop.t.sol', 'flap.t.sol', 'drip.sol', 'frob.t.sol', 'tune.sol', 'bite.sol']
2,['flop.sol', 'flip.sol', 'frob.sol', 'flip.t.sol', 'flop.t.sol', 'heal.sol', 'drip.t.sol', 'heal.t.sol', 'flap.sol', 'drip.sol']
2,['flop.sol', 'flip.sol', 'frob.sol', 'flip.t.sol', 'flop.t.sol', 'heal.sol', 'drip.t.sol', 'heal.t.sol', 'flap.sol', 'frob.t.sol']
1,['flop.sol', 'flip.sol', 'frob.sol', 'flip.t.sol', 'flop.t.sol', 'heal.sol', 'drip.t.sol', 'heal.t.sol', 'flap.sol', 'tune.sol']
1,['flop.sol', 'flip.sol', 'frob.sol', 'flip.t.sol', 'flop.t.sol', 'heal.sol', 'drip.t.sol', 'heal.t.sol', 'flap.sol', 'bite.sol']
2,['flop.sol', 'flip.sol', 'frob.sol', 'flip.t.sol', 'flop.t.sol', 'heal.sol', 'drip.t.sol', 'heal.t.sol', 'drip.sol', 'frob.t.sol']
1,['flop.sol', 'flip.sol', 'frob.sol', 'flip.t.sol', 'flop.t.sol', 'heal.sol', 'drip.t.sol', 'heal.t.sol', 'drip.sol', 'tune.sol']
1,['flop.sol', 'flip.sol', 'frob.sol', 'flip.t.sol', 'flop.t.sol', 'heal.sol', 'drip.t.sol', 'heal.t.sol', 'drip.sol', 'bite.sol']
1,['flop.sol', 'flip.sol', 'frob.sol', 'flip.t.sol', 'flop.t.sol', 'heal.sol', 'drip.t.sol', 'heal.t.sol', 'frob.t.sol', 'tune.sol']
2,['flop.sol', 'flip.sol', 'frob.sol', 'flip.t.sol', 'flop.t.sol', 'heal.sol', 'drip.t.sol', 'heal.t.sol', 'frob.t.sol', 'bite.sol']
1,['flop.sol', 'flip.sol', 'frob.sol', 'flip.t.sol', 'flop.t.sol', 'heal.sol', 'drip.t.sol', 'heal.t.sol', 'tune.sol', 'bite.sol']
2,['flop.sol', 'flip.sol', 'frob.sol', 'flip.t.sol', 'flop.t.sol', 'heal.sol', 'drip.t.sol', 'flap.sol', 'drip.sol', 'frob.t.sol']
1,['flop.sol', 'flip.sol', 'frob.sol', 'flip.t.sol', 'flop.t.sol', 'heal.sol', 'drip.t.sol', 'flap.sol', 'drip.sol', 'tune.sol']
1,['flop.sol', 'flip.sol', 'frob.sol', 'flip.t.sol', 'flop.t.sol', 'heal.sol', 'drip.t.sol', 'flap.sol', 'drip.sol', 'bite.sol']
1,['flop.sol', 'flip.sol', 'frob.sol', 'flip.t.sol', 'flop.t.sol', 'heal.sol', 'drip.t.sol', 'flap.sol', 'frob.t.sol', 'tune.sol']
1,['flop.sol', 'flip.sol', 'frob.sol', 'flip.t.sol', 'flop.t.sol', 'heal.sol', 'drip.t.sol', 'flap.sol', 'frob.t.sol', 'bite.sol']
1,['flop.sol', 'flip.sol', 'frob.sol', 'flip.t.sol', 'flop.t.sol', 'heal.sol', 'drip.t.sol', 'flap.sol', 'tune.sol', 'bite.sol']
1,['flop.sol', 'flip.sol', 'frob.sol', 'flip.t.sol', 'flop.t.sol', 'heal.sol', 'drip.t.sol', 'drip.sol', 'frob.t.sol', 'tune.sol']
1,['flop.sol', 'flip.sol', 'frob.sol', 'flip.t.sol', 'flop.t.sol', 'heal.sol', 'drip.t.sol', 'drip.sol', 'frob.t.sol', 'bite.sol']
1,['flop.sol', 'flip.sol', 'frob.sol', 'flip.t.sol', 'flop.t.sol', 'heal.sol', 'drip.t.sol', 'drip.sol', 'tune.sol', 'bite.sol']
1,['flop.sol', 'flip.sol', 'frob.sol', 'flip.t.sol', 'flop.t.sol', 'heal.sol', 'drip.t.sol', 'frob.t.sol', 'tune.sol', 'bite.sol']
2,['flop.sol', 'flip.sol', 'frob.sol', 'flip.t.sol', 'flop.t.sol', 'heal.sol', 'heal.t.sol', 'flap.sol', 'drip.sol', 'frob.t.sol']
1,['flop.sol', 'flip.sol', 'frob.sol', 'flip.t.sol', 'flop.t.sol', 'heal.sol', 'heal.t.sol', 'flap.sol', 'drip.sol', 'tune.sol']
1,['flop.sol', 'flip.sol', 'frob.sol', 'flip.t.sol', 'flop.t.sol', 'heal.sol', 'heal.t.sol', 'flap.sol', 'drip.sol', 'bite.sol']
2,['flop.sol', 'flip.sol', 'frob.sol', 'flip.t.sol', 'flop.t.sol', 'heal.sol', 'heal.t.sol', 'flap.sol', 'frob.t.sol', 'tune.sol']
2,['flop.sol', 'flip.sol', 'frob.sol', 'flip.t.sol', 'flop.t.sol', 'heal.sol', 'heal.t.sol', 'flap.sol', 'frob.t.sol', 'bite.sol']
1,['flop.sol', 'flip.sol', 'frob.sol', 'flip.t.sol', 'flop.t.sol', 'heal.sol', 'heal.t.sol', 'flap.sol', 'tune.sol', 'bite.sol']
2,['flop.sol', 'flip.sol', 'frob.sol', 'flip.t.sol', 'flop.t.sol', 'heal.sol', 'heal.t.sol', 'drip.sol', 'frob.t.sol', 'tune.sol']
2,['flop.sol', 'flip.sol', 'frob.sol', 'flip.t.sol', 'flop.t.sol', 'heal.sol', 'heal.t.sol', 'drip.sol', 'frob.t.sol', 'bite.sol']
1,['flop.sol', 'flip.sol', 'frob.sol', 'flip.t.sol', 'flop.t.sol', 'heal.sol', 'heal.t.sol', 'drip.sol', 'tune.sol', 'bite.sol']
1,['flop.sol', 'flip.sol', 'frob.sol', 'flip.t.sol', 'flop.t.sol', 'heal.sol', 'heal.t.sol', 'frob.t.sol', 'tune.sol', 'bite.sol']
2,['flop.sol', 'flip.sol', 'frob.sol', 'flip.t.sol', 'flop.t.sol', 'heal.sol', 'flap.sol', 'drip.sol', 'frob.t.sol', 'tune.sol']
2,['flop.sol', 'flip.sol', 'frob.sol', 'flip.t.sol', 'flop.t.sol', 'heal.sol', 'flap.sol', 'drip.sol', 'frob.t.sol', 'bite.sol']
1,['flop.sol', 'flip.sol', 'frob.sol', 'flip.t.sol', 'flop.t.sol', 'heal.sol', 'flap.sol', 'drip.sol', 'tune.sol', 'bite.sol']
1,['flop.sol', 'flip.sol', 'frob.sol', 'flip.t.sol', 'flop.t.sol', 'heal.sol', 'flap.sol', 'frob.t.sol', 'tune.sol', 'bite.sol']
1,['flop.sol', 'flip.sol', 'frob.sol', 'flip.t.sol', 'flop.t.sol', 'heal.sol', 'drip.sol', 'frob.t.sol', 'tune.sol', 'bite.sol']
2,['flop.sol', 'flip.sol', 'frob.sol', 'flip.t.sol', 'flop.t.sol', 'drip.t.sol', 'heal.t.sol', 'flap.sol', 'drip.sol', 'frob.t.sol']
1,['flop.sol', 'flip.sol', 'frob.sol', 'flip.t.sol', 'flop.t.sol', 'drip.t.sol', 'heal.t.sol', 'flap.sol', 'drip.sol', 'tune.sol']
1,['flop.sol', 'flip.sol', 'frob.sol', 'flip.t.sol', 'flop.t.sol', 'drip.t.sol', 'heal.t.sol', 'flap.sol', 'drip.sol', 'bite.sol']
2,['flop.sol', 'flip.sol', 'frob.sol', 'flip.t.sol', 'flop.t.sol', 'drip.t.sol', 'heal.t.sol', 'flap.sol', 'frob.t.sol', 'tune.sol']
1,['flop.sol', 'flip.sol', 'frob.sol', 'flip.t.sol', 'flop.t.sol', 'drip.t.sol', 'heal.t.sol', 'flap.sol', 'frob.t.sol', 'bite.sol']
1,['flop.sol', 'flip.sol', 'frob.sol', 'flip.t.sol', 'flop.t.sol', 'drip.t.sol', 'heal.t.sol', 'flap.sol', 'tune.sol', 'bite.sol']
1,['flop.sol', 'flip.sol', 'frob.sol', 'flip.t.sol', 'flop.t.sol', 'drip.t.sol', 'heal.t.sol', 'drip.sol', 'frob.t.sol', 'tune.sol']
1,['flop.sol', 'flip.sol', 'frob.sol', 'flip.t.sol', 'flop.t.sol', 'drip.t.sol', 'heal.t.sol', 'drip.sol', 'frob.t.sol', 'bite.sol']
1,['flop.sol', 'flip.sol', 'frob.sol', 'flip.t.sol', 'flop.t.sol', 'drip.t.sol', 'heal.t.sol', 'drip.sol', 'tune.sol', 'bite.sol']
1,['flop.sol', 'flip.sol', 'frob.sol', 'flip.t.sol', 'flop.t.sol', 'drip.t.sol', 'heal.t.sol', 'frob.t.sol', 'tune.sol', 'bite.sol']
1,['flop.sol', 'flip.sol', 'frob.sol', 'flip.t.sol', 'flop.t.sol', 'drip.t.sol', 'flap.sol', 'drip.sol', 'frob.t.sol', 'tune.sol']
2,['flop.sol', 'flip.sol', 'frob.sol', 'flip.t.sol', 'flop.t.sol', 'drip.t.sol', 'flap.sol', 'drip.sol', 'frob.t.sol', 'bite.sol']
1,['flop.sol', 'flip.sol', 'frob.sol', 'flip.t.sol', 'flop.t.sol', 'drip.t.sol', 'flap.sol', 'drip.sol', 'tune.sol', 'bite.sol']
1,['flop.sol', 'flip.sol', 'frob.sol', 'flip.t.sol', 'flop.t.sol', 'drip.t.sol', 'flap.sol', 'frob.t.sol', 'tune.sol', 'bite.sol']
1,['flop.sol', 'flip.sol', 'frob.sol', 'flip.t.sol', 'flop.t.sol', 'drip.t.sol', 'drip.sol', 'frob.t.sol', 'tune.sol', 'bite.sol']
2,['flop.sol', 'flip.sol', 'frob.sol', 'flip.t.sol', 'flop.t.sol', 'heal.t.sol', 'flap.sol', 'drip.sol', 'frob.t.sol', 'tune.sol']
2,['flop.sol', 'flip.sol', 'frob.sol', 'flip.t.sol', 'flop.t.sol', 'heal.t.sol', 'flap.sol', 'drip.sol', 'frob.t.sol', 'bite.sol']
1,['flop.sol', 'flip.sol', 'frob.sol', 'flip.t.sol', 'flop.t.sol', 'heal.t.sol', 'flap.sol', 'drip.sol', 'tune.sol', 'bite.sol']
2,['flop.sol', 'flip.sol', 'frob.sol', 'flip.t.sol', 'flop.t.sol', 'heal.t.sol', 'flap.sol', 'frob.t.sol', 'tune.sol', 'bite.sol']
2,['flop.sol', 'flip.sol', 'frob.sol', 'flip.t.sol', 'flop.t.sol', 'heal.t.sol', 'drip.sol', 'frob.t.sol', 'tune.sol', 'bite.sol']
1,['flop.sol', 'flip.sol', 'frob.sol', 'flip.t.sol', 'flop.t.sol', 'flap.sol', 'drip.sol', 'frob.t.sol', 'tune.sol', 'bite.sol']
2,['flop.sol', 'flip.sol', 'frob.sol', 'flip.t.sol', 'flap.t.sol', 'heal.sol', 'drip.t.sol', 'heal.t.sol', 'flap.sol', 'drip.sol']
2,['flop.sol', 'flip.sol', 'frob.sol', 'flip.t.sol', 'flap.t.sol', 'heal.sol', 'drip.t.sol', 'heal.t.sol', 'flap.sol', 'frob.t.sol']
1,['flop.sol', 'flip.sol', 'frob.sol', 'flip.t.sol', 'flap.t.sol', 'heal.sol', 'drip.t.sol', 'heal.t.sol', 'flap.sol', 'tune.sol']
1,['flop.sol', 'flip.sol', 'frob.sol', 'flip.t.sol', 'flap.t.sol', 'heal.sol', 'drip.t.sol', 'heal.t.sol', 'flap.sol', 'bite.sol']
2,['flop.sol', 'flip.sol', 'frob.sol', 'flip.t.sol', 'flap.t.sol', 'heal.sol', 'drip.t.sol', 'heal.t.sol', 'drip.sol', 'frob.t.sol']
1,['flop.sol', 'flip.sol', 'frob.sol', 'flip.t.sol', 'flap.t.sol', 'heal.sol', 'drip.t.sol', 'heal.t.sol', 'drip.sol', 'tune.sol']
1,['flop.sol', 'flip.sol', 'frob.sol', 'flip.t.sol', 'flap.t.sol', 'heal.sol', 'drip.t.sol', 'heal.t.sol', 'drip.sol', 'bite.sol']
1,['flop.sol', 'flip.sol', 'frob.sol', 'flip.t.sol', 'flap.t.sol', 'heal.sol', 'drip.t.sol', 'heal.t.sol', 'frob.t.sol', 'tune.sol']
1,['flop.sol', 'flip.sol', 'frob.sol', 'flip.t.sol', 'flap.t.sol', 'heal.sol', 'drip.t.sol', 'heal.t.sol', 'frob.t.sol', 'bite.sol']
1,['flop.sol', 'flip.sol', 'frob.sol', 'flip.t.sol', 'flap.t.sol', 'heal.sol', 'drip.t.sol', 'heal.t.sol', 'tune.sol', 'bite.sol']
2,['flop.sol', 'flip.sol', 'frob.sol', 'flip.t.sol', 'flap.t.sol', 'heal.sol', 'drip.t.sol', 'flap.sol', 'drip.sol', 'frob.t.sol']
1,['flop.sol', 'flip.sol', 'frob.sol', 'flip.t.sol', 'flap.t.sol', 'heal.sol', 'drip.t.sol', 'flap.sol', 'drip.sol', 'tune.sol']
1,['flop.sol', 'flip.sol', 'frob.sol', 'flip.t.sol', 'flap.t.sol', 'heal.sol', 'drip.t.sol', 'flap.sol', 'drip.sol', 'bite.sol']
1,['flop.sol', 'flip.sol', 'frob.sol', 'flip.t.sol', 'flap.t.sol', 'heal.sol', 'drip.t.sol', 'flap.sol', 'frob.t.sol', 'tune.sol']
1,['flop.sol', 'flip.sol', 'frob.sol', 'flip.t.sol', 'flap.t.sol', 'heal.sol', 'drip.t.sol', 'flap.sol', 'frob.t.sol', 'bite.sol']
1,['flop.sol', 'flip.sol', 'frob.sol', 'flip.t.sol', 'flap.t.sol', 'heal.sol', 'drip.t.sol', 'flap.sol', 'tune.sol', 'bite.sol']
1,['flop.sol', 'flip.sol', 'frob.sol', 'flip.t.sol', 'flap.t.sol', 'heal.sol', 'drip.t.sol', 'drip.sol', 'frob.t.sol', 'tune.sol']
1,['flop.sol', 'flip.sol', 'frob.sol', 'flip.t.sol', 'flap.t.sol', 'heal.sol', 'drip.t.sol', 'drip.sol', 'frob.t.sol', 'bite.sol']
1,['flop.sol', 'flip.sol', 'frob.sol', 'flip.t.sol', 'flap.t.sol', 'heal.sol', 'drip.t.sol', 'drip.sol', 'tune.sol', 'bite.sol']
1,['flop.sol', 'flip.sol', 'frob.sol', 'flip.t.sol', 'flap.t.sol', 'heal.sol', 'drip.t.sol', 'frob.t.sol', 'tune.sol', 'bite.sol']
2,['flop.sol', 'flip.sol', 'frob.sol', 'flip.t.sol', 'flap.t.sol', 'heal.sol', 'heal.t.sol', 'flap.sol', 'drip.sol', 'frob.t.sol']
1,['flop.sol', 'flip.sol', 'frob.sol', 'flip.t.sol', 'flap.t.sol', 'heal.sol', 'heal.t.sol', 'flap.sol', 'drip.sol', 'tune.sol']
1,['flop.sol', 'flip.sol', 'frob.sol', 'flip.t.sol', 'flap.t.sol', 'heal.sol', 'heal.t.sol', 'flap.sol', 'drip.sol', 'bite.sol']
2,['flop.sol', 'flip.sol', 'frob.sol', 'flip.t.sol', 'flap.t.sol', 'heal.sol', 'heal.t.sol', 'flap.sol', 'frob.t.sol', 'tune.sol']
2,['flop.sol', 'flip.sol', 'frob.sol', 'flip.t.sol', 'flap.t.sol', 'heal.sol', 'heal.t.sol', 'flap.sol', 'frob.t.sol', 'bite.sol']
1,['flop.sol', 'flip.sol', 'frob.sol', 'flip.t.sol', 'flap.t.sol', 'heal.sol', 'heal.t.sol', 'flap.sol', 'tune.sol', 'bite.sol']
2,['flop.sol', 'flip.sol', 'frob.sol', 'flip.t.sol', 'flap.t.sol', 'heal.sol', 'heal.t.sol', 'drip.sol', 'frob.t.sol', 'tune.sol']
2,['flop.sol', 'flip.sol', 'frob.sol', 'flip.t.sol', 'flap.t.sol', 'heal.sol', 'heal.t.sol', 'drip.sol', 'frob.t.sol', 'bite.sol']
1,['flop.sol', 'flip.sol', 'frob.sol', 'flip.t.sol', 'flap.t.sol', 'heal.sol', 'heal.t.sol', 'drip.sol', 'tune.sol', 'bite.sol']
1,['flop.sol', 'flip.sol', 'frob.sol', 'flip.t.sol', 'flap.t.sol', 'heal.sol', 'heal.t.sol', 'frob.t.sol', 'tune.sol', 'bite.sol']
2,['flop.sol', 'flip.sol', 'frob.sol', 'flip.t.sol', 'flap.t.sol', 'heal.sol', 'flap.sol', 'drip.sol', 'frob.t.sol', 'tune.sol']
2,['flop.sol', 'flip.sol', 'frob.sol', 'flip.t.sol', 'flap.t.sol', 'heal.sol', 'flap.sol', 'drip.sol', 'frob.t.sol', 'bite.sol']
1,['flop.sol', 'flip.sol', 'frob.sol', 'flip.t.sol', 'flap.t.sol', 'heal.sol', 'flap.sol', 'drip.sol', 'tune.sol', 'bite.sol']
1,['flop.sol', 'flip.sol', 'frob.sol', 'flip.t.sol', 'flap.t.sol', 'heal.sol', 'flap.sol', 'frob.t.sol', 'tune.sol', 'bite.sol']
1,['flop.sol', 'flip.sol', 'frob.sol', 'flip.t.sol', 'flap.t.sol', 'heal.sol', 'drip.sol', 'frob.t.sol', 'tune.sol', 'bite.sol']
2,['flop.sol', 'flip.sol', 'frob.sol', 'flip.t.sol', 'flap.t.sol', 'drip.t.sol', 'heal.t.sol', 'flap.sol', 'drip.sol', 'frob.t.sol']
1,['flop.sol', 'flip.sol', 'frob.sol', 'flip.t.sol', 'flap.t.sol', 'drip.t.sol', 'heal.t.sol', 'flap.sol', 'drip.sol', 'tune.sol']
2,['flop.sol', 'flip.sol', 'frob.sol', 'flip.t.sol', 'flap.t.sol', 'drip.t.sol', 'heal.t.sol', 'flap.sol', 'drip.sol', 'bite.sol']
2,['flop.sol', 'flip.sol', 'frob.sol', 'flip.t.sol', 'flap.t.sol', 'drip.t.sol', 'heal.t.sol', 'flap.sol', 'frob.t.sol', 'tune.sol']
1,['flop.sol', 'flip.sol', 'frob.sol', 'flip.t.sol', 'flap.t.sol', 'drip.t.sol', 'heal.t.sol', 'flap.sol', 'frob.t.sol', 'bite.sol']
1,['flop.sol', 'flip.sol', 'frob.sol', 'flip.t.sol', 'flap.t.sol', 'drip.t.sol', 'heal.t.sol', 'flap.sol', 'tune.sol', 'bite.sol']
1,['flop.sol', 'flip.sol', 'frob.sol', 'flip.t.sol', 'flap.t.sol', 'drip.t.sol', 'heal.t.sol', 'drip.sol', 'frob.t.sol', 'tune.sol']
1,['flop.sol', 'flip.sol', 'frob.sol', 'flip.t.sol', 'flap.t.sol', 'drip.t.sol', 'heal.t.sol', 'drip.sol', 'frob.t.sol', 'bite.sol']
1,['flop.sol', 'flip.sol', 'frob.sol', 'flip.t.sol', 'flap.t.sol', 'drip.t.sol', 'heal.t.sol', 'drip.sol', 'tune.sol', 'bite.sol']
1,['flop.sol', 'flip.sol', 'frob.sol', 'flip.t.sol', 'flap.t.sol', 'drip.t.sol', 'heal.t.sol', 'frob.t.sol', 'tune.sol', 'bite.sol']
1,['flop.sol', 'flip.sol', 'frob.sol', 'flip.t.sol', 'flap.t.sol', 'drip.t.sol', 'flap.sol', 'drip.sol', 'frob.t.sol', 'tune.sol']
2,['flop.sol', 'flip.sol', 'frob.sol', 'flip.t.sol', 'flap.t.sol', 'drip.t.sol', 'flap.sol', 'drip.sol', 'frob.t.sol', 'bite.sol']
1,['flop.sol', 'flip.sol', 'frob.sol', 'flip.t.sol', 'flap.t.sol', 'drip.t.sol', 'flap.sol', 'drip.sol', 'tune.sol', 'bite.sol']
1,['flop.sol', 'flip.sol', 'frob.sol', 'flip.t.sol', 'flap.t.sol', 'drip.t.sol', 'flap.sol', 'frob.t.sol', 'tune.sol', 'bite.sol']
1,['flop.sol', 'flip.sol', 'frob.sol', 'flip.t.sol', 'flap.t.sol', 'drip.t.sol', 'drip.sol', 'frob.t.sol', 'tune.sol', 'bite.sol']
2,['flop.sol', 'flip.sol', 'frob.sol', 'flip.t.sol', 'flap.t.sol', 'heal.t.sol', 'flap.sol', 'drip.sol', 'frob.t.sol', 'tune.sol']
2,['flop.sol', 'flip.sol', 'frob.sol', 'flip.t.sol', 'flap.t.sol', 'heal.t.sol', 'flap.sol', 'drip.sol', 'frob.t.sol', 'bite.sol']
1,['flop.sol', 'flip.sol', 'frob.sol', 'flip.t.sol', 'flap.t.sol', 'heal.t.sol', 'flap.sol', 'drip.sol', 'tune.sol', 'bite.sol']
2,['flop.sol', 'flip.sol', 'frob.sol', 'flip.t.sol', 'flap.t.sol', 'heal.t.sol', 'flap.sol', 'frob.t.sol', 'tune.sol', 'bite.sol']
2,['flop.sol', 'flip.sol', 'frob.sol', 'flip.t.sol', 'flap.t.sol', 'heal.t.sol', 'drip.sol', 'frob.t.sol', 'tune.sol', 'bite.sol']
1,['flop.sol', 'flip.sol', 'frob.sol', 'flip.t.sol', 'flap.t.sol', 'flap.sol', 'drip.sol', 'frob.t.sol', 'tune.sol', 'bite.sol']
2,['flop.sol', 'flip.sol', 'frob.sol', 'flip.t.sol', 'heal.sol', 'drip.t.sol', 'heal.t.sol', 'flap.sol', 'drip.sol', 'frob.t.sol']
1,['flop.sol', 'flip.sol', 'frob.sol', 'flip.t.sol', 'heal.sol', 'drip.t.sol', 'heal.t.sol', 'flap.sol', 'drip.sol', 'tune.sol']
1,['flop.sol', 'flip.sol', 'frob.sol', 'flip.t.sol', 'heal.sol', 'drip.t.sol', 'heal.t.sol', 'flap.sol', 'drip.sol', 'bite.sol']
2,['flop.sol', 'flip.sol', 'frob.sol', 'flip.t.sol', 'heal.sol', 'drip.t.sol', 'heal.t.sol', 'flap.sol', 'frob.t.sol', 'tune.sol']
2,['flop.sol', 'flip.sol', 'frob.sol', 'flip.t.sol', 'heal.sol', 'drip.t.sol', 'heal.t.sol', 'flap.sol', 'frob.t.sol', 'bite.sol']
1,['flop.sol', 'flip.sol', 'frob.sol', 'flip.t.sol', 'heal.sol', 'drip.t.sol', 'heal.t.sol', 'flap.sol', 'tune.sol', 'bite.sol']
1,['flop.sol', 'flip.sol', 'frob.sol', 'flip.t.sol', 'heal.sol', 'drip.t.sol', 'heal.t.sol', 'drip.sol', 'frob.t.sol', 'tune.sol']
1,['flop.sol', 'flip.sol', 'frob.sol', 'flip.t.sol', 'heal.sol', 'drip.t.sol', 'heal.t.sol', 'drip.sol', 'frob.t.sol', 'bite.sol']
1,['flop.sol', 'flip.sol', 'frob.sol', 'flip.t.sol', 'heal.sol', 'drip.t.sol', 'heal.t.sol', 'drip.sol', 'tune.sol', 'bite.sol']
1,['flop.sol', 'flip.sol', 'frob.sol', 'flip.t.sol', 'heal.sol', 'drip.t.sol', 'heal.t.sol', 'frob.t.sol', 'tune.sol', 'bite.sol']
1,['flop.sol', 'flip.sol', 'frob.sol', 'flip.t.sol', 'heal.sol', 'drip.t.sol', 'flap.sol', 'drip.sol', 'frob.t.sol', 'tune.sol']
1,['flop.sol', 'flip.sol', 'frob.sol', 'flip.t.sol', 'heal.sol', 'drip.t.sol', 'flap.sol', 'drip.sol', 'frob.t.sol', 'bite.sol']
1,['flop.sol', 'flip.sol', 'frob.sol', 'flip.t.sol', 'heal.sol', 'drip.t.sol', 'flap.sol', 'drip.sol', 'tune.sol', 'bite.sol']
1,['flop.sol', 'flip.sol', 'frob.sol', 'flip.t.sol', 'heal.sol', 'drip.t.sol', 'flap.sol', 'frob.t.sol', 'tune.sol', 'bite.sol']
1,['flop.sol', 'flip.sol', 'frob.sol', 'flip.t.sol', 'heal.sol', 'drip.t.sol', 'drip.sol', 'frob.t.sol', 'tune.sol', 'bite.sol']
2,['flop.sol', 'flip.sol', 'frob.sol', 'flip.t.sol', 'heal.sol', 'heal.t.sol', 'flap.sol', 'drip.sol', 'frob.t.sol', 'tune.sol']
2,['flop.sol', 'flip.sol', 'frob.sol', 'flip.t.sol', 'heal.sol', 'heal.t.sol', 'flap.sol', 'drip.sol', 'frob.t.sol', 'bite.sol']
1,['flop.sol', 'flip.sol', 'frob.sol', 'flip.t.sol', 'heal.sol', 'heal.t.sol', 'flap.sol', 'drip.sol', 'tune.sol', 'bite.sol']
2,['flop.sol', 'flip.sol', 'frob.sol', 'flip.t.sol', 'heal.sol', 'heal.t.sol', 'flap.sol', 'frob.t.sol', 'tune.sol', 'bite.sol']
1,['flop.sol', 'flip.sol', 'frob.sol', 'flip.t.sol', 'heal.sol', 'heal.t.sol', 'drip.sol', 'frob.t.sol', 'tune.sol', 'bite.sol']
1,['flop.sol', 'flip.sol', 'frob.sol', 'flip.t.sol', 'heal.sol', 'flap.sol', 'drip.sol', 'frob.t.sol', 'tune.sol', 'bite.sol']
2,['flop.sol', 'flip.sol', 'frob.sol', 'flip.t.sol', 'drip.t.sol', 'heal.t.sol', 'flap.sol', 'drip.sol', 'frob.t.sol', 'tune.sol']
1,['flop.sol', 'flip.sol', 'frob.sol', 'flip.t.sol', 'drip.t.sol', 'heal.t.sol', 'flap.sol', 'drip.sol', 'frob.t.sol', 'bite.sol']
1,['flop.sol', 'flip.sol', 'frob.sol', 'flip.t.sol', 'drip.t.sol', 'heal.t.sol', 'flap.sol', 'drip.sol', 'tune.sol', 'bite.sol']
1,['flop.sol', 'flip.sol', 'frob.sol', 'flip.t.sol', 'drip.t.sol', 'heal.t.sol', 'flap.sol', 'frob.t.sol', 'tune.sol', 'bite.sol']
1,['flop.sol', 'flip.sol', 'frob.sol', 'flip.t.sol', 'drip.t.sol', 'heal.t.sol', 'drip.sol', 'frob.t.sol', 'tune.sol', 'bite.sol']
1,['flop.sol', 'flip.sol', 'frob.sol', 'flip.t.sol', 'drip.t.sol', 'flap.sol', 'drip.sol', 'frob.t.sol', 'tune.sol', 'bite.sol']
2,['flop.sol', 'flip.sol', 'frob.sol', 'flip.t.sol', 'heal.t.sol', 'flap.sol', 'drip.sol', 'frob.t.sol', 'tune.sol', 'bite.sol']
3,['flop.sol', 'flip.sol', 'frob.sol', 'move.sol', 'flop.t.sol', 'flap.t.sol', 'heal.sol', 'drip.t.sol', 'heal.t.sol', 'flap.sol']
1,['flop.sol', 'flip.sol', 'frob.sol', 'move.sol', 'flop.t.sol', 'flap.t.sol', 'heal.sol', 'drip.t.sol', 'heal.t.sol', 'drip.sol']
2,['flop.sol', 'flip.sol', 'frob.sol', 'move.sol', 'flop.t.sol', 'flap.t.sol', 'heal.sol', 'drip.t.sol', 'heal.t.sol', 'frob.t.sol']
1,['flop.sol', 'flip.sol', 'frob.sol', 'move.sol', 'flop.t.sol', 'flap.t.sol', 'heal.sol', 'drip.t.sol', 'heal.t.sol', 'tune.sol']
1,['flop.sol', 'flip.sol', 'frob.sol', 'move.sol', 'flop.t.sol', 'flap.t.sol', 'heal.sol', 'drip.t.sol', 'heal.t.sol', 'bite.sol']
2,['flop.sol', 'flip.sol', 'frob.sol', 'move.sol', 'flop.t.sol', 'flap.t.sol', 'heal.sol', 'drip.t.sol', 'flap.sol', 'drip.sol']
2,['flop.sol', 'flip.sol', 'frob.sol', 'move.sol', 'flop.t.sol', 'flap.t.sol', 'heal.sol', 'drip.t.sol', 'flap.sol', 'frob.t.sol']
1,['flop.sol', 'flip.sol', 'frob.sol', 'move.sol', 'flop.t.sol', 'flap.t.sol', 'heal.sol', 'drip.t.sol', 'flap.sol', 'tune.sol']
2,['flop.sol', 'flip.sol', 'frob.sol', 'move.sol', 'flop.t.sol', 'flap.t.sol', 'heal.sol', 'drip.t.sol', 'flap.sol', 'bite.sol']
2,['flop.sol', 'flip.sol', 'frob.sol', 'move.sol', 'flop.t.sol', 'flap.t.sol', 'heal.sol', 'drip.t.sol', 'drip.sol', 'frob.t.sol']
1,['flop.sol', 'flip.sol', 'frob.sol', 'move.sol', 'flop.t.sol', 'flap.t.sol', 'heal.sol', 'drip.t.sol', 'drip.sol', 'tune.sol']
2,['flop.sol', 'flip.sol', 'frob.sol', 'move.sol', 'flop.t.sol', 'flap.t.sol', 'heal.sol', 'drip.t.sol', 'drip.sol', 'bite.sol']
1,['flop.sol', 'flip.sol', 'frob.sol', 'move.sol', 'flop.t.sol', 'flap.t.sol', 'heal.sol', 'drip.t.sol', 'frob.t.sol', 'tune.sol']
2,['flop.sol', 'flip.sol', 'frob.sol', 'move.sol', 'flop.t.sol', 'flap.t.sol', 'heal.sol', 'drip.t.sol', 'frob.t.sol', 'bite.sol']
1,['flop.sol', 'flip.sol', 'frob.sol', 'move.sol', 'flop.t.sol', 'flap.t.sol', 'heal.sol', 'drip.t.sol', 'tune.sol', 'bite.sol']
3,['flop.sol', 'flip.sol', 'frob.sol', 'move.sol', 'flop.t.sol', 'flap.t.sol', 'heal.sol', 'heal.t.sol', 'flap.sol', 'drip.sol']
2,['flop.sol', 'flip.sol', 'frob.sol', 'move.sol', 'flop.t.sol', 'flap.t.sol', 'heal.sol', 'heal.t.sol', 'flap.sol', 'frob.t.sol']
2,['flop.sol', 'flip.sol', 'frob.sol', 'move.sol', 'flop.t.sol', 'flap.t.sol', 'heal.sol', 'heal.t.sol', 'flap.sol', 'tune.sol']
2,['flop.sol', 'flip.sol', 'frob.sol', 'move.sol', 'flop.t.sol', 'flap.t.sol', 'heal.sol', 'heal.t.sol', 'flap.sol', 'bite.sol']
2,['flop.sol', 'flip.sol', 'frob.sol', 'move.sol', 'flop.t.sol', 'flap.t.sol', 'heal.sol', 'heal.t.sol', 'drip.sol', 'frob.t.sol']
2,['flop.sol', 'flip.sol', 'frob.sol', 'move.sol', 'flop.t.sol', 'flap.t.sol', 'heal.sol', 'heal.t.sol', 'drip.sol', 'tune.sol']
2,['flop.sol', 'flip.sol', 'frob.sol', 'move.sol', 'flop.t.sol', 'flap.t.sol', 'heal.sol', 'heal.t.sol', 'drip.sol', 'bite.sol']
2,['flop.sol', 'flip.sol', 'frob.sol', 'move.sol', 'flop.t.sol', 'flap.t.sol', 'heal.sol', 'heal.t.sol', 'frob.t.sol', 'tune.sol']
2,['flop.sol', 'flip.sol', 'frob.sol', 'move.sol', 'flop.t.sol', 'flap.t.sol', 'heal.sol', 'heal.t.sol', 'frob.t.sol', 'bite.sol']
2,['flop.sol', 'flip.sol', 'frob.sol', 'move.sol', 'flop.t.sol', 'flap.t.sol', 'heal.sol', 'heal.t.sol', 'tune.sol', 'bite.sol']
2,['flop.sol', 'flip.sol', 'frob.sol', 'move.sol', 'flop.t.sol', 'flap.t.sol', 'heal.sol', 'flap.sol', 'drip.sol', 'frob.t.sol']
1,['flop.sol', 'flip.sol', 'frob.sol', 'move.sol', 'flop.t.sol', 'flap.t.sol', 'heal.sol', 'flap.sol', 'drip.sol', 'tune.sol']
2,['flop.sol', 'flip.sol', 'frob.sol', 'move.sol', 'flop.t.sol', 'flap.t.sol', 'heal.sol', 'flap.sol', 'drip.sol', 'bite.sol']
3,['flop.sol', 'flip.sol', 'frob.sol', 'move.sol', 'flop.t.sol', 'flap.t.sol', 'heal.sol', 'flap.sol', 'frob.t.sol', 'tune.sol']
2,['flop.sol', 'flip.sol', 'frob.sol', 'move.sol', 'flop.t.sol', 'flap.t.sol', 'heal.sol', 'flap.sol', 'frob.t.sol', 'bite.sol']
1,['flop.sol', 'flip.sol', 'frob.sol', 'move.sol', 'flop.t.sol', 'flap.t.sol', 'heal.sol', 'flap.sol', 'tune.sol', 'bite.sol']
2,['flop.sol', 'flip.sol', 'frob.sol', 'move.sol', 'flop.t.sol', 'flap.t.sol', 'heal.sol', 'drip.sol', 'frob.t.sol', 'tune.sol']
2,['flop.sol', 'flip.sol', 'frob.sol', 'move.sol', 'flop.t.sol', 'flap.t.sol', 'heal.sol', 'drip.sol', 'frob.t.sol', 'bite.sol']
1,['flop.sol', 'flip.sol', 'frob.sol', 'move.sol', 'flop.t.sol', 'flap.t.sol', 'heal.sol', 'drip.sol', 'tune.sol', 'bite.sol']
2,['flop.sol', 'flip.sol', 'frob.sol', 'move.sol', 'flop.t.sol', 'flap.t.sol', 'heal.sol', 'frob.t.sol', 'tune.sol', 'bite.sol']
2,['flop.sol', 'flip.sol', 'frob.sol', 'move.sol', 'flop.t.sol', 'flap.t.sol', 'drip.t.sol', 'heal.t.sol', 'flap.sol', 'drip.sol']
2,['flop.sol', 'flip.sol', 'frob.sol', 'move.sol', 'flop.t.sol', 'flap.t.sol', 'drip.t.sol', 'heal.t.sol', 'flap.sol', 'frob.t.sol']
2,['flop.sol', 'flip.sol', 'frob.sol', 'move.sol', 'flop.t.sol', 'flap.t.sol', 'drip.t.sol', 'heal.t.sol', 'flap.sol', 'tune.sol']
1,['flop.sol', 'flip.sol', 'frob.sol', 'move.sol', 'flop.t.sol', 'flap.t.sol', 'drip.t.sol', 'heal.t.sol', 'flap.sol', 'bite.sol']
2,['flop.sol', 'flip.sol', 'frob.sol', 'move.sol', 'flop.t.sol', 'flap.t.sol', 'drip.t.sol', 'heal.t.sol', 'drip.sol', 'frob.t.sol']
2,['flop.sol', 'flip.sol', 'frob.sol', 'move.sol', 'flop.t.sol', 'flap.t.sol', 'drip.t.sol', 'heal.t.sol', 'drip.sol', 'tune.sol']
1,['flop.sol', 'flip.sol', 'frob.sol', 'move.sol', 'flop.t.sol', 'flap.t.sol', 'drip.t.sol', 'heal.t.sol', 'drip.sol', 'bite.sol']
2,['flop.sol', 'flip.sol', 'frob.sol', 'move.sol', 'flop.t.sol', 'flap.t.sol', 'drip.t.sol', 'heal.t.sol', 'frob.t.sol', 'tune.sol']
2,['flop.sol', 'flip.sol', 'frob.sol', 'move.sol', 'flop.t.sol', 'flap.t.sol', 'drip.t.sol', 'heal.t.sol', 'frob.t.sol', 'bite.sol']
2,['flop.sol', 'flip.sol', 'frob.sol', 'move.sol', 'flop.t.sol', 'flap.t.sol', 'drip.t.sol', 'heal.t.sol', 'tune.sol', 'bite.sol']
3,['flop.sol', 'flip.sol', 'frob.sol', 'move.sol', 'flop.t.sol', 'flap.t.sol', 'drip.t.sol', 'flap.sol', 'drip.sol', 'frob.t.sol']
1,['flop.sol', 'flip.sol', 'frob.sol', 'move.sol', 'flop.t.sol', 'flap.t.sol', 'drip.t.sol', 'flap.sol', 'drip.sol', 'tune.sol']
2,['flop.sol', 'flip.sol', 'frob.sol', 'move.sol', 'flop.t.sol', 'flap.t.sol', 'drip.t.sol', 'flap.sol', 'drip.sol', 'bite.sol']
1,['flop.sol', 'flip.sol', 'frob.sol', 'move.sol', 'flop.t.sol', 'flap.t.sol', 'drip.t.sol', 'flap.sol', 'frob.t.sol', 'tune.sol']
3,['flop.sol', 'flip.sol', 'frob.sol', 'move.sol', 'flop.t.sol', 'flap.t.sol', 'drip.t.sol', 'flap.sol', 'frob.t.sol', 'bite.sol']
1,['flop.sol', 'flip.sol', 'frob.sol', 'move.sol', 'flop.t.sol', 'flap.t.sol', 'drip.t.sol', 'flap.sol', 'tune.sol', 'bite.sol']
1,['flop.sol', 'flip.sol', 'frob.sol', 'move.sol', 'flop.t.sol', 'flap.t.sol', 'drip.t.sol', 'drip.sol', 'frob.t.sol', 'tune.sol']
1,['flop.sol', 'flip.sol', 'frob.sol', 'move.sol', 'flop.t.sol', 'flap.t.sol', 'drip.t.sol', 'drip.sol', 'frob.t.sol', 'bite.sol']
1,['flop.sol', 'flip.sol', 'frob.sol', 'move.sol', 'flop.t.sol', 'flap.t.sol', 'drip.t.sol', 'drip.sol', 'tune.sol', 'bite.sol']
2,['flop.sol', 'flip.sol', 'frob.sol', 'move.sol', 'flop.t.sol', 'flap.t.sol', 'drip.t.sol', 'frob.t.sol', 'tune.sol', 'bite.sol']
2,['flop.sol', 'flip.sol', 'frob.sol', 'move.sol', 'flop.t.sol', 'flap.t.sol', 'heal.t.sol', 'flap.sol', 'drip.sol', 'frob.t.sol']
2,['flop.sol', 'flip.sol', 'frob.sol', 'move.sol', 'flop.t.sol', 'flap.t.sol', 'heal.t.sol', 'flap.sol', 'drip.sol', 'tune.sol']
2,['flop.sol', 'flip.sol', 'frob.sol', 'move.sol', 'flop.t.sol', 'flap.t.sol', 'heal.t.sol', 'flap.sol', 'drip.sol', 'bite.sol']
3,['flop.sol', 'flip.sol', 'frob.sol', 'move.sol', 'flop.t.sol', 'flap.t.sol', 'heal.t.sol', 'flap.sol', 'frob.t.sol', 'tune.sol']
2,['flop.sol', 'flip.sol', 'frob.sol', 'move.sol', 'flop.t.sol', 'flap.t.sol', 'heal.t.sol', 'flap.sol', 'frob.t.sol', 'bite.sol']
2,['flop.sol', 'flip.sol', 'frob.sol', 'move.sol', 'flop.t.sol', 'flap.t.sol', 'heal.t.sol', 'flap.sol', 'tune.sol', 'bite.sol']
2,['flop.sol', 'flip.sol', 'frob.sol', 'move.sol', 'flop.t.sol', 'flap.t.sol', 'heal.t.sol', 'drip.sol', 'frob.t.sol', 'tune.sol']
2,['flop.sol', 'flip.sol', 'frob.sol', 'move.sol', 'flop.t.sol', 'flap.t.sol', 'heal.t.sol', 'drip.sol', 'frob.t.sol', 'bite.sol']
2,['flop.sol', 'flip.sol', 'frob.sol', 'move.sol', 'flop.t.sol', 'flap.t.sol', 'heal.t.sol', 'drip.sol', 'tune.sol', 'bite.sol']
2,['flop.sol', 'flip.sol', 'frob.sol', 'move.sol', 'flop.t.sol', 'flap.t.sol', 'heal.t.sol', 'frob.t.sol', 'tune.sol', 'bite.sol']
1,['flop.sol', 'flip.sol', 'frob.sol', 'move.sol', 'flop.t.sol', 'flap.t.sol', 'flap.sol', 'drip.sol', 'frob.t.sol', 'tune.sol']
2,['flop.sol', 'flip.sol', 'frob.sol', 'move.sol', 'flop.t.sol', 'flap.t.sol', 'flap.sol', 'drip.sol', 'frob.t.sol', 'bite.sol']
1,['flop.sol', 'flip.sol', 'frob.sol', 'move.sol', 'flop.t.sol', 'flap.t.sol', 'flap.sol', 'drip.sol', 'tune.sol', 'bite.sol']
1,['flop.sol', 'flip.sol', 'frob.sol', 'move.sol', 'flop.t.sol', 'flap.t.sol', 'flap.sol', 'frob.t.sol', 'tune.sol', 'bite.sol']
1,['flop.sol', 'flip.sol', 'frob.sol', 'move.sol', 'flop.t.sol', 'flap.t.sol', 'drip.sol', 'frob.t.sol', 'tune.sol', 'bite.sol']
2,['flop.sol', 'flip.sol', 'frob.sol', 'move.sol', 'flop.t.sol', 'heal.sol', 'drip.t.sol', 'heal.t.sol', 'flap.sol', 'drip.sol']
2,['flop.sol', 'flip.sol', 'frob.sol', 'move.sol', 'flop.t.sol', 'heal.sol', 'drip.t.sol', 'heal.t.sol', 'flap.sol', 'frob.t.sol']
1,['flop.sol', 'flip.sol', 'frob.sol', 'move.sol', 'flop.t.sol', 'heal.sol', 'drip.t.sol', 'heal.t.sol', 'flap.sol', 'tune.sol']
1,['flop.sol', 'flip.sol', 'frob.sol', 'move.sol', 'flop.t.sol', 'heal.sol', 'drip.t.sol', 'heal.t.sol', 'flap.sol', 'bite.sol']
2,['flop.sol', 'flip.sol', 'frob.sol', 'move.sol', 'flop.t.sol', 'heal.sol', 'drip.t.sol', 'heal.t.sol', 'drip.sol', 'frob.t.sol']
1,['flop.sol', 'flip.sol', 'frob.sol', 'move.sol', 'flop.t.sol', 'heal.sol', 'drip.t.sol', 'heal.t.sol', 'drip.sol', 'tune.sol']
1,['flop.sol', 'flip.sol', 'frob.sol', 'move.sol', 'flop.t.sol', 'heal.sol', 'drip.t.sol', 'heal.t.sol', 'drip.sol', 'bite.sol']
1,['flop.sol', 'flip.sol', 'frob.sol', 'move.sol', 'flop.t.sol', 'heal.sol', 'drip.t.sol', 'heal.t.sol', 'frob.t.sol', 'tune.sol']
2,['flop.sol', 'flip.sol', 'frob.sol', 'move.sol', 'flop.t.sol', 'heal.sol', 'drip.t.sol', 'heal.t.sol', 'frob.t.sol', 'bite.sol']
1,['flop.sol', 'flip.sol', 'frob.sol', 'move.sol', 'flop.t.sol', 'heal.sol', 'drip.t.sol', 'heal.t.sol', 'tune.sol', 'bite.sol']
2,['flop.sol', 'flip.sol', 'frob.sol', 'move.sol', 'flop.t.sol', 'heal.sol', 'drip.t.sol', 'flap.sol', 'drip.sol', 'frob.t.sol']
1,['flop.sol', 'flip.sol', 'frob.sol', 'move.sol', 'flop.t.sol', 'heal.sol', 'drip.t.sol', 'flap.sol', 'drip.sol', 'tune.sol']
1,['flop.sol', 'flip.sol', 'frob.sol', 'move.sol', 'flop.t.sol', 'heal.sol', 'drip.t.sol', 'flap.sol', 'drip.sol', 'bite.sol']
1,['flop.sol', 'flip.sol', 'frob.sol', 'move.sol', 'flop.t.sol', 'heal.sol', 'drip.t.sol', 'flap.sol', 'frob.t.sol', 'tune.sol']
2,['flop.sol', 'flip.sol', 'frob.sol', 'move.sol', 'flop.t.sol', 'heal.sol', 'drip.t.sol', 'flap.sol', 'frob.t.sol', 'bite.sol']
1,['flop.sol', 'flip.sol', 'frob.sol', 'move.sol', 'flop.t.sol', 'heal.sol', 'drip.t.sol', 'flap.sol', 'tune.sol', 'bite.sol']
1,['flop.sol', 'flip.sol', 'frob.sol', 'move.sol', 'flop.t.sol', 'heal.sol', 'drip.t.sol', 'drip.sol', 'frob.t.sol', 'tune.sol']
2,['flop.sol', 'flip.sol', 'frob.sol', 'move.sol', 'flop.t.sol', 'heal.sol', 'drip.t.sol', 'drip.sol', 'frob.t.sol', 'bite.sol']
1,['flop.sol', 'flip.sol', 'frob.sol', 'move.sol', 'flop.t.sol', 'heal.sol', 'drip.t.sol', 'drip.sol', 'tune.sol', 'bite.sol']
1,['flop.sol', 'flip.sol', 'frob.sol', 'move.sol', 'flop.t.sol', 'heal.sol', 'drip.t.sol', 'frob.t.sol', 'tune.sol', 'bite.sol']
2,['flop.sol', 'flip.sol', 'frob.sol', 'move.sol', 'flop.t.sol', 'heal.sol', 'heal.t.sol', 'flap.sol', 'drip.sol', 'frob.t.sol']
2,['flop.sol', 'flip.sol', 'frob.sol', 'move.sol', 'flop.t.sol', 'heal.sol', 'heal.t.sol', 'flap.sol', 'drip.sol', 'tune.sol']
2,['flop.sol', 'flip.sol', 'frob.sol', 'move.sol', 'flop.t.sol', 'heal.sol', 'heal.t.sol', 'flap.sol', 'drip.sol', 'bite.sol']
2,['flop.sol', 'flip.sol', 'frob.sol', 'move.sol', 'flop.t.sol', 'heal.sol', 'heal.t.sol', 'flap.sol', 'frob.t.sol', 'tune.sol']
2,['flop.sol', 'flip.sol', 'frob.sol', 'move.sol', 'flop.t.sol', 'heal.sol', 'heal.t.sol', 'flap.sol', 'frob.t.sol', 'bite.sol']
2,['flop.sol', 'flip.sol', 'frob.sol', 'move.sol', 'flop.t.sol', 'heal.sol', 'heal.t.sol', 'flap.sol', 'tune.sol', 'bite.sol']
2,['flop.sol', 'flip.sol', 'frob.sol', 'move.sol', 'flop.t.sol', 'heal.sol', 'heal.t.sol', 'drip.sol', 'frob.t.sol', 'tune.sol']
2,['flop.sol', 'flip.sol', 'frob.sol', 'move.sol', 'flop.t.sol', 'heal.sol', 'heal.t.sol', 'drip.sol', 'frob.t.sol', 'bite.sol']
2,['flop.sol', 'flip.sol', 'frob.sol', 'move.sol', 'flop.t.sol', 'heal.sol', 'heal.t.sol', 'drip.sol', 'tune.sol', 'bite.sol']
2,['flop.sol', 'flip.sol', 'frob.sol', 'move.sol', 'flop.t.sol', 'heal.sol', 'heal.t.sol', 'frob.t.sol', 'tune.sol', 'bite.sol']
2,['flop.sol', 'flip.sol', 'frob.sol', 'move.sol', 'flop.t.sol', 'heal.sol', 'flap.sol', 'drip.sol', 'frob.t.sol', 'tune.sol']
3,['flop.sol', 'flip.sol', 'frob.sol', 'move.sol', 'flop.t.sol', 'heal.sol', 'flap.sol', 'drip.sol', 'frob.t.sol', 'bite.sol']
1,['flop.sol', 'flip.sol', 'frob.sol', 'move.sol', 'flop.t.sol', 'heal.sol', 'flap.sol', 'drip.sol', 'tune.sol', 'bite.sol']
2,['flop.sol', 'flip.sol', 'frob.sol', 'move.sol', 'flop.t.sol', 'heal.sol', 'flap.sol', 'frob.t.sol', 'tune.sol', 'bite.sol']
2,['flop.sol', 'flip.sol', 'frob.sol', 'move.sol', 'flop.t.sol', 'heal.sol', 'drip.sol', 'frob.t.sol', 'tune.sol', 'bite.sol']
2,['flop.sol', 'flip.sol', 'frob.sol', 'move.sol', 'flop.t.sol', 'drip.t.sol', 'heal.t.sol', 'flap.sol', 'drip.sol', 'frob.t.sol']
2,['flop.sol', 'flip.sol', 'frob.sol', 'move.sol', 'flop.t.sol', 'drip.t.sol', 'heal.t.sol', 'flap.sol', 'drip.sol', 'tune.sol']
2,['flop.sol', 'flip.sol', 'frob.sol', 'move.sol', 'flop.t.sol', 'drip.t.sol', 'heal.t.sol', 'flap.sol', 'drip.sol', 'bite.sol']
1,['flop.sol', 'flip.sol', 'frob.sol', 'move.sol', 'flop.t.sol', 'drip.t.sol', 'heal.t.sol', 'flap.sol', 'frob.t.sol', 'tune.sol']
2,['flop.sol', 'flip.sol', 'frob.sol', 'move.sol', 'flop.t.sol', 'drip.t.sol', 'heal.t.sol', 'flap.sol', 'frob.t.sol', 'bite.sol']
2,['flop.sol', 'flip.sol', 'frob.sol', 'move.sol', 'flop.t.sol', 'drip.t.sol', 'heal.t.sol', 'flap.sol', 'tune.sol', 'bite.sol']
1,['flop.sol', 'flip.sol', 'frob.sol', 'move.sol', 'flop.t.sol', 'drip.t.sol', 'heal.t.sol', 'drip.sol', 'frob.t.sol', 'tune.sol']
2,['flop.sol', 'flip.sol', 'frob.sol', 'move.sol', 'flop.t.sol', 'drip.t.sol', 'heal.t.sol', 'drip.sol', 'frob.t.sol', 'bite.sol']
1,['flop.sol', 'flip.sol', 'frob.sol', 'move.sol', 'flop.t.sol', 'drip.t.sol', 'heal.t.sol', 'drip.sol', 'tune.sol', 'bite.sol']
1,['flop.sol', 'flip.sol', 'frob.sol', 'move.sol', 'flop.t.sol', 'drip.t.sol', 'heal.t.sol', 'frob.t.sol', 'tune.sol', 'bite.sol']
1,['flop.sol', 'flip.sol', 'frob.sol', 'move.sol', 'flop.t.sol', 'drip.t.sol', 'flap.sol', 'drip.sol', 'frob.t.sol', 'tune.sol']
2,['flop.sol', 'flip.sol', 'frob.sol', 'move.sol', 'flop.t.sol', 'drip.t.sol', 'flap.sol', 'drip.sol', 'frob.t.sol', 'bite.sol']
1,['flop.sol', 'flip.sol', 'frob.sol', 'move.sol', 'flop.t.sol', 'drip.t.sol', 'flap.sol', 'drip.sol', 'tune.sol', 'bite.sol']
2,['flop.sol', 'flip.sol', 'frob.sol', 'move.sol', 'flop.t.sol', 'drip.t.sol', 'flap.sol', 'frob.t.sol', 'tune.sol', 'bite.sol']
2,['flop.sol', 'flip.sol', 'frob.sol', 'move.sol', 'flop.t.sol', 'drip.t.sol', 'drip.sol', 'frob.t.sol', 'tune.sol', 'bite.sol']
2,['flop.sol', 'flip.sol', 'frob.sol', 'move.sol', 'flop.t.sol', 'heal.t.sol', 'flap.sol', 'drip.sol', 'frob.t.sol', 'tune.sol']
2,['flop.sol', 'flip.sol', 'frob.sol', 'move.sol', 'flop.t.sol', 'heal.t.sol', 'flap.sol', 'drip.sol', 'frob.t.sol', 'bite.sol']
2,['flop.sol', 'flip.sol', 'frob.sol', 'move.sol', 'flop.t.sol', 'heal.t.sol', 'flap.sol', 'drip.sol', 'tune.sol', 'bite.sol']
2,['flop.sol', 'flip.sol', 'frob.sol', 'move.sol', 'flop.t.sol', 'heal.t.sol', 'flap.sol', 'frob.t.sol', 'tune.sol', 'bite.sol']
2,['flop.sol', 'flip.sol', 'frob.sol', 'move.sol', 'flop.t.sol', 'heal.t.sol', 'drip.sol', 'frob.t.sol', 'tune.sol', 'bite.sol']
1,['flop.sol', 'flip.sol', 'frob.sol', 'move.sol', 'flop.t.sol', 'flap.sol', 'drip.sol', 'frob.t.sol', 'tune.sol', 'bite.sol']
2,['flop.sol', 'flip.sol', 'frob.sol', 'move.sol', 'flap.t.sol', 'heal.sol', 'drip.t.sol', 'heal.t.sol', 'flap.sol', 'drip.sol']
2,['flop.sol', 'flip.sol', 'frob.sol', 'move.sol', 'flap.t.sol', 'heal.sol', 'drip.t.sol', 'heal.t.sol', 'flap.sol', 'frob.t.sol']
1,['flop.sol', 'flip.sol', 'frob.sol', 'move.sol', 'flap.t.sol', 'heal.sol', 'drip.t.sol', 'heal.t.sol', 'flap.sol', 'tune.sol']
1,['flop.sol', 'flip.sol', 'frob.sol', 'move.sol', 'flap.t.sol', 'heal.sol', 'drip.t.sol', 'heal.t.sol', 'flap.sol', 'bite.sol']
2,['flop.sol', 'flip.sol', 'frob.sol', 'move.sol', 'flap.t.sol', 'heal.sol', 'drip.t.sol', 'heal.t.sol', 'drip.sol', 'frob.t.sol']
1,['flop.sol', 'flip.sol', 'frob.sol', 'move.sol', 'flap.t.sol', 'heal.sol', 'drip.t.sol', 'heal.t.sol', 'drip.sol', 'tune.sol']
1,['flop.sol', 'flip.sol', 'frob.sol', 'move.sol', 'flap.t.sol', 'heal.sol', 'drip.t.sol', 'heal.t.sol', 'drip.sol', 'bite.sol']
1,['flop.sol', 'flip.sol', 'frob.sol', 'move.sol', 'flap.t.sol', 'heal.sol', 'drip.t.sol', 'heal.t.sol', 'frob.t.sol', 'tune.sol']
2,['flop.sol', 'flip.sol', 'frob.sol', 'move.sol', 'flap.t.sol', 'heal.sol', 'drip.t.sol', 'heal.t.sol', 'frob.t.sol', 'bite.sol']
1,['flop.sol', 'flip.sol', 'frob.sol', 'move.sol', 'flap.t.sol', 'heal.sol', 'drip.t.sol', 'heal.t.sol', 'tune.sol', 'bite.sol']
2,['flop.sol', 'flip.sol', 'frob.sol', 'move.sol', 'flap.t.sol', 'heal.sol', 'drip.t.sol', 'flap.sol', 'drip.sol', 'frob.t.sol']
1,['flop.sol', 'flip.sol', 'frob.sol', 'move.sol', 'flap.t.sol', 'heal.sol', 'drip.t.sol', 'flap.sol', 'drip.sol', 'tune.sol']
1,['flop.sol', 'flip.sol', 'frob.sol', 'move.sol', 'flap.t.sol', 'heal.sol', 'drip.t.sol', 'flap.sol', 'drip.sol', 'bite.sol']
1,['flop.sol', 'flip.sol', 'frob.sol', 'move.sol', 'flap.t.sol', 'heal.sol', 'drip.t.sol', 'flap.sol', 'frob.t.sol', 'tune.sol']
2,['flop.sol', 'flip.sol', 'frob.sol', 'move.sol', 'flap.t.sol', 'heal.sol', 'drip.t.sol', 'flap.sol', 'frob.t.sol', 'bite.sol']
1,['flop.sol', 'flip.sol', 'frob.sol', 'move.sol', 'flap.t.sol', 'heal.sol', 'drip.t.sol', 'flap.sol', 'tune.sol', 'bite.sol']
1,['flop.sol', 'flip.sol', 'frob.sol', 'move.sol', 'flap.t.sol', 'heal.sol', 'drip.t.sol', 'drip.sol', 'frob.t.sol', 'tune.sol']
2,['flop.sol', 'flip.sol', 'frob.sol', 'move.sol', 'flap.t.sol', 'heal.sol', 'drip.t.sol', 'drip.sol', 'frob.t.sol', 'bite.sol']
1,['flop.sol', 'flip.sol', 'frob.sol', 'move.sol', 'flap.t.sol', 'heal.sol', 'drip.t.sol', 'drip.sol', 'tune.sol', 'bite.sol']
1,['flop.sol', 'flip.sol', 'frob.sol', 'move.sol', 'flap.t.sol', 'heal.sol', 'drip.t.sol', 'frob.t.sol', 'tune.sol', 'bite.sol']
2,['flop.sol', 'flip.sol', 'frob.sol', 'move.sol', 'flap.t.sol', 'heal.sol', 'heal.t.sol', 'flap.sol', 'drip.sol', 'frob.t.sol']
2,['flop.sol', 'flip.sol', 'frob.sol', 'move.sol', 'flap.t.sol', 'heal.sol', 'heal.t.sol', 'flap.sol', 'drip.sol', 'tune.sol']
2,['flop.sol', 'flip.sol', 'frob.sol', 'move.sol', 'flap.t.sol', 'heal.sol', 'heal.t.sol', 'flap.sol', 'drip.sol', 'bite.sol']
2,['flop.sol', 'flip.sol', 'frob.sol', 'move.sol', 'flap.t.sol', 'heal.sol', 'heal.t.sol', 'flap.sol', 'frob.t.sol', 'tune.sol']
2,['flop.sol', 'flip.sol', 'frob.sol', 'move.sol', 'flap.t.sol', 'heal.sol', 'heal.t.sol', 'flap.sol', 'frob.t.sol', 'bite.sol']
2,['flop.sol', 'flip.sol', 'frob.sol', 'move.sol', 'flap.t.sol', 'heal.sol', 'heal.t.sol', 'flap.sol', 'tune.sol', 'bite.sol']
2,['flop.sol', 'flip.sol', 'frob.sol', 'move.sol', 'flap.t.sol', 'heal.sol', 'heal.t.sol', 'drip.sol', 'frob.t.sol', 'tune.sol']
2,['flop.sol', 'flip.sol', 'frob.sol', 'move.sol', 'flap.t.sol', 'heal.sol', 'heal.t.sol', 'drip.sol', 'frob.t.sol', 'bite.sol']
2,['flop.sol', 'flip.sol', 'frob.sol', 'move.sol', 'flap.t.sol', 'heal.sol', 'heal.t.sol', 'drip.sol', 'tune.sol', 'bite.sol']
2,['flop.sol', 'flip.sol', 'frob.sol', 'move.sol', 'flap.t.sol', 'heal.sol', 'heal.t.sol', 'frob.t.sol', 'tune.sol', 'bite.sol']
2,['flop.sol', 'flip.sol', 'frob.sol', 'move.sol', 'flap.t.sol', 'heal.sol', 'flap.sol', 'drip.sol', 'frob.t.sol', 'tune.sol']
3,['flop.sol', 'flip.sol', 'frob.sol', 'move.sol', 'flap.t.sol', 'heal.sol', 'flap.sol', 'drip.sol', 'frob.t.sol', 'bite.sol']
1,['flop.sol', 'flip.sol', 'frob.sol', 'move.sol', 'flap.t.sol', 'heal.sol', 'flap.sol', 'drip.sol', 'tune.sol', 'bite.sol']
2,['flop.sol', 'flip.sol', 'frob.sol', 'move.sol', 'flap.t.sol', 'heal.sol', 'flap.sol', 'frob.t.sol', 'tune.sol', 'bite.sol']
2,['flop.sol', 'flip.sol', 'frob.sol', 'move.sol', 'flap.t.sol', 'heal.sol', 'drip.sol', 'frob.t.sol', 'tune.sol', 'bite.sol']
2,['flop.sol', 'flip.sol', 'frob.sol', 'move.sol', 'flap.t.sol', 'drip.t.sol', 'heal.t.sol', 'flap.sol', 'drip.sol', 'frob.t.sol']
2,['flop.sol', 'flip.sol', 'frob.sol', 'move.sol', 'flap.t.sol', 'drip.t.sol', 'heal.t.sol', 'flap.sol', 'drip.sol', 'tune.sol']
2,['flop.sol', 'flip.sol', 'frob.sol', 'move.sol', 'flap.t.sol', 'drip.t.sol', 'heal.t.sol', 'flap.sol', 'drip.sol', 'bite.sol']
1,['flop.sol', 'flip.sol', 'frob.sol', 'move.sol', 'flap.t.sol', 'drip.t.sol', 'heal.t.sol', 'flap.sol', 'frob.t.sol', 'tune.sol']
2,['flop.sol', 'flip.sol', 'frob.sol', 'move.sol', 'flap.t.sol', 'drip.t.sol', 'heal.t.sol', 'flap.sol', 'frob.t.sol', 'bite.sol']
2,['flop.sol', 'flip.sol', 'frob.sol', 'move.sol', 'flap.t.sol', 'drip.t.sol', 'heal.t.sol', 'flap.sol', 'tune.sol', 'bite.sol']
1,['flop.sol', 'flip.sol', 'frob.sol', 'move.sol', 'flap.t.sol', 'drip.t.sol', 'heal.t.sol', 'drip.sol', 'frob.t.sol', 'tune.sol']
2,['flop.sol', 'flip.sol', 'frob.sol', 'move.sol', 'flap.t.sol', 'drip.t.sol', 'heal.t.sol', 'drip.sol', 'frob.t.sol', 'bite.sol']
1,['flop.sol', 'flip.sol', 'frob.sol', 'move.sol', 'flap.t.sol', 'drip.t.sol', 'heal.t.sol', 'drip.sol', 'tune.sol', 'bite.sol']
1,['flop.sol', 'flip.sol', 'frob.sol', 'move.sol', 'flap.t.sol', 'drip.t.sol', 'heal.t.sol', 'frob.t.sol', 'tune.sol', 'bite.sol']
1,['flop.sol', 'flip.sol', 'frob.sol', 'move.sol', 'flap.t.sol', 'drip.t.sol', 'flap.sol', 'drip.sol', 'frob.t.sol', 'tune.sol']
2,['flop.sol', 'flip.sol', 'frob.sol', 'move.sol', 'flap.t.sol', 'drip.t.sol', 'flap.sol', 'drip.sol', 'frob.t.sol', 'bite.sol']
1,['flop.sol', 'flip.sol', 'frob.sol', 'move.sol', 'flap.t.sol', 'drip.t.sol', 'flap.sol', 'drip.sol', 'tune.sol', 'bite.sol']
2,['flop.sol', 'flip.sol', 'frob.sol', 'move.sol', 'flap.t.sol', 'drip.t.sol', 'flap.sol', 'frob.t.sol', 'tune.sol', 'bite.sol']
2,['flop.sol', 'flip.sol', 'frob.sol', 'move.sol', 'flap.t.sol', 'drip.t.sol', 'drip.sol', 'frob.t.sol', 'tune.sol', 'bite.sol']
3,['flop.sol', 'flip.sol', 'frob.sol', 'move.sol', 'flap.t.sol', 'heal.t.sol', 'flap.sol', 'drip.sol', 'frob.t.sol', 'tune.sol']
2,['flop.sol', 'flip.sol', 'frob.sol', 'move.sol', 'flap.t.sol', 'heal.t.sol', 'flap.sol', 'drip.sol', 'frob.t.sol', 'bite.sol']
2,['flop.sol', 'flip.sol', 'frob.sol', 'move.sol', 'flap.t.sol', 'heal.t.sol', 'flap.sol', 'drip.sol', 'tune.sol', 'bite.sol']
2,['flop.sol', 'flip.sol', 'frob.sol', 'move.sol', 'flap.t.sol', 'heal.t.sol', 'flap.sol', 'frob.t.sol', 'tune.sol', 'bite.sol']
2,['flop.sol', 'flip.sol', 'frob.sol', 'move.sol', 'flap.t.sol', 'heal.t.sol', 'drip.sol', 'frob.t.sol', 'tune.sol', 'bite.sol']
1,['flop.sol', 'flip.sol', 'frob.sol', 'move.sol', 'flap.t.sol', 'flap.sol', 'drip.sol', 'frob.t.sol', 'tune.sol', 'bite.sol']
2,['flop.sol', 'flip.sol', 'frob.sol', 'move.sol', 'heal.sol', 'drip.t.sol', 'heal.t.sol', 'flap.sol', 'drip.sol', 'frob.t.sol']
1,['flop.sol', 'flip.sol', 'frob.sol', 'move.sol', 'heal.sol', 'drip.t.sol', 'heal.t.sol', 'flap.sol', 'drip.sol', 'tune.sol']
2,['flop.sol', 'flip.sol', 'frob.sol', 'move.sol', 'heal.sol', 'drip.t.sol', 'heal.t.sol', 'flap.sol', 'drip.sol', 'bite.sol']
1,['flop.sol', 'flip.sol', 'frob.sol', 'move.sol', 'heal.sol', 'drip.t.sol', 'heal.t.sol', 'flap.sol', 'frob.t.sol', 'tune.sol']
2,['flop.sol', 'flip.sol', 'frob.sol', 'move.sol', 'heal.sol', 'drip.t.sol', 'heal.t.sol', 'flap.sol', 'frob.t.sol', 'bite.sol']
1,['flop.sol', 'flip.sol', 'frob.sol', 'move.sol', 'heal.sol', 'drip.t.sol', 'heal.t.sol', 'flap.sol', 'tune.sol', 'bite.sol']
1,['flop.sol', 'flip.sol', 'frob.sol', 'move.sol', 'heal.sol', 'drip.t.sol', 'heal.t.sol', 'drip.sol', 'frob.t.sol', 'tune.sol']
1,['flop.sol', 'flip.sol', 'frob.sol', 'move.sol', 'heal.sol', 'drip.t.sol', 'heal.t.sol', 'drip.sol', 'frob.t.sol', 'bite.sol']
1,['flop.sol', 'flip.sol', 'frob.sol', 'move.sol', 'heal.sol', 'drip.t.sol', 'heal.t.sol', 'drip.sol', 'tune.sol', 'bite.sol']
1,['flop.sol', 'flip.sol', 'frob.sol', 'move.sol', 'heal.sol', 'drip.t.sol', 'heal.t.sol', 'frob.t.sol', 'tune.sol', 'bite.sol']
1,['flop.sol', 'flip.sol', 'frob.sol', 'move.sol', 'heal.sol', 'drip.t.sol', 'flap.sol', 'drip.sol', 'frob.t.sol', 'tune.sol']
1,['flop.sol', 'flip.sol', 'frob.sol', 'move.sol', 'heal.sol', 'drip.t.sol', 'flap.sol', 'drip.sol', 'frob.t.sol', 'bite.sol']
1,['flop.sol', 'flip.sol', 'frob.sol', 'move.sol', 'heal.sol', 'drip.t.sol', 'flap.sol', 'drip.sol', 'tune.sol', 'bite.sol']
1,['flop.sol', 'flip.sol', 'frob.sol', 'move.sol', 'heal.sol', 'drip.t.sol', 'flap.sol', 'frob.t.sol', 'tune.sol', 'bite.sol']
1,['flop.sol', 'flip.sol', 'frob.sol', 'move.sol', 'heal.sol', 'drip.t.sol', 'drip.sol', 'frob.t.sol', 'tune.sol', 'bite.sol']
2,['flop.sol', 'flip.sol', 'frob.sol', 'move.sol', 'heal.sol', 'heal.t.sol', 'flap.sol', 'drip.sol', 'frob.t.sol', 'tune.sol']
2,['flop.sol', 'flip.sol', 'frob.sol', 'move.sol', 'heal.sol', 'heal.t.sol', 'flap.sol', 'drip.sol', 'frob.t.sol', 'bite.sol']
2,['flop.sol', 'flip.sol', 'frob.sol', 'move.sol', 'heal.sol', 'heal.t.sol', 'flap.sol', 'drip.sol', 'tune.sol', 'bite.sol']
2,['flop.sol', 'flip.sol', 'frob.sol', 'move.sol', 'heal.sol', 'heal.t.sol', 'flap.sol', 'frob.t.sol', 'tune.sol', 'bite.sol']
2,['flop.sol', 'flip.sol', 'frob.sol', 'move.sol', 'heal.sol', 'heal.t.sol', 'drip.sol', 'frob.t.sol', 'tune.sol', 'bite.sol']
2,['flop.sol', 'flip.sol', 'frob.sol', 'move.sol', 'heal.sol', 'flap.sol', 'drip.sol', 'frob.t.sol', 'tune.sol', 'bite.sol']
1,['flop.sol', 'flip.sol', 'frob.sol', 'move.sol', 'drip.t.sol', 'heal.t.sol', 'flap.sol', 'drip.sol', 'frob.t.sol', 'tune.sol']
1,['flop.sol', 'flip.sol', 'frob.sol', 'move.sol', 'drip.t.sol', 'heal.t.sol', 'flap.sol', 'drip.sol', 'frob.t.sol', 'bite.sol']
1,['flop.sol', 'flip.sol', 'frob.sol', 'move.sol', 'drip.t.sol', 'heal.t.sol', 'flap.sol', 'drip.sol', 'tune.sol', 'bite.sol']
1,['flop.sol', 'flip.sol', 'frob.sol', 'move.sol', 'drip.t.sol', 'heal.t.sol', 'flap.sol', 'frob.t.sol', 'tune.sol', 'bite.sol']
1,['flop.sol', 'flip.sol', 'frob.sol', 'move.sol', 'drip.t.sol', 'heal.t.sol', 'drip.sol', 'frob.t.sol', 'tune.sol', 'bite.sol']
2,['flop.sol', 'flip.sol', 'frob.sol', 'move.sol', 'drip.t.sol', 'flap.sol', 'drip.sol', 'frob.t.sol', 'tune.sol', 'bite.sol']
2,['flop.sol', 'flip.sol', 'frob.sol', 'move.sol', 'heal.t.sol', 'flap.sol', 'drip.sol', 'frob.t.sol', 'tune.sol', 'bite.sol']
2,['flop.sol', 'flip.sol', 'frob.sol', 'flop.t.sol', 'flap.t.sol', 'heal.sol', 'drip.t.sol', 'heal.t.sol', 'flap.sol', 'drip.sol']
2,['flop.sol', 'flip.sol', 'frob.sol', 'flop.t.sol', 'flap.t.sol', 'heal.sol', 'drip.t.sol', 'heal.t.sol', 'flap.sol', 'frob.t.sol']
1,['flop.sol', 'flip.sol', 'frob.sol', 'flop.t.sol', 'flap.t.sol', 'heal.sol', 'drip.t.sol', 'heal.t.sol', 'flap.sol', 'tune.sol']
1,['flop.sol', 'flip.sol', 'frob.sol', 'flop.t.sol', 'flap.t.sol', 'heal.sol', 'drip.t.sol', 'heal.t.sol', 'flap.sol', 'bite.sol']
2,['flop.sol', 'flip.sol', 'frob.sol', 'flop.t.sol', 'flap.t.sol', 'heal.sol', 'drip.t.sol', 'heal.t.sol', 'drip.sol', 'frob.t.sol']
1,['flop.sol', 'flip.sol', 'frob.sol', 'flop.t.sol', 'flap.t.sol', 'heal.sol', 'drip.t.sol', 'heal.t.sol', 'drip.sol', 'tune.sol']
1,['flop.sol', 'flip.sol', 'frob.sol', 'flop.t.sol', 'flap.t.sol', 'heal.sol', 'drip.t.sol', 'heal.t.sol', 'drip.sol', 'bite.sol']
1,['flop.sol', 'flip.sol', 'frob.sol', 'flop.t.sol', 'flap.t.sol', 'heal.sol', 'drip.t.sol', 'heal.t.sol', 'frob.t.sol', 'tune.sol']
2,['flop.sol', 'flip.sol', 'frob.sol', 'flop.t.sol', 'flap.t.sol', 'heal.sol', 'drip.t.sol', 'heal.t.sol', 'frob.t.sol', 'bite.sol']
1,['flop.sol', 'flip.sol', 'frob.sol', 'flop.t.sol', 'flap.t.sol', 'heal.sol', 'drip.t.sol', 'heal.t.sol', 'tune.sol', 'bite.sol']
2,['flop.sol', 'flip.sol', 'frob.sol', 'flop.t.sol', 'flap.t.sol', 'heal.sol', 'drip.t.sol', 'flap.sol', 'drip.sol', 'frob.t.sol']
1,['flop.sol', 'flip.sol', 'frob.sol', 'flop.t.sol', 'flap.t.sol', 'heal.sol', 'drip.t.sol', 'flap.sol', 'drip.sol', 'tune.sol']
2,['flop.sol', 'flip.sol', 'frob.sol', 'flop.t.sol', 'flap.t.sol', 'heal.sol', 'drip.t.sol', 'flap.sol', 'drip.sol', 'bite.sol']
2,['flop.sol', 'flip.sol', 'frob.sol', 'flop.t.sol', 'flap.t.sol', 'heal.sol', 'drip.t.sol', 'flap.sol', 'frob.t.sol', 'tune.sol']
2,['flop.sol', 'flip.sol', 'frob.sol', 'flop.t.sol', 'flap.t.sol', 'heal.sol', 'drip.t.sol', 'flap.sol', 'frob.t.sol', 'bite.sol']
1,['flop.sol', 'flip.sol', 'frob.sol', 'flop.t.sol', 'flap.t.sol', 'heal.sol', 'drip.t.sol', 'flap.sol', 'tune.sol', 'bite.sol']
1,['flop.sol', 'flip.sol', 'frob.sol', 'flop.t.sol', 'flap.t.sol', 'heal.sol', 'drip.t.sol', 'drip.sol', 'frob.t.sol', 'tune.sol']
2,['flop.sol', 'flip.sol', 'frob.sol', 'flop.t.sol', 'flap.t.sol', 'heal.sol', 'drip.t.sol', 'drip.sol', 'frob.t.sol', 'bite.sol']
1,['flop.sol', 'flip.sol', 'frob.sol', 'flop.t.sol', 'flap.t.sol', 'heal.sol', 'drip.t.sol', 'drip.sol', 'tune.sol', 'bite.sol']
1,['flop.sol', 'flip.sol', 'frob.sol', 'flop.t.sol', 'flap.t.sol', 'heal.sol', 'drip.t.sol', 'frob.t.sol', 'tune.sol', 'bite.sol']
2,['flop.sol', 'flip.sol', 'frob.sol', 'flop.t.sol', 'flap.t.sol', 'heal.sol', 'heal.t.sol', 'flap.sol', 'drip.sol', 'frob.t.sol']
2,['flop.sol', 'flip.sol', 'frob.sol', 'flop.t.sol', 'flap.t.sol', 'heal.sol', 'heal.t.sol', 'flap.sol', 'drip.sol', 'tune.sol']
2,['flop.sol', 'flip.sol', 'frob.sol', 'flop.t.sol', 'flap.t.sol', 'heal.sol', 'heal.t.sol', 'flap.sol', 'drip.sol', 'bite.sol']
2,['flop.sol', 'flip.sol', 'frob.sol', 'flop.t.sol', 'flap.t.sol', 'heal.sol', 'heal.t.sol', 'flap.sol', 'frob.t.sol', 'tune.sol']
2,['flop.sol', 'flip.sol', 'frob.sol', 'flop.t.sol', 'flap.t.sol', 'heal.sol', 'heal.t.sol', 'flap.sol', 'frob.t.sol', 'bite.sol']
2,['flop.sol', 'flip.sol', 'frob.sol', 'flop.t.sol', 'flap.t.sol', 'heal.sol', 'heal.t.sol', 'flap.sol', 'tune.sol', 'bite.sol']
2,['flop.sol', 'flip.sol', 'frob.sol', 'flop.t.sol', 'flap.t.sol', 'heal.sol', 'heal.t.sol', 'drip.sol', 'frob.t.sol', 'tune.sol']
2,['flop.sol', 'flip.sol', 'frob.sol', 'flop.t.sol', 'flap.t.sol', 'heal.sol', 'heal.t.sol', 'drip.sol', 'frob.t.sol', 'bite.sol']
2,['flop.sol', 'flip.sol', 'frob.sol', 'flop.t.sol', 'flap.t.sol', 'heal.sol', 'heal.t.sol', 'drip.sol', 'tune.sol', 'bite.sol']
2,['flop.sol', 'flip.sol', 'frob.sol', 'flop.t.sol', 'flap.t.sol', 'heal.sol', 'heal.t.sol', 'frob.t.sol', 'tune.sol', 'bite.sol']
2,['flop.sol', 'flip.sol', 'frob.sol', 'flop.t.sol', 'flap.t.sol', 'heal.sol', 'flap.sol', 'drip.sol', 'frob.t.sol', 'tune.sol']
2,['flop.sol', 'flip.sol', 'frob.sol', 'flop.t.sol', 'flap.t.sol', 'heal.sol', 'flap.sol', 'drip.sol', 'frob.t.sol', 'bite.sol']
1,['flop.sol', 'flip.sol', 'frob.sol', 'flop.t.sol', 'flap.t.sol', 'heal.sol', 'flap.sol', 'drip.sol', 'tune.sol', 'bite.sol']
2,['flop.sol', 'flip.sol', 'frob.sol', 'flop.t.sol', 'flap.t.sol', 'heal.sol', 'flap.sol', 'frob.t.sol', 'tune.sol', 'bite.sol']
1,['flop.sol', 'flip.sol', 'frob.sol', 'flop.t.sol', 'flap.t.sol', 'heal.sol', 'drip.sol', 'frob.t.sol', 'tune.sol', 'bite.sol']
2,['flop.sol', 'flip.sol', 'frob.sol', 'flop.t.sol', 'flap.t.sol', 'drip.t.sol', 'heal.t.sol', 'flap.sol', 'drip.sol', 'frob.t.sol']
1,['flop.sol', 'flip.sol', 'frob.sol', 'flop.t.sol', 'flap.t.sol', 'drip.t.sol', 'heal.t.sol', 'flap.sol', 'drip.sol', 'tune.sol']
1,['flop.sol', 'flip.sol', 'frob.sol', 'flop.t.sol', 'flap.t.sol', 'drip.t.sol', 'heal.t.sol', 'flap.sol', 'drip.sol', 'bite.sol']
2,['flop.sol', 'flip.sol', 'frob.sol', 'flop.t.sol', 'flap.t.sol', 'drip.t.sol', 'heal.t.sol', 'flap.sol', 'frob.t.sol', 'tune.sol']
2,['flop.sol', 'flip.sol', 'frob.sol', 'flop.t.sol', 'flap.t.sol', 'drip.t.sol', 'heal.t.sol', 'flap.sol', 'frob.t.sol', 'bite.sol']
1,['flop.sol', 'flip.sol', 'frob.sol', 'flop.t.sol', 'flap.t.sol', 'drip.t.sol', 'heal.t.sol', 'flap.sol', 'tune.sol', 'bite.sol']
1,['flop.sol', 'flip.sol', 'frob.sol', 'flop.t.sol', 'flap.t.sol', 'drip.t.sol', 'heal.t.sol', 'drip.sol', 'frob.t.sol', 'tune.sol']
2,['flop.sol', 'flip.sol', 'frob.sol', 'flop.t.sol', 'flap.t.sol', 'drip.t.sol', 'heal.t.sol', 'drip.sol', 'frob.t.sol', 'bite.sol']
1,['flop.sol', 'flip.sol', 'frob.sol', 'flop.t.sol', 'flap.t.sol', 'drip.t.sol', 'heal.t.sol', 'drip.sol', 'tune.sol', 'bite.sol']
1,['flop.sol', 'flip.sol', 'frob.sol', 'flop.t.sol', 'flap.t.sol', 'drip.t.sol', 'heal.t.sol', 'frob.t.sol', 'tune.sol', 'bite.sol']
1,['flop.sol', 'flip.sol', 'frob.sol', 'flop.t.sol', 'flap.t.sol', 'drip.t.sol', 'flap.sol', 'drip.sol', 'frob.t.sol', 'tune.sol']
2,['flop.sol', 'flip.sol', 'frob.sol', 'flop.t.sol', 'flap.t.sol', 'drip.t.sol', 'flap.sol', 'drip.sol', 'frob.t.sol', 'bite.sol']
1,['flop.sol', 'flip.sol', 'frob.sol', 'flop.t.sol', 'flap.t.sol', 'drip.t.sol', 'flap.sol', 'drip.sol', 'tune.sol', 'bite.sol']
1,['flop.sol', 'flip.sol', 'frob.sol', 'flop.t.sol', 'flap.t.sol', 'drip.t.sol', 'flap.sol', 'frob.t.sol', 'tune.sol', 'bite.sol']
1,['flop.sol', 'flip.sol', 'frob.sol', 'flop.t.sol', 'flap.t.sol', 'drip.t.sol', 'drip.sol', 'frob.t.sol', 'tune.sol', 'bite.sol']
2,['flop.sol', 'flip.sol', 'frob.sol', 'flop.t.sol', 'flap.t.sol', 'heal.t.sol', 'flap.sol', 'drip.sol', 'frob.t.sol', 'tune.sol']
2,['flop.sol', 'flip.sol', 'frob.sol', 'flop.t.sol', 'flap.t.sol', 'heal.t.sol', 'flap.sol', 'drip.sol', 'frob.t.sol', 'bite.sol']
1,['flop.sol', 'flip.sol', 'frob.sol', 'flop.t.sol', 'flap.t.sol', 'heal.t.sol', 'flap.sol', 'drip.sol', 'tune.sol', 'bite.sol']
2,['flop.sol', 'flip.sol', 'frob.sol', 'flop.t.sol', 'flap.t.sol', 'heal.t.sol', 'flap.sol', 'frob.t.sol', 'tune.sol', 'bite.sol']
2,['flop.sol', 'flip.sol', 'frob.sol', 'flop.t.sol', 'flap.t.sol', 'heal.t.sol', 'drip.sol', 'frob.t.sol', 'tune.sol', 'bite.sol']
1,['flop.sol', 'flip.sol', 'frob.sol', 'flop.t.sol', 'flap.t.sol', 'flap.sol', 'drip.sol', 'frob.t.sol', 'tune.sol', 'bite.sol']
2,['flop.sol', 'flip.sol', 'frob.sol', 'flop.t.sol', 'heal.sol', 'drip.t.sol', 'heal.t.sol', 'flap.sol', 'drip.sol', 'frob.t.sol']
1,['flop.sol', 'flip.sol', 'frob.sol', 'flop.t.sol', 'heal.sol', 'drip.t.sol', 'heal.t.sol', 'flap.sol', 'drip.sol', 'tune.sol']
1,['flop.sol', 'flip.sol', 'frob.sol', 'flop.t.sol', 'heal.sol', 'drip.t.sol', 'heal.t.sol', 'flap.sol', 'drip.sol', 'bite.sol']
2,['flop.sol', 'flip.sol', 'frob.sol', 'flop.t.sol', 'heal.sol', 'drip.t.sol', 'heal.t.sol', 'flap.sol', 'frob.t.sol', 'tune.sol']
2,['flop.sol', 'flip.sol', 'frob.sol', 'flop.t.sol', 'heal.sol', 'drip.t.sol', 'heal.t.sol', 'flap.sol', 'frob.t.sol', 'bite.sol']
1,['flop.sol', 'flip.sol', 'frob.sol', 'flop.t.sol', 'heal.sol', 'drip.t.sol', 'heal.t.sol', 'flap.sol', 'tune.sol', 'bite.sol']
1,['flop.sol', 'flip.sol', 'frob.sol', 'flop.t.sol', 'heal.sol', 'drip.t.sol', 'heal.t.sol', 'drip.sol', 'frob.t.sol', 'tune.sol']
2,['flop.sol', 'flip.sol', 'frob.sol', 'flop.t.sol', 'heal.sol', 'drip.t.sol', 'heal.t.sol', 'drip.sol', 'frob.t.sol', 'bite.sol']
1,['flop.sol', 'flip.sol', 'frob.sol', 'flop.t.sol', 'heal.sol', 'drip.t.sol', 'heal.t.sol', 'drip.sol', 'tune.sol', 'bite.sol']
1,['flop.sol', 'flip.sol', 'frob.sol', 'flop.t.sol', 'heal.sol', 'drip.t.sol', 'heal.t.sol', 'frob.t.sol', 'tune.sol', 'bite.sol']
1,['flop.sol', 'flip.sol', 'frob.sol', 'flop.t.sol', 'heal.sol', 'drip.t.sol', 'flap.sol', 'drip.sol', 'frob.t.sol', 'tune.sol']
2,['flop.sol', 'flip.sol', 'frob.sol', 'flop.t.sol', 'heal.sol', 'drip.t.sol', 'flap.sol', 'drip.sol', 'frob.t.sol', 'bite.sol']
1,['flop.sol', 'flip.sol', 'frob.sol', 'flop.t.sol', 'heal.sol', 'drip.t.sol', 'flap.sol', 'drip.sol', 'tune.sol', 'bite.sol']
1,['flop.sol', 'flip.sol', 'frob.sol', 'flop.t.sol', 'heal.sol', 'drip.t.sol', 'flap.sol', 'frob.t.sol', 'tune.sol', 'bite.sol']
1,['flop.sol', 'flip.sol', 'frob.sol', 'flop.t.sol', 'heal.sol', 'drip.t.sol', 'drip.sol', 'frob.t.sol', 'tune.sol', 'bite.sol']
2,['flop.sol', 'flip.sol', 'frob.sol', 'flop.t.sol', 'heal.sol', 'heal.t.sol', 'flap.sol', 'drip.sol', 'frob.t.sol', 'tune.sol']
2,['flop.sol', 'flip.sol', 'frob.sol', 'flop.t.sol', 'heal.sol', 'heal.t.sol', 'flap.sol', 'drip.sol', 'frob.t.sol', 'bite.sol']
2,['flop.sol', 'flip.sol', 'frob.sol', 'flop.t.sol', 'heal.sol', 'heal.t.sol', 'flap.sol', 'drip.sol', 'tune.sol', 'bite.sol']
2,['flop.sol', 'flip.sol', 'frob.sol', 'flop.t.sol', 'heal.sol', 'heal.t.sol', 'flap.sol', 'frob.t.sol', 'tune.sol', 'bite.sol']
2,['flop.sol', 'flip.sol', 'frob.sol', 'flop.t.sol', 'heal.sol', 'heal.t.sol', 'drip.sol', 'frob.t.sol', 'tune.sol', 'bite.sol']
2,['flop.sol', 'flip.sol', 'frob.sol', 'flop.t.sol', 'heal.sol', 'flap.sol', 'drip.sol', 'frob.t.sol', 'tune.sol', 'bite.sol']
1,['flop.sol', 'flip.sol', 'frob.sol', 'flop.t.sol', 'drip.t.sol', 'heal.t.sol', 'flap.sol', 'drip.sol', 'frob.t.sol', 'tune.sol']
2,['flop.sol', 'flip.sol', 'frob.sol', 'flop.t.sol', 'drip.t.sol', 'heal.t.sol', 'flap.sol', 'drip.sol', 'frob.t.sol', 'bite.sol']
1,['flop.sol', 'flip.sol', 'frob.sol', 'flop.t.sol', 'drip.t.sol', 'heal.t.sol', 'flap.sol', 'drip.sol', 'tune.sol', 'bite.sol']
1,['flop.sol', 'flip.sol', 'frob.sol', 'flop.t.sol', 'drip.t.sol', 'heal.t.sol', 'flap.sol', 'frob.t.sol', 'tune.sol', 'bite.sol']
1,['flop.sol', 'flip.sol', 'frob.sol', 'flop.t.sol', 'drip.t.sol', 'heal.t.sol', 'drip.sol', 'frob.t.sol', 'tune.sol', 'bite.sol']
1,['flop.sol', 'flip.sol', 'frob.sol', 'flop.t.sol', 'drip.t.sol', 'flap.sol', 'drip.sol', 'frob.t.sol', 'tune.sol', 'bite.sol']
2,['flop.sol', 'flip.sol', 'frob.sol', 'flop.t.sol', 'heal.t.sol', 'flap.sol', 'drip.sol', 'frob.t.sol', 'tune.sol', 'bite.sol']
2,['flop.sol', 'flip.sol', 'frob.sol', 'flap.t.sol', 'heal.sol', 'drip.t.sol', 'heal.t.sol', 'flap.sol', 'drip.sol', 'frob.t.sol']
1,['flop.sol', 'flip.sol', 'frob.sol', 'flap.t.sol', 'heal.sol', 'drip.t.sol', 'heal.t.sol', 'flap.sol', 'drip.sol', 'tune.sol']
1,['flop.sol', 'flip.sol', 'frob.sol', 'flap.t.sol', 'heal.sol', 'drip.t.sol', 'heal.t.sol', 'flap.sol', 'drip.sol', 'bite.sol']
2,['flop.sol', 'flip.sol', 'frob.sol', 'flap.t.sol', 'heal.sol', 'drip.t.sol', 'heal.t.sol', 'flap.sol', 'frob.t.sol', 'tune.sol']
2,['flop.sol', 'flip.sol', 'frob.sol', 'flap.t.sol', 'heal.sol', 'drip.t.sol', 'heal.t.sol', 'flap.sol', 'frob.t.sol', 'bite.sol']
1,['flop.sol', 'flip.sol', 'frob.sol', 'flap.t.sol', 'heal.sol', 'drip.t.sol', 'heal.t.sol', 'flap.sol', 'tune.sol', 'bite.sol']
1,['flop.sol', 'flip.sol', 'frob.sol', 'flap.t.sol', 'heal.sol', 'drip.t.sol', 'heal.t.sol', 'drip.sol', 'frob.t.sol', 'tune.sol']
2,['flop.sol', 'flip.sol', 'frob.sol', 'flap.t.sol', 'heal.sol', 'drip.t.sol', 'heal.t.sol', 'drip.sol', 'frob.t.sol', 'bite.sol']
1,['flop.sol', 'flip.sol', 'frob.sol', 'flap.t.sol', 'heal.sol', 'drip.t.sol', 'heal.t.sol', 'drip.sol', 'tune.sol', 'bite.sol']
1,['flop.sol', 'flip.sol', 'frob.sol', 'flap.t.sol', 'heal.sol', 'drip.t.sol', 'heal.t.sol', 'frob.t.sol', 'tune.sol', 'bite.sol']
1,['flop.sol', 'flip.sol', 'frob.sol', 'flap.t.sol', 'heal.sol', 'drip.t.sol', 'flap.sol', 'drip.sol', 'frob.t.sol', 'tune.sol']
2,['flop.sol', 'flip.sol', 'frob.sol', 'flap.t.sol', 'heal.sol', 'drip.t.sol', 'flap.sol', 'drip.sol', 'frob.t.sol', 'bite.sol']
1,['flop.sol', 'flip.sol', 'frob.sol', 'flap.t.sol', 'heal.sol', 'drip.t.sol', 'flap.sol', 'drip.sol', 'tune.sol', 'bite.sol']
1,['flop.sol', 'flip.sol', 'frob.sol', 'flap.t.sol', 'heal.sol', 'drip.t.sol', 'flap.sol', 'frob.t.sol', 'tune.sol', 'bite.sol']
1,['flop.sol', 'flip.sol', 'frob.sol', 'flap.t.sol', 'heal.sol', 'drip.t.sol', 'drip.sol', 'frob.t.sol', 'tune.sol', 'bite.sol']
2,['flop.sol', 'flip.sol', 'frob.sol', 'flap.t.sol', 'heal.sol', 'heal.t.sol', 'flap.sol', 'drip.sol', 'frob.t.sol', 'tune.sol']
2,['flop.sol', 'flip.sol', 'frob.sol', 'flap.t.sol', 'heal.sol', 'heal.t.sol', 'flap.sol', 'drip.sol', 'frob.t.sol', 'bite.sol']
2,['flop.sol', 'flip.sol', 'frob.sol', 'flap.t.sol', 'heal.sol', 'heal.t.sol', 'flap.sol', 'drip.sol', 'tune.sol', 'bite.sol']
2,['flop.sol', 'flip.sol', 'frob.sol', 'flap.t.sol', 'heal.sol', 'heal.t.sol', 'flap.sol', 'frob.t.sol', 'tune.sol', 'bite.sol']
2,['flop.sol', 'flip.sol', 'frob.sol', 'flap.t.sol', 'heal.sol', 'heal.t.sol', 'drip.sol', 'frob.t.sol', 'tune.sol', 'bite.sol']
2,['flop.sol', 'flip.sol', 'frob.sol', 'flap.t.sol', 'heal.sol', 'flap.sol', 'drip.sol', 'frob.t.sol', 'tune.sol', 'bite.sol']
1,['flop.sol', 'flip.sol', 'frob.sol', 'flap.t.sol', 'drip.t.sol', 'heal.t.sol', 'flap.sol', 'drip.sol', 'frob.t.sol', 'tune.sol']
2,['flop.sol', 'flip.sol', 'frob.sol', 'flap.t.sol', 'drip.t.sol', 'heal.t.sol', 'flap.sol', 'drip.sol', 'frob.t.sol', 'bite.sol']
1,['flop.sol', 'flip.sol', 'frob.sol', 'flap.t.sol', 'drip.t.sol', 'heal.t.sol', 'flap.sol', 'drip.sol', 'tune.sol', 'bite.sol']
1,['flop.sol', 'flip.sol', 'frob.sol', 'flap.t.sol', 'drip.t.sol', 'heal.t.sol', 'flap.sol', 'frob.t.sol', 'tune.sol', 'bite.sol']
1,['flop.sol', 'flip.sol', 'frob.sol', 'flap.t.sol', 'drip.t.sol', 'heal.t.sol', 'drip.sol', 'frob.t.sol', 'tune.sol', 'bite.sol']
1,['flop.sol', 'flip.sol', 'frob.sol', 'flap.t.sol', 'drip.t.sol', 'flap.sol', 'drip.sol', 'frob.t.sol', 'tune.sol', 'bite.sol']
2,['flop.sol', 'flip.sol', 'frob.sol', 'flap.t.sol', 'heal.t.sol', 'flap.sol', 'drip.sol', 'frob.t.sol', 'tune.sol', 'bite.sol']
1,['flop.sol', 'flip.sol', 'frob.sol', 'heal.sol', 'drip.t.sol', 'heal.t.sol', 'flap.sol', 'drip.sol', 'frob.t.sol', 'tune.sol']
2,['flop.sol', 'flip.sol', 'frob.sol', 'heal.sol', 'drip.t.sol', 'heal.t.sol', 'flap.sol', 'drip.sol', 'frob.t.sol', 'bite.sol']
1,['flop.sol', 'flip.sol', 'frob.sol', 'heal.sol', 'drip.t.sol', 'heal.t.sol', 'flap.sol', 'drip.sol', 'tune.sol', 'bite.sol']
1,['flop.sol', 'flip.sol', 'frob.sol', 'heal.sol', 'drip.t.sol', 'heal.t.sol', 'flap.sol', 'frob.t.sol', 'tune.sol', 'bite.sol']
1,['flop.sol', 'flip.sol', 'frob.sol', 'heal.sol', 'drip.t.sol', 'heal.t.sol', 'drip.sol', 'frob.t.sol', 'tune.sol', 'bite.sol']
1,['flop.sol', 'flip.sol', 'frob.sol', 'heal.sol', 'drip.t.sol', 'flap.sol', 'drip.sol', 'frob.t.sol', 'tune.sol', 'bite.sol']
2,['flop.sol', 'flip.sol', 'frob.sol', 'heal.sol', 'heal.t.sol', 'flap.sol', 'drip.sol', 'frob.t.sol', 'tune.sol', 'bite.sol']
1,['flop.sol', 'flip.sol', 'frob.sol', 'drip.t.sol', 'heal.t.sol', 'flap.sol', 'drip.sol', 'frob.t.sol', 'tune.sol', 'bite.sol']
2,['flop.sol', 'flip.sol', 'flip.t.sol', 'move.sol', 'flop.t.sol', 'flap.t.sol', 'heal.sol', 'drip.t.sol', 'heal.t.sol', 'flap.sol']
2,['flop.sol', 'flip.sol', 'flip.t.sol', 'move.sol', 'flop.t.sol', 'flap.t.sol', 'heal.sol', 'drip.t.sol', 'heal.t.sol', 'drip.sol']
2,['flop.sol', 'flip.sol', 'flip.t.sol', 'move.sol', 'flop.t.sol', 'flap.t.sol', 'heal.sol', 'drip.t.sol', 'heal.t.sol', 'frob.t.sol']
2,['flop.sol', 'flip.sol', 'flip.t.sol', 'move.sol', 'flop.t.sol', 'flap.t.sol', 'heal.sol', 'drip.t.sol', 'heal.t.sol', 'tune.sol']
2,['flop.sol', 'flip.sol', 'flip.t.sol', 'move.sol', 'flop.t.sol', 'flap.t.sol', 'heal.sol', 'drip.t.sol', 'heal.t.sol', 'bite.sol']
3,['flop.sol', 'flip.sol', 'flip.t.sol', 'move.sol', 'flop.t.sol', 'flap.t.sol', 'heal.sol', 'drip.t.sol', 'flap.sol', 'drip.sol']
2,['flop.sol', 'flip.sol', 'flip.t.sol', 'move.sol', 'flop.t.sol', 'flap.t.sol', 'heal.sol', 'drip.t.sol', 'flap.sol', 'frob.t.sol']
1,['flop.sol', 'flip.sol', 'flip.t.sol', 'move.sol', 'flop.t.sol', 'flap.t.sol', 'heal.sol', 'drip.t.sol', 'flap.sol', 'tune.sol']
2,['flop.sol', 'flip.sol', 'flip.t.sol', 'move.sol', 'flop.t.sol', 'flap.t.sol', 'heal.sol', 'drip.t.sol', 'flap.sol', 'bite.sol']
2,['flop.sol', 'flip.sol', 'flip.t.sol', 'move.sol', 'flop.t.sol', 'flap.t.sol', 'heal.sol', 'drip.t.sol', 'drip.sol', 'frob.t.sol']
1,['flop.sol', 'flip.sol', 'flip.t.sol', 'move.sol', 'flop.t.sol', 'flap.t.sol', 'heal.sol', 'drip.t.sol', 'drip.sol', 'tune.sol']
1,['flop.sol', 'flip.sol', 'flip.t.sol', 'move.sol', 'flop.t.sol', 'flap.t.sol', 'heal.sol', 'drip.t.sol', 'drip.sol', 'bite.sol']
2,['flop.sol', 'flip.sol', 'flip.t.sol', 'move.sol', 'flop.t.sol', 'flap.t.sol', 'heal.sol', 'drip.t.sol', 'frob.t.sol', 'tune.sol']
2,['flop.sol', 'flip.sol', 'flip.t.sol', 'move.sol', 'flop.t.sol', 'flap.t.sol', 'heal.sol', 'drip.t.sol', 'frob.t.sol', 'bite.sol']
1,['flop.sol', 'flip.sol', 'flip.t.sol', 'move.sol', 'flop.t.sol', 'flap.t.sol', 'heal.sol', 'drip.t.sol', 'tune.sol', 'bite.sol']
2,['flop.sol', 'flip.sol', 'flip.t.sol', 'move.sol', 'flop.t.sol', 'flap.t.sol', 'heal.sol', 'heal.t.sol', 'flap.sol', 'drip.sol']
2,['flop.sol', 'flip.sol', 'flip.t.sol', 'move.sol', 'flop.t.sol', 'flap.t.sol', 'heal.sol', 'heal.t.sol', 'flap.sol', 'frob.t.sol']
2,['flop.sol', 'flip.sol', 'flip.t.sol', 'move.sol', 'flop.t.sol', 'flap.t.sol', 'heal.sol', 'heal.t.sol', 'flap.sol', 'tune.sol']
2,['flop.sol', 'flip.sol', 'flip.t.sol', 'move.sol', 'flop.t.sol', 'flap.t.sol', 'heal.sol', 'heal.t.sol', 'flap.sol', 'bite.sol']
2,['flop.sol', 'flip.sol', 'flip.t.sol', 'move.sol', 'flop.t.sol', 'flap.t.sol', 'heal.sol', 'heal.t.sol', 'drip.sol', 'frob.t.sol']
2,['flop.sol', 'flip.sol', 'flip.t.sol', 'move.sol', 'flop.t.sol', 'flap.t.sol', 'heal.sol', 'heal.t.sol', 'drip.sol', 'tune.sol']
3,['flop.sol', 'flip.sol', 'flip.t.sol', 'move.sol', 'flop.t.sol', 'flap.t.sol', 'heal.sol', 'heal.t.sol', 'drip.sol', 'bite.sol']
2,['flop.sol', 'flip.sol', 'flip.t.sol', 'move.sol', 'flop.t.sol', 'flap.t.sol', 'heal.sol', 'heal.t.sol', 'frob.t.sol', 'tune.sol']
2,['flop.sol', 'flip.sol', 'flip.t.sol', 'move.sol', 'flop.t.sol', 'flap.t.sol', 'heal.sol', 'heal.t.sol', 'frob.t.sol', 'bite.sol']
1,['flop.sol', 'flip.sol', 'flip.t.sol', 'move.sol', 'flop.t.sol', 'flap.t.sol', 'heal.sol', 'heal.t.sol', 'tune.sol', 'bite.sol']
3,['flop.sol', 'flip.sol', 'flip.t.sol', 'move.sol', 'flop.t.sol', 'flap.t.sol', 'heal.sol', 'flap.sol', 'drip.sol', 'frob.t.sol']
1,['flop.sol', 'flip.sol', 'flip.t.sol', 'move.sol', 'flop.t.sol', 'flap.t.sol', 'heal.sol', 'flap.sol', 'drip.sol', 'tune.sol']
2,['flop.sol', 'flip.sol', 'flip.t.sol', 'move.sol', 'flop.t.sol', 'flap.t.sol', 'heal.sol', 'flap.sol', 'drip.sol', 'bite.sol']
3,['flop.sol', 'flip.sol', 'flip.t.sol', 'move.sol', 'flop.t.sol', 'flap.t.sol', 'heal.sol', 'flap.sol', 'frob.t.sol', 'tune.sol']
3,['flop.sol', 'flip.sol', 'flip.t.sol', 'move.sol', 'flop.t.sol', 'flap.t.sol', 'heal.sol', 'flap.sol', 'frob.t.sol', 'bite.sol']
1,['flop.sol', 'flip.sol', 'flip.t.sol', 'move.sol', 'flop.t.sol', 'flap.t.sol', 'heal.sol', 'flap.sol', 'tune.sol', 'bite.sol']
2,['flop.sol', 'flip.sol', 'flip.t.sol', 'move.sol', 'flop.t.sol', 'flap.t.sol', 'heal.sol', 'drip.sol', 'frob.t.sol', 'tune.sol']
2,['flop.sol', 'flip.sol', 'flip.t.sol', 'move.sol', 'flop.t.sol', 'flap.t.sol', 'heal.sol', 'drip.sol', 'frob.t.sol', 'bite.sol']
1,['flop.sol', 'flip.sol', 'flip.t.sol', 'move.sol', 'flop.t.sol', 'flap.t.sol', 'heal.sol', 'drip.sol', 'tune.sol', 'bite.sol']
2,['flop.sol', 'flip.sol', 'flip.t.sol', 'move.sol', 'flop.t.sol', 'flap.t.sol', 'heal.sol', 'frob.t.sol', 'tune.sol', 'bite.sol']
2,['flop.sol', 'flip.sol', 'flip.t.sol', 'move.sol', 'flop.t.sol', 'flap.t.sol', 'drip.t.sol', 'heal.t.sol', 'flap.sol', 'drip.sol']
2,['flop.sol', 'flip.sol', 'flip.t.sol', 'move.sol', 'flop.t.sol', 'flap.t.sol', 'drip.t.sol', 'heal.t.sol', 'flap.sol', 'frob.t.sol']
2,['flop.sol', 'flip.sol', 'flip.t.sol', 'move.sol', 'flop.t.sol', 'flap.t.sol', 'drip.t.sol', 'heal.t.sol', 'flap.sol', 'tune.sol']
2,['flop.sol', 'flip.sol', 'flip.t.sol', 'move.sol', 'flop.t.sol', 'flap.t.sol', 'drip.t.sol', 'heal.t.sol', 'flap.sol', 'bite.sol']
2,['flop.sol', 'flip.sol', 'flip.t.sol', 'move.sol', 'flop.t.sol', 'flap.t.sol', 'drip.t.sol', 'heal.t.sol', 'drip.sol', 'frob.t.sol']
2,['flop.sol', 'flip.sol', 'flip.t.sol', 'move.sol', 'flop.t.sol', 'flap.t.sol', 'drip.t.sol', 'heal.t.sol', 'drip.sol', 'tune.sol']
2,['flop.sol', 'flip.sol', 'flip.t.sol', 'move.sol', 'flop.t.sol', 'flap.t.sol', 'drip.t.sol', 'heal.t.sol', 'drip.sol', 'bite.sol']
2,['flop.sol', 'flip.sol', 'flip.t.sol', 'move.sol', 'flop.t.sol', 'flap.t.sol', 'drip.t.sol', 'heal.t.sol', 'frob.t.sol', 'tune.sol']
2,['flop.sol', 'flip.sol', 'flip.t.sol', 'move.sol', 'flop.t.sol', 'flap.t.sol', 'drip.t.sol', 'heal.t.sol', 'frob.t.sol', 'bite.sol']
2,['flop.sol', 'flip.sol', 'flip.t.sol', 'move.sol', 'flop.t.sol', 'flap.t.sol', 'drip.t.sol', 'heal.t.sol', 'tune.sol', 'bite.sol']
2,['flop.sol', 'flip.sol', 'flip.t.sol', 'move.sol', 'flop.t.sol', 'flap.t.sol', 'drip.t.sol', 'flap.sol', 'drip.sol', 'frob.t.sol']
1,['flop.sol', 'flip.sol', 'flip.t.sol', 'move.sol', 'flop.t.sol', 'flap.t.sol', 'drip.t.sol', 'flap.sol', 'drip.sol', 'tune.sol']
1,['flop.sol', 'flip.sol', 'flip.t.sol', 'move.sol', 'flop.t.sol', 'flap.t.sol', 'drip.t.sol', 'flap.sol', 'drip.sol', 'bite.sol']
2,['flop.sol', 'flip.sol', 'flip.t.sol', 'move.sol', 'flop.t.sol', 'flap.t.sol', 'drip.t.sol', 'flap.sol', 'frob.t.sol', 'tune.sol']
2,['flop.sol', 'flip.sol', 'flip.t.sol', 'move.sol', 'flop.t.sol', 'flap.t.sol', 'drip.t.sol', 'flap.sol', 'frob.t.sol', 'bite.sol']
1,['flop.sol', 'flip.sol', 'flip.t.sol', 'move.sol', 'flop.t.sol', 'flap.t.sol', 'drip.t.sol', 'flap.sol', 'tune.sol', 'bite.sol']
2,['flop.sol', 'flip.sol', 'flip.t.sol', 'move.sol', 'flop.t.sol', 'flap.t.sol', 'drip.t.sol', 'drip.sol', 'frob.t.sol', 'tune.sol']
2,['flop.sol', 'flip.sol', 'flip.t.sol', 'move.sol', 'flop.t.sol', 'flap.t.sol', 'drip.t.sol', 'drip.sol', 'frob.t.sol', 'bite.sol']
1,['flop.sol', 'flip.sol', 'flip.t.sol', 'move.sol', 'flop.t.sol', 'flap.t.sol', 'drip.t.sol', 'drip.sol', 'tune.sol', 'bite.sol']
2,['flop.sol', 'flip.sol', 'flip.t.sol', 'move.sol', 'flop.t.sol', 'flap.t.sol', 'drip.t.sol', 'frob.t.sol', 'tune.sol', 'bite.sol']
3,['flop.sol', 'flip.sol', 'flip.t.sol', 'move.sol', 'flop.t.sol', 'flap.t.sol', 'heal.t.sol', 'flap.sol', 'drip.sol', 'frob.t.sol']
2,['flop.sol', 'flip.sol', 'flip.t.sol', 'move.sol', 'flop.t.sol', 'flap.t.sol', 'heal.t.sol', 'flap.sol', 'drip.sol', 'tune.sol']
2,['flop.sol', 'flip.sol', 'flip.t.sol', 'move.sol', 'flop.t.sol', 'flap.t.sol', 'heal.t.sol', 'flap.sol', 'drip.sol', 'bite.sol']
3,['flop.sol', 'flip.sol', 'flip.t.sol', 'move.sol', 'flop.t.sol', 'flap.t.sol', 'heal.t.sol', 'flap.sol', 'frob.t.sol', 'tune.sol']
2,['flop.sol', 'flip.sol', 'flip.t.sol', 'move.sol', 'flop.t.sol', 'flap.t.sol', 'heal.t.sol', 'flap.sol', 'frob.t.sol', 'bite.sol']
1,['flop.sol', 'flip.sol', 'flip.t.sol', 'move.sol', 'flop.t.sol', 'flap.t.sol', 'heal.t.sol', 'flap.sol', 'tune.sol', 'bite.sol']
2,['flop.sol', 'flip.sol', 'flip.t.sol', 'move.sol', 'flop.t.sol', 'flap.t.sol', 'heal.t.sol', 'drip.sol', 'frob.t.sol', 'tune.sol']
2,['flop.sol', 'flip.sol', 'flip.t.sol', 'move.sol', 'flop.t.sol', 'flap.t.sol', 'heal.t.sol', 'drip.sol', 'frob.t.sol', 'bite.sol']
2,['flop.sol', 'flip.sol', 'flip.t.sol', 'move.sol', 'flop.t.sol', 'flap.t.sol', 'heal.t.sol', 'drip.sol', 'tune.sol', 'bite.sol']
2,['flop.sol', 'flip.sol', 'flip.t.sol', 'move.sol', 'flop.t.sol', 'flap.t.sol', 'heal.t.sol', 'frob.t.sol', 'tune.sol', 'bite.sol']
2,['flop.sol', 'flip.sol', 'flip.t.sol', 'move.sol', 'flop.t.sol', 'flap.t.sol', 'flap.sol', 'drip.sol', 'frob.t.sol', 'tune.sol']
3,['flop.sol', 'flip.sol', 'flip.t.sol', 'move.sol', 'flop.t.sol', 'flap.t.sol', 'flap.sol', 'drip.sol', 'frob.t.sol', 'bite.sol']
1,['flop.sol', 'flip.sol', 'flip.t.sol', 'move.sol', 'flop.t.sol', 'flap.t.sol', 'flap.sol', 'drip.sol', 'tune.sol', 'bite.sol']
3,['flop.sol', 'flip.sol', 'flip.t.sol', 'move.sol', 'flop.t.sol', 'flap.t.sol', 'flap.sol', 'frob.t.sol', 'tune.sol', 'bite.sol']
2,['flop.sol', 'flip.sol', 'flip.t.sol', 'move.sol', 'flop.t.sol', 'flap.t.sol', 'drip.sol', 'frob.t.sol', 'tune.sol', 'bite.sol']
2,['flop.sol', 'flip.sol', 'flip.t.sol', 'move.sol', 'flop.t.sol', 'heal.sol', 'drip.t.sol', 'heal.t.sol', 'flap.sol', 'drip.sol']
2,['flop.sol', 'flip.sol', 'flip.t.sol', 'move.sol', 'flop.t.sol', 'heal.sol', 'drip.t.sol', 'heal.t.sol', 'flap.sol', 'frob.t.sol']
2,['flop.sol', 'flip.sol', 'flip.t.sol', 'move.sol', 'flop.t.sol', 'heal.sol', 'drip.t.sol', 'heal.t.sol', 'flap.sol', 'tune.sol']
2,['flop.sol', 'flip.sol', 'flip.t.sol', 'move.sol', 'flop.t.sol', 'heal.sol', 'drip.t.sol', 'heal.t.sol', 'flap.sol', 'bite.sol']
2,['flop.sol', 'flip.sol', 'flip.t.sol', 'move.sol', 'flop.t.sol', 'heal.sol', 'drip.t.sol', 'heal.t.sol', 'drip.sol', 'frob.t.sol']
1,['flop.sol', 'flip.sol', 'flip.t.sol', 'move.sol', 'flop.t.sol', 'heal.sol', 'drip.t.sol', 'heal.t.sol', 'drip.sol', 'tune.sol']
1,['flop.sol', 'flip.sol', 'flip.t.sol', 'move.sol', 'flop.t.sol', 'heal.sol', 'drip.t.sol', 'heal.t.sol', 'drip.sol', 'bite.sol']
2,['flop.sol', 'flip.sol', 'flip.t.sol', 'move.sol', 'flop.t.sol', 'heal.sol', 'drip.t.sol', 'heal.t.sol', 'frob.t.sol', 'tune.sol']
2,['flop.sol', 'flip.sol', 'flip.t.sol', 'move.sol', 'flop.t.sol', 'heal.sol', 'drip.t.sol', 'heal.t.sol', 'frob.t.sol', 'bite.sol']
1,['flop.sol', 'flip.sol', 'flip.t.sol', 'move.sol', 'flop.t.sol', 'heal.sol', 'drip.t.sol', 'heal.t.sol', 'tune.sol', 'bite.sol']
2,['flop.sol', 'flip.sol', 'flip.t.sol', 'move.sol', 'flop.t.sol', 'heal.sol', 'drip.t.sol', 'flap.sol', 'drip.sol', 'frob.t.sol']
1,['flop.sol', 'flip.sol', 'flip.t.sol', 'move.sol', 'flop.t.sol', 'heal.sol', 'drip.t.sol', 'flap.sol', 'drip.sol', 'tune.sol']
2,['flop.sol', 'flip.sol', 'flip.t.sol', 'move.sol', 'flop.t.sol', 'heal.sol', 'drip.t.sol', 'flap.sol', 'drip.sol', 'bite.sol']
3,['flop.sol', 'flip.sol', 'flip.t.sol', 'move.sol', 'flop.t.sol', 'heal.sol', 'drip.t.sol', 'flap.sol', 'frob.t.sol', 'tune.sol']
2,['flop.sol', 'flip.sol', 'flip.t.sol', 'move.sol', 'flop.t.sol', 'heal.sol', 'drip.t.sol', 'flap.sol', 'frob.t.sol', 'bite.sol']
1,['flop.sol', 'flip.sol', 'flip.t.sol', 'move.sol', 'flop.t.sol', 'heal.sol', 'drip.t.sol', 'flap.sol', 'tune.sol', 'bite.sol']
2,['flop.sol', 'flip.sol', 'flip.t.sol', 'move.sol', 'flop.t.sol', 'heal.sol', 'drip.t.sol', 'drip.sol', 'frob.t.sol', 'tune.sol']
2,['flop.sol', 'flip.sol', 'flip.t.sol', 'move.sol', 'flop.t.sol', 'heal.sol', 'drip.t.sol', 'drip.sol', 'frob.t.sol', 'bite.sol']
1,['flop.sol', 'flip.sol', 'flip.t.sol', 'move.sol', 'flop.t.sol', 'heal.sol', 'drip.t.sol', 'drip.sol', 'tune.sol', 'bite.sol']
1,['flop.sol', 'flip.sol', 'flip.t.sol', 'move.sol', 'flop.t.sol', 'heal.sol', 'drip.t.sol', 'frob.t.sol', 'tune.sol', 'bite.sol']
2,['flop.sol', 'flip.sol', 'flip.t.sol', 'move.sol', 'flop.t.sol', 'heal.sol', 'heal.t.sol', 'flap.sol', 'drip.sol', 'frob.t.sol']
1,['flop.sol', 'flip.sol', 'flip.t.sol', 'move.sol', 'flop.t.sol', 'heal.sol', 'heal.t.sol', 'flap.sol', 'drip.sol', 'tune.sol']
2,['flop.sol', 'flip.sol', 'flip.t.sol', 'move.sol', 'flop.t.sol', 'heal.sol', 'heal.t.sol', 'flap.sol', 'drip.sol', 'bite.sol']
2,['flop.sol', 'flip.sol', 'flip.t.sol', 'move.sol', 'flop.t.sol', 'heal.sol', 'heal.t.sol', 'flap.sol', 'frob.t.sol', 'tune.sol']
2,['flop.sol', 'flip.sol', 'flip.t.sol', 'move.sol', 'flop.t.sol', 'heal.sol', 'heal.t.sol', 'flap.sol', 'frob.t.sol', 'bite.sol']
1,['flop.sol', 'flip.sol', 'flip.t.sol', 'move.sol', 'flop.t.sol', 'heal.sol', 'heal.t.sol', 'flap.sol', 'tune.sol', 'bite.sol']
2,['flop.sol', 'flip.sol', 'flip.t.sol', 'move.sol', 'flop.t.sol', 'heal.sol', 'heal.t.sol', 'drip.sol', 'frob.t.sol', 'tune.sol']
2,['flop.sol', 'flip.sol', 'flip.t.sol', 'move.sol', 'flop.t.sol', 'heal.sol', 'heal.t.sol', 'drip.sol', 'frob.t.sol', 'bite.sol']
2,['flop.sol', 'flip.sol', 'flip.t.sol', 'move.sol', 'flop.t.sol', 'heal.sol', 'heal.t.sol', 'drip.sol', 'tune.sol', 'bite.sol']
2,['flop.sol', 'flip.sol', 'flip.t.sol', 'move.sol', 'flop.t.sol', 'heal.sol', 'heal.t.sol', 'frob.t.sol', 'tune.sol', 'bite.sol']
3,['flop.sol', 'flip.sol', 'flip.t.sol', 'move.sol', 'flop.t.sol', 'heal.sol', 'flap.sol', 'drip.sol', 'frob.t.sol', 'tune.sol']
2,['flop.sol', 'flip.sol', 'flip.t.sol', 'move.sol', 'flop.t.sol', 'heal.sol', 'flap.sol', 'drip.sol', 'frob.t.sol', 'bite.sol']
1,['flop.sol', 'flip.sol', 'flip.t.sol', 'move.sol', 'flop.t.sol', 'heal.sol', 'flap.sol', 'drip.sol', 'tune.sol', 'bite.sol']
3,['flop.sol', 'flip.sol', 'flip.t.sol', 'move.sol', 'flop.t.sol', 'heal.sol', 'flap.sol', 'frob.t.sol', 'tune.sol', 'bite.sol']
2,['flop.sol', 'flip.sol', 'flip.t.sol', 'move.sol', 'flop.t.sol', 'heal.sol', 'drip.sol', 'frob.t.sol', 'tune.sol', 'bite.sol']
2,['flop.sol', 'flip.sol', 'flip.t.sol', 'move.sol', 'flop.t.sol', 'drip.t.sol', 'heal.t.sol', 'flap.sol', 'drip.sol', 'frob.t.sol']
2,['flop.sol', 'flip.sol', 'flip.t.sol', 'move.sol', 'flop.t.sol', 'drip.t.sol', 'heal.t.sol', 'flap.sol', 'drip.sol', 'tune.sol']
3,['flop.sol', 'flip.sol', 'flip.t.sol', 'move.sol', 'flop.t.sol', 'drip.t.sol', 'heal.t.sol', 'flap.sol', 'drip.sol', 'bite.sol']
2,['flop.sol', 'flip.sol', 'flip.t.sol', 'move.sol', 'flop.t.sol', 'drip.t.sol', 'heal.t.sol', 'flap.sol', 'frob.t.sol', 'tune.sol']
2,['flop.sol', 'flip.sol', 'flip.t.sol', 'move.sol', 'flop.t.sol', 'drip.t.sol', 'heal.t.sol', 'flap.sol', 'frob.t.sol', 'bite.sol']
2,['flop.sol', 'flip.sol', 'flip.t.sol', 'move.sol', 'flop.t.sol', 'drip.t.sol', 'heal.t.sol', 'flap.sol', 'tune.sol', 'bite.sol']
2,['flop.sol', 'flip.sol', 'flip.t.sol', 'move.sol', 'flop.t.sol', 'drip.t.sol', 'heal.t.sol', 'drip.sol', 'frob.t.sol', 'tune.sol']
2,['flop.sol', 'flip.sol', 'flip.t.sol', 'move.sol', 'flop.t.sol', 'drip.t.sol', 'heal.t.sol', 'drip.sol', 'frob.t.sol', 'bite.sol']
2,['flop.sol', 'flip.sol', 'flip.t.sol', 'move.sol', 'flop.t.sol', 'drip.t.sol', 'heal.t.sol', 'drip.sol', 'tune.sol', 'bite.sol']
1,['flop.sol', 'flip.sol', 'flip.t.sol', 'move.sol', 'flop.t.sol', 'drip.t.sol', 'heal.t.sol', 'frob.t.sol', 'tune.sol', 'bite.sol']
3,['flop.sol', 'flip.sol', 'flip.t.sol', 'move.sol', 'flop.t.sol', 'drip.t.sol', 'flap.sol', 'drip.sol', 'frob.t.sol', 'tune.sol']
3,['flop.sol', 'flip.sol', 'flip.t.sol', 'move.sol', 'flop.t.sol', 'drip.t.sol', 'flap.sol', 'drip.sol', 'frob.t.sol', 'bite.sol']
1,['flop.sol', 'flip.sol', 'flip.t.sol', 'move.sol', 'flop.t.sol', 'drip.t.sol', 'flap.sol', 'drip.sol', 'tune.sol', 'bite.sol']
2,['flop.sol', 'flip.sol', 'flip.t.sol', 'move.sol', 'flop.t.sol', 'drip.t.sol', 'flap.sol', 'frob.t.sol', 'tune.sol', 'bite.sol']
2,['flop.sol', 'flip.sol', 'flip.t.sol', 'move.sol', 'flop.t.sol', 'drip.t.sol', 'drip.sol', 'frob.t.sol', 'tune.sol', 'bite.sol']
3,['flop.sol', 'flip.sol', 'flip.t.sol', 'move.sol', 'flop.t.sol', 'heal.t.sol', 'flap.sol', 'drip.sol', 'frob.t.sol', 'tune.sol']
2,['flop.sol', 'flip.sol', 'flip.t.sol', 'move.sol', 'flop.t.sol', 'heal.t.sol', 'flap.sol', 'drip.sol', 'frob.t.sol', 'bite.sol']
1,['flop.sol', 'flip.sol', 'flip.t.sol', 'move.sol', 'flop.t.sol', 'heal.t.sol', 'flap.sol', 'drip.sol', 'tune.sol', 'bite.sol']
2,['flop.sol', 'flip.sol', 'flip.t.sol', 'move.sol', 'flop.t.sol', 'heal.t.sol', 'flap.sol', 'frob.t.sol', 'tune.sol', 'bite.sol']
2,['flop.sol', 'flip.sol', 'flip.t.sol', 'move.sol', 'flop.t.sol', 'heal.t.sol', 'drip.sol', 'frob.t.sol', 'tune.sol', 'bite.sol']
3,['flop.sol', 'flip.sol', 'flip.t.sol', 'move.sol', 'flop.t.sol', 'flap.sol', 'drip.sol', 'frob.t.sol', 'tune.sol', 'bite.sol']
2,['flop.sol', 'flip.sol', 'flip.t.sol', 'move.sol', 'flap.t.sol', 'heal.sol', 'drip.t.sol', 'heal.t.sol', 'flap.sol', 'drip.sol']
2,['flop.sol', 'flip.sol', 'flip.t.sol', 'move.sol', 'flap.t.sol', 'heal.sol', 'drip.t.sol', 'heal.t.sol', 'flap.sol', 'frob.t.sol']
2,['flop.sol', 'flip.sol', 'flip.t.sol', 'move.sol', 'flap.t.sol', 'heal.sol', 'drip.t.sol', 'heal.t.sol', 'flap.sol', 'tune.sol']
2,['flop.sol', 'flip.sol', 'flip.t.sol', 'move.sol', 'flap.t.sol', 'heal.sol', 'drip.t.sol', 'heal.t.sol', 'flap.sol', 'bite.sol']
2,['flop.sol', 'flip.sol', 'flip.t.sol', 'move.sol', 'flap.t.sol', 'heal.sol', 'drip.t.sol', 'heal.t.sol', 'drip.sol', 'frob.t.sol']
1,['flop.sol', 'flip.sol', 'flip.t.sol', 'move.sol', 'flap.t.sol', 'heal.sol', 'drip.t.sol', 'heal.t.sol', 'drip.sol', 'tune.sol']
2,['flop.sol', 'flip.sol', 'flip.t.sol', 'move.sol', 'flap.t.sol', 'heal.sol', 'drip.t.sol', 'heal.t.sol', 'drip.sol', 'bite.sol']
2,['flop.sol', 'flip.sol', 'flip.t.sol', 'move.sol', 'flap.t.sol', 'heal.sol', 'drip.t.sol', 'heal.t.sol', 'frob.t.sol', 'tune.sol']
1,['flop.sol', 'flip.sol', 'flip.t.sol', 'move.sol', 'flap.t.sol', 'heal.sol', 'drip.t.sol', 'heal.t.sol', 'frob.t.sol', 'bite.sol']
1,['flop.sol', 'flip.sol', 'flip.t.sol', 'move.sol', 'flap.t.sol', 'heal.sol', 'drip.t.sol', 'heal.t.sol', 'tune.sol', 'bite.sol']
2,['flop.sol', 'flip.sol', 'flip.t.sol', 'move.sol', 'flap.t.sol', 'heal.sol', 'drip.t.sol', 'flap.sol', 'drip.sol', 'frob.t.sol']
1,['flop.sol', 'flip.sol', 'flip.t.sol', 'move.sol', 'flap.t.sol', 'heal.sol', 'drip.t.sol', 'flap.sol', 'drip.sol', 'tune.sol']
2,['flop.sol', 'flip.sol', 'flip.t.sol', 'move.sol', 'flap.t.sol', 'heal.sol', 'drip.t.sol', 'flap.sol', 'drip.sol', 'bite.sol']
2,['flop.sol', 'flip.sol', 'flip.t.sol', 'move.sol', 'flap.t.sol', 'heal.sol', 'drip.t.sol', 'flap.sol', 'frob.t.sol', 'tune.sol']
2,['flop.sol', 'flip.sol', 'flip.t.sol', 'move.sol', 'flap.t.sol', 'heal.sol', 'drip.t.sol', 'flap.sol', 'frob.t.sol', 'bite.sol']
1,['flop.sol', 'flip.sol', 'flip.t.sol', 'move.sol', 'flap.t.sol', 'heal.sol', 'drip.t.sol', 'flap.sol', 'tune.sol', 'bite.sol']
2,['flop.sol', 'flip.sol', 'flip.t.sol', 'move.sol', 'flap.t.sol', 'heal.sol', 'drip.t.sol', 'drip.sol', 'frob.t.sol', 'tune.sol']
2,['flop.sol', 'flip.sol', 'flip.t.sol', 'move.sol', 'flap.t.sol', 'heal.sol', 'drip.t.sol', 'drip.sol', 'frob.t.sol', 'bite.sol']
1,['flop.sol', 'flip.sol', 'flip.t.sol', 'move.sol', 'flap.t.sol', 'heal.sol', 'drip.t.sol', 'drip.sol', 'tune.sol', 'bite.sol']
2,['flop.sol', 'flip.sol', 'flip.t.sol', 'move.sol', 'flap.t.sol', 'heal.sol', 'drip.t.sol', 'frob.t.sol', 'tune.sol', 'bite.sol']
2,['flop.sol', 'flip.sol', 'flip.t.sol', 'move.sol', 'flap.t.sol', 'heal.sol', 'heal.t.sol', 'flap.sol', 'drip.sol', 'frob.t.sol']
2,['flop.sol', 'flip.sol', 'flip.t.sol', 'move.sol', 'flap.t.sol', 'heal.sol', 'heal.t.sol', 'flap.sol', 'drip.sol', 'tune.sol']
2,['flop.sol', 'flip.sol', 'flip.t.sol', 'move.sol', 'flap.t.sol', 'heal.sol', 'heal.t.sol', 'flap.sol', 'drip.sol', 'bite.sol']
2,['flop.sol', 'flip.sol', 'flip.t.sol', 'move.sol', 'flap.t.sol', 'heal.sol', 'heal.t.sol', 'flap.sol', 'frob.t.sol', 'tune.sol']
2,['flop.sol', 'flip.sol', 'flip.t.sol', 'move.sol', 'flap.t.sol', 'heal.sol', 'heal.t.sol', 'flap.sol', 'frob.t.sol', 'bite.sol']
1,['flop.sol', 'flip.sol', 'flip.t.sol', 'move.sol', 'flap.t.sol', 'heal.sol', 'heal.t.sol', 'flap.sol', 'tune.sol', 'bite.sol']
2,['flop.sol', 'flip.sol', 'flip.t.sol', 'move.sol', 'flap.t.sol', 'heal.sol', 'heal.t.sol', 'drip.sol', 'frob.t.sol', 'tune.sol']
2,['flop.sol', 'flip.sol', 'flip.t.sol', 'move.sol', 'flap.t.sol', 'heal.sol', 'heal.t.sol', 'drip.sol', 'frob.t.sol', 'bite.sol']
2,['flop.sol', 'flip.sol', 'flip.t.sol', 'move.sol', 'flap.t.sol', 'heal.sol', 'heal.t.sol', 'drip.sol', 'tune.sol', 'bite.sol']
2,['flop.sol', 'flip.sol', 'flip.t.sol', 'move.sol', 'flap.t.sol', 'heal.sol', 'heal.t.sol', 'frob.t.sol', 'tune.sol', 'bite.sol']
3,['flop.sol', 'flip.sol', 'flip.t.sol', 'move.sol', 'flap.t.sol', 'heal.sol', 'flap.sol', 'drip.sol', 'frob.t.sol', 'tune.sol']
2,['flop.sol', 'flip.sol', 'flip.t.sol', 'move.sol', 'flap.t.sol', 'heal.sol', 'flap.sol', 'drip.sol', 'frob.t.sol', 'bite.sol']
1,['flop.sol', 'flip.sol', 'flip.t.sol', 'move.sol', 'flap.t.sol', 'heal.sol', 'flap.sol', 'drip.sol', 'tune.sol', 'bite.sol']
3,['flop.sol', 'flip.sol', 'flip.t.sol', 'move.sol', 'flap.t.sol', 'heal.sol', 'flap.sol', 'frob.t.sol', 'tune.sol', 'bite.sol']
2,['flop.sol', 'flip.sol', 'flip.t.sol', 'move.sol', 'flap.t.sol', 'heal.sol', 'drip.sol', 'frob.t.sol', 'tune.sol', 'bite.sol']
2,['flop.sol', 'flip.sol', 'flip.t.sol', 'move.sol', 'flap.t.sol', 'drip.t.sol', 'heal.t.sol', 'flap.sol', 'drip.sol', 'frob.t.sol']
2,['flop.sol', 'flip.sol', 'flip.t.sol', 'move.sol', 'flap.t.sol', 'drip.t.sol', 'heal.t.sol', 'flap.sol', 'drip.sol', 'tune.sol']
3,['flop.sol', 'flip.sol', 'flip.t.sol', 'move.sol', 'flap.t.sol', 'drip.t.sol', 'heal.t.sol', 'flap.sol', 'drip.sol', 'bite.sol']
2,['flop.sol', 'flip.sol', 'flip.t.sol', 'move.sol', 'flap.t.sol', 'drip.t.sol', 'heal.t.sol', 'flap.sol', 'frob.t.sol', 'tune.sol']
2,['flop.sol', 'flip.sol', 'flip.t.sol', 'move.sol', 'flap.t.sol', 'drip.t.sol', 'heal.t.sol', 'flap.sol', 'frob.t.sol', 'bite.sol']
2,['flop.sol', 'flip.sol', 'flip.t.sol', 'move.sol', 'flap.t.sol', 'drip.t.sol', 'heal.t.sol', 'flap.sol', 'tune.sol', 'bite.sol']
2,['flop.sol', 'flip.sol', 'flip.t.sol', 'move.sol', 'flap.t.sol', 'drip.t.sol', 'heal.t.sol', 'drip.sol', 'frob.t.sol', 'tune.sol']
2,['flop.sol', 'flip.sol', 'flip.t.sol', 'move.sol', 'flap.t.sol', 'drip.t.sol', 'heal.t.sol', 'drip.sol', 'frob.t.sol', 'bite.sol']
2,['flop.sol', 'flip.sol', 'flip.t.sol', 'move.sol', 'flap.t.sol', 'drip.t.sol', 'heal.t.sol', 'drip.sol', 'tune.sol', 'bite.sol']
2,['flop.sol', 'flip.sol', 'flip.t.sol', 'move.sol', 'flap.t.sol', 'drip.t.sol', 'heal.t.sol', 'frob.t.sol', 'tune.sol', 'bite.sol']
3,['flop.sol', 'flip.sol', 'flip.t.sol', 'move.sol', 'flap.t.sol', 'drip.t.sol', 'flap.sol', 'drip.sol', 'frob.t.sol', 'tune.sol']
2,['flop.sol', 'flip.sol', 'flip.t.sol', 'move.sol', 'flap.t.sol', 'drip.t.sol', 'flap.sol', 'drip.sol', 'frob.t.sol', 'bite.sol']
1,['flop.sol', 'flip.sol', 'flip.t.sol', 'move.sol', 'flap.t.sol', 'drip.t.sol', 'flap.sol', 'drip.sol', 'tune.sol', 'bite.sol']
2,['flop.sol', 'flip.sol', 'flip.t.sol', 'move.sol', 'flap.t.sol', 'drip.t.sol', 'flap.sol', 'frob.t.sol', 'tune.sol', 'bite.sol']
2,['flop.sol', 'flip.sol', 'flip.t.sol', 'move.sol', 'flap.t.sol', 'drip.t.sol', 'drip.sol', 'frob.t.sol', 'tune.sol', 'bite.sol']
3,['flop.sol', 'flip.sol', 'flip.t.sol', 'move.sol', 'flap.t.sol', 'heal.t.sol', 'flap.sol', 'drip.sol', 'frob.t.sol', 'tune.sol']
2,['flop.sol', 'flip.sol', 'flip.t.sol', 'move.sol', 'flap.t.sol', 'heal.t.sol', 'flap.sol', 'drip.sol', 'frob.t.sol', 'bite.sol']
1,['flop.sol', 'flip.sol', 'flip.t.sol', 'move.sol', 'flap.t.sol', 'heal.t.sol', 'flap.sol', 'drip.sol', 'tune.sol', 'bite.sol']
2,['flop.sol', 'flip.sol', 'flip.t.sol', 'move.sol', 'flap.t.sol', 'heal.t.sol', 'flap.sol', 'frob.t.sol', 'tune.sol', 'bite.sol']
2,['flop.sol', 'flip.sol', 'flip.t.sol', 'move.sol', 'flap.t.sol', 'heal.t.sol', 'drip.sol', 'frob.t.sol', 'tune.sol', 'bite.sol']
3,['flop.sol', 'flip.sol', 'flip.t.sol', 'move.sol', 'flap.t.sol', 'flap.sol', 'drip.sol', 'frob.t.sol', 'tune.sol', 'bite.sol']
2,['flop.sol', 'flip.sol', 'flip.t.sol', 'move.sol', 'heal.sol', 'drip.t.sol', 'heal.t.sol', 'flap.sol', 'drip.sol', 'frob.t.sol']
1,['flop.sol', 'flip.sol', 'flip.t.sol', 'move.sol', 'heal.sol', 'drip.t.sol', 'heal.t.sol', 'flap.sol', 'drip.sol', 'tune.sol']
1,['flop.sol', 'flip.sol', 'flip.t.sol', 'move.sol', 'heal.sol', 'drip.t.sol', 'heal.t.sol', 'flap.sol', 'drip.sol', 'bite.sol']
2,['flop.sol', 'flip.sol', 'flip.t.sol', 'move.sol', 'heal.sol', 'drip.t.sol', 'heal.t.sol', 'flap.sol', 'frob.t.sol', 'tune.sol']
2,['flop.sol', 'flip.sol', 'flip.t.sol', 'move.sol', 'heal.sol', 'drip.t.sol', 'heal.t.sol', 'flap.sol', 'frob.t.sol', 'bite.sol']
1,['flop.sol', 'flip.sol', 'flip.t.sol', 'move.sol', 'heal.sol', 'drip.t.sol', 'heal.t.sol', 'flap.sol', 'tune.sol', 'bite.sol']
2,['flop.sol', 'flip.sol', 'flip.t.sol', 'move.sol', 'heal.sol', 'drip.t.sol', 'heal.t.sol', 'drip.sol', 'frob.t.sol', 'tune.sol']
2,['flop.sol', 'flip.sol', 'flip.t.sol', 'move.sol', 'heal.sol', 'drip.t.sol', 'heal.t.sol', 'drip.sol', 'frob.t.sol', 'bite.sol']
1,['flop.sol', 'flip.sol', 'flip.t.sol', 'move.sol', 'heal.sol', 'drip.t.sol', 'heal.t.sol', 'drip.sol', 'tune.sol', 'bite.sol']
1,['flop.sol', 'flip.sol', 'flip.t.sol', 'move.sol', 'heal.sol', 'drip.t.sol', 'heal.t.sol', 'frob.t.sol', 'tune.sol', 'bite.sol']
3,['flop.sol', 'flip.sol', 'flip.t.sol', 'move.sol', 'heal.sol', 'drip.t.sol', 'flap.sol', 'drip.sol', 'frob.t.sol', 'tune.sol']
2,['flop.sol', 'flip.sol', 'flip.t.sol', 'move.sol', 'heal.sol', 'drip.t.sol', 'flap.sol', 'drip.sol', 'frob.t.sol', 'bite.sol']
1,['flop.sol', 'flip.sol', 'flip.t.sol', 'move.sol', 'heal.sol', 'drip.t.sol', 'flap.sol', 'drip.sol', 'tune.sol', 'bite.sol']
2,['flop.sol', 'flip.sol', 'flip.t.sol', 'move.sol', 'heal.sol', 'drip.t.sol', 'flap.sol', 'frob.t.sol', 'tune.sol', 'bite.sol']
1,['flop.sol', 'flip.sol', 'flip.t.sol', 'move.sol', 'heal.sol', 'drip.t.sol', 'drip.sol', 'frob.t.sol', 'tune.sol', 'bite.sol']
2,['flop.sol', 'flip.sol', 'flip.t.sol', 'move.sol', 'heal.sol', 'heal.t.sol', 'flap.sol', 'drip.sol', 'frob.t.sol', 'tune.sol']
2,['flop.sol', 'flip.sol', 'flip.t.sol', 'move.sol', 'heal.sol', 'heal.t.sol', 'flap.sol', 'drip.sol', 'frob.t.sol', 'bite.sol']
1,['flop.sol', 'flip.sol', 'flip.t.sol', 'move.sol', 'heal.sol', 'heal.t.sol', 'flap.sol', 'drip.sol', 'tune.sol', 'bite.sol']
2,['flop.sol', 'flip.sol', 'flip.t.sol', 'move.sol', 'heal.sol', 'heal.t.sol', 'flap.sol', 'frob.t.sol', 'tune.sol', 'bite.sol']
2,['flop.sol', 'flip.sol', 'flip.t.sol', 'move.sol', 'heal.sol', 'heal.t.sol', 'drip.sol', 'frob.t.sol', 'tune.sol', 'bite.sol']
2,['flop.sol', 'flip.sol', 'flip.t.sol', 'move.sol', 'heal.sol', 'flap.sol', 'drip.sol', 'frob.t.sol', 'tune.sol', 'bite.sol']
2,['flop.sol', 'flip.sol', 'flip.t.sol', 'move.sol', 'drip.t.sol', 'heal.t.sol', 'flap.sol', 'drip.sol', 'frob.t.sol', 'tune.sol']
2,['flop.sol', 'flip.sol', 'flip.t.sol', 'move.sol', 'drip.t.sol', 'heal.t.sol', 'flap.sol', 'drip.sol', 'frob.t.sol', 'bite.sol']
2,['flop.sol', 'flip.sol', 'flip.t.sol', 'move.sol', 'drip.t.sol', 'heal.t.sol', 'flap.sol', 'drip.sol', 'tune.sol', 'bite.sol']
2,['flop.sol', 'flip.sol', 'flip.t.sol', 'move.sol', 'drip.t.sol', 'heal.t.sol', 'flap.sol', 'frob.t.sol', 'tune.sol', 'bite.sol']
1,['flop.sol', 'flip.sol', 'flip.t.sol', 'move.sol', 'drip.t.sol', 'heal.t.sol', 'drip.sol', 'frob.t.sol', 'tune.sol', 'bite.sol']
2,['flop.sol', 'flip.sol', 'flip.t.sol', 'move.sol', 'drip.t.sol', 'flap.sol', 'drip.sol', 'frob.t.sol', 'tune.sol', 'bite.sol']
2,['flop.sol', 'flip.sol', 'flip.t.sol', 'move.sol', 'heal.t.sol', 'flap.sol', 'drip.sol', 'frob.t.sol', 'tune.sol', 'bite.sol']
2,['flop.sol', 'flip.sol', 'flip.t.sol', 'flop.t.sol', 'flap.t.sol', 'heal.sol', 'drip.t.sol', 'heal.t.sol', 'flap.sol', 'drip.sol']
2,['flop.sol', 'flip.sol', 'flip.t.sol', 'flop.t.sol', 'flap.t.sol', 'heal.sol', 'drip.t.sol', 'heal.t.sol', 'flap.sol', 'frob.t.sol']
2,['flop.sol', 'flip.sol', 'flip.t.sol', 'flop.t.sol', 'flap.t.sol', 'heal.sol', 'drip.t.sol', 'heal.t.sol', 'flap.sol', 'tune.sol']
2,['flop.sol', 'flip.sol', 'flip.t.sol', 'flop.t.sol', 'flap.t.sol', 'heal.sol', 'drip.t.sol', 'heal.t.sol', 'flap.sol', 'bite.sol']
1,['flop.sol', 'flip.sol', 'flip.t.sol', 'flop.t.sol', 'flap.t.sol', 'heal.sol', 'drip.t.sol', 'heal.t.sol', 'drip.sol', 'frob.t.sol']
1,['flop.sol', 'flip.sol', 'flip.t.sol', 'flop.t.sol', 'flap.t.sol', 'heal.sol', 'drip.t.sol', 'heal.t.sol', 'drip.sol', 'tune.sol']
2,['flop.sol', 'flip.sol', 'flip.t.sol', 'flop.t.sol', 'flap.t.sol', 'heal.sol', 'drip.t.sol', 'heal.t.sol', 'drip.sol', 'bite.sol']
2,['flop.sol', 'flip.sol', 'flip.t.sol', 'flop.t.sol', 'flap.t.sol', 'heal.sol', 'drip.t.sol', 'heal.t.sol', 'frob.t.sol', 'tune.sol']
1,['flop.sol', 'flip.sol', 'flip.t.sol', 'flop.t.sol', 'flap.t.sol', 'heal.sol', 'drip.t.sol', 'heal.t.sol', 'frob.t.sol', 'bite.sol']
1,['flop.sol', 'flip.sol', 'flip.t.sol', 'flop.t.sol', 'flap.t.sol', 'heal.sol', 'drip.t.sol', 'heal.t.sol', 'tune.sol', 'bite.sol']
2,['flop.sol', 'flip.sol', 'flip.t.sol', 'flop.t.sol', 'flap.t.sol', 'heal.sol', 'drip.t.sol', 'flap.sol', 'drip.sol', 'frob.t.sol']
1,['flop.sol', 'flip.sol', 'flip.t.sol', 'flop.t.sol', 'flap.t.sol', 'heal.sol', 'drip.t.sol', 'flap.sol', 'drip.sol', 'tune.sol']
2,['flop.sol', 'flip.sol', 'flip.t.sol', 'flop.t.sol', 'flap.t.sol', 'heal.sol', 'drip.t.sol', 'flap.sol', 'drip.sol', 'bite.sol']
2,['flop.sol', 'flip.sol', 'flip.t.sol', 'flop.t.sol', 'flap.t.sol', 'heal.sol', 'drip.t.sol', 'flap.sol', 'frob.t.sol', 'tune.sol']
2,['flop.sol', 'flip.sol', 'flip.t.sol', 'flop.t.sol', 'flap.t.sol', 'heal.sol', 'drip.t.sol', 'flap.sol', 'frob.t.sol', 'bite.sol']
1,['flop.sol', 'flip.sol', 'flip.t.sol', 'flop.t.sol', 'flap.t.sol', 'heal.sol', 'drip.t.sol', 'flap.sol', 'tune.sol', 'bite.sol']
2,['flop.sol', 'flip.sol', 'flip.t.sol', 'flop.t.sol', 'flap.t.sol', 'heal.sol', 'drip.t.sol', 'drip.sol', 'frob.t.sol', 'tune.sol']
2,['flop.sol', 'flip.sol', 'flip.t.sol', 'flop.t.sol', 'flap.t.sol', 'heal.sol', 'drip.t.sol', 'drip.sol', 'frob.t.sol', 'bite.sol']
1,['flop.sol', 'flip.sol', 'flip.t.sol', 'flop.t.sol', 'flap.t.sol', 'heal.sol', 'drip.t.sol', 'drip.sol', 'tune.sol', 'bite.sol']
2,['flop.sol', 'flip.sol', 'flip.t.sol', 'flop.t.sol', 'flap.t.sol', 'heal.sol', 'drip.t.sol', 'frob.t.sol', 'tune.sol', 'bite.sol']
2,['flop.sol', 'flip.sol', 'flip.t.sol', 'flop.t.sol', 'flap.t.sol', 'heal.sol', 'heal.t.sol', 'flap.sol', 'drip.sol', 'frob.t.sol']
2,['flop.sol', 'flip.sol', 'flip.t.sol', 'flop.t.sol', 'flap.t.sol', 'heal.sol', 'heal.t.sol', 'flap.sol', 'drip.sol', 'tune.sol']
2,['flop.sol', 'flip.sol', 'flip.t.sol', 'flop.t.sol', 'flap.t.sol', 'heal.sol', 'heal.t.sol', 'flap.sol', 'drip.sol', 'bite.sol']
2,['flop.sol', 'flip.sol', 'flip.t.sol', 'flop.t.sol', 'flap.t.sol', 'heal.sol', 'heal.t.sol', 'flap.sol', 'frob.t.sol', 'tune.sol']
2,['flop.sol', 'flip.sol', 'flip.t.sol', 'flop.t.sol', 'flap.t.sol', 'heal.sol', 'heal.t.sol', 'flap.sol', 'frob.t.sol', 'bite.sol']
2,['flop.sol', 'flip.sol', 'flip.t.sol', 'flop.t.sol', 'flap.t.sol', 'heal.sol', 'heal.t.sol', 'flap.sol', 'tune.sol', 'bite.sol']
2,['flop.sol', 'flip.sol', 'flip.t.sol', 'flop.t.sol', 'flap.t.sol', 'heal.sol', 'heal.t.sol', 'drip.sol', 'frob.t.sol', 'tune.sol']
2,['flop.sol', 'flip.sol', 'flip.t.sol', 'flop.t.sol', 'flap.t.sol', 'heal.sol', 'heal.t.sol', 'drip.sol', 'frob.t.sol', 'bite.sol']
1,['flop.sol', 'flip.sol', 'flip.t.sol', 'flop.t.sol', 'flap.t.sol', 'heal.sol', 'heal.t.sol', 'drip.sol', 'tune.sol', 'bite.sol']
2,['flop.sol', 'flip.sol', 'flip.t.sol', 'flop.t.sol', 'flap.t.sol', 'heal.sol', 'heal.t.sol', 'frob.t.sol', 'tune.sol', 'bite.sol']
2,['flop.sol', 'flip.sol', 'flip.t.sol', 'flop.t.sol', 'flap.t.sol', 'heal.sol', 'flap.sol', 'drip.sol', 'frob.t.sol', 'tune.sol']
2,['flop.sol', 'flip.sol', 'flip.t.sol', 'flop.t.sol', 'flap.t.sol', 'heal.sol', 'flap.sol', 'drip.sol', 'frob.t.sol', 'bite.sol']
1,['flop.sol', 'flip.sol', 'flip.t.sol', 'flop.t.sol', 'flap.t.sol', 'heal.sol', 'flap.sol', 'drip.sol', 'tune.sol', 'bite.sol']
2,['flop.sol', 'flip.sol', 'flip.t.sol', 'flop.t.sol', 'flap.t.sol', 'heal.sol', 'flap.sol', 'frob.t.sol', 'tune.sol', 'bite.sol']
2,['flop.sol', 'flip.sol', 'flip.t.sol', 'flop.t.sol', 'flap.t.sol', 'heal.sol', 'drip.sol', 'frob.t.sol', 'tune.sol', 'bite.sol']
2,['flop.sol', 'flip.sol', 'flip.t.sol', 'flop.t.sol', 'flap.t.sol', 'drip.t.sol', 'heal.t.sol', 'flap.sol', 'drip.sol', 'frob.t.sol']
1,['flop.sol', 'flip.sol', 'flip.t.sol', 'flop.t.sol', 'flap.t.sol', 'drip.t.sol', 'heal.t.sol', 'flap.sol', 'drip.sol', 'tune.sol']
2,['flop.sol', 'flip.sol', 'flip.t.sol', 'flop.t.sol', 'flap.t.sol', 'drip.t.sol', 'heal.t.sol', 'flap.sol', 'drip.sol', 'bite.sol']
2,['flop.sol', 'flip.sol', 'flip.t.sol', 'flop.t.sol', 'flap.t.sol', 'drip.t.sol', 'heal.t.sol', 'flap.sol', 'frob.t.sol', 'tune.sol']
2,['flop.sol', 'flip.sol', 'flip.t.sol', 'flop.t.sol', 'flap.t.sol', 'drip.t.sol', 'heal.t.sol', 'flap.sol', 'frob.t.sol', 'bite.sol']
1,['flop.sol', 'flip.sol', 'flip.t.sol', 'flop.t.sol', 'flap.t.sol', 'drip.t.sol', 'heal.t.sol', 'flap.sol', 'tune.sol', 'bite.sol']
2,['flop.sol', 'flip.sol', 'flip.t.sol', 'flop.t.sol', 'flap.t.sol', 'drip.t.sol', 'heal.t.sol', 'drip.sol', 'frob.t.sol', 'tune.sol']
1,['flop.sol', 'flip.sol', 'flip.t.sol', 'flop.t.sol', 'flap.t.sol', 'drip.t.sol', 'heal.t.sol', 'drip.sol', 'frob.t.sol', 'bite.sol']
1,['flop.sol', 'flip.sol', 'flip.t.sol', 'flop.t.sol', 'flap.t.sol', 'drip.t.sol', 'heal.t.sol', 'drip.sol', 'tune.sol', 'bite.sol']
1,['flop.sol', 'flip.sol', 'flip.t.sol', 'flop.t.sol', 'flap.t.sol', 'drip.t.sol', 'heal.t.sol', 'frob.t.sol', 'tune.sol', 'bite.sol']
2,['flop.sol', 'flip.sol', 'flip.t.sol', 'flop.t.sol', 'flap.t.sol', 'drip.t.sol', 'flap.sol', 'drip.sol', 'frob.t.sol', 'tune.sol']
2,['flop.sol', 'flip.sol', 'flip.t.sol', 'flop.t.sol', 'flap.t.sol', 'drip.t.sol', 'flap.sol', 'drip.sol', 'frob.t.sol', 'bite.sol']
1,['flop.sol', 'flip.sol', 'flip.t.sol', 'flop.t.sol', 'flap.t.sol', 'drip.t.sol', 'flap.sol', 'drip.sol', 'tune.sol', 'bite.sol']
2,['flop.sol', 'flip.sol', 'flip.t.sol', 'flop.t.sol', 'flap.t.sol', 'drip.t.sol', 'flap.sol', 'frob.t.sol', 'tune.sol', 'bite.sol']
1,['flop.sol', 'flip.sol', 'flip.t.sol', 'flop.t.sol', 'flap.t.sol', 'drip.t.sol', 'drip.sol', 'frob.t.sol', 'tune.sol', 'bite.sol']
2,['flop.sol', 'flip.sol', 'flip.t.sol', 'flop.t.sol', 'flap.t.sol', 'heal.t.sol', 'flap.sol', 'drip.sol', 'frob.t.sol', 'tune.sol']
2,['flop.sol', 'flip.sol', 'flip.t.sol', 'flop.t.sol', 'flap.t.sol', 'heal.t.sol', 'flap.sol', 'drip.sol', 'frob.t.sol', 'bite.sol']
1,['flop.sol', 'flip.sol', 'flip.t.sol', 'flop.t.sol', 'flap.t.sol', 'heal.t.sol', 'flap.sol', 'drip.sol', 'tune.sol', 'bite.sol']
2,['flop.sol', 'flip.sol', 'flip.t.sol', 'flop.t.sol', 'flap.t.sol', 'heal.t.sol', 'flap.sol', 'frob.t.sol', 'tune.sol', 'bite.sol']
2,['flop.sol', 'flip.sol', 'flip.t.sol', 'flop.t.sol', 'flap.t.sol', 'heal.t.sol', 'drip.sol', 'frob.t.sol', 'tune.sol', 'bite.sol']
2,['flop.sol', 'flip.sol', 'flip.t.sol', 'flop.t.sol', 'flap.t.sol', 'flap.sol', 'drip.sol', 'frob.t.sol', 'tune.sol', 'bite.sol']
2,['flop.sol', 'flip.sol', 'flip.t.sol', 'flop.t.sol', 'heal.sol', 'drip.t.sol', 'heal.t.sol', 'flap.sol', 'drip.sol', 'frob.t.sol']
1,['flop.sol', 'flip.sol', 'flip.t.sol', 'flop.t.sol', 'heal.sol', 'drip.t.sol', 'heal.t.sol', 'flap.sol', 'drip.sol', 'tune.sol']
2,['flop.sol', 'flip.sol', 'flip.t.sol', 'flop.t.sol', 'heal.sol', 'drip.t.sol', 'heal.t.sol', 'flap.sol', 'drip.sol', 'bite.sol']
2,['flop.sol', 'flip.sol', 'flip.t.sol', 'flop.t.sol', 'heal.sol', 'drip.t.sol', 'heal.t.sol', 'flap.sol', 'frob.t.sol', 'tune.sol']
2,['flop.sol', 'flip.sol', 'flip.t.sol', 'flop.t.sol', 'heal.sol', 'drip.t.sol', 'heal.t.sol', 'flap.sol', 'frob.t.sol', 'bite.sol']
1,['flop.sol', 'flip.sol', 'flip.t.sol', 'flop.t.sol', 'heal.sol', 'drip.t.sol', 'heal.t.sol', 'flap.sol', 'tune.sol', 'bite.sol']
1,['flop.sol', 'flip.sol', 'flip.t.sol', 'flop.t.sol', 'heal.sol', 'drip.t.sol', 'heal.t.sol', 'drip.sol', 'frob.t.sol', 'tune.sol']
2,['flop.sol', 'flip.sol', 'flip.t.sol', 'flop.t.sol', 'heal.sol', 'drip.t.sol', 'heal.t.sol', 'drip.sol', 'frob.t.sol', 'bite.sol']
1,['flop.sol', 'flip.sol', 'flip.t.sol', 'flop.t.sol', 'heal.sol', 'drip.t.sol', 'heal.t.sol', 'drip.sol', 'tune.sol', 'bite.sol']
1,['flop.sol', 'flip.sol', 'flip.t.sol', 'flop.t.sol', 'heal.sol', 'drip.t.sol', 'heal.t.sol', 'frob.t.sol', 'tune.sol', 'bite.sol']
2,['flop.sol', 'flip.sol', 'flip.t.sol', 'flop.t.sol', 'heal.sol', 'drip.t.sol', 'flap.sol', 'drip.sol', 'frob.t.sol', 'tune.sol']
2,['flop.sol', 'flip.sol', 'flip.t.sol', 'flop.t.sol', 'heal.sol', 'drip.t.sol', 'flap.sol', 'drip.sol', 'frob.t.sol', 'bite.sol']
1,['flop.sol', 'flip.sol', 'flip.t.sol', 'flop.t.sol', 'heal.sol', 'drip.t.sol', 'flap.sol', 'drip.sol', 'tune.sol', 'bite.sol']
2,['flop.sol', 'flip.sol', 'flip.t.sol', 'flop.t.sol', 'heal.sol', 'drip.t.sol', 'flap.sol', 'frob.t.sol', 'tune.sol', 'bite.sol']
1,['flop.sol', 'flip.sol', 'flip.t.sol', 'flop.t.sol', 'heal.sol', 'drip.t.sol', 'drip.sol', 'frob.t.sol', 'tune.sol', 'bite.sol']
2,['flop.sol', 'flip.sol', 'flip.t.sol', 'flop.t.sol', 'heal.sol', 'heal.t.sol', 'flap.sol', 'drip.sol', 'frob.t.sol', 'tune.sol']
2,['flop.sol', 'flip.sol', 'flip.t.sol', 'flop.t.sol', 'heal.sol', 'heal.t.sol', 'flap.sol', 'drip.sol', 'frob.t.sol', 'bite.sol']
1,['flop.sol', 'flip.sol', 'flip.t.sol', 'flop.t.sol', 'heal.sol', 'heal.t.sol', 'flap.sol', 'drip.sol', 'tune.sol', 'bite.sol']
2,['flop.sol', 'flip.sol', 'flip.t.sol', 'flop.t.sol', 'heal.sol', 'heal.t.sol', 'flap.sol', 'frob.t.sol', 'tune.sol', 'bite.sol']
2,['flop.sol', 'flip.sol', 'flip.t.sol', 'flop.t.sol', 'heal.sol', 'heal.t.sol', 'drip.sol', 'frob.t.sol', 'tune.sol', 'bite.sol']
2,['flop.sol', 'flip.sol', 'flip.t.sol', 'flop.t.sol', 'heal.sol', 'flap.sol', 'drip.sol', 'frob.t.sol', 'tune.sol', 'bite.sol']
2,['flop.sol', 'flip.sol', 'flip.t.sol', 'flop.t.sol', 'drip.t.sol', 'heal.t.sol', 'flap.sol', 'drip.sol', 'frob.t.sol', 'tune.sol']
2,['flop.sol', 'flip.sol', 'flip.t.sol', 'flop.t.sol', 'drip.t.sol', 'heal.t.sol', 'flap.sol', 'drip.sol', 'frob.t.sol', 'bite.sol']
1,['flop.sol', 'flip.sol', 'flip.t.sol', 'flop.t.sol', 'drip.t.sol', 'heal.t.sol', 'flap.sol', 'drip.sol', 'tune.sol', 'bite.sol']
2,['flop.sol', 'flip.sol', 'flip.t.sol', 'flop.t.sol', 'drip.t.sol', 'heal.t.sol', 'flap.sol', 'frob.t.sol', 'tune.sol', 'bite.sol']
1,['flop.sol', 'flip.sol', 'flip.t.sol', 'flop.t.sol', 'drip.t.sol', 'heal.t.sol', 'drip.sol', 'frob.t.sol', 'tune.sol', 'bite.sol']
1,['flop.sol', 'flip.sol', 'flip.t.sol', 'flop.t.sol', 'drip.t.sol', 'flap.sol', 'drip.sol', 'frob.t.sol', 'tune.sol', 'bite.sol']
2,['flop.sol', 'flip.sol', 'flip.t.sol', 'flop.t.sol', 'heal.t.sol', 'flap.sol', 'drip.sol', 'frob.t.sol', 'tune.sol', 'bite.sol']
2,['flop.sol', 'flip.sol', 'flip.t.sol', 'flap.t.sol', 'heal.sol', 'drip.t.sol', 'heal.t.sol', 'flap.sol', 'drip.sol', 'frob.t.sol']
1,['flop.sol', 'flip.sol', 'flip.t.sol', 'flap.t.sol', 'heal.sol', 'drip.t.sol', 'heal.t.sol', 'flap.sol', 'drip.sol', 'tune.sol']
2,['flop.sol', 'flip.sol', 'flip.t.sol', 'flap.t.sol', 'heal.sol', 'drip.t.sol', 'heal.t.sol', 'flap.sol', 'drip.sol', 'bite.sol']
2,['flop.sol', 'flip.sol', 'flip.t.sol', 'flap.t.sol', 'heal.sol', 'drip.t.sol', 'heal.t.sol', 'flap.sol', 'frob.t.sol', 'tune.sol']
1,['flop.sol', 'flip.sol', 'flip.t.sol', 'flap.t.sol', 'heal.sol', 'drip.t.sol', 'heal.t.sol', 'flap.sol', 'frob.t.sol', 'bite.sol']
1,['flop.sol', 'flip.sol', 'flip.t.sol', 'flap.t.sol', 'heal.sol', 'drip.t.sol', 'heal.t.sol', 'flap.sol', 'tune.sol', 'bite.sol']
2,['flop.sol', 'flip.sol', 'flip.t.sol', 'flap.t.sol', 'heal.sol', 'drip.t.sol', 'heal.t.sol', 'drip.sol', 'frob.t.sol', 'tune.sol']
1,['flop.sol', 'flip.sol', 'flip.t.sol', 'flap.t.sol', 'heal.sol', 'drip.t.sol', 'heal.t.sol', 'drip.sol', 'frob.t.sol', 'bite.sol']
1,['flop.sol', 'flip.sol', 'flip.t.sol', 'flap.t.sol', 'heal.sol', 'drip.t.sol', 'heal.t.sol', 'drip.sol', 'tune.sol', 'bite.sol']
1,['flop.sol', 'flip.sol', 'flip.t.sol', 'flap.t.sol', 'heal.sol', 'drip.t.sol', 'heal.t.sol', 'frob.t.sol', 'tune.sol', 'bite.sol']
2,['flop.sol', 'flip.sol', 'flip.t.sol', 'flap.t.sol', 'heal.sol', 'drip.t.sol', 'flap.sol', 'drip.sol', 'frob.t.sol', 'tune.sol']
2,['flop.sol', 'flip.sol', 'flip.t.sol', 'flap.t.sol', 'heal.sol', 'drip.t.sol', 'flap.sol', 'drip.sol', 'frob.t.sol', 'bite.sol']
1,['flop.sol', 'flip.sol', 'flip.t.sol', 'flap.t.sol', 'heal.sol', 'drip.t.sol', 'flap.sol', 'drip.sol', 'tune.sol', 'bite.sol']
2,['flop.sol', 'flip.sol', 'flip.t.sol', 'flap.t.sol', 'heal.sol', 'drip.t.sol', 'flap.sol', 'frob.t.sol', 'tune.sol', 'bite.sol']
1,['flop.sol', 'flip.sol', 'flip.t.sol', 'flap.t.sol', 'heal.sol', 'drip.t.sol', 'drip.sol', 'frob.t.sol', 'tune.sol', 'bite.sol']
2,['flop.sol', 'flip.sol', 'flip.t.sol', 'flap.t.sol', 'heal.sol', 'heal.t.sol', 'flap.sol', 'drip.sol', 'frob.t.sol', 'tune.sol']
2,['flop.sol', 'flip.sol', 'flip.t.sol', 'flap.t.sol', 'heal.sol', 'heal.t.sol', 'flap.sol', 'drip.sol', 'frob.t.sol', 'bite.sol']
1,['flop.sol', 'flip.sol', 'flip.t.sol', 'flap.t.sol', 'heal.sol', 'heal.t.sol', 'flap.sol', 'drip.sol', 'tune.sol', 'bite.sol']
2,['flop.sol', 'flip.sol', 'flip.t.sol', 'flap.t.sol', 'heal.sol', 'heal.t.sol', 'flap.sol', 'frob.t.sol', 'tune.sol', 'bite.sol']
2,['flop.sol', 'flip.sol', 'flip.t.sol', 'flap.t.sol', 'heal.sol', 'heal.t.sol', 'drip.sol', 'frob.t.sol', 'tune.sol', 'bite.sol']
2,['flop.sol', 'flip.sol', 'flip.t.sol', 'flap.t.sol', 'heal.sol', 'flap.sol', 'drip.sol', 'frob.t.sol', 'tune.sol', 'bite.sol']
2,['flop.sol', 'flip.sol', 'flip.t.sol', 'flap.t.sol', 'drip.t.sol', 'heal.t.sol', 'flap.sol', 'drip.sol', 'frob.t.sol', 'tune.sol']
2,['flop.sol', 'flip.sol', 'flip.t.sol', 'flap.t.sol', 'drip.t.sol', 'heal.t.sol', 'flap.sol', 'drip.sol', 'frob.t.sol', 'bite.sol']
1,['flop.sol', 'flip.sol', 'flip.t.sol', 'flap.t.sol', 'drip.t.sol', 'heal.t.sol', 'flap.sol', 'drip.sol', 'tune.sol', 'bite.sol']
2,['flop.sol', 'flip.sol', 'flip.t.sol', 'flap.t.sol', 'drip.t.sol', 'heal.t.sol', 'flap.sol', 'frob.t.sol', 'tune.sol', 'bite.sol']
1,['flop.sol', 'flip.sol', 'flip.t.sol', 'flap.t.sol', 'drip.t.sol', 'heal.t.sol', 'drip.sol', 'frob.t.sol', 'tune.sol', 'bite.sol']
1,['flop.sol', 'flip.sol', 'flip.t.sol', 'flap.t.sol', 'drip.t.sol', 'flap.sol', 'drip.sol', 'frob.t.sol', 'tune.sol', 'bite.sol']
2,['flop.sol', 'flip.sol', 'flip.t.sol', 'flap.t.sol', 'heal.t.sol', 'flap.sol', 'drip.sol', 'frob.t.sol', 'tune.sol', 'bite.sol']
2,['flop.sol', 'flip.sol', 'flip.t.sol', 'heal.sol', 'drip.t.sol', 'heal.t.sol', 'flap.sol', 'drip.sol', 'frob.t.sol', 'tune.sol']
1,['flop.sol', 'flip.sol', 'flip.t.sol', 'heal.sol', 'drip.t.sol', 'heal.t.sol', 'flap.sol', 'drip.sol', 'frob.t.sol', 'bite.sol']
1,['flop.sol', 'flip.sol', 'flip.t.sol', 'heal.sol', 'drip.t.sol', 'heal.t.sol', 'flap.sol', 'drip.sol', 'tune.sol', 'bite.sol']
2,['flop.sol', 'flip.sol', 'flip.t.sol', 'heal.sol', 'drip.t.sol', 'heal.t.sol', 'flap.sol', 'frob.t.sol', 'tune.sol', 'bite.sol']
1,['flop.sol', 'flip.sol', 'flip.t.sol', 'heal.sol', 'drip.t.sol', 'heal.t.sol', 'drip.sol', 'frob.t.sol', 'tune.sol', 'bite.sol']
1,['flop.sol', 'flip.sol', 'flip.t.sol', 'heal.sol', 'drip.t.sol', 'flap.sol', 'drip.sol', 'frob.t.sol', 'tune.sol', 'bite.sol']
2,['flop.sol', 'flip.sol', 'flip.t.sol', 'heal.sol', 'heal.t.sol', 'flap.sol', 'drip.sol', 'frob.t.sol', 'tune.sol', 'bite.sol']
1,['flop.sol', 'flip.sol', 'flip.t.sol', 'drip.t.sol', 'heal.t.sol', 'flap.sol', 'drip.sol', 'frob.t.sol', 'tune.sol', 'bite.sol']
2,['flop.sol', 'flip.sol', 'move.sol', 'flop.t.sol', 'flap.t.sol', 'heal.sol', 'drip.t.sol', 'heal.t.sol', 'flap.sol', 'drip.sol']
2,['flop.sol', 'flip.sol', 'move.sol', 'flop.t.sol', 'flap.t.sol', 'heal.sol', 'drip.t.sol', 'heal.t.sol', 'flap.sol', 'frob.t.sol']
1,['flop.sol', 'flip.sol', 'move.sol', 'flop.t.sol', 'flap.t.sol', 'heal.sol', 'drip.t.sol', 'heal.t.sol', 'flap.sol', 'tune.sol']
2,['flop.sol', 'flip.sol', 'move.sol', 'flop.t.sol', 'flap.t.sol', 'heal.sol', 'drip.t.sol', 'heal.t.sol', 'flap.sol', 'bite.sol']
2,['flop.sol', 'flip.sol', 'move.sol', 'flop.t.sol', 'flap.t.sol', 'heal.sol', 'drip.t.sol', 'heal.t.sol', 'drip.sol', 'frob.t.sol']
1,['flop.sol', 'flip.sol', 'move.sol', 'flop.t.sol', 'flap.t.sol', 'heal.sol', 'drip.t.sol', 'heal.t.sol', 'drip.sol', 'tune.sol']
2,['flop.sol', 'flip.sol', 'move.sol', 'flop.t.sol', 'flap.t.sol', 'heal.sol', 'drip.t.sol', 'heal.t.sol', 'drip.sol', 'bite.sol']
2,['flop.sol', 'flip.sol', 'move.sol', 'flop.t.sol', 'flap.t.sol', 'heal.sol', 'drip.t.sol', 'heal.t.sol', 'frob.t.sol', 'tune.sol']
2,['flop.sol', 'flip.sol', 'move.sol', 'flop.t.sol', 'flap.t.sol', 'heal.sol', 'drip.t.sol', 'heal.t.sol', 'frob.t.sol', 'bite.sol']
1,['flop.sol', 'flip.sol', 'move.sol', 'flop.t.sol', 'flap.t.sol', 'heal.sol', 'drip.t.sol', 'heal.t.sol', 'tune.sol', 'bite.sol']
2,['flop.sol', 'flip.sol', 'move.sol', 'flop.t.sol', 'flap.t.sol', 'heal.sol', 'drip.t.sol', 'flap.sol', 'drip.sol', 'frob.t.sol']
2,['flop.sol', 'flip.sol', 'move.sol', 'flop.t.sol', 'flap.t.sol', 'heal.sol', 'drip.t.sol', 'flap.sol', 'drip.sol', 'tune.sol']
1,['flop.sol', 'flip.sol', 'move.sol', 'flop.t.sol', 'flap.t.sol', 'heal.sol', 'drip.t.sol', 'flap.sol', 'drip.sol', 'bite.sol']
3,['flop.sol', 'flip.sol', 'move.sol', 'flop.t.sol', 'flap.t.sol', 'heal.sol', 'drip.t.sol', 'flap.sol', 'frob.t.sol', 'tune.sol']
2,['flop.sol', 'flip.sol', 'move.sol', 'flop.t.sol', 'flap.t.sol', 'heal.sol', 'drip.t.sol', 'flap.sol', 'frob.t.sol', 'bite.sol']
1,['flop.sol', 'flip.sol', 'move.sol', 'flop.t.sol', 'flap.t.sol', 'heal.sol', 'drip.t.sol', 'flap.sol', 'tune.sol', 'bite.sol']
2,['flop.sol', 'flip.sol', 'move.sol', 'flop.t.sol', 'flap.t.sol', 'heal.sol', 'drip.t.sol', 'drip.sol', 'frob.t.sol', 'tune.sol']
2,['flop.sol', 'flip.sol', 'move.sol', 'flop.t.sol', 'flap.t.sol', 'heal.sol', 'drip.t.sol', 'drip.sol', 'frob.t.sol', 'bite.sol']
1,['flop.sol', 'flip.sol', 'move.sol', 'flop.t.sol', 'flap.t.sol', 'heal.sol', 'drip.t.sol', 'drip.sol', 'tune.sol', 'bite.sol']
1,['flop.sol', 'flip.sol', 'move.sol', 'flop.t.sol', 'flap.t.sol', 'heal.sol', 'drip.t.sol', 'frob.t.sol', 'tune.sol', 'bite.sol']
2,['flop.sol', 'flip.sol', 'move.sol', 'flop.t.sol', 'flap.t.sol', 'heal.sol', 'heal.t.sol', 'flap.sol', 'drip.sol', 'frob.t.sol']
3,['flop.sol', 'flip.sol', 'move.sol', 'flop.t.sol', 'flap.t.sol', 'heal.sol', 'heal.t.sol', 'flap.sol', 'drip.sol', 'tune.sol']
3,['flop.sol', 'flip.sol', 'move.sol', 'flop.t.sol', 'flap.t.sol', 'heal.sol', 'heal.t.sol', 'flap.sol', 'drip.sol', 'bite.sol']
2,['flop.sol', 'flip.sol', 'move.sol', 'flop.t.sol', 'flap.t.sol', 'heal.sol', 'heal.t.sol', 'flap.sol', 'frob.t.sol', 'tune.sol']
2,['flop.sol', 'flip.sol', 'move.sol', 'flop.t.sol', 'flap.t.sol', 'heal.sol', 'heal.t.sol', 'flap.sol', 'frob.t.sol', 'bite.sol']
2,['flop.sol', 'flip.sol', 'move.sol', 'flop.t.sol', 'flap.t.sol', 'heal.sol', 'heal.t.sol', 'flap.sol', 'tune.sol', 'bite.sol']
2,['flop.sol', 'flip.sol', 'move.sol', 'flop.t.sol', 'flap.t.sol', 'heal.sol', 'heal.t.sol', 'drip.sol', 'frob.t.sol', 'tune.sol']
2,['flop.sol', 'flip.sol', 'move.sol', 'flop.t.sol', 'flap.t.sol', 'heal.sol', 'heal.t.sol', 'drip.sol', 'frob.t.sol', 'bite.sol']
2,['flop.sol', 'flip.sol', 'move.sol', 'flop.t.sol', 'flap.t.sol', 'heal.sol', 'heal.t.sol', 'drip.sol', 'tune.sol', 'bite.sol']
2,['flop.sol', 'flip.sol', 'move.sol', 'flop.t.sol', 'flap.t.sol', 'heal.sol', 'heal.t.sol', 'frob.t.sol', 'tune.sol', 'bite.sol']
3,['flop.sol', 'flip.sol', 'move.sol', 'flop.t.sol', 'flap.t.sol', 'heal.sol', 'flap.sol', 'drip.sol', 'frob.t.sol', 'tune.sol']
3,['flop.sol', 'flip.sol', 'move.sol', 'flop.t.sol', 'flap.t.sol', 'heal.sol', 'flap.sol', 'drip.sol', 'frob.t.sol', 'bite.sol']
1,['flop.sol', 'flip.sol', 'move.sol', 'flop.t.sol', 'flap.t.sol', 'heal.sol', 'flap.sol', 'drip.sol', 'tune.sol', 'bite.sol']
3,['flop.sol', 'flip.sol', 'move.sol', 'flop.t.sol', 'flap.t.sol', 'heal.sol', 'flap.sol', 'frob.t.sol', 'tune.sol', 'bite.sol']
2,['flop.sol', 'flip.sol', 'move.sol', 'flop.t.sol', 'flap.t.sol', 'heal.sol', 'drip.sol', 'frob.t.sol', 'tune.sol', 'bite.sol']
2,['flop.sol', 'flip.sol', 'move.sol', 'flop.t.sol', 'flap.t.sol', 'drip.t.sol', 'heal.t.sol', 'flap.sol', 'drip.sol', 'frob.t.sol']
2,['flop.sol', 'flip.sol', 'move.sol', 'flop.t.sol', 'flap.t.sol', 'drip.t.sol', 'heal.t.sol', 'flap.sol', 'drip.sol', 'tune.sol']
2,['flop.sol', 'flip.sol', 'move.sol', 'flop.t.sol', 'flap.t.sol', 'drip.t.sol', 'heal.t.sol', 'flap.sol', 'drip.sol', 'bite.sol']
2,['flop.sol', 'flip.sol', 'move.sol', 'flop.t.sol', 'flap.t.sol', 'drip.t.sol', 'heal.t.sol', 'flap.sol', 'frob.t.sol', 'tune.sol']
2,['flop.sol', 'flip.sol', 'move.sol', 'flop.t.sol', 'flap.t.sol', 'drip.t.sol', 'heal.t.sol', 'flap.sol', 'frob.t.sol', 'bite.sol']
2,['flop.sol', 'flip.sol', 'move.sol', 'flop.t.sol', 'flap.t.sol', 'drip.t.sol', 'heal.t.sol', 'flap.sol', 'tune.sol', 'bite.sol']
2,['flop.sol', 'flip.sol', 'move.sol', 'flop.t.sol', 'flap.t.sol', 'drip.t.sol', 'heal.t.sol', 'drip.sol', 'frob.t.sol', 'tune.sol']
2,['flop.sol', 'flip.sol', 'move.sol', 'flop.t.sol', 'flap.t.sol', 'drip.t.sol', 'heal.t.sol', 'drip.sol', 'frob.t.sol', 'bite.sol']
1,['flop.sol', 'flip.sol', 'move.sol', 'flop.t.sol', 'flap.t.sol', 'drip.t.sol', 'heal.t.sol', 'drip.sol', 'tune.sol', 'bite.sol']
2,['flop.sol', 'flip.sol', 'move.sol', 'flop.t.sol', 'flap.t.sol', 'drip.t.sol', 'heal.t.sol', 'frob.t.sol', 'tune.sol', 'bite.sol']
2,['flop.sol', 'flip.sol', 'move.sol', 'flop.t.sol', 'flap.t.sol', 'drip.t.sol', 'flap.sol', 'drip.sol', 'frob.t.sol', 'tune.sol']
3,['flop.sol', 'flip.sol', 'move.sol', 'flop.t.sol', 'flap.t.sol', 'drip.t.sol', 'flap.sol', 'drip.sol', 'frob.t.sol', 'bite.sol']
1,['flop.sol', 'flip.sol', 'move.sol', 'flop.t.sol', 'flap.t.sol', 'drip.t.sol', 'flap.sol', 'drip.sol', 'tune.sol', 'bite.sol']
2,['flop.sol', 'flip.sol', 'move.sol', 'flop.t.sol', 'flap.t.sol', 'drip.t.sol', 'flap.sol', 'frob.t.sol', 'tune.sol', 'bite.sol']
2,['flop.sol', 'flip.sol', 'move.sol', 'flop.t.sol', 'flap.t.sol', 'drip.t.sol', 'drip.sol', 'frob.t.sol', 'tune.sol', 'bite.sol']
3,['flop.sol', 'flip.sol', 'move.sol', 'flop.t.sol', 'flap.t.sol', 'heal.t.sol', 'flap.sol', 'drip.sol', 'frob.t.sol', 'tune.sol']
2,['flop.sol', 'flip.sol', 'move.sol', 'flop.t.sol', 'flap.t.sol', 'heal.t.sol', 'flap.sol', 'drip.sol', 'frob.t.sol', 'bite.sol']
2,['flop.sol', 'flip.sol', 'move.sol', 'flop.t.sol', 'flap.t.sol', 'heal.t.sol', 'flap.sol', 'drip.sol', 'tune.sol', 'bite.sol']
3,['flop.sol', 'flip.sol', 'move.sol', 'flop.t.sol', 'flap.t.sol', 'heal.t.sol', 'flap.sol', 'frob.t.sol', 'tune.sol', 'bite.sol']
2,['flop.sol', 'flip.sol', 'move.sol', 'flop.t.sol', 'flap.t.sol', 'heal.t.sol', 'drip.sol', 'frob.t.sol', 'tune.sol', 'bite.sol']
2,['flop.sol', 'flip.sol', 'move.sol', 'flop.t.sol', 'flap.t.sol', 'flap.sol', 'drip.sol', 'frob.t.sol', 'tune.sol', 'bite.sol']
2,['flop.sol', 'flip.sol', 'move.sol', 'flop.t.sol', 'heal.sol', 'drip.t.sol', 'heal.t.sol', 'flap.sol', 'drip.sol', 'frob.t.sol']
1,['flop.sol', 'flip.sol', 'move.sol', 'flop.t.sol', 'heal.sol', 'drip.t.sol', 'heal.t.sol', 'flap.sol', 'drip.sol', 'tune.sol']
2,['flop.sol', 'flip.sol', 'move.sol', 'flop.t.sol', 'heal.sol', 'drip.t.sol', 'heal.t.sol', 'flap.sol', 'drip.sol', 'bite.sol']
2,['flop.sol', 'flip.sol', 'move.sol', 'flop.t.sol', 'heal.sol', 'drip.t.sol', 'heal.t.sol', 'flap.sol', 'frob.t.sol', 'tune.sol']
2,['flop.sol', 'flip.sol', 'move.sol', 'flop.t.sol', 'heal.sol', 'drip.t.sol', 'heal.t.sol', 'flap.sol', 'frob.t.sol', 'bite.sol']
1,['flop.sol', 'flip.sol', 'move.sol', 'flop.t.sol', 'heal.sol', 'drip.t.sol', 'heal.t.sol', 'flap.sol', 'tune.sol', 'bite.sol']
2,['flop.sol', 'flip.sol', 'move.sol', 'flop.t.sol', 'heal.sol', 'drip.t.sol', 'heal.t.sol', 'drip.sol', 'frob.t.sol', 'tune.sol']
2,['flop.sol', 'flip.sol', 'move.sol', 'flop.t.sol', 'heal.sol', 'drip.t.sol', 'heal.t.sol', 'drip.sol', 'frob.t.sol', 'bite.sol']
1,['flop.sol', 'flip.sol', 'move.sol', 'flop.t.sol', 'heal.sol', 'drip.t.sol', 'heal.t.sol', 'drip.sol', 'tune.sol', 'bite.sol']
1,['flop.sol', 'flip.sol', 'move.sol', 'flop.t.sol', 'heal.sol', 'drip.t.sol', 'heal.t.sol', 'frob.t.sol', 'tune.sol', 'bite.sol']
2,['flop.sol', 'flip.sol', 'move.sol', 'flop.t.sol', 'heal.sol', 'drip.t.sol', 'flap.sol', 'drip.sol', 'frob.t.sol', 'tune.sol']
2,['flop.sol', 'flip.sol', 'move.sol', 'flop.t.sol', 'heal.sol', 'drip.t.sol', 'flap.sol', 'drip.sol', 'frob.t.sol', 'bite.sol']
1,['flop.sol', 'flip.sol', 'move.sol', 'flop.t.sol', 'heal.sol', 'drip.t.sol', 'flap.sol', 'drip.sol', 'tune.sol', 'bite.sol']
1,['flop.sol', 'flip.sol', 'move.sol', 'flop.t.sol', 'heal.sol', 'drip.t.sol', 'flap.sol', 'frob.t.sol', 'tune.sol', 'bite.sol']
1,['flop.sol', 'flip.sol', 'move.sol', 'flop.t.sol', 'heal.sol', 'drip.t.sol', 'drip.sol', 'frob.t.sol', 'tune.sol', 'bite.sol']
2,['flop.sol', 'flip.sol', 'move.sol', 'flop.t.sol', 'heal.sol', 'heal.t.sol', 'flap.sol', 'drip.sol', 'frob.t.sol', 'tune.sol']
2,['flop.sol', 'flip.sol', 'move.sol', 'flop.t.sol', 'heal.sol', 'heal.t.sol', 'flap.sol', 'drip.sol', 'frob.t.sol', 'bite.sol']
2,['flop.sol', 'flip.sol', 'move.sol', 'flop.t.sol', 'heal.sol', 'heal.t.sol', 'flap.sol', 'drip.sol', 'tune.sol', 'bite.sol']
2,['flop.sol', 'flip.sol', 'move.sol', 'flop.t.sol', 'heal.sol', 'heal.t.sol', 'flap.sol', 'frob.t.sol', 'tune.sol', 'bite.sol']
2,['flop.sol', 'flip.sol', 'move.sol', 'flop.t.sol', 'heal.sol', 'heal.t.sol', 'drip.sol', 'frob.t.sol', 'tune.sol', 'bite.sol']
2,['flop.sol', 'flip.sol', 'move.sol', 'flop.t.sol', 'heal.sol', 'flap.sol', 'drip.sol', 'frob.t.sol', 'tune.sol', 'bite.sol']
2,['flop.sol', 'flip.sol', 'move.sol', 'flop.t.sol', 'drip.t.sol', 'heal.t.sol', 'flap.sol', 'drip.sol', 'frob.t.sol', 'tune.sol']
2,['flop.sol', 'flip.sol', 'move.sol', 'flop.t.sol', 'drip.t.sol', 'heal.t.sol', 'flap.sol', 'drip.sol', 'frob.t.sol', 'bite.sol']
1,['flop.sol', 'flip.sol', 'move.sol', 'flop.t.sol', 'drip.t.sol', 'heal.t.sol', 'flap.sol', 'drip.sol', 'tune.sol', 'bite.sol']
1,['flop.sol', 'flip.sol', 'move.sol', 'flop.t.sol', 'drip.t.sol', 'heal.t.sol', 'flap.sol', 'frob.t.sol', 'tune.sol', 'bite.sol']
1,['flop.sol', 'flip.sol', 'move.sol', 'flop.t.sol', 'drip.t.sol', 'heal.t.sol', 'drip.sol', 'frob.t.sol', 'tune.sol', 'bite.sol']
2,['flop.sol', 'flip.sol', 'move.sol', 'flop.t.sol', 'drip.t.sol', 'flap.sol', 'drip.sol', 'frob.t.sol', 'tune.sol', 'bite.sol']
2,['flop.sol', 'flip.sol', 'move.sol', 'flop.t.sol', 'heal.t.sol', 'flap.sol', 'drip.sol', 'frob.t.sol', 'tune.sol', 'bite.sol']
2,['flop.sol', 'flip.sol', 'move.sol', 'flap.t.sol', 'heal.sol', 'drip.t.sol', 'heal.t.sol', 'flap.sol', 'drip.sol', 'frob.t.sol']
1,['flop.sol', 'flip.sol', 'move.sol', 'flap.t.sol', 'heal.sol', 'drip.t.sol', 'heal.t.sol', 'flap.sol', 'drip.sol', 'tune.sol']
2,['flop.sol', 'flip.sol', 'move.sol', 'flap.t.sol', 'heal.sol', 'drip.t.sol', 'heal.t.sol', 'flap.sol', 'drip.sol', 'bite.sol']
2,['flop.sol', 'flip.sol', 'move.sol', 'flap.t.sol', 'heal.sol', 'drip.t.sol', 'heal.t.sol', 'flap.sol', 'frob.t.sol', 'tune.sol']
2,['flop.sol', 'flip.sol', 'move.sol', 'flap.t.sol', 'heal.sol', 'drip.t.sol', 'heal.t.sol', 'flap.sol', 'frob.t.sol', 'bite.sol']
1,['flop.sol', 'flip.sol', 'move.sol', 'flap.t.sol', 'heal.sol', 'drip.t.sol', 'heal.t.sol', 'flap.sol', 'tune.sol', 'bite.sol']
2,['flop.sol', 'flip.sol', 'move.sol', 'flap.t.sol', 'heal.sol', 'drip.t.sol', 'heal.t.sol', 'drip.sol', 'frob.t.sol', 'tune.sol']
2,['flop.sol', 'flip.sol', 'move.sol', 'flap.t.sol', 'heal.sol', 'drip.t.sol', 'heal.t.sol', 'drip.sol', 'frob.t.sol', 'bite.sol']
1,['flop.sol', 'flip.sol', 'move.sol', 'flap.t.sol', 'heal.sol', 'drip.t.sol', 'heal.t.sol', 'drip.sol', 'tune.sol', 'bite.sol']
2,['flop.sol', 'flip.sol', 'move.sol', 'flap.t.sol', 'heal.sol', 'drip.t.sol', 'heal.t.sol', 'frob.t.sol', 'tune.sol', 'bite.sol']
2,['flop.sol', 'flip.sol', 'move.sol', 'flap.t.sol', 'heal.sol', 'drip.t.sol', 'flap.sol', 'drip.sol', 'frob.t.sol', 'tune.sol']
2,['flop.sol', 'flip.sol', 'move.sol', 'flap.t.sol', 'heal.sol', 'drip.t.sol', 'flap.sol', 'drip.sol', 'frob.t.sol', 'bite.sol']
1,['flop.sol', 'flip.sol', 'move.sol', 'flap.t.sol', 'heal.sol', 'drip.t.sol', 'flap.sol', 'drip.sol', 'tune.sol', 'bite.sol']
1,['flop.sol', 'flip.sol', 'move.sol', 'flap.t.sol', 'heal.sol', 'drip.t.sol', 'flap.sol', 'frob.t.sol', 'tune.sol', 'bite.sol']
1,['flop.sol', 'flip.sol', 'move.sol', 'flap.t.sol', 'heal.sol', 'drip.t.sol', 'drip.sol', 'frob.t.sol', 'tune.sol', 'bite.sol']
2,['flop.sol', 'flip.sol', 'move.sol', 'flap.t.sol', 'heal.sol', 'heal.t.sol', 'flap.sol', 'drip.sol', 'frob.t.sol', 'tune.sol']
2,['flop.sol', 'flip.sol', 'move.sol', 'flap.t.sol', 'heal.sol', 'heal.t.sol', 'flap.sol', 'drip.sol', 'frob.t.sol', 'bite.sol']
2,['flop.sol', 'flip.sol', 'move.sol', 'flap.t.sol', 'heal.sol', 'heal.t.sol', 'flap.sol', 'drip.sol', 'tune.sol', 'bite.sol']
2,['flop.sol', 'flip.sol', 'move.sol', 'flap.t.sol', 'heal.sol', 'heal.t.sol', 'flap.sol', 'frob.t.sol', 'tune.sol', 'bite.sol']
2,['flop.sol', 'flip.sol', 'move.sol', 'flap.t.sol', 'heal.sol', 'heal.t.sol', 'drip.sol', 'frob.t.sol', 'tune.sol', 'bite.sol']
2,['flop.sol', 'flip.sol', 'move.sol', 'flap.t.sol', 'heal.sol', 'flap.sol', 'drip.sol', 'frob.t.sol', 'tune.sol', 'bite.sol']
2,['flop.sol', 'flip.sol', 'move.sol', 'flap.t.sol', 'drip.t.sol', 'heal.t.sol', 'flap.sol', 'drip.sol', 'frob.t.sol', 'tune.sol']
2,['flop.sol', 'flip.sol', 'move.sol', 'flap.t.sol', 'drip.t.sol', 'heal.t.sol', 'flap.sol', 'drip.sol', 'frob.t.sol', 'bite.sol']
2,['flop.sol', 'flip.sol', 'move.sol', 'flap.t.sol', 'drip.t.sol', 'heal.t.sol', 'flap.sol', 'drip.sol', 'tune.sol', 'bite.sol']
2,['flop.sol', 'flip.sol', 'move.sol', 'flap.t.sol', 'drip.t.sol', 'heal.t.sol', 'flap.sol', 'frob.t.sol', 'tune.sol', 'bite.sol']
1,['flop.sol', 'flip.sol', 'move.sol', 'flap.t.sol', 'drip.t.sol', 'heal.t.sol', 'drip.sol', 'frob.t.sol', 'tune.sol', 'bite.sol']
2,['flop.sol', 'flip.sol', 'move.sol', 'flap.t.sol', 'drip.t.sol', 'flap.sol', 'drip.sol', 'frob.t.sol', 'tune.sol', 'bite.sol']
2,['flop.sol', 'flip.sol', 'move.sol', 'flap.t.sol', 'heal.t.sol', 'flap.sol', 'drip.sol', 'frob.t.sol', 'tune.sol', 'bite.sol']
2,['flop.sol', 'flip.sol', 'move.sol', 'heal.sol', 'drip.t.sol', 'heal.t.sol', 'flap.sol', 'drip.sol', 'frob.t.sol', 'tune.sol']
2,['flop.sol', 'flip.sol', 'move.sol', 'heal.sol', 'drip.t.sol', 'heal.t.sol', 'flap.sol', 'drip.sol', 'frob.t.sol', 'bite.sol']
1,['flop.sol', 'flip.sol', 'move.sol', 'heal.sol', 'drip.t.sol', 'heal.t.sol', 'flap.sol', 'drip.sol', 'tune.sol', 'bite.sol']
1,['flop.sol', 'flip.sol', 'move.sol', 'heal.sol', 'drip.t.sol', 'heal.t.sol', 'flap.sol', 'frob.t.sol', 'tune.sol', 'bite.sol']
1,['flop.sol', 'flip.sol', 'move.sol', 'heal.sol', 'drip.t.sol', 'heal.t.sol', 'drip.sol', 'frob.t.sol', 'tune.sol', 'bite.sol']
1,['flop.sol', 'flip.sol', 'move.sol', 'heal.sol', 'drip.t.sol', 'flap.sol', 'drip.sol', 'frob.t.sol', 'tune.sol', 'bite.sol']
2,['flop.sol', 'flip.sol', 'move.sol', 'heal.sol', 'heal.t.sol', 'flap.sol', 'drip.sol', 'frob.t.sol', 'tune.sol', 'bite.sol']
1,['flop.sol', 'flip.sol', 'move.sol', 'drip.t.sol', 'heal.t.sol', 'flap.sol', 'drip.sol', 'frob.t.sol', 'tune.sol', 'bite.sol']
2,['flop.sol', 'flip.sol', 'flop.t.sol', 'flap.t.sol', 'heal.sol', 'drip.t.sol', 'heal.t.sol', 'flap.sol', 'drip.sol', 'frob.t.sol']
1,['flop.sol', 'flip.sol', 'flop.t.sol', 'flap.t.sol', 'heal.sol', 'drip.t.sol', 'heal.t.sol', 'flap.sol', 'drip.sol', 'tune.sol']
2,['flop.sol', 'flip.sol', 'flop.t.sol', 'flap.t.sol', 'heal.sol', 'drip.t.sol', 'heal.t.sol', 'flap.sol', 'drip.sol', 'bite.sol']
2,['flop.sol', 'flip.sol', 'flop.t.sol', 'flap.t.sol', 'heal.sol', 'drip.t.sol', 'heal.t.sol', 'flap.sol', 'frob.t.sol', 'tune.sol']
2,['flop.sol', 'flip.sol', 'flop.t.sol', 'flap.t.sol', 'heal.sol', 'drip.t.sol', 'heal.t.sol', 'flap.sol', 'frob.t.sol', 'bite.sol']
1,['flop.sol', 'flip.sol', 'flop.t.sol', 'flap.t.sol', 'heal.sol', 'drip.t.sol', 'heal.t.sol', 'flap.sol', 'tune.sol', 'bite.sol']
2,['flop.sol', 'flip.sol', 'flop.t.sol', 'flap.t.sol', 'heal.sol', 'drip.t.sol', 'heal.t.sol', 'drip.sol', 'frob.t.sol', 'tune.sol']
2,['flop.sol', 'flip.sol', 'flop.t.sol', 'flap.t.sol', 'heal.sol', 'drip.t.sol', 'heal.t.sol', 'drip.sol', 'frob.t.sol', 'bite.sol']
1,['flop.sol', 'flip.sol', 'flop.t.sol', 'flap.t.sol', 'heal.sol', 'drip.t.sol', 'heal.t.sol', 'drip.sol', 'tune.sol', 'bite.sol']
2,['flop.sol', 'flip.sol', 'flop.t.sol', 'flap.t.sol', 'heal.sol', 'drip.t.sol', 'heal.t.sol', 'frob.t.sol', 'tune.sol', 'bite.sol']
2,['flop.sol', 'flip.sol', 'flop.t.sol', 'flap.t.sol', 'heal.sol', 'drip.t.sol', 'flap.sol', 'drip.sol', 'frob.t.sol', 'tune.sol']
2,['flop.sol', 'flip.sol', 'flop.t.sol', 'flap.t.sol', 'heal.sol', 'drip.t.sol', 'flap.sol', 'drip.sol', 'frob.t.sol', 'bite.sol']
1,['flop.sol', 'flip.sol', 'flop.t.sol', 'flap.t.sol', 'heal.sol', 'drip.t.sol', 'flap.sol', 'drip.sol', 'tune.sol', 'bite.sol']
2,['flop.sol', 'flip.sol', 'flop.t.sol', 'flap.t.sol', 'heal.sol', 'drip.t.sol', 'flap.sol', 'frob.t.sol', 'tune.sol', 'bite.sol']
1,['flop.sol', 'flip.sol', 'flop.t.sol', 'flap.t.sol', 'heal.sol', 'drip.t.sol', 'drip.sol', 'frob.t.sol', 'tune.sol', 'bite.sol']
2,['flop.sol', 'flip.sol', 'flop.t.sol', 'flap.t.sol', 'heal.sol', 'heal.t.sol', 'flap.sol', 'drip.sol', 'frob.t.sol', 'tune.sol']
2,['flop.sol', 'flip.sol', 'flop.t.sol', 'flap.t.sol', 'heal.sol', 'heal.t.sol', 'flap.sol', 'drip.sol', 'frob.t.sol', 'bite.sol']
2,['flop.sol', 'flip.sol', 'flop.t.sol', 'flap.t.sol', 'heal.sol', 'heal.t.sol', 'flap.sol', 'drip.sol', 'tune.sol', 'bite.sol']
2,['flop.sol', 'flip.sol', 'flop.t.sol', 'flap.t.sol', 'heal.sol', 'heal.t.sol', 'flap.sol', 'frob.t.sol', 'tune.sol', 'bite.sol']
2,['flop.sol', 'flip.sol', 'flop.t.sol', 'flap.t.sol', 'heal.sol', 'heal.t.sol', 'drip.sol', 'frob.t.sol', 'tune.sol', 'bite.sol']
2,['flop.sol', 'flip.sol', 'flop.t.sol', 'flap.t.sol', 'heal.sol', 'flap.sol', 'drip.sol', 'frob.t.sol', 'tune.sol', 'bite.sol']
2,['flop.sol', 'flip.sol', 'flop.t.sol', 'flap.t.sol', 'drip.t.sol', 'heal.t.sol', 'flap.sol', 'drip.sol', 'frob.t.sol', 'tune.sol']
2,['flop.sol', 'flip.sol', 'flop.t.sol', 'flap.t.sol', 'drip.t.sol', 'heal.t.sol', 'flap.sol', 'drip.sol', 'frob.t.sol', 'bite.sol']
1,['flop.sol', 'flip.sol', 'flop.t.sol', 'flap.t.sol', 'drip.t.sol', 'heal.t.sol', 'flap.sol', 'drip.sol', 'tune.sol', 'bite.sol']
2,['flop.sol', 'flip.sol', 'flop.t.sol', 'flap.t.sol', 'drip.t.sol', 'heal.t.sol', 'flap.sol', 'frob.t.sol', 'tune.sol', 'bite.sol']
2,['flop.sol', 'flip.sol', 'flop.t.sol', 'flap.t.sol', 'drip.t.sol', 'heal.t.sol', 'drip.sol', 'frob.t.sol', 'tune.sol', 'bite.sol']
1,['flop.sol', 'flip.sol', 'flop.t.sol', 'flap.t.sol', 'drip.t.sol', 'flap.sol', 'drip.sol', 'frob.t.sol', 'tune.sol', 'bite.sol']
2,['flop.sol', 'flip.sol', 'flop.t.sol', 'flap.t.sol', 'heal.t.sol', 'flap.sol', 'drip.sol', 'frob.t.sol', 'tune.sol', 'bite.sol']
2,['flop.sol', 'flip.sol', 'flop.t.sol', 'heal.sol', 'drip.t.sol', 'heal.t.sol', 'flap.sol', 'drip.sol', 'frob.t.sol', 'tune.sol']
2,['flop.sol', 'flip.sol', 'flop.t.sol', 'heal.sol', 'drip.t.sol', 'heal.t.sol', 'flap.sol', 'drip.sol', 'frob.t.sol', 'bite.sol']
1,['flop.sol', 'flip.sol', 'flop.t.sol', 'heal.sol', 'drip.t.sol', 'heal.t.sol', 'flap.sol', 'drip.sol', 'tune.sol', 'bite.sol']
2,['flop.sol', 'flip.sol', 'flop.t.sol', 'heal.sol', 'drip.t.sol', 'heal.t.sol', 'flap.sol', 'frob.t.sol', 'tune.sol', 'bite.sol']
1,['flop.sol', 'flip.sol', 'flop.t.sol', 'heal.sol', 'drip.t.sol', 'heal.t.sol', 'drip.sol', 'frob.t.sol', 'tune.sol', 'bite.sol']
1,['flop.sol', 'flip.sol', 'flop.t.sol', 'heal.sol', 'drip.t.sol', 'flap.sol', 'drip.sol', 'frob.t.sol', 'tune.sol', 'bite.sol']
2,['flop.sol', 'flip.sol', 'flop.t.sol', 'heal.sol', 'heal.t.sol', 'flap.sol', 'drip.sol', 'frob.t.sol', 'tune.sol', 'bite.sol']
1,['flop.sol', 'flip.sol', 'flop.t.sol', 'drip.t.sol', 'heal.t.sol', 'flap.sol', 'drip.sol', 'frob.t.sol', 'tune.sol', 'bite.sol']
2,['flop.sol', 'flip.sol', 'flap.t.sol', 'heal.sol', 'drip.t.sol', 'heal.t.sol', 'flap.sol', 'drip.sol', 'frob.t.sol', 'tune.sol']
2,['flop.sol', 'flip.sol', 'flap.t.sol', 'heal.sol', 'drip.t.sol', 'heal.t.sol', 'flap.sol', 'drip.sol', 'frob.t.sol', 'bite.sol']
1,['flop.sol', 'flip.sol', 'flap.t.sol', 'heal.sol', 'drip.t.sol', 'heal.t.sol', 'flap.sol', 'drip.sol', 'tune.sol', 'bite.sol']
2,['flop.sol', 'flip.sol', 'flap.t.sol', 'heal.sol', 'drip.t.sol', 'heal.t.sol', 'flap.sol', 'frob.t.sol', 'tune.sol', 'bite.sol']
1,['flop.sol', 'flip.sol', 'flap.t.sol', 'heal.sol', 'drip.t.sol', 'heal.t.sol', 'drip.sol', 'frob.t.sol', 'tune.sol', 'bite.sol']
1,['flop.sol', 'flip.sol', 'flap.t.sol', 'heal.sol', 'drip.t.sol', 'flap.sol', 'drip.sol', 'frob.t.sol', 'tune.sol', 'bite.sol']
2,['flop.sol', 'flip.sol', 'flap.t.sol', 'heal.sol', 'heal.t.sol', 'flap.sol', 'drip.sol', 'frob.t.sol', 'tune.sol', 'bite.sol']
2,['flop.sol', 'flip.sol', 'flap.t.sol', 'drip.t.sol', 'heal.t.sol', 'flap.sol', 'drip.sol', 'frob.t.sol', 'tune.sol', 'bite.sol']
1,['flop.sol', 'flip.sol', 'heal.sol', 'drip.t.sol', 'heal.t.sol', 'flap.sol', 'drip.sol', 'frob.t.sol', 'tune.sol', 'bite.sol']
2,['flop.sol', 'frob.sol', 'flip.t.sol', 'move.sol', 'flop.t.sol', 'flap.t.sol', 'heal.sol', 'drip.t.sol', 'heal.t.sol', 'flap.sol']
2,['flop.sol', 'frob.sol', 'flip.t.sol', 'move.sol', 'flop.t.sol', 'flap.t.sol', 'heal.sol', 'drip.t.sol', 'heal.t.sol', 'drip.sol']
2,['flop.sol', 'frob.sol', 'flip.t.sol', 'move.sol', 'flop.t.sol', 'flap.t.sol', 'heal.sol', 'drip.t.sol', 'heal.t.sol', 'frob.t.sol']
1,['flop.sol', 'frob.sol', 'flip.t.sol', 'move.sol', 'flop.t.sol', 'flap.t.sol', 'heal.sol', 'drip.t.sol', 'heal.t.sol', 'tune.sol']
1,['flop.sol', 'frob.sol', 'flip.t.sol', 'move.sol', 'flop.t.sol', 'flap.t.sol', 'heal.sol', 'drip.t.sol', 'heal.t.sol', 'bite.sol']
1,['flop.sol', 'frob.sol', 'flip.t.sol', 'move.sol', 'flop.t.sol', 'flap.t.sol', 'heal.sol', 'drip.t.sol', 'flap.sol', 'drip.sol']
2,['flop.sol', 'frob.sol', 'flip.t.sol', 'move.sol', 'flop.t.sol', 'flap.t.sol', 'heal.sol', 'drip.t.sol', 'flap.sol', 'frob.t.sol']
1,['flop.sol', 'frob.sol', 'flip.t.sol', 'move.sol', 'flop.t.sol', 'flap.t.sol', 'heal.sol', 'drip.t.sol', 'flap.sol', 'tune.sol']
1,['flop.sol', 'frob.sol', 'flip.t.sol', 'move.sol', 'flop.t.sol', 'flap.t.sol', 'heal.sol', 'drip.t.sol', 'flap.sol', 'bite.sol']
2,['flop.sol', 'frob.sol', 'flip.t.sol', 'move.sol', 'flop.t.sol', 'flap.t.sol', 'heal.sol', 'drip.t.sol', 'drip.sol', 'frob.t.sol']
1,['flop.sol', 'frob.sol', 'flip.t.sol', 'move.sol', 'flop.t.sol', 'flap.t.sol', 'heal.sol', 'drip.t.sol', 'drip.sol', 'tune.sol']
1,['flop.sol', 'frob.sol', 'flip.t.sol', 'move.sol', 'flop.t.sol', 'flap.t.sol', 'heal.sol', 'drip.t.sol', 'drip.sol', 'bite.sol']
2,['flop.sol', 'frob.sol', 'flip.t.sol', 'move.sol', 'flop.t.sol', 'flap.t.sol', 'heal.sol', 'drip.t.sol', 'frob.t.sol', 'tune.sol']
1,['flop.sol', 'frob.sol', 'flip.t.sol', 'move.sol', 'flop.t.sol', 'flap.t.sol', 'heal.sol', 'drip.t.sol', 'frob.t.sol', 'bite.sol']
1,['flop.sol', 'frob.sol', 'flip.t.sol', 'move.sol', 'flop.t.sol', 'flap.t.sol', 'heal.sol', 'drip.t.sol', 'tune.sol', 'bite.sol']
3,['flop.sol', 'frob.sol', 'flip.t.sol', 'move.sol', 'flop.t.sol', 'flap.t.sol', 'heal.sol', 'heal.t.sol', 'flap.sol', 'drip.sol']
2,['flop.sol', 'frob.sol', 'flip.t.sol', 'move.sol', 'flop.t.sol', 'flap.t.sol', 'heal.sol', 'heal.t.sol', 'flap.sol', 'frob.t.sol']
2,['flop.sol', 'frob.sol', 'flip.t.sol', 'move.sol', 'flop.t.sol', 'flap.t.sol', 'heal.sol', 'heal.t.sol', 'flap.sol', 'tune.sol']
3,['flop.sol', 'frob.sol', 'flip.t.sol', 'move.sol', 'flop.t.sol', 'flap.t.sol', 'heal.sol', 'heal.t.sol', 'flap.sol', 'bite.sol']
2,['flop.sol', 'frob.sol', 'flip.t.sol', 'move.sol', 'flop.t.sol', 'flap.t.sol', 'heal.sol', 'heal.t.sol', 'drip.sol', 'frob.t.sol']
2,['flop.sol', 'frob.sol', 'flip.t.sol', 'move.sol', 'flop.t.sol', 'flap.t.sol', 'heal.sol', 'heal.t.sol', 'drip.sol', 'tune.sol']
2,['flop.sol', 'frob.sol', 'flip.t.sol', 'move.sol', 'flop.t.sol', 'flap.t.sol', 'heal.sol', 'heal.t.sol', 'drip.sol', 'bite.sol']
2,['flop.sol', 'frob.sol', 'flip.t.sol', 'move.sol', 'flop.t.sol', 'flap.t.sol', 'heal.sol', 'heal.t.sol', 'frob.t.sol', 'tune.sol']
2,['flop.sol', 'frob.sol', 'flip.t.sol', 'move.sol', 'flop.t.sol', 'flap.t.sol', 'heal.sol', 'heal.t.sol', 'frob.t.sol', 'bite.sol']
2,['flop.sol', 'frob.sol', 'flip.t.sol', 'move.sol', 'flop.t.sol', 'flap.t.sol', 'heal.sol', 'heal.t.sol', 'tune.sol', 'bite.sol']
3,['flop.sol', 'frob.sol', 'flip.t.sol', 'move.sol', 'flop.t.sol', 'flap.t.sol', 'heal.sol', 'flap.sol', 'drip.sol', 'frob.t.sol']
1,['flop.sol', 'frob.sol', 'flip.t.sol', 'move.sol', 'flop.t.sol', 'flap.t.sol', 'heal.sol', 'flap.sol', 'drip.sol', 'tune.sol']
1,['flop.sol', 'frob.sol', 'flip.t.sol', 'move.sol', 'flop.t.sol', 'flap.t.sol', 'heal.sol', 'flap.sol', 'drip.sol', 'bite.sol']
2,['flop.sol', 'frob.sol', 'flip.t.sol', 'move.sol', 'flop.t.sol', 'flap.t.sol', 'heal.sol', 'flap.sol', 'frob.t.sol', 'tune.sol']
2,['flop.sol', 'frob.sol', 'flip.t.sol', 'move.sol', 'flop.t.sol', 'flap.t.sol', 'heal.sol', 'flap.sol', 'frob.t.sol', 'bite.sol']
1,['flop.sol', 'frob.sol', 'flip.t.sol', 'move.sol', 'flop.t.sol', 'flap.t.sol', 'heal.sol', 'flap.sol', 'tune.sol', 'bite.sol']
2,['flop.sol', 'frob.sol', 'flip.t.sol', 'move.sol', 'flop.t.sol', 'flap.t.sol', 'heal.sol', 'drip.sol', 'frob.t.sol', 'tune.sol']
2,['flop.sol', 'frob.sol', 'flip.t.sol', 'move.sol', 'flop.t.sol', 'flap.t.sol', 'heal.sol', 'drip.sol', 'frob.t.sol', 'bite.sol']
1,['flop.sol', 'frob.sol', 'flip.t.sol', 'move.sol', 'flop.t.sol', 'flap.t.sol', 'heal.sol', 'drip.sol', 'tune.sol', 'bite.sol']
2,['flop.sol', 'frob.sol', 'flip.t.sol', 'move.sol', 'flop.t.sol', 'flap.t.sol', 'heal.sol', 'frob.t.sol', 'tune.sol', 'bite.sol']
2,['flop.sol', 'frob.sol', 'flip.t.sol', 'move.sol', 'flop.t.sol', 'flap.t.sol', 'drip.t.sol', 'heal.t.sol', 'flap.sol', 'drip.sol']
2,['flop.sol', 'frob.sol', 'flip.t.sol', 'move.sol', 'flop.t.sol', 'flap.t.sol', 'drip.t.sol', 'heal.t.sol', 'flap.sol', 'frob.t.sol']
1,['flop.sol', 'frob.sol', 'flip.t.sol', 'move.sol', 'flop.t.sol', 'flap.t.sol', 'drip.t.sol', 'heal.t.sol', 'flap.sol', 'tune.sol']
2,['flop.sol', 'frob.sol', 'flip.t.sol', 'move.sol', 'flop.t.sol', 'flap.t.sol', 'drip.t.sol', 'heal.t.sol', 'flap.sol', 'bite.sol']
2,['flop.sol', 'frob.sol', 'flip.t.sol', 'move.sol', 'flop.t.sol', 'flap.t.sol', 'drip.t.sol', 'heal.t.sol', 'drip.sol', 'frob.t.sol']
2,['flop.sol', 'frob.sol', 'flip.t.sol', 'move.sol', 'flop.t.sol', 'flap.t.sol', 'drip.t.sol', 'heal.t.sol', 'drip.sol', 'tune.sol']
1,['flop.sol', 'frob.sol', 'flip.t.sol', 'move.sol', 'flop.t.sol', 'flap.t.sol', 'drip.t.sol', 'heal.t.sol', 'drip.sol', 'bite.sol']
2,['flop.sol', 'frob.sol', 'flip.t.sol', 'move.sol', 'flop.t.sol', 'flap.t.sol', 'drip.t.sol', 'heal.t.sol', 'frob.t.sol', 'tune.sol']
1,['flop.sol', 'frob.sol', 'flip.t.sol', 'move.sol', 'flop.t.sol', 'flap.t.sol', 'drip.t.sol', 'heal.t.sol', 'frob.t.sol', 'bite.sol']
1,['flop.sol', 'frob.sol', 'flip.t.sol', 'move.sol', 'flop.t.sol', 'flap.t.sol', 'drip.t.sol', 'heal.t.sol', 'tune.sol', 'bite.sol']
2,['flop.sol', 'frob.sol', 'flip.t.sol', 'move.sol', 'flop.t.sol', 'flap.t.sol', 'drip.t.sol', 'flap.sol', 'drip.sol', 'frob.t.sol']
1,['flop.sol', 'frob.sol', 'flip.t.sol', 'move.sol', 'flop.t.sol', 'flap.t.sol', 'drip.t.sol', 'flap.sol', 'drip.sol', 'tune.sol']
1,['flop.sol', 'frob.sol', 'flip.t.sol', 'move.sol', 'flop.t.sol', 'flap.t.sol', 'drip.t.sol', 'flap.sol', 'drip.sol', 'bite.sol']
2,['flop.sol', 'frob.sol', 'flip.t.sol', 'move.sol', 'flop.t.sol', 'flap.t.sol', 'drip.t.sol', 'flap.sol', 'frob.t.sol', 'tune.sol']
2,['flop.sol', 'frob.sol', 'flip.t.sol', 'move.sol', 'flop.t.sol', 'flap.t.sol', 'drip.t.sol', 'flap.sol', 'frob.t.sol', 'bite.sol']
1,['flop.sol', 'frob.sol', 'flip.t.sol', 'move.sol', 'flop.t.sol', 'flap.t.sol', 'drip.t.sol', 'flap.sol', 'tune.sol', 'bite.sol']
2,['flop.sol', 'frob.sol', 'flip.t.sol', 'move.sol', 'flop.t.sol', 'flap.t.sol', 'drip.t.sol', 'drip.sol', 'frob.t.sol', 'tune.sol']
2,['flop.sol', 'frob.sol', 'flip.t.sol', 'move.sol', 'flop.t.sol', 'flap.t.sol', 'drip.t.sol', 'drip.sol', 'frob.t.sol', 'bite.sol']
1,['flop.sol', 'frob.sol', 'flip.t.sol', 'move.sol', 'flop.t.sol', 'flap.t.sol', 'drip.t.sol', 'drip.sol', 'tune.sol', 'bite.sol']
2,['flop.sol', 'frob.sol', 'flip.t.sol', 'move.sol', 'flop.t.sol', 'flap.t.sol', 'drip.t.sol', 'frob.t.sol', 'tune.sol', 'bite.sol']
2,['flop.sol', 'frob.sol', 'flip.t.sol', 'move.sol', 'flop.t.sol', 'flap.t.sol', 'heal.t.sol', 'flap.sol', 'drip.sol', 'frob.t.sol']
2,['flop.sol', 'frob.sol', 'flip.t.sol', 'move.sol', 'flop.t.sol', 'flap.t.sol', 'heal.t.sol', 'flap.sol', 'drip.sol', 'tune.sol']
2,['flop.sol', 'frob.sol', 'flip.t.sol', 'move.sol', 'flop.t.sol', 'flap.t.sol', 'heal.t.sol', 'flap.sol', 'drip.sol', 'bite.sol']
2,['flop.sol', 'frob.sol', 'flip.t.sol', 'move.sol', 'flop.t.sol', 'flap.t.sol', 'heal.t.sol', 'flap.sol', 'frob.t.sol', 'tune.sol']
2,['flop.sol', 'frob.sol', 'flip.t.sol', 'move.sol', 'flop.t.sol', 'flap.t.sol', 'heal.t.sol', 'flap.sol', 'frob.t.sol', 'bite.sol']
2,['flop.sol', 'frob.sol', 'flip.t.sol', 'move.sol', 'flop.t.sol', 'flap.t.sol', 'heal.t.sol', 'flap.sol', 'tune.sol', 'bite.sol']
2,['flop.sol', 'frob.sol', 'flip.t.sol', 'move.sol', 'flop.t.sol', 'flap.t.sol', 'heal.t.sol', 'drip.sol', 'frob.t.sol', 'tune.sol']
2,['flop.sol', 'frob.sol', 'flip.t.sol', 'move.sol', 'flop.t.sol', 'flap.t.sol', 'heal.t.sol', 'drip.sol', 'frob.t.sol', 'bite.sol']
2,['flop.sol', 'frob.sol', 'flip.t.sol', 'move.sol', 'flop.t.sol', 'flap.t.sol', 'heal.t.sol', 'drip.sol', 'tune.sol', 'bite.sol']
2,['flop.sol', 'frob.sol', 'flip.t.sol', 'move.sol', 'flop.t.sol', 'flap.t.sol', 'heal.t.sol', 'frob.t.sol', 'tune.sol', 'bite.sol']
2,['flop.sol', 'frob.sol', 'flip.t.sol', 'move.sol', 'flop.t.sol', 'flap.t.sol', 'flap.sol', 'drip.sol', 'frob.t.sol', 'tune.sol']
2,['flop.sol', 'frob.sol', 'flip.t.sol', 'move.sol', 'flop.t.sol', 'flap.t.sol', 'flap.sol', 'drip.sol', 'frob.t.sol', 'bite.sol']
1,['flop.sol', 'frob.sol', 'flip.t.sol', 'move.sol', 'flop.t.sol', 'flap.t.sol', 'flap.sol', 'drip.sol', 'tune.sol', 'bite.sol']
2,['flop.sol', 'frob.sol', 'flip.t.sol', 'move.sol', 'flop.t.sol', 'flap.t.sol', 'flap.sol', 'frob.t.sol', 'tune.sol', 'bite.sol']
2,['flop.sol', 'frob.sol', 'flip.t.sol', 'move.sol', 'flop.t.sol', 'flap.t.sol', 'drip.sol', 'frob.t.sol', 'tune.sol', 'bite.sol']
1,['flop.sol', 'frob.sol', 'flip.t.sol', 'move.sol', 'flop.t.sol', 'heal.sol', 'drip.t.sol', 'heal.t.sol', 'flap.sol', 'drip.sol']
2,['flop.sol', 'frob.sol', 'flip.t.sol', 'move.sol', 'flop.t.sol', 'heal.sol', 'drip.t.sol', 'heal.t.sol', 'flap.sol', 'frob.t.sol']
1,['flop.sol', 'frob.sol', 'flip.t.sol', 'move.sol', 'flop.t.sol', 'heal.sol', 'drip.t.sol', 'heal.t.sol', 'flap.sol', 'tune.sol']
1,['flop.sol', 'frob.sol', 'flip.t.sol', 'move.sol', 'flop.t.sol', 'heal.sol', 'drip.t.sol', 'heal.t.sol', 'flap.sol', 'bite.sol']
2,['flop.sol', 'frob.sol', 'flip.t.sol', 'move.sol', 'flop.t.sol', 'heal.sol', 'drip.t.sol', 'heal.t.sol', 'drip.sol', 'frob.t.sol']
1,['flop.sol', 'frob.sol', 'flip.t.sol', 'move.sol', 'flop.t.sol', 'heal.sol', 'drip.t.sol', 'heal.t.sol', 'drip.sol', 'tune.sol']
1,['flop.sol', 'frob.sol', 'flip.t.sol', 'move.sol', 'flop.t.sol', 'heal.sol', 'drip.t.sol', 'heal.t.sol', 'drip.sol', 'bite.sol']
1,['flop.sol', 'frob.sol', 'flip.t.sol', 'move.sol', 'flop.t.sol', 'heal.sol', 'drip.t.sol', 'heal.t.sol', 'frob.t.sol', 'tune.sol']
2,['flop.sol', 'frob.sol', 'flip.t.sol', 'move.sol', 'flop.t.sol', 'heal.sol', 'drip.t.sol', 'heal.t.sol', 'frob.t.sol', 'bite.sol']
1,['flop.sol', 'frob.sol', 'flip.t.sol', 'move.sol', 'flop.t.sol', 'heal.sol', 'drip.t.sol', 'heal.t.sol', 'tune.sol', 'bite.sol']
2,['flop.sol', 'frob.sol', 'flip.t.sol', 'move.sol', 'flop.t.sol', 'heal.sol', 'drip.t.sol', 'flap.sol', 'drip.sol', 'frob.t.sol']
1,['flop.sol', 'frob.sol', 'flip.t.sol', 'move.sol', 'flop.t.sol', 'heal.sol', 'drip.t.sol', 'flap.sol', 'drip.sol', 'tune.sol']
1,['flop.sol', 'frob.sol', 'flip.t.sol', 'move.sol', 'flop.t.sol', 'heal.sol', 'drip.t.sol', 'flap.sol', 'drip.sol', 'bite.sol']
2,['flop.sol', 'frob.sol', 'flip.t.sol', 'move.sol', 'flop.t.sol', 'heal.sol', 'drip.t.sol', 'flap.sol', 'frob.t.sol', 'tune.sol']
2,['flop.sol', 'frob.sol', 'flip.t.sol', 'move.sol', 'flop.t.sol', 'heal.sol', 'drip.t.sol', 'flap.sol', 'frob.t.sol', 'bite.sol']
1,['flop.sol', 'frob.sol', 'flip.t.sol', 'move.sol', 'flop.t.sol', 'heal.sol', 'drip.t.sol', 'flap.sol', 'tune.sol', 'bite.sol']
1,['flop.sol', 'frob.sol', 'flip.t.sol', 'move.sol', 'flop.t.sol', 'heal.sol', 'drip.t.sol', 'drip.sol', 'frob.t.sol', 'tune.sol']
1,['flop.sol', 'frob.sol', 'flip.t.sol', 'move.sol', 'flop.t.sol', 'heal.sol', 'drip.t.sol', 'drip.sol', 'frob.t.sol', 'bite.sol']
1,['flop.sol', 'frob.sol', 'flip.t.sol', 'move.sol', 'flop.t.sol', 'heal.sol', 'drip.t.sol', 'drip.sol', 'tune.sol', 'bite.sol']
1,['flop.sol', 'frob.sol', 'flip.t.sol', 'move.sol', 'flop.t.sol', 'heal.sol', 'drip.t.sol', 'frob.t.sol', 'tune.sol', 'bite.sol']
2,['flop.sol', 'frob.sol', 'flip.t.sol', 'move.sol', 'flop.t.sol', 'heal.sol', 'heal.t.sol', 'flap.sol', 'drip.sol', 'frob.t.sol']
2,['flop.sol', 'frob.sol', 'flip.t.sol', 'move.sol', 'flop.t.sol', 'heal.sol', 'heal.t.sol', 'flap.sol', 'drip.sol', 'tune.sol']
2,['flop.sol', 'frob.sol', 'flip.t.sol', 'move.sol', 'flop.t.sol', 'heal.sol', 'heal.t.sol', 'flap.sol', 'drip.sol', 'bite.sol']
2,['flop.sol', 'frob.sol', 'flip.t.sol', 'move.sol', 'flop.t.sol', 'heal.sol', 'heal.t.sol', 'flap.sol', 'frob.t.sol', 'tune.sol']
2,['flop.sol', 'frob.sol', 'flip.t.sol', 'move.sol', 'flop.t.sol', 'heal.sol', 'heal.t.sol', 'flap.sol', 'frob.t.sol', 'bite.sol']
2,['flop.sol', 'frob.sol', 'flip.t.sol', 'move.sol', 'flop.t.sol', 'heal.sol', 'heal.t.sol', 'flap.sol', 'tune.sol', 'bite.sol']
2,['flop.sol', 'frob.sol', 'flip.t.sol', 'move.sol', 'flop.t.sol', 'heal.sol', 'heal.t.sol', 'drip.sol', 'frob.t.sol', 'tune.sol']
2,['flop.sol', 'frob.sol', 'flip.t.sol', 'move.sol', 'flop.t.sol', 'heal.sol', 'heal.t.sol', 'drip.sol', 'frob.t.sol', 'bite.sol']
2,['flop.sol', 'frob.sol', 'flip.t.sol', 'move.sol', 'flop.t.sol', 'heal.sol', 'heal.t.sol', 'drip.sol', 'tune.sol', 'bite.sol']
2,['flop.sol', 'frob.sol', 'flip.t.sol', 'move.sol', 'flop.t.sol', 'heal.sol', 'heal.t.sol', 'frob.t.sol', 'tune.sol', 'bite.sol']
2,['flop.sol', 'frob.sol', 'flip.t.sol', 'move.sol', 'flop.t.sol', 'heal.sol', 'flap.sol', 'drip.sol', 'frob.t.sol', 'tune.sol']
2,['flop.sol', 'frob.sol', 'flip.t.sol', 'move.sol', 'flop.t.sol', 'heal.sol', 'flap.sol', 'drip.sol', 'frob.t.sol', 'bite.sol']
1,['flop.sol', 'frob.sol', 'flip.t.sol', 'move.sol', 'flop.t.sol', 'heal.sol', 'flap.sol', 'drip.sol', 'tune.sol', 'bite.sol']
2,['flop.sol', 'frob.sol', 'flip.t.sol', 'move.sol', 'flop.t.sol', 'heal.sol', 'flap.sol', 'frob.t.sol', 'tune.sol', 'bite.sol']
2,['flop.sol', 'frob.sol', 'flip.t.sol', 'move.sol', 'flop.t.sol', 'heal.sol', 'drip.sol', 'frob.t.sol', 'tune.sol', 'bite.sol']
2,['flop.sol', 'frob.sol', 'flip.t.sol', 'move.sol', 'flop.t.sol', 'drip.t.sol', 'heal.t.sol', 'flap.sol', 'drip.sol', 'frob.t.sol']
2,['flop.sol', 'frob.sol', 'flip.t.sol', 'move.sol', 'flop.t.sol', 'drip.t.sol', 'heal.t.sol', 'flap.sol', 'drip.sol', 'tune.sol']
1,['flop.sol', 'frob.sol', 'flip.t.sol', 'move.sol', 'flop.t.sol', 'drip.t.sol', 'heal.t.sol', 'flap.sol', 'drip.sol', 'bite.sol']
2,['flop.sol', 'frob.sol', 'flip.t.sol', 'move.sol', 'flop.t.sol', 'drip.t.sol', 'heal.t.sol', 'flap.sol', 'frob.t.sol', 'tune.sol']
1,['flop.sol', 'frob.sol', 'flip.t.sol', 'move.sol', 'flop.t.sol', 'drip.t.sol', 'heal.t.sol', 'flap.sol', 'frob.t.sol', 'bite.sol']
2,['flop.sol', 'frob.sol', 'flip.t.sol', 'move.sol', 'flop.t.sol', 'drip.t.sol', 'heal.t.sol', 'flap.sol', 'tune.sol', 'bite.sol']
1,['flop.sol', 'frob.sol', 'flip.t.sol', 'move.sol', 'flop.t.sol', 'drip.t.sol', 'heal.t.sol', 'drip.sol', 'frob.t.sol', 'tune.sol']
1,['flop.sol', 'frob.sol', 'flip.t.sol', 'move.sol', 'flop.t.sol', 'drip.t.sol', 'heal.t.sol', 'drip.sol', 'frob.t.sol', 'bite.sol']
2,['flop.sol', 'frob.sol', 'flip.t.sol', 'move.sol', 'flop.t.sol', 'drip.t.sol', 'heal.t.sol', 'drip.sol', 'tune.sol', 'bite.sol']
1,['flop.sol', 'frob.sol', 'flip.t.sol', 'move.sol', 'flop.t.sol', 'drip.t.sol', 'heal.t.sol', 'frob.t.sol', 'tune.sol', 'bite.sol']
2,['flop.sol', 'frob.sol', 'flip.t.sol', 'move.sol', 'flop.t.sol', 'drip.t.sol', 'flap.sol', 'drip.sol', 'frob.t.sol', 'tune.sol']
2,['flop.sol', 'frob.sol', 'flip.t.sol', 'move.sol', 'flop.t.sol', 'drip.t.sol', 'flap.sol', 'drip.sol', 'frob.t.sol', 'bite.sol']
1,['flop.sol', 'frob.sol', 'flip.t.sol', 'move.sol', 'flop.t.sol', 'drip.t.sol', 'flap.sol', 'drip.sol', 'tune.sol', 'bite.sol']
2,['flop.sol', 'frob.sol', 'flip.t.sol', 'move.sol', 'flop.t.sol', 'drip.t.sol', 'flap.sol', 'frob.t.sol', 'tune.sol', 'bite.sol']
2,['flop.sol', 'frob.sol', 'flip.t.sol', 'move.sol', 'flop.t.sol', 'drip.t.sol', 'drip.sol', 'frob.t.sol', 'tune.sol', 'bite.sol']
2,['flop.sol', 'frob.sol', 'flip.t.sol', 'move.sol', 'flop.t.sol', 'heal.t.sol', 'flap.sol', 'drip.sol', 'frob.t.sol', 'tune.sol']
2,['flop.sol', 'frob.sol', 'flip.t.sol', 'move.sol', 'flop.t.sol', 'heal.t.sol', 'flap.sol', 'drip.sol', 'frob.t.sol', 'bite.sol']
2,['flop.sol', 'frob.sol', 'flip.t.sol', 'move.sol', 'flop.t.sol', 'heal.t.sol', 'flap.sol', 'drip.sol', 'tune.sol', 'bite.sol']
2,['flop.sol', 'frob.sol', 'flip.t.sol', 'move.sol', 'flop.t.sol', 'heal.t.sol', 'flap.sol', 'frob.t.sol', 'tune.sol', 'bite.sol']
2,['flop.sol', 'frob.sol', 'flip.t.sol', 'move.sol', 'flop.t.sol', 'heal.t.sol', 'drip.sol', 'frob.t.sol', 'tune.sol', 'bite.sol']
2,['flop.sol', 'frob.sol', 'flip.t.sol', 'move.sol', 'flop.t.sol', 'flap.sol', 'drip.sol', 'frob.t.sol', 'tune.sol', 'bite.sol']
1,['flop.sol', 'frob.sol', 'flip.t.sol', 'move.sol', 'flap.t.sol', 'heal.sol', 'drip.t.sol', 'heal.t.sol', 'flap.sol', 'drip.sol']
2,['flop.sol', 'frob.sol', 'flip.t.sol', 'move.sol', 'flap.t.sol', 'heal.sol', 'drip.t.sol', 'heal.t.sol', 'flap.sol', 'frob.t.sol']
1,['flop.sol', 'frob.sol', 'flip.t.sol', 'move.sol', 'flap.t.sol', 'heal.sol', 'drip.t.sol', 'heal.t.sol', 'flap.sol', 'tune.sol']
1,['flop.sol', 'frob.sol', 'flip.t.sol', 'move.sol', 'flap.t.sol', 'heal.sol', 'drip.t.sol', 'heal.t.sol', 'flap.sol', 'bite.sol']
2,['flop.sol', 'frob.sol', 'flip.t.sol', 'move.sol', 'flap.t.sol', 'heal.sol', 'drip.t.sol', 'heal.t.sol', 'drip.sol', 'frob.t.sol']
1,['flop.sol', 'frob.sol', 'flip.t.sol', 'move.sol', 'flap.t.sol', 'heal.sol', 'drip.t.sol', 'heal.t.sol', 'drip.sol', 'tune.sol']
1,['flop.sol', 'frob.sol', 'flip.t.sol', 'move.sol', 'flap.t.sol', 'heal.sol', 'drip.t.sol', 'heal.t.sol', 'drip.sol', 'bite.sol']
1,['flop.sol', 'frob.sol', 'flip.t.sol', 'move.sol', 'flap.t.sol', 'heal.sol', 'drip.t.sol', 'heal.t.sol', 'frob.t.sol', 'tune.sol']
2,['flop.sol', 'frob.sol', 'flip.t.sol', 'move.sol', 'flap.t.sol', 'heal.sol', 'drip.t.sol', 'heal.t.sol', 'frob.t.sol', 'bite.sol']
1,['flop.sol', 'frob.sol', 'flip.t.sol', 'move.sol', 'flap.t.sol', 'heal.sol', 'drip.t.sol', 'heal.t.sol', 'tune.sol', 'bite.sol']
2,['flop.sol', 'frob.sol', 'flip.t.sol', 'move.sol', 'flap.t.sol', 'heal.sol', 'drip.t.sol', 'flap.sol', 'drip.sol', 'frob.t.sol']
1,['flop.sol', 'frob.sol', 'flip.t.sol', 'move.sol', 'flap.t.sol', 'heal.sol', 'drip.t.sol', 'flap.sol', 'drip.sol', 'tune.sol']
1,['flop.sol', 'frob.sol', 'flip.t.sol', 'move.sol', 'flap.t.sol', 'heal.sol', 'drip.t.sol', 'flap.sol', 'drip.sol', 'bite.sol']
2,['flop.sol', 'frob.sol', 'flip.t.sol', 'move.sol', 'flap.t.sol', 'heal.sol', 'drip.t.sol', 'flap.sol', 'frob.t.sol', 'tune.sol']
2,['flop.sol', 'frob.sol', 'flip.t.sol', 'move.sol', 'flap.t.sol', 'heal.sol', 'drip.t.sol', 'flap.sol', 'frob.t.sol', 'bite.sol']
1,['flop.sol', 'frob.sol', 'flip.t.sol', 'move.sol', 'flap.t.sol', 'heal.sol', 'drip.t.sol', 'flap.sol', 'tune.sol', 'bite.sol']
1,['flop.sol', 'frob.sol', 'flip.t.sol', 'move.sol', 'flap.t.sol', 'heal.sol', 'drip.t.sol', 'drip.sol', 'frob.t.sol', 'tune.sol']
1,['flop.sol', 'frob.sol', 'flip.t.sol', 'move.sol', 'flap.t.sol', 'heal.sol', 'drip.t.sol', 'drip.sol', 'frob.t.sol', 'bite.sol']
1,['flop.sol', 'frob.sol', 'flip.t.sol', 'move.sol', 'flap.t.sol', 'heal.sol', 'drip.t.sol', 'drip.sol', 'tune.sol', 'bite.sol']
1,['flop.sol', 'frob.sol', 'flip.t.sol', 'move.sol', 'flap.t.sol', 'heal.sol', 'drip.t.sol', 'frob.t.sol', 'tune.sol', 'bite.sol']
2,['flop.sol', 'frob.sol', 'flip.t.sol', 'move.sol', 'flap.t.sol', 'heal.sol', 'heal.t.sol', 'flap.sol', 'drip.sol', 'frob.t.sol']
2,['flop.sol', 'frob.sol', 'flip.t.sol', 'move.sol', 'flap.t.sol', 'heal.sol', 'heal.t.sol', 'flap.sol', 'drip.sol', 'tune.sol']
2,['flop.sol', 'frob.sol', 'flip.t.sol', 'move.sol', 'flap.t.sol', 'heal.sol', 'heal.t.sol', 'flap.sol', 'drip.sol', 'bite.sol']
2,['flop.sol', 'frob.sol', 'flip.t.sol', 'move.sol', 'flap.t.sol', 'heal.sol', 'heal.t.sol', 'flap.sol', 'frob.t.sol', 'tune.sol']
2,['flop.sol', 'frob.sol', 'flip.t.sol', 'move.sol', 'flap.t.sol', 'heal.sol', 'heal.t.sol', 'flap.sol', 'frob.t.sol', 'bite.sol']
2,['flop.sol', 'frob.sol', 'flip.t.sol', 'move.sol', 'flap.t.sol', 'heal.sol', 'heal.t.sol', 'flap.sol', 'tune.sol', 'bite.sol']
2,['flop.sol', 'frob.sol', 'flip.t.sol', 'move.sol', 'flap.t.sol', 'heal.sol', 'heal.t.sol', 'drip.sol', 'frob.t.sol', 'tune.sol']
2,['flop.sol', 'frob.sol', 'flip.t.sol', 'move.sol', 'flap.t.sol', 'heal.sol', 'heal.t.sol', 'drip.sol', 'frob.t.sol', 'bite.sol']
2,['flop.sol', 'frob.sol', 'flip.t.sol', 'move.sol', 'flap.t.sol', 'heal.sol', 'heal.t.sol', 'drip.sol', 'tune.sol', 'bite.sol']
2,['flop.sol', 'frob.sol', 'flip.t.sol', 'move.sol', 'flap.t.sol', 'heal.sol', 'heal.t.sol', 'frob.t.sol', 'tune.sol', 'bite.sol']
2,['flop.sol', 'frob.sol', 'flip.t.sol', 'move.sol', 'flap.t.sol', 'heal.sol', 'flap.sol', 'drip.sol', 'frob.t.sol', 'tune.sol']
2,['flop.sol', 'frob.sol', 'flip.t.sol', 'move.sol', 'flap.t.sol', 'heal.sol', 'flap.sol', 'drip.sol', 'frob.t.sol', 'bite.sol']
1,['flop.sol', 'frob.sol', 'flip.t.sol', 'move.sol', 'flap.t.sol', 'heal.sol', 'flap.sol', 'drip.sol', 'tune.sol', 'bite.sol']
2,['flop.sol', 'frob.sol', 'flip.t.sol', 'move.sol', 'flap.t.sol', 'heal.sol', 'flap.sol', 'frob.t.sol', 'tune.sol', 'bite.sol']
2,['flop.sol', 'frob.sol', 'flip.t.sol', 'move.sol', 'flap.t.sol', 'heal.sol', 'drip.sol', 'frob.t.sol', 'tune.sol', 'bite.sol']
2,['flop.sol', 'frob.sol', 'flip.t.sol', 'move.sol', 'flap.t.sol', 'drip.t.sol', 'heal.t.sol', 'flap.sol', 'drip.sol', 'frob.t.sol']
2,['flop.sol', 'frob.sol', 'flip.t.sol', 'move.sol', 'flap.t.sol', 'drip.t.sol', 'heal.t.sol', 'flap.sol', 'drip.sol', 'tune.sol']
1,['flop.sol', 'frob.sol', 'flip.t.sol', 'move.sol', 'flap.t.sol', 'drip.t.sol', 'heal.t.sol', 'flap.sol', 'drip.sol', 'bite.sol']
2,['flop.sol', 'frob.sol', 'flip.t.sol', 'move.sol', 'flap.t.sol', 'drip.t.sol', 'heal.t.sol', 'flap.sol', 'frob.t.sol', 'tune.sol']
1,['flop.sol', 'frob.sol', 'flip.t.sol', 'move.sol', 'flap.t.sol', 'drip.t.sol', 'heal.t.sol', 'flap.sol', 'frob.t.sol', 'bite.sol']
2,['flop.sol', 'frob.sol', 'flip.t.sol', 'move.sol', 'flap.t.sol', 'drip.t.sol', 'heal.t.sol', 'flap.sol', 'tune.sol', 'bite.sol']
1,['flop.sol', 'frob.sol', 'flip.t.sol', 'move.sol', 'flap.t.sol', 'drip.t.sol', 'heal.t.sol', 'drip.sol', 'frob.t.sol', 'tune.sol']
1,['flop.sol', 'frob.sol', 'flip.t.sol', 'move.sol', 'flap.t.sol', 'drip.t.sol', 'heal.t.sol', 'drip.sol', 'frob.t.sol', 'bite.sol']
2,['flop.sol', 'frob.sol', 'flip.t.sol', 'move.sol', 'flap.t.sol', 'drip.t.sol', 'heal.t.sol', 'drip.sol', 'tune.sol', 'bite.sol']
1,['flop.sol', 'frob.sol', 'flip.t.sol', 'move.sol', 'flap.t.sol', 'drip.t.sol', 'heal.t.sol', 'frob.t.sol', 'tune.sol', 'bite.sol']
2,['flop.sol', 'frob.sol', 'flip.t.sol', 'move.sol', 'flap.t.sol', 'drip.t.sol', 'flap.sol', 'drip.sol', 'frob.t.sol', 'tune.sol']
2,['flop.sol', 'frob.sol', 'flip.t.sol', 'move.sol', 'flap.t.sol', 'drip.t.sol', 'flap.sol', 'drip.sol', 'frob.t.sol', 'bite.sol']
1,['flop.sol', 'frob.sol', 'flip.t.sol', 'move.sol', 'flap.t.sol', 'drip.t.sol', 'flap.sol', 'drip.sol', 'tune.sol', 'bite.sol']
2,['flop.sol', 'frob.sol', 'flip.t.sol', 'move.sol', 'flap.t.sol', 'drip.t.sol', 'flap.sol', 'frob.t.sol', 'tune.sol', 'bite.sol']
2,['flop.sol', 'frob.sol', 'flip.t.sol', 'move.sol', 'flap.t.sol', 'drip.t.sol', 'drip.sol', 'frob.t.sol', 'tune.sol', 'bite.sol']
2,['flop.sol', 'frob.sol', 'flip.t.sol', 'move.sol', 'flap.t.sol', 'heal.t.sol', 'flap.sol', 'drip.sol', 'frob.t.sol', 'tune.sol']
2,['flop.sol', 'frob.sol', 'flip.t.sol', 'move.sol', 'flap.t.sol', 'heal.t.sol', 'flap.sol', 'drip.sol', 'frob.t.sol', 'bite.sol']
2,['flop.sol', 'frob.sol', 'flip.t.sol', 'move.sol', 'flap.t.sol', 'heal.t.sol', 'flap.sol', 'drip.sol', 'tune.sol', 'bite.sol']
2,['flop.sol', 'frob.sol', 'flip.t.sol', 'move.sol', 'flap.t.sol', 'heal.t.sol', 'flap.sol', 'frob.t.sol', 'tune.sol', 'bite.sol']
2,['flop.sol', 'frob.sol', 'flip.t.sol', 'move.sol', 'flap.t.sol', 'heal.t.sol', 'drip.sol', 'frob.t.sol', 'tune.sol', 'bite.sol']
2,['flop.sol', 'frob.sol', 'flip.t.sol', 'move.sol', 'flap.t.sol', 'flap.sol', 'drip.sol', 'frob.t.sol', 'tune.sol', 'bite.sol']
2,['flop.sol', 'frob.sol', 'flip.t.sol', 'move.sol', 'heal.sol', 'drip.t.sol', 'heal.t.sol', 'flap.sol', 'drip.sol', 'frob.t.sol']
1,['flop.sol', 'frob.sol', 'flip.t.sol', 'move.sol', 'heal.sol', 'drip.t.sol', 'heal.t.sol', 'flap.sol', 'drip.sol', 'tune.sol']
1,['flop.sol', 'frob.sol', 'flip.t.sol', 'move.sol', 'heal.sol', 'drip.t.sol', 'heal.t.sol', 'flap.sol', 'drip.sol', 'bite.sol']
1,['flop.sol', 'frob.sol', 'flip.t.sol', 'move.sol', 'heal.sol', 'drip.t.sol', 'heal.t.sol', 'flap.sol', 'frob.t.sol', 'tune.sol']
2,['flop.sol', 'frob.sol', 'flip.t.sol', 'move.sol', 'heal.sol', 'drip.t.sol', 'heal.t.sol', 'flap.sol', 'frob.t.sol', 'bite.sol']
1,['flop.sol', 'frob.sol', 'flip.t.sol', 'move.sol', 'heal.sol', 'drip.t.sol', 'heal.t.sol', 'flap.sol', 'tune.sol', 'bite.sol']
1,['flop.sol', 'frob.sol', 'flip.t.sol', 'move.sol', 'heal.sol', 'drip.t.sol', 'heal.t.sol', 'drip.sol', 'frob.t.sol', 'tune.sol']
1,['flop.sol', 'frob.sol', 'flip.t.sol', 'move.sol', 'heal.sol', 'drip.t.sol', 'heal.t.sol', 'drip.sol', 'frob.t.sol', 'bite.sol']
1,['flop.sol', 'frob.sol', 'flip.t.sol', 'move.sol', 'heal.sol', 'drip.t.sol', 'heal.t.sol', 'drip.sol', 'tune.sol', 'bite.sol']
1,['flop.sol', 'frob.sol', 'flip.t.sol', 'move.sol', 'heal.sol', 'drip.t.sol', 'heal.t.sol', 'frob.t.sol', 'tune.sol', 'bite.sol']
1,['flop.sol', 'frob.sol', 'flip.t.sol', 'move.sol', 'heal.sol', 'drip.t.sol', 'flap.sol', 'drip.sol', 'frob.t.sol', 'tune.sol']
1,['flop.sol', 'frob.sol', 'flip.t.sol', 'move.sol', 'heal.sol', 'drip.t.sol', 'flap.sol', 'drip.sol', 'frob.t.sol', 'bite.sol']
1,['flop.sol', 'frob.sol', 'flip.t.sol', 'move.sol', 'heal.sol', 'drip.t.sol', 'flap.sol', 'drip.sol', 'tune.sol', 'bite.sol']
1,['flop.sol', 'frob.sol', 'flip.t.sol', 'move.sol', 'heal.sol', 'drip.t.sol', 'flap.sol', 'frob.t.sol', 'tune.sol', 'bite.sol']
1,['flop.sol', 'frob.sol', 'flip.t.sol', 'move.sol', 'heal.sol', 'drip.t.sol', 'drip.sol', 'frob.t.sol', 'tune.sol', 'bite.sol']
2,['flop.sol', 'frob.sol', 'flip.t.sol', 'move.sol', 'heal.sol', 'heal.t.sol', 'flap.sol', 'drip.sol', 'frob.t.sol', 'tune.sol']
2,['flop.sol', 'frob.sol', 'flip.t.sol', 'move.sol', 'heal.sol', 'heal.t.sol', 'flap.sol', 'drip.sol', 'frob.t.sol', 'bite.sol']
2,['flop.sol', 'frob.sol', 'flip.t.sol', 'move.sol', 'heal.sol', 'heal.t.sol', 'flap.sol', 'drip.sol', 'tune.sol', 'bite.sol']
2,['flop.sol', 'frob.sol', 'flip.t.sol', 'move.sol', 'heal.sol', 'heal.t.sol', 'flap.sol', 'frob.t.sol', 'tune.sol', 'bite.sol']
2,['flop.sol', 'frob.sol', 'flip.t.sol', 'move.sol', 'heal.sol', 'heal.t.sol', 'drip.sol', 'frob.t.sol', 'tune.sol', 'bite.sol']
2,['flop.sol', 'frob.sol', 'flip.t.sol', 'move.sol', 'heal.sol', 'flap.sol', 'drip.sol', 'frob.t.sol', 'tune.sol', 'bite.sol']
1,['flop.sol', 'frob.sol', 'flip.t.sol', 'move.sol', 'drip.t.sol', 'heal.t.sol', 'flap.sol', 'drip.sol', 'frob.t.sol', 'tune.sol']
1,['flop.sol', 'frob.sol', 'flip.t.sol', 'move.sol', 'drip.t.sol', 'heal.t.sol', 'flap.sol', 'drip.sol', 'frob.t.sol', 'bite.sol']
2,['flop.sol', 'frob.sol', 'flip.t.sol', 'move.sol', 'drip.t.sol', 'heal.t.sol', 'flap.sol', 'drip.sol', 'tune.sol', 'bite.sol']
1,['flop.sol', 'frob.sol', 'flip.t.sol', 'move.sol', 'drip.t.sol', 'heal.t.sol', 'flap.sol', 'frob.t.sol', 'tune.sol', 'bite.sol']
1,['flop.sol', 'frob.sol', 'flip.t.sol', 'move.sol', 'drip.t.sol', 'heal.t.sol', 'drip.sol', 'frob.t.sol', 'tune.sol', 'bite.sol']
2,['flop.sol', 'frob.sol', 'flip.t.sol', 'move.sol', 'drip.t.sol', 'flap.sol', 'drip.sol', 'frob.t.sol', 'tune.sol', 'bite.sol']
2,['flop.sol', 'frob.sol', 'flip.t.sol', 'move.sol', 'heal.t.sol', 'flap.sol', 'drip.sol', 'frob.t.sol', 'tune.sol', 'bite.sol']
2,['flop.sol', 'frob.sol', 'flip.t.sol', 'flop.t.sol', 'flap.t.sol', 'heal.sol', 'drip.t.sol', 'heal.t.sol', 'flap.sol', 'drip.sol']
2,['flop.sol', 'frob.sol', 'flip.t.sol', 'flop.t.sol', 'flap.t.sol', 'heal.sol', 'drip.t.sol', 'heal.t.sol', 'flap.sol', 'frob.t.sol']
1,['flop.sol', 'frob.sol', 'flip.t.sol', 'flop.t.sol', 'flap.t.sol', 'heal.sol', 'drip.t.sol', 'heal.t.sol', 'flap.sol', 'tune.sol']
1,['flop.sol', 'frob.sol', 'flip.t.sol', 'flop.t.sol', 'flap.t.sol', 'heal.sol', 'drip.t.sol', 'heal.t.sol', 'flap.sol', 'bite.sol']
2,['flop.sol', 'frob.sol', 'flip.t.sol', 'flop.t.sol', 'flap.t.sol', 'heal.sol', 'drip.t.sol', 'heal.t.sol', 'drip.sol', 'frob.t.sol']
1,['flop.sol', 'frob.sol', 'flip.t.sol', 'flop.t.sol', 'flap.t.sol', 'heal.sol', 'drip.t.sol', 'heal.t.sol', 'drip.sol', 'tune.sol']
1,['flop.sol', 'frob.sol', 'flip.t.sol', 'flop.t.sol', 'flap.t.sol', 'heal.sol', 'drip.t.sol', 'heal.t.sol', 'drip.sol', 'bite.sol']
1,['flop.sol', 'frob.sol', 'flip.t.sol', 'flop.t.sol', 'flap.t.sol', 'heal.sol', 'drip.t.sol', 'heal.t.sol', 'frob.t.sol', 'tune.sol']
1,['flop.sol', 'frob.sol', 'flip.t.sol', 'flop.t.sol', 'flap.t.sol', 'heal.sol', 'drip.t.sol', 'heal.t.sol', 'frob.t.sol', 'bite.sol']
1,['flop.sol', 'frob.sol', 'flip.t.sol', 'flop.t.sol', 'flap.t.sol', 'heal.sol', 'drip.t.sol', 'heal.t.sol', 'tune.sol', 'bite.sol']
2,['flop.sol', 'frob.sol', 'flip.t.sol', 'flop.t.sol', 'flap.t.sol', 'heal.sol', 'drip.t.sol', 'flap.sol', 'drip.sol', 'frob.t.sol']
1,['flop.sol', 'frob.sol', 'flip.t.sol', 'flop.t.sol', 'flap.t.sol', 'heal.sol', 'drip.t.sol', 'flap.sol', 'drip.sol', 'tune.sol']
1,['flop.sol', 'frob.sol', 'flip.t.sol', 'flop.t.sol', 'flap.t.sol', 'heal.sol', 'drip.t.sol', 'flap.sol', 'drip.sol', 'bite.sol']
2,['flop.sol', 'frob.sol', 'flip.t.sol', 'flop.t.sol', 'flap.t.sol', 'heal.sol', 'drip.t.sol', 'flap.sol', 'frob.t.sol', 'tune.sol']
1,['flop.sol', 'frob.sol', 'flip.t.sol', 'flop.t.sol', 'flap.t.sol', 'heal.sol', 'drip.t.sol', 'flap.sol', 'frob.t.sol', 'bite.sol']
1,['flop.sol', 'frob.sol', 'flip.t.sol', 'flop.t.sol', 'flap.t.sol', 'heal.sol', 'drip.t.sol', 'flap.sol', 'tune.sol', 'bite.sol']
1,['flop.sol', 'frob.sol', 'flip.t.sol', 'flop.t.sol', 'flap.t.sol', 'heal.sol', 'drip.t.sol', 'drip.sol', 'frob.t.sol', 'tune.sol']
1,['flop.sol', 'frob.sol', 'flip.t.sol', 'flop.t.sol', 'flap.t.sol', 'heal.sol', 'drip.t.sol', 'drip.sol', 'frob.t.sol', 'bite.sol']
1,['flop.sol', 'frob.sol', 'flip.t.sol', 'flop.t.sol', 'flap.t.sol', 'heal.sol', 'drip.t.sol', 'drip.sol', 'tune.sol', 'bite.sol']
1,['flop.sol', 'frob.sol', 'flip.t.sol', 'flop.t.sol', 'flap.t.sol', 'heal.sol', 'drip.t.sol', 'frob.t.sol', 'tune.sol', 'bite.sol']
2,['flop.sol', 'frob.sol', 'flip.t.sol', 'flop.t.sol', 'flap.t.sol', 'heal.sol', 'heal.t.sol', 'flap.sol', 'drip.sol', 'frob.t.sol']
2,['flop.sol', 'frob.sol', 'flip.t.sol', 'flop.t.sol', 'flap.t.sol', 'heal.sol', 'heal.t.sol', 'flap.sol', 'drip.sol', 'tune.sol']
3,['flop.sol', 'frob.sol', 'flip.t.sol', 'flop.t.sol', 'flap.t.sol', 'heal.sol', 'heal.t.sol', 'flap.sol', 'drip.sol', 'bite.sol']
2,['flop.sol', 'frob.sol', 'flip.t.sol', 'flop.t.sol', 'flap.t.sol', 'heal.sol', 'heal.t.sol', 'flap.sol', 'frob.t.sol', 'tune.sol']
2,['flop.sol', 'frob.sol', 'flip.t.sol', 'flop.t.sol', 'flap.t.sol', 'heal.sol', 'heal.t.sol', 'flap.sol', 'frob.t.sol', 'bite.sol']
1,['flop.sol', 'frob.sol', 'flip.t.sol', 'flop.t.sol', 'flap.t.sol', 'heal.sol', 'heal.t.sol', 'flap.sol', 'tune.sol', 'bite.sol']
2,['flop.sol', 'frob.sol', 'flip.t.sol', 'flop.t.sol', 'flap.t.sol', 'heal.sol', 'heal.t.sol', 'drip.sol', 'frob.t.sol', 'tune.sol']
2,['flop.sol', 'frob.sol', 'flip.t.sol', 'flop.t.sol', 'flap.t.sol', 'heal.sol', 'heal.t.sol', 'drip.sol', 'frob.t.sol', 'bite.sol']
2,['flop.sol', 'frob.sol', 'flip.t.sol', 'flop.t.sol', 'flap.t.sol', 'heal.sol', 'heal.t.sol', 'drip.sol', 'tune.sol', 'bite.sol']
2,['flop.sol', 'frob.sol', 'flip.t.sol', 'flop.t.sol', 'flap.t.sol', 'heal.sol', 'heal.t.sol', 'frob.t.sol', 'tune.sol', 'bite.sol']
2,['flop.sol', 'frob.sol', 'flip.t.sol', 'flop.t.sol', 'flap.t.sol', 'heal.sol', 'flap.sol', 'drip.sol', 'frob.t.sol', 'tune.sol']
2,['flop.sol', 'frob.sol', 'flip.t.sol', 'flop.t.sol', 'flap.t.sol', 'heal.sol', 'flap.sol', 'drip.sol', 'frob.t.sol', 'bite.sol']
1,['flop.sol', 'frob.sol', 'flip.t.sol', 'flop.t.sol', 'flap.t.sol', 'heal.sol', 'flap.sol', 'drip.sol', 'tune.sol', 'bite.sol']
1,['flop.sol', 'frob.sol', 'flip.t.sol', 'flop.t.sol', 'flap.t.sol', 'heal.sol', 'flap.sol', 'frob.t.sol', 'tune.sol', 'bite.sol']
1,['flop.sol', 'frob.sol', 'flip.t.sol', 'flop.t.sol', 'flap.t.sol', 'heal.sol', 'drip.sol', 'frob.t.sol', 'tune.sol', 'bite.sol']
2,['flop.sol', 'frob.sol', 'flip.t.sol', 'flop.t.sol', 'flap.t.sol', 'drip.t.sol', 'heal.t.sol', 'flap.sol', 'drip.sol', 'frob.t.sol']
1,['flop.sol', 'frob.sol', 'flip.t.sol', 'flop.t.sol', 'flap.t.sol', 'drip.t.sol', 'heal.t.sol', 'flap.sol', 'drip.sol', 'tune.sol']
1,['flop.sol', 'frob.sol', 'flip.t.sol', 'flop.t.sol', 'flap.t.sol', 'drip.t.sol', 'heal.t.sol', 'flap.sol', 'drip.sol', 'bite.sol']
2,['flop.sol', 'frob.sol', 'flip.t.sol', 'flop.t.sol', 'flap.t.sol', 'drip.t.sol', 'heal.t.sol', 'flap.sol', 'frob.t.sol', 'tune.sol']
1,['flop.sol', 'frob.sol', 'flip.t.sol', 'flop.t.sol', 'flap.t.sol', 'drip.t.sol', 'heal.t.sol', 'flap.sol', 'frob.t.sol', 'bite.sol']
1,['flop.sol', 'frob.sol', 'flip.t.sol', 'flop.t.sol', 'flap.t.sol', 'drip.t.sol', 'heal.t.sol', 'flap.sol', 'tune.sol', 'bite.sol']
1,['flop.sol', 'frob.sol', 'flip.t.sol', 'flop.t.sol', 'flap.t.sol', 'drip.t.sol', 'heal.t.sol', 'drip.sol', 'frob.t.sol', 'tune.sol']
1,['flop.sol', 'frob.sol', 'flip.t.sol', 'flop.t.sol', 'flap.t.sol', 'drip.t.sol', 'heal.t.sol', 'drip.sol', 'frob.t.sol', 'bite.sol']
1,['flop.sol', 'frob.sol', 'flip.t.sol', 'flop.t.sol', 'flap.t.sol', 'drip.t.sol', 'heal.t.sol', 'drip.sol', 'tune.sol', 'bite.sol']
1,['flop.sol', 'frob.sol', 'flip.t.sol', 'flop.t.sol', 'flap.t.sol', 'drip.t.sol', 'heal.t.sol', 'frob.t.sol', 'tune.sol', 'bite.sol']
1,['flop.sol', 'frob.sol', 'flip.t.sol', 'flop.t.sol', 'flap.t.sol', 'drip.t.sol', 'flap.sol', 'drip.sol', 'frob.t.sol', 'tune.sol']
2,['flop.sol', 'frob.sol', 'flip.t.sol', 'flop.t.sol', 'flap.t.sol', 'drip.t.sol', 'flap.sol', 'drip.sol', 'frob.t.sol', 'bite.sol']
1,['flop.sol', 'frob.sol', 'flip.t.sol', 'flop.t.sol', 'flap.t.sol', 'drip.t.sol', 'flap.sol', 'drip.sol', 'tune.sol', 'bite.sol']
1,['flop.sol', 'frob.sol', 'flip.t.sol', 'flop.t.sol', 'flap.t.sol', 'drip.t.sol', 'flap.sol', 'frob.t.sol', 'tune.sol', 'bite.sol']
1,['flop.sol', 'frob.sol', 'flip.t.sol', 'flop.t.sol', 'flap.t.sol', 'drip.t.sol', 'drip.sol', 'frob.t.sol', 'tune.sol', 'bite.sol']
2,['flop.sol', 'frob.sol', 'flip.t.sol', 'flop.t.sol', 'flap.t.sol', 'heal.t.sol', 'flap.sol', 'drip.sol', 'frob.t.sol', 'tune.sol']
2,['flop.sol', 'frob.sol', 'flip.t.sol', 'flop.t.sol', 'flap.t.sol', 'heal.t.sol', 'flap.sol', 'drip.sol', 'frob.t.sol', 'bite.sol']
1,['flop.sol', 'frob.sol', 'flip.t.sol', 'flop.t.sol', 'flap.t.sol', 'heal.t.sol', 'flap.sol', 'drip.sol', 'tune.sol', 'bite.sol']
2,['flop.sol', 'frob.sol', 'flip.t.sol', 'flop.t.sol', 'flap.t.sol', 'heal.t.sol', 'flap.sol', 'frob.t.sol', 'tune.sol', 'bite.sol']
2,['flop.sol', 'frob.sol', 'flip.t.sol', 'flop.t.sol', 'flap.t.sol', 'heal.t.sol', 'drip.sol', 'frob.t.sol', 'tune.sol', 'bite.sol']
1,['flop.sol', 'frob.sol', 'flip.t.sol', 'flop.t.sol', 'flap.t.sol', 'flap.sol', 'drip.sol', 'frob.t.sol', 'tune.sol', 'bite.sol']
2,['flop.sol', 'frob.sol', 'flip.t.sol', 'flop.t.sol', 'heal.sol', 'drip.t.sol', 'heal.t.sol', 'flap.sol', 'drip.sol', 'frob.t.sol']
1,['flop.sol', 'frob.sol', 'flip.t.sol', 'flop.t.sol', 'heal.sol', 'drip.t.sol', 'heal.t.sol', 'flap.sol', 'drip.sol', 'tune.sol']
1,['flop.sol', 'frob.sol', 'flip.t.sol', 'flop.t.sol', 'heal.sol', 'drip.t.sol', 'heal.t.sol', 'flap.sol', 'drip.sol', 'bite.sol']
1,['flop.sol', 'frob.sol', 'flip.t.sol', 'flop.t.sol', 'heal.sol', 'drip.t.sol', 'heal.t.sol', 'flap.sol', 'frob.t.sol', 'tune.sol']
2,['flop.sol', 'frob.sol', 'flip.t.sol', 'flop.t.sol', 'heal.sol', 'drip.t.sol', 'heal.t.sol', 'flap.sol', 'frob.t.sol', 'bite.sol']
1,['flop.sol', 'frob.sol', 'flip.t.sol', 'flop.t.sol', 'heal.sol', 'drip.t.sol', 'heal.t.sol', 'flap.sol', 'tune.sol', 'bite.sol']
1,['flop.sol', 'frob.sol', 'flip.t.sol', 'flop.t.sol', 'heal.sol', 'drip.t.sol', 'heal.t.sol', 'drip.sol', 'frob.t.sol', 'tune.sol']
1,['flop.sol', 'frob.sol', 'flip.t.sol', 'flop.t.sol', 'heal.sol', 'drip.t.sol', 'heal.t.sol', 'drip.sol', 'frob.t.sol', 'bite.sol']
1,['flop.sol', 'frob.sol', 'flip.t.sol', 'flop.t.sol', 'heal.sol', 'drip.t.sol', 'heal.t.sol', 'drip.sol', 'tune.sol', 'bite.sol']
1,['flop.sol', 'frob.sol', 'flip.t.sol', 'flop.t.sol', 'heal.sol', 'drip.t.sol', 'heal.t.sol', 'frob.t.sol', 'tune.sol', 'bite.sol']
1,['flop.sol', 'frob.sol', 'flip.t.sol', 'flop.t.sol', 'heal.sol', 'drip.t.sol', 'flap.sol', 'drip.sol', 'frob.t.sol', 'tune.sol']
2,['flop.sol', 'frob.sol', 'flip.t.sol', 'flop.t.sol', 'heal.sol', 'drip.t.sol', 'flap.sol', 'drip.sol', 'frob.t.sol', 'bite.sol']
1,['flop.sol', 'frob.sol', 'flip.t.sol', 'flop.t.sol', 'heal.sol', 'drip.t.sol', 'flap.sol', 'drip.sol', 'tune.sol', 'bite.sol']
1,['flop.sol', 'frob.sol', 'flip.t.sol', 'flop.t.sol', 'heal.sol', 'drip.t.sol', 'flap.sol', 'frob.t.sol', 'tune.sol', 'bite.sol']
1,['flop.sol', 'frob.sol', 'flip.t.sol', 'flop.t.sol', 'heal.sol', 'drip.t.sol', 'drip.sol', 'frob.t.sol', 'tune.sol', 'bite.sol']
2,['flop.sol', 'frob.sol', 'flip.t.sol', 'flop.t.sol', 'heal.sol', 'heal.t.sol', 'flap.sol', 'drip.sol', 'frob.t.sol', 'tune.sol']
2,['flop.sol', 'frob.sol', 'flip.t.sol', 'flop.t.sol', 'heal.sol', 'heal.t.sol', 'flap.sol', 'drip.sol', 'frob.t.sol', 'bite.sol']
2,['flop.sol', 'frob.sol', 'flip.t.sol', 'flop.t.sol', 'heal.sol', 'heal.t.sol', 'flap.sol', 'drip.sol', 'tune.sol', 'bite.sol']
2,['flop.sol', 'frob.sol', 'flip.t.sol', 'flop.t.sol', 'heal.sol', 'heal.t.sol', 'flap.sol', 'frob.t.sol', 'tune.sol', 'bite.sol']
2,['flop.sol', 'frob.sol', 'flip.t.sol', 'flop.t.sol', 'heal.sol', 'heal.t.sol', 'drip.sol', 'frob.t.sol', 'tune.sol', 'bite.sol']
2,['flop.sol', 'frob.sol', 'flip.t.sol', 'flop.t.sol', 'heal.sol', 'flap.sol', 'drip.sol', 'frob.t.sol', 'tune.sol', 'bite.sol']
1,['flop.sol', 'frob.sol', 'flip.t.sol', 'flop.t.sol', 'drip.t.sol', 'heal.t.sol', 'flap.sol', 'drip.sol', 'frob.t.sol', 'tune.sol']
1,['flop.sol', 'frob.sol', 'flip.t.sol', 'flop.t.sol', 'drip.t.sol', 'heal.t.sol', 'flap.sol', 'drip.sol', 'frob.t.sol', 'bite.sol']
1,['flop.sol', 'frob.sol', 'flip.t.sol', 'flop.t.sol', 'drip.t.sol', 'heal.t.sol', 'flap.sol', 'drip.sol', 'tune.sol', 'bite.sol']
1,['flop.sol', 'frob.sol', 'flip.t.sol', 'flop.t.sol', 'drip.t.sol', 'heal.t.sol', 'flap.sol', 'frob.t.sol', 'tune.sol', 'bite.sol']
1,['flop.sol', 'frob.sol', 'flip.t.sol', 'flop.t.sol', 'drip.t.sol', 'heal.t.sol', 'drip.sol', 'frob.t.sol', 'tune.sol', 'bite.sol']
1,['flop.sol', 'frob.sol', 'flip.t.sol', 'flop.t.sol', 'drip.t.sol', 'flap.sol', 'drip.sol', 'frob.t.sol', 'tune.sol', 'bite.sol']
2,['flop.sol', 'frob.sol', 'flip.t.sol', 'flop.t.sol', 'heal.t.sol', 'flap.sol', 'drip.sol', 'frob.t.sol', 'tune.sol', 'bite.sol']
2,['flop.sol', 'frob.sol', 'flip.t.sol', 'flap.t.sol', 'heal.sol', 'drip.t.sol', 'heal.t.sol', 'flap.sol', 'drip.sol', 'frob.t.sol']
1,['flop.sol', 'frob.sol', 'flip.t.sol', 'flap.t.sol', 'heal.sol', 'drip.t.sol', 'heal.t.sol', 'flap.sol', 'drip.sol', 'tune.sol']
1,['flop.sol', 'frob.sol', 'flip.t.sol', 'flap.t.sol', 'heal.sol', 'drip.t.sol', 'heal.t.sol', 'flap.sol', 'drip.sol', 'bite.sol']
1,['flop.sol', 'frob.sol', 'flip.t.sol', 'flap.t.sol', 'heal.sol', 'drip.t.sol', 'heal.t.sol', 'flap.sol', 'frob.t.sol', 'tune.sol']
2,['flop.sol', 'frob.sol', 'flip.t.sol', 'flap.t.sol', 'heal.sol', 'drip.t.sol', 'heal.t.sol', 'flap.sol', 'frob.t.sol', 'bite.sol']
1,['flop.sol', 'frob.sol', 'flip.t.sol', 'flap.t.sol', 'heal.sol', 'drip.t.sol', 'heal.t.sol', 'flap.sol', 'tune.sol', 'bite.sol']
1,['flop.sol', 'frob.sol', 'flip.t.sol', 'flap.t.sol', 'heal.sol', 'drip.t.sol', 'heal.t.sol', 'drip.sol', 'frob.t.sol', 'tune.sol']
1,['flop.sol', 'frob.sol', 'flip.t.sol', 'flap.t.sol', 'heal.sol', 'drip.t.sol', 'heal.t.sol', 'drip.sol', 'frob.t.sol', 'bite.sol']
1,['flop.sol', 'frob.sol', 'flip.t.sol', 'flap.t.sol', 'heal.sol', 'drip.t.sol', 'heal.t.sol', 'drip.sol', 'tune.sol', 'bite.sol']
1,['flop.sol', 'frob.sol', 'flip.t.sol', 'flap.t.sol', 'heal.sol', 'drip.t.sol', 'heal.t.sol', 'frob.t.sol', 'tune.sol', 'bite.sol']
1,['flop.sol', 'frob.sol', 'flip.t.sol', 'flap.t.sol', 'heal.sol', 'drip.t.sol', 'flap.sol', 'drip.sol', 'frob.t.sol', 'tune.sol']
1,['flop.sol', 'frob.sol', 'flip.t.sol', 'flap.t.sol', 'heal.sol', 'drip.t.sol', 'flap.sol', 'drip.sol', 'frob.t.sol', 'bite.sol']
1,['flop.sol', 'frob.sol', 'flip.t.sol', 'flap.t.sol', 'heal.sol', 'drip.t.sol', 'flap.sol', 'drip.sol', 'tune.sol', 'bite.sol']
1,['flop.sol', 'frob.sol', 'flip.t.sol', 'flap.t.sol', 'heal.sol', 'drip.t.sol', 'flap.sol', 'frob.t.sol', 'tune.sol', 'bite.sol']
1,['flop.sol', 'frob.sol', 'flip.t.sol', 'flap.t.sol', 'heal.sol', 'drip.t.sol', 'drip.sol', 'frob.t.sol', 'tune.sol', 'bite.sol']
2,['flop.sol', 'frob.sol', 'flip.t.sol', 'flap.t.sol', 'heal.sol', 'heal.t.sol', 'flap.sol', 'drip.sol', 'frob.t.sol', 'tune.sol']
2,['flop.sol', 'frob.sol', 'flip.t.sol', 'flap.t.sol', 'heal.sol', 'heal.t.sol', 'flap.sol', 'drip.sol', 'frob.t.sol', 'bite.sol']
2,['flop.sol', 'frob.sol', 'flip.t.sol', 'flap.t.sol', 'heal.sol', 'heal.t.sol', 'flap.sol', 'drip.sol', 'tune.sol', 'bite.sol']
2,['flop.sol', 'frob.sol', 'flip.t.sol', 'flap.t.sol', 'heal.sol', 'heal.t.sol', 'flap.sol', 'frob.t.sol', 'tune.sol', 'bite.sol']
1,['flop.sol', 'frob.sol', 'flip.t.sol', 'flap.t.sol', 'heal.sol', 'heal.t.sol', 'drip.sol', 'frob.t.sol', 'tune.sol', 'bite.sol']
1,['flop.sol', 'frob.sol', 'flip.t.sol', 'flap.t.sol', 'heal.sol', 'flap.sol', 'drip.sol', 'frob.t.sol', 'tune.sol', 'bite.sol']
1,['flop.sol', 'frob.sol', 'flip.t.sol', 'flap.t.sol', 'drip.t.sol', 'heal.t.sol', 'flap.sol', 'drip.sol', 'frob.t.sol', 'tune.sol']
1,['flop.sol', 'frob.sol', 'flip.t.sol', 'flap.t.sol', 'drip.t.sol', 'heal.t.sol', 'flap.sol', 'drip.sol', 'frob.t.sol', 'bite.sol']
1,['flop.sol', 'frob.sol', 'flip.t.sol', 'flap.t.sol', 'drip.t.sol', 'heal.t.sol', 'flap.sol', 'drip.sol', 'tune.sol', 'bite.sol']
1,['flop.sol', 'frob.sol', 'flip.t.sol', 'flap.t.sol', 'drip.t.sol', 'heal.t.sol', 'flap.sol', 'frob.t.sol', 'tune.sol', 'bite.sol']
1,['flop.sol', 'frob.sol', 'flip.t.sol', 'flap.t.sol', 'drip.t.sol', 'heal.t.sol', 'drip.sol', 'frob.t.sol', 'tune.sol', 'bite.sol']
1,['flop.sol', 'frob.sol', 'flip.t.sol', 'flap.t.sol', 'drip.t.sol', 'flap.sol', 'drip.sol', 'frob.t.sol', 'tune.sol', 'bite.sol']
2,['flop.sol', 'frob.sol', 'flip.t.sol', 'flap.t.sol', 'heal.t.sol', 'flap.sol', 'drip.sol', 'frob.t.sol', 'tune.sol', 'bite.sol']
1,['flop.sol', 'frob.sol', 'flip.t.sol', 'heal.sol', 'drip.t.sol', 'heal.t.sol', 'flap.sol', 'drip.sol', 'frob.t.sol', 'tune.sol']
1,['flop.sol', 'frob.sol', 'flip.t.sol', 'heal.sol', 'drip.t.sol', 'heal.t.sol', 'flap.sol', 'drip.sol', 'frob.t.sol', 'bite.sol']
1,['flop.sol', 'frob.sol', 'flip.t.sol', 'heal.sol', 'drip.t.sol', 'heal.t.sol', 'flap.sol', 'drip.sol', 'tune.sol', 'bite.sol']
1,['flop.sol', 'frob.sol', 'flip.t.sol', 'heal.sol', 'drip.t.sol', 'heal.t.sol', 'flap.sol', 'frob.t.sol', 'tune.sol', 'bite.sol']
1,['flop.sol', 'frob.sol', 'flip.t.sol', 'heal.sol', 'drip.t.sol', 'heal.t.sol', 'drip.sol', 'frob.t.sol', 'tune.sol', 'bite.sol']
1,['flop.sol', 'frob.sol', 'flip.t.sol', 'heal.sol', 'drip.t.sol', 'flap.sol', 'drip.sol', 'frob.t.sol', 'tune.sol', 'bite.sol']
2,['flop.sol', 'frob.sol', 'flip.t.sol', 'heal.sol', 'heal.t.sol', 'flap.sol', 'drip.sol', 'frob.t.sol', 'tune.sol', 'bite.sol']
1,['flop.sol', 'frob.sol', 'flip.t.sol', 'drip.t.sol', 'heal.t.sol', 'flap.sol', 'drip.sol', 'frob.t.sol', 'tune.sol', 'bite.sol']
1,['flop.sol', 'frob.sol', 'move.sol', 'flop.t.sol', 'flap.t.sol', 'heal.sol', 'drip.t.sol', 'heal.t.sol', 'flap.sol', 'drip.sol']
2,['flop.sol', 'frob.sol', 'move.sol', 'flop.t.sol', 'flap.t.sol', 'heal.sol', 'drip.t.sol', 'heal.t.sol', 'flap.sol', 'frob.t.sol']
1,['flop.sol', 'frob.sol', 'move.sol', 'flop.t.sol', 'flap.t.sol', 'heal.sol', 'drip.t.sol', 'heal.t.sol', 'flap.sol', 'tune.sol']
1,['flop.sol', 'frob.sol', 'move.sol', 'flop.t.sol', 'flap.t.sol', 'heal.sol', 'drip.t.sol', 'heal.t.sol', 'flap.sol', 'bite.sol']
2,['flop.sol', 'frob.sol', 'move.sol', 'flop.t.sol', 'flap.t.sol', 'heal.sol', 'drip.t.sol', 'heal.t.sol', 'drip.sol', 'frob.t.sol']
1,['flop.sol', 'frob.sol', 'move.sol', 'flop.t.sol', 'flap.t.sol', 'heal.sol', 'drip.t.sol', 'heal.t.sol', 'drip.sol', 'tune.sol']
1,['flop.sol', 'frob.sol', 'move.sol', 'flop.t.sol', 'flap.t.sol', 'heal.sol', 'drip.t.sol', 'heal.t.sol', 'drip.sol', 'bite.sol']
1,['flop.sol', 'frob.sol', 'move.sol', 'flop.t.sol', 'flap.t.sol', 'heal.sol', 'drip.t.sol', 'heal.t.sol', 'frob.t.sol', 'tune.sol']
2,['flop.sol', 'frob.sol', 'move.sol', 'flop.t.sol', 'flap.t.sol', 'heal.sol', 'drip.t.sol', 'heal.t.sol', 'frob.t.sol', 'bite.sol']
1,['flop.sol', 'frob.sol', 'move.sol', 'flop.t.sol', 'flap.t.sol', 'heal.sol', 'drip.t.sol', 'heal.t.sol', 'tune.sol', 'bite.sol']
2,['flop.sol', 'frob.sol', 'move.sol', 'flop.t.sol', 'flap.t.sol', 'heal.sol', 'drip.t.sol', 'flap.sol', 'drip.sol', 'frob.t.sol']
2,['flop.sol', 'frob.sol', 'move.sol', 'flop.t.sol', 'flap.t.sol', 'heal.sol', 'drip.t.sol', 'flap.sol', 'drip.sol', 'tune.sol']
2,['flop.sol', 'frob.sol', 'move.sol', 'flop.t.sol', 'flap.t.sol', 'heal.sol', 'drip.t.sol', 'flap.sol', 'drip.sol', 'bite.sol']
1,['flop.sol', 'frob.sol', 'move.sol', 'flop.t.sol', 'flap.t.sol', 'heal.sol', 'drip.t.sol', 'flap.sol', 'frob.t.sol', 'tune.sol']
2,['flop.sol', 'frob.sol', 'move.sol', 'flop.t.sol', 'flap.t.sol', 'heal.sol', 'drip.t.sol', 'flap.sol', 'frob.t.sol', 'bite.sol']
2,['flop.sol', 'frob.sol', 'move.sol', 'flop.t.sol', 'flap.t.sol', 'heal.sol', 'drip.t.sol', 'flap.sol', 'tune.sol', 'bite.sol']
1,['flop.sol', 'frob.sol', 'move.sol', 'flop.t.sol', 'flap.t.sol', 'heal.sol', 'drip.t.sol', 'drip.sol', 'frob.t.sol', 'tune.sol']
1,['flop.sol', 'frob.sol', 'move.sol', 'flop.t.sol', 'flap.t.sol', 'heal.sol', 'drip.t.sol', 'drip.sol', 'frob.t.sol', 'bite.sol']
1,['flop.sol', 'frob.sol', 'move.sol', 'flop.t.sol', 'flap.t.sol', 'heal.sol', 'drip.t.sol', 'drip.sol', 'tune.sol', 'bite.sol']
1,['flop.sol', 'frob.sol', 'move.sol', 'flop.t.sol', 'flap.t.sol', 'heal.sol', 'drip.t.sol', 'frob.t.sol', 'tune.sol', 'bite.sol']
2,['flop.sol', 'frob.sol', 'move.sol', 'flop.t.sol', 'flap.t.sol', 'heal.sol', 'heal.t.sol', 'flap.sol', 'drip.sol', 'frob.t.sol']
2,['flop.sol', 'frob.sol', 'move.sol', 'flop.t.sol', 'flap.t.sol', 'heal.sol', 'heal.t.sol', 'flap.sol', 'drip.sol', 'tune.sol']
2,['flop.sol', 'frob.sol', 'move.sol', 'flop.t.sol', 'flap.t.sol', 'heal.sol', 'heal.t.sol', 'flap.sol', 'drip.sol', 'bite.sol']
2,['flop.sol', 'frob.sol', 'move.sol', 'flop.t.sol', 'flap.t.sol', 'heal.sol', 'heal.t.sol', 'flap.sol', 'frob.t.sol', 'tune.sol']
2,['flop.sol', 'frob.sol', 'move.sol', 'flop.t.sol', 'flap.t.sol', 'heal.sol', 'heal.t.sol', 'flap.sol', 'frob.t.sol', 'bite.sol']
2,['flop.sol', 'frob.sol', 'move.sol', 'flop.t.sol', 'flap.t.sol', 'heal.sol', 'heal.t.sol', 'flap.sol', 'tune.sol', 'bite.sol']
2,['flop.sol', 'frob.sol', 'move.sol', 'flop.t.sol', 'flap.t.sol', 'heal.sol', 'heal.t.sol', 'drip.sol', 'frob.t.sol', 'tune.sol']
2,['flop.sol', 'frob.sol', 'move.sol', 'flop.t.sol', 'flap.t.sol', 'heal.sol', 'heal.t.sol', 'drip.sol', 'frob.t.sol', 'bite.sol']
2,['flop.sol', 'frob.sol', 'move.sol', 'flop.t.sol', 'flap.t.sol', 'heal.sol', 'heal.t.sol', 'drip.sol', 'tune.sol', 'bite.sol']
2,['flop.sol', 'frob.sol', 'move.sol', 'flop.t.sol', 'flap.t.sol', 'heal.sol', 'heal.t.sol', 'frob.t.sol', 'tune.sol', 'bite.sol']
2,['flop.sol', 'frob.sol', 'move.sol', 'flop.t.sol', 'flap.t.sol', 'heal.sol', 'flap.sol', 'drip.sol', 'frob.t.sol', 'tune.sol']
2,['flop.sol', 'frob.sol', 'move.sol', 'flop.t.sol', 'flap.t.sol', 'heal.sol', 'flap.sol', 'drip.sol', 'frob.t.sol', 'bite.sol']
1,['flop.sol', 'frob.sol', 'move.sol', 'flop.t.sol', 'flap.t.sol', 'heal.sol', 'flap.sol', 'drip.sol', 'tune.sol', 'bite.sol']
2,['flop.sol', 'frob.sol', 'move.sol', 'flop.t.sol', 'flap.t.sol', 'heal.sol', 'flap.sol', 'frob.t.sol', 'tune.sol', 'bite.sol']
2,['flop.sol', 'frob.sol', 'move.sol', 'flop.t.sol', 'flap.t.sol', 'heal.sol', 'drip.sol', 'frob.t.sol', 'tune.sol', 'bite.sol']
2,['flop.sol', 'frob.sol', 'move.sol', 'flop.t.sol', 'flap.t.sol', 'drip.t.sol', 'heal.t.sol', 'flap.sol', 'drip.sol', 'frob.t.sol']
2,['flop.sol', 'frob.sol', 'move.sol', 'flop.t.sol', 'flap.t.sol', 'drip.t.sol', 'heal.t.sol', 'flap.sol', 'drip.sol', 'tune.sol']
1,['flop.sol', 'frob.sol', 'move.sol', 'flop.t.sol', 'flap.t.sol', 'drip.t.sol', 'heal.t.sol', 'flap.sol', 'drip.sol', 'bite.sol']
2,['flop.sol', 'frob.sol', 'move.sol', 'flop.t.sol', 'flap.t.sol', 'drip.t.sol', 'heal.t.sol', 'flap.sol', 'frob.t.sol', 'tune.sol']
2,['flop.sol', 'frob.sol', 'move.sol', 'flop.t.sol', 'flap.t.sol', 'drip.t.sol', 'heal.t.sol', 'flap.sol', 'frob.t.sol', 'bite.sol']
2,['flop.sol', 'frob.sol', 'move.sol', 'flop.t.sol', 'flap.t.sol', 'drip.t.sol', 'heal.t.sol', 'flap.sol', 'tune.sol', 'bite.sol']
1,['flop.sol', 'frob.sol', 'move.sol', 'flop.t.sol', 'flap.t.sol', 'drip.t.sol', 'heal.t.sol', 'drip.sol', 'frob.t.sol', 'tune.sol']
2,['flop.sol', 'frob.sol', 'move.sol', 'flop.t.sol', 'flap.t.sol', 'drip.t.sol', 'heal.t.sol', 'drip.sol', 'frob.t.sol', 'bite.sol']
1,['flop.sol', 'frob.sol', 'move.sol', 'flop.t.sol', 'flap.t.sol', 'drip.t.sol', 'heal.t.sol', 'drip.sol', 'tune.sol', 'bite.sol']
1,['flop.sol', 'frob.sol', 'move.sol', 'flop.t.sol', 'flap.t.sol', 'drip.t.sol', 'heal.t.sol', 'frob.t.sol', 'tune.sol', 'bite.sol']
1,['flop.sol', 'frob.sol', 'move.sol', 'flop.t.sol', 'flap.t.sol', 'drip.t.sol', 'flap.sol', 'drip.sol', 'frob.t.sol', 'tune.sol']
1,['flop.sol', 'frob.sol', 'move.sol', 'flop.t.sol', 'flap.t.sol', 'drip.t.sol', 'flap.sol', 'drip.sol', 'frob.t.sol', 'bite.sol']
2,['flop.sol', 'frob.sol', 'move.sol', 'flop.t.sol', 'flap.t.sol', 'drip.t.sol', 'flap.sol', 'drip.sol', 'tune.sol', 'bite.sol']
2,['flop.sol', 'frob.sol', 'move.sol', 'flop.t.sol', 'flap.t.sol', 'drip.t.sol', 'flap.sol', 'frob.t.sol', 'tune.sol', 'bite.sol']
2,['flop.sol', 'frob.sol', 'move.sol', 'flop.t.sol', 'flap.t.sol', 'drip.t.sol', 'drip.sol', 'frob.t.sol', 'tune.sol', 'bite.sol']
2,['flop.sol', 'frob.sol', 'move.sol', 'flop.t.sol', 'flap.t.sol', 'heal.t.sol', 'flap.sol', 'drip.sol', 'frob.t.sol', 'tune.sol']
2,['flop.sol', 'frob.sol', 'move.sol', 'flop.t.sol', 'flap.t.sol', 'heal.t.sol', 'flap.sol', 'drip.sol', 'frob.t.sol', 'bite.sol']
2,['flop.sol', 'frob.sol', 'move.sol', 'flop.t.sol', 'flap.t.sol', 'heal.t.sol', 'flap.sol', 'drip.sol', 'tune.sol', 'bite.sol']
2,['flop.sol', 'frob.sol', 'move.sol', 'flop.t.sol', 'flap.t.sol', 'heal.t.sol', 'flap.sol', 'frob.t.sol', 'tune.sol', 'bite.sol']
2,['flop.sol', 'frob.sol', 'move.sol', 'flop.t.sol', 'flap.t.sol', 'heal.t.sol', 'drip.sol', 'frob.t.sol', 'tune.sol', 'bite.sol']
1,['flop.sol', 'frob.sol', 'move.sol', 'flop.t.sol', 'flap.t.sol', 'flap.sol', 'drip.sol', 'frob.t.sol', 'tune.sol', 'bite.sol']
2,['flop.sol', 'frob.sol', 'move.sol', 'flop.t.sol', 'heal.sol', 'drip.t.sol', 'heal.t.sol', 'flap.sol', 'drip.sol', 'frob.t.sol']
1,['flop.sol', 'frob.sol', 'move.sol', 'flop.t.sol', 'heal.sol', 'drip.t.sol', 'heal.t.sol', 'flap.sol', 'drip.sol', 'tune.sol']
2,['flop.sol', 'frob.sol', 'move.sol', 'flop.t.sol', 'heal.sol', 'drip.t.sol', 'heal.t.sol', 'flap.sol', 'drip.sol', 'bite.sol']
1,['flop.sol', 'frob.sol', 'move.sol', 'flop.t.sol', 'heal.sol', 'drip.t.sol', 'heal.t.sol', 'flap.sol', 'frob.t.sol', 'tune.sol']
2,['flop.sol', 'frob.sol', 'move.sol', 'flop.t.sol', 'heal.sol', 'drip.t.sol', 'heal.t.sol', 'flap.sol', 'frob.t.sol', 'bite.sol']
1,['flop.sol', 'frob.sol', 'move.sol', 'flop.t.sol', 'heal.sol', 'drip.t.sol', 'heal.t.sol', 'flap.sol', 'tune.sol', 'bite.sol']
1,['flop.sol', 'frob.sol', 'move.sol', 'flop.t.sol', 'heal.sol', 'drip.t.sol', 'heal.t.sol', 'drip.sol', 'frob.t.sol', 'tune.sol']
2,['flop.sol', 'frob.sol', 'move.sol', 'flop.t.sol', 'heal.sol', 'drip.t.sol', 'heal.t.sol', 'drip.sol', 'frob.t.sol', 'bite.sol']
1,['flop.sol', 'frob.sol', 'move.sol', 'flop.t.sol', 'heal.sol', 'drip.t.sol', 'heal.t.sol', 'drip.sol', 'tune.sol', 'bite.sol']
1,['flop.sol', 'frob.sol', 'move.sol', 'flop.t.sol', 'heal.sol', 'drip.t.sol', 'heal.t.sol', 'frob.t.sol', 'tune.sol', 'bite.sol']
1,['flop.sol', 'frob.sol', 'move.sol', 'flop.t.sol', 'heal.sol', 'drip.t.sol', 'flap.sol', 'drip.sol', 'frob.t.sol', 'tune.sol']
2,['flop.sol', 'frob.sol', 'move.sol', 'flop.t.sol', 'heal.sol', 'drip.t.sol', 'flap.sol', 'drip.sol', 'frob.t.sol', 'bite.sol']
1,['flop.sol', 'frob.sol', 'move.sol', 'flop.t.sol', 'heal.sol', 'drip.t.sol', 'flap.sol', 'drip.sol', 'tune.sol', 'bite.sol']
1,['flop.sol', 'frob.sol', 'move.sol', 'flop.t.sol', 'heal.sol', 'drip.t.sol', 'flap.sol', 'frob.t.sol', 'tune.sol', 'bite.sol']
1,['flop.sol', 'frob.sol', 'move.sol', 'flop.t.sol', 'heal.sol', 'drip.t.sol', 'drip.sol', 'frob.t.sol', 'tune.sol', 'bite.sol']
2,['flop.sol', 'frob.sol', 'move.sol', 'flop.t.sol', 'heal.sol', 'heal.t.sol', 'flap.sol', 'drip.sol', 'frob.t.sol', 'tune.sol']
2,['flop.sol', 'frob.sol', 'move.sol', 'flop.t.sol', 'heal.sol', 'heal.t.sol', 'flap.sol', 'drip.sol', 'frob.t.sol', 'bite.sol']
2,['flop.sol', 'frob.sol', 'move.sol', 'flop.t.sol', 'heal.sol', 'heal.t.sol', 'flap.sol', 'drip.sol', 'tune.sol', 'bite.sol']
2,['flop.sol', 'frob.sol', 'move.sol', 'flop.t.sol', 'heal.sol', 'heal.t.sol', 'flap.sol', 'frob.t.sol', 'tune.sol', 'bite.sol']
2,['flop.sol', 'frob.sol', 'move.sol', 'flop.t.sol', 'heal.sol', 'heal.t.sol', 'drip.sol', 'frob.t.sol', 'tune.sol', 'bite.sol']
2,['flop.sol', 'frob.sol', 'move.sol', 'flop.t.sol', 'heal.sol', 'flap.sol', 'drip.sol', 'frob.t.sol', 'tune.sol', 'bite.sol']
1,['flop.sol', 'frob.sol', 'move.sol', 'flop.t.sol', 'drip.t.sol', 'heal.t.sol', 'flap.sol', 'drip.sol', 'frob.t.sol', 'tune.sol']
2,['flop.sol', 'frob.sol', 'move.sol', 'flop.t.sol', 'drip.t.sol', 'heal.t.sol', 'flap.sol', 'drip.sol', 'frob.t.sol', 'bite.sol']
1,['flop.sol', 'frob.sol', 'move.sol', 'flop.t.sol', 'drip.t.sol', 'heal.t.sol', 'flap.sol', 'drip.sol', 'tune.sol', 'bite.sol']
1,['flop.sol', 'frob.sol', 'move.sol', 'flop.t.sol', 'drip.t.sol', 'heal.t.sol', 'flap.sol', 'frob.t.sol', 'tune.sol', 'bite.sol']
1,['flop.sol', 'frob.sol', 'move.sol', 'flop.t.sol', 'drip.t.sol', 'heal.t.sol', 'drip.sol', 'frob.t.sol', 'tune.sol', 'bite.sol']
2,['flop.sol', 'frob.sol', 'move.sol', 'flop.t.sol', 'drip.t.sol', 'flap.sol', 'drip.sol', 'frob.t.sol', 'tune.sol', 'bite.sol']
2,['flop.sol', 'frob.sol', 'move.sol', 'flop.t.sol', 'heal.t.sol', 'flap.sol', 'drip.sol', 'frob.t.sol', 'tune.sol', 'bite.sol']
2,['flop.sol', 'frob.sol', 'move.sol', 'flap.t.sol', 'heal.sol', 'drip.t.sol', 'heal.t.sol', 'flap.sol', 'drip.sol', 'frob.t.sol']
1,['flop.sol', 'frob.sol', 'move.sol', 'flap.t.sol', 'heal.sol', 'drip.t.sol', 'heal.t.sol', 'flap.sol', 'drip.sol', 'tune.sol']
1,['flop.sol', 'frob.sol', 'move.sol', 'flap.t.sol', 'heal.sol', 'drip.t.sol', 'heal.t.sol', 'flap.sol', 'drip.sol', 'bite.sol']
1,['flop.sol', 'frob.sol', 'move.sol', 'flap.t.sol', 'heal.sol', 'drip.t.sol', 'heal.t.sol', 'flap.sol', 'frob.t.sol', 'tune.sol']
2,['flop.sol', 'frob.sol', 'move.sol', 'flap.t.sol', 'heal.sol', 'drip.t.sol', 'heal.t.sol', 'flap.sol', 'frob.t.sol', 'bite.sol']
1,['flop.sol', 'frob.sol', 'move.sol', 'flap.t.sol', 'heal.sol', 'drip.t.sol', 'heal.t.sol', 'flap.sol', 'tune.sol', 'bite.sol']
1,['flop.sol', 'frob.sol', 'move.sol', 'flap.t.sol', 'heal.sol', 'drip.t.sol', 'heal.t.sol', 'drip.sol', 'frob.t.sol', 'tune.sol']
2,['flop.sol', 'frob.sol', 'move.sol', 'flap.t.sol', 'heal.sol', 'drip.t.sol', 'heal.t.sol', 'drip.sol', 'frob.t.sol', 'bite.sol']
1,['flop.sol', 'frob.sol', 'move.sol', 'flap.t.sol', 'heal.sol', 'drip.t.sol', 'heal.t.sol', 'drip.sol', 'tune.sol', 'bite.sol']
1,['flop.sol', 'frob.sol', 'move.sol', 'flap.t.sol', 'heal.sol', 'drip.t.sol', 'heal.t.sol', 'frob.t.sol', 'tune.sol', 'bite.sol']
1,['flop.sol', 'frob.sol', 'move.sol', 'flap.t.sol', 'heal.sol', 'drip.t.sol', 'flap.sol', 'drip.sol', 'frob.t.sol', 'tune.sol']
2,['flop.sol', 'frob.sol', 'move.sol', 'flap.t.sol', 'heal.sol', 'drip.t.sol', 'flap.sol', 'drip.sol', 'frob.t.sol', 'bite.sol']
1,['flop.sol', 'frob.sol', 'move.sol', 'flap.t.sol', 'heal.sol', 'drip.t.sol', 'flap.sol', 'drip.sol', 'tune.sol', 'bite.sol']
1,['flop.sol', 'frob.sol', 'move.sol', 'flap.t.sol', 'heal.sol', 'drip.t.sol', 'flap.sol', 'frob.t.sol', 'tune.sol', 'bite.sol']
1,['flop.sol', 'frob.sol', 'move.sol', 'flap.t.sol', 'heal.sol', 'drip.t.sol', 'drip.sol', 'frob.t.sol', 'tune.sol', 'bite.sol']
2,['flop.sol', 'frob.sol', 'move.sol', 'flap.t.sol', 'heal.sol', 'heal.t.sol', 'flap.sol', 'drip.sol', 'frob.t.sol', 'tune.sol']
2,['flop.sol', 'frob.sol', 'move.sol', 'flap.t.sol', 'heal.sol', 'heal.t.sol', 'flap.sol', 'drip.sol', 'frob.t.sol', 'bite.sol']
2,['flop.sol', 'frob.sol', 'move.sol', 'flap.t.sol', 'heal.sol', 'heal.t.sol', 'flap.sol', 'drip.sol', 'tune.sol', 'bite.sol']
2,['flop.sol', 'frob.sol', 'move.sol', 'flap.t.sol', 'heal.sol', 'heal.t.sol', 'flap.sol', 'frob.t.sol', 'tune.sol', 'bite.sol']
2,['flop.sol', 'frob.sol', 'move.sol', 'flap.t.sol', 'heal.sol', 'heal.t.sol', 'drip.sol', 'frob.t.sol', 'tune.sol', 'bite.sol']
2,['flop.sol', 'frob.sol', 'move.sol', 'flap.t.sol', 'heal.sol', 'flap.sol', 'drip.sol', 'frob.t.sol', 'tune.sol', 'bite.sol']
1,['flop.sol', 'frob.sol', 'move.sol', 'flap.t.sol', 'drip.t.sol', 'heal.t.sol', 'flap.sol', 'drip.sol', 'frob.t.sol', 'tune.sol']
2,['flop.sol', 'frob.sol', 'move.sol', 'flap.t.sol', 'drip.t.sol', 'heal.t.sol', 'flap.sol', 'drip.sol', 'frob.t.sol', 'bite.sol']
1,['flop.sol', 'frob.sol', 'move.sol', 'flap.t.sol', 'drip.t.sol', 'heal.t.sol', 'flap.sol', 'drip.sol', 'tune.sol', 'bite.sol']
1,['flop.sol', 'frob.sol', 'move.sol', 'flap.t.sol', 'drip.t.sol', 'heal.t.sol', 'flap.sol', 'frob.t.sol', 'tune.sol', 'bite.sol']
1,['flop.sol', 'frob.sol', 'move.sol', 'flap.t.sol', 'drip.t.sol', 'heal.t.sol', 'drip.sol', 'frob.t.sol', 'tune.sol', 'bite.sol']
2,['flop.sol', 'frob.sol', 'move.sol', 'flap.t.sol', 'drip.t.sol', 'flap.sol', 'drip.sol', 'frob.t.sol', 'tune.sol', 'bite.sol']
2,['flop.sol', 'frob.sol', 'move.sol', 'flap.t.sol', 'heal.t.sol', 'flap.sol', 'drip.sol', 'frob.t.sol', 'tune.sol', 'bite.sol']
1,['flop.sol', 'frob.sol', 'move.sol', 'heal.sol', 'drip.t.sol', 'heal.t.sol', 'flap.sol', 'drip.sol', 'frob.t.sol', 'tune.sol']
1,['flop.sol', 'frob.sol', 'move.sol', 'heal.sol', 'drip.t.sol', 'heal.t.sol', 'flap.sol', 'drip.sol', 'frob.t.sol', 'bite.sol']
1,['flop.sol', 'frob.sol', 'move.sol', 'heal.sol', 'drip.t.sol', 'heal.t.sol', 'flap.sol', 'drip.sol', 'tune.sol', 'bite.sol']
1,['flop.sol', 'frob.sol', 'move.sol', 'heal.sol', 'drip.t.sol', 'heal.t.sol', 'flap.sol', 'frob.t.sol', 'tune.sol', 'bite.sol']
1,['flop.sol', 'frob.sol', 'move.sol', 'heal.sol', 'drip.t.sol', 'heal.t.sol', 'drip.sol', 'frob.t.sol', 'tune.sol', 'bite.sol']
1,['flop.sol', 'frob.sol', 'move.sol', 'heal.sol', 'drip.t.sol', 'flap.sol', 'drip.sol', 'frob.t.sol', 'tune.sol', 'bite.sol']
2,['flop.sol', 'frob.sol', 'move.sol', 'heal.sol', 'heal.t.sol', 'flap.sol', 'drip.sol', 'frob.t.sol', 'tune.sol', 'bite.sol']
1,['flop.sol', 'frob.sol', 'move.sol', 'drip.t.sol', 'heal.t.sol', 'flap.sol', 'drip.sol', 'frob.t.sol', 'tune.sol', 'bite.sol']
2,['flop.sol', 'frob.sol', 'flop.t.sol', 'flap.t.sol', 'heal.sol', 'drip.t.sol', 'heal.t.sol', 'flap.sol', 'drip.sol', 'frob.t.sol']
1,['flop.sol', 'frob.sol', 'flop.t.sol', 'flap.t.sol', 'heal.sol', 'drip.t.sol', 'heal.t.sol', 'flap.sol', 'drip.sol', 'tune.sol']
1,['flop.sol', 'frob.sol', 'flop.t.sol', 'flap.t.sol', 'heal.sol', 'drip.t.sol', 'heal.t.sol', 'flap.sol', 'drip.sol', 'bite.sol']
2,['flop.sol', 'frob.sol', 'flop.t.sol', 'flap.t.sol', 'heal.sol', 'drip.t.sol', 'heal.t.sol', 'flap.sol', 'frob.t.sol', 'tune.sol']
2,['flop.sol', 'frob.sol', 'flop.t.sol', 'flap.t.sol', 'heal.sol', 'drip.t.sol', 'heal.t.sol', 'flap.sol', 'frob.t.sol', 'bite.sol']
1,['flop.sol', 'frob.sol', 'flop.t.sol', 'flap.t.sol', 'heal.sol', 'drip.t.sol', 'heal.t.sol', 'flap.sol', 'tune.sol', 'bite.sol']
1,['flop.sol', 'frob.sol', 'flop.t.sol', 'flap.t.sol', 'heal.sol', 'drip.t.sol', 'heal.t.sol', 'drip.sol', 'frob.t.sol', 'tune.sol']
2,['flop.sol', 'frob.sol', 'flop.t.sol', 'flap.t.sol', 'heal.sol', 'drip.t.sol', 'heal.t.sol', 'drip.sol', 'frob.t.sol', 'bite.sol']
1,['flop.sol', 'frob.sol', 'flop.t.sol', 'flap.t.sol', 'heal.sol', 'drip.t.sol', 'heal.t.sol', 'drip.sol', 'tune.sol', 'bite.sol']
1,['flop.sol', 'frob.sol', 'flop.t.sol', 'flap.t.sol', 'heal.sol', 'drip.t.sol', 'heal.t.sol', 'frob.t.sol', 'tune.sol', 'bite.sol']
1,['flop.sol', 'frob.sol', 'flop.t.sol', 'flap.t.sol', 'heal.sol', 'drip.t.sol', 'flap.sol', 'drip.sol', 'frob.t.sol', 'tune.sol']
2,['flop.sol', 'frob.sol', 'flop.t.sol', 'flap.t.sol', 'heal.sol', 'drip.t.sol', 'flap.sol', 'drip.sol', 'frob.t.sol', 'bite.sol']
1,['flop.sol', 'frob.sol', 'flop.t.sol', 'flap.t.sol', 'heal.sol', 'drip.t.sol', 'flap.sol', 'drip.sol', 'tune.sol', 'bite.sol']
1,['flop.sol', 'frob.sol', 'flop.t.sol', 'flap.t.sol', 'heal.sol', 'drip.t.sol', 'flap.sol', 'frob.t.sol', 'tune.sol', 'bite.sol']
1,['flop.sol', 'frob.sol', 'flop.t.sol', 'flap.t.sol', 'heal.sol', 'drip.t.sol', 'drip.sol', 'frob.t.sol', 'tune.sol', 'bite.sol']
2,['flop.sol', 'frob.sol', 'flop.t.sol', 'flap.t.sol', 'heal.sol', 'heal.t.sol', 'flap.sol', 'drip.sol', 'frob.t.sol', 'tune.sol']
2,['flop.sol', 'frob.sol', 'flop.t.sol', 'flap.t.sol', 'heal.sol', 'heal.t.sol', 'flap.sol', 'drip.sol', 'frob.t.sol', 'bite.sol']
2,['flop.sol', 'frob.sol', 'flop.t.sol', 'flap.t.sol', 'heal.sol', 'heal.t.sol', 'flap.sol', 'drip.sol', 'tune.sol', 'bite.sol']
2,['flop.sol', 'frob.sol', 'flop.t.sol', 'flap.t.sol', 'heal.sol', 'heal.t.sol', 'flap.sol', 'frob.t.sol', 'tune.sol', 'bite.sol']
2,['flop.sol', 'frob.sol', 'flop.t.sol', 'flap.t.sol', 'heal.sol', 'heal.t.sol', 'drip.sol', 'frob.t.sol', 'tune.sol', 'bite.sol']
2,['flop.sol', 'frob.sol', 'flop.t.sol', 'flap.t.sol', 'heal.sol', 'flap.sol', 'drip.sol', 'frob.t.sol', 'tune.sol', 'bite.sol']
1,['flop.sol', 'frob.sol', 'flop.t.sol', 'flap.t.sol', 'drip.t.sol', 'heal.t.sol', 'flap.sol', 'drip.sol', 'frob.t.sol', 'tune.sol']
2,['flop.sol', 'frob.sol', 'flop.t.sol', 'flap.t.sol', 'drip.t.sol', 'heal.t.sol', 'flap.sol', 'drip.sol', 'frob.t.sol', 'bite.sol']
1,['flop.sol', 'frob.sol', 'flop.t.sol', 'flap.t.sol', 'drip.t.sol', 'heal.t.sol', 'flap.sol', 'drip.sol', 'tune.sol', 'bite.sol']
1,['flop.sol', 'frob.sol', 'flop.t.sol', 'flap.t.sol', 'drip.t.sol', 'heal.t.sol', 'flap.sol', 'frob.t.sol', 'tune.sol', 'bite.sol']
1,['flop.sol', 'frob.sol', 'flop.t.sol', 'flap.t.sol', 'drip.t.sol', 'heal.t.sol', 'drip.sol', 'frob.t.sol', 'tune.sol', 'bite.sol']
1,['flop.sol', 'frob.sol', 'flop.t.sol', 'flap.t.sol', 'drip.t.sol', 'flap.sol', 'drip.sol', 'frob.t.sol', 'tune.sol', 'bite.sol']
2,['flop.sol', 'frob.sol', 'flop.t.sol', 'flap.t.sol', 'heal.t.sol', 'flap.sol', 'drip.sol', 'frob.t.sol', 'tune.sol', 'bite.sol']
1,['flop.sol', 'frob.sol', 'flop.t.sol', 'heal.sol', 'drip.t.sol', 'heal.t.sol', 'flap.sol', 'drip.sol', 'frob.t.sol', 'tune.sol']
2,['flop.sol', 'frob.sol', 'flop.t.sol', 'heal.sol', 'drip.t.sol', 'heal.t.sol', 'flap.sol', 'drip.sol', 'frob.t.sol', 'bite.sol']
1,['flop.sol', 'frob.sol', 'flop.t.sol', 'heal.sol', 'drip.t.sol', 'heal.t.sol', 'flap.sol', 'drip.sol', 'tune.sol', 'bite.sol']
1,['flop.sol', 'frob.sol', 'flop.t.sol', 'heal.sol', 'drip.t.sol', 'heal.t.sol', 'flap.sol', 'frob.t.sol', 'tune.sol', 'bite.sol']
1,['flop.sol', 'frob.sol', 'flop.t.sol', 'heal.sol', 'drip.t.sol', 'heal.t.sol', 'drip.sol', 'frob.t.sol', 'tune.sol', 'bite.sol']
1,['flop.sol', 'frob.sol', 'flop.t.sol', 'heal.sol', 'drip.t.sol', 'flap.sol', 'drip.sol', 'frob.t.sol', 'tune.sol', 'bite.sol']
2,['flop.sol', 'frob.sol', 'flop.t.sol', 'heal.sol', 'heal.t.sol', 'flap.sol', 'drip.sol', 'frob.t.sol', 'tune.sol', 'bite.sol']
1,['flop.sol', 'frob.sol', 'flop.t.sol', 'drip.t.sol', 'heal.t.sol', 'flap.sol', 'drip.sol', 'frob.t.sol', 'tune.sol', 'bite.sol']
1,['flop.sol', 'frob.sol', 'flap.t.sol', 'heal.sol', 'drip.t.sol', 'heal.t.sol', 'flap.sol', 'drip.sol', 'frob.t.sol', 'tune.sol']
2,['flop.sol', 'frob.sol', 'flap.t.sol', 'heal.sol', 'drip.t.sol', 'heal.t.sol', 'flap.sol', 'drip.sol', 'frob.t.sol', 'bite.sol']
1,['flop.sol', 'frob.sol', 'flap.t.sol', 'heal.sol', 'drip.t.sol', 'heal.t.sol', 'flap.sol', 'drip.sol', 'tune.sol', 'bite.sol']
1,['flop.sol', 'frob.sol', 'flap.t.sol', 'heal.sol', 'drip.t.sol', 'heal.t.sol', 'flap.sol', 'frob.t.sol', 'tune.sol', 'bite.sol']
1,['flop.sol', 'frob.sol', 'flap.t.sol', 'heal.sol', 'drip.t.sol', 'heal.t.sol', 'drip.sol', 'frob.t.sol', 'tune.sol', 'bite.sol']
1,['flop.sol', 'frob.sol', 'flap.t.sol', 'heal.sol', 'drip.t.sol', 'flap.sol', 'drip.sol', 'frob.t.sol', 'tune.sol', 'bite.sol']
2,['flop.sol', 'frob.sol', 'flap.t.sol', 'heal.sol', 'heal.t.sol', 'flap.sol', 'drip.sol', 'frob.t.sol', 'tune.sol', 'bite.sol']
1,['flop.sol', 'frob.sol', 'flap.t.sol', 'drip.t.sol', 'heal.t.sol', 'flap.sol', 'drip.sol', 'frob.t.sol', 'tune.sol', 'bite.sol']
1,['flop.sol', 'frob.sol', 'heal.sol', 'drip.t.sol', 'heal.t.sol', 'flap.sol', 'drip.sol', 'frob.t.sol', 'tune.sol', 'bite.sol']
2,['flop.sol', 'flip.t.sol', 'move.sol', 'flop.t.sol', 'flap.t.sol', 'heal.sol', 'drip.t.sol', 'heal.t.sol', 'flap.sol', 'drip.sol']
2,['flop.sol', 'flip.t.sol', 'move.sol', 'flop.t.sol', 'flap.t.sol', 'heal.sol', 'drip.t.sol', 'heal.t.sol', 'flap.sol', 'frob.t.sol']
1,['flop.sol', 'flip.t.sol', 'move.sol', 'flop.t.sol', 'flap.t.sol', 'heal.sol', 'drip.t.sol', 'heal.t.sol', 'flap.sol', 'tune.sol']
2,['flop.sol', 'flip.t.sol', 'move.sol', 'flop.t.sol', 'flap.t.sol', 'heal.sol', 'drip.t.sol', 'heal.t.sol', 'flap.sol', 'bite.sol']
2,['flop.sol', 'flip.t.sol', 'move.sol', 'flop.t.sol', 'flap.t.sol', 'heal.sol', 'drip.t.sol', 'heal.t.sol', 'drip.sol', 'frob.t.sol']
1,['flop.sol', 'flip.t.sol', 'move.sol', 'flop.t.sol', 'flap.t.sol', 'heal.sol', 'drip.t.sol', 'heal.t.sol', 'drip.sol', 'tune.sol']
2,['flop.sol', 'flip.t.sol', 'move.sol', 'flop.t.sol', 'flap.t.sol', 'heal.sol', 'drip.t.sol', 'heal.t.sol', 'drip.sol', 'bite.sol']
2,['flop.sol', 'flip.t.sol', 'move.sol', 'flop.t.sol', 'flap.t.sol', 'heal.sol', 'drip.t.sol', 'heal.t.sol', 'frob.t.sol', 'tune.sol']
2,['flop.sol', 'flip.t.sol', 'move.sol', 'flop.t.sol', 'flap.t.sol', 'heal.sol', 'drip.t.sol', 'heal.t.sol', 'frob.t.sol', 'bite.sol']
1,['flop.sol', 'flip.t.sol', 'move.sol', 'flop.t.sol', 'flap.t.sol', 'heal.sol', 'drip.t.sol', 'heal.t.sol', 'tune.sol', 'bite.sol']
2,['flop.sol', 'flip.t.sol', 'move.sol', 'flop.t.sol', 'flap.t.sol', 'heal.sol', 'drip.t.sol', 'flap.sol', 'drip.sol', 'frob.t.sol']
1,['flop.sol', 'flip.t.sol', 'move.sol', 'flop.t.sol', 'flap.t.sol', 'heal.sol', 'drip.t.sol', 'flap.sol', 'drip.sol', 'tune.sol']
1,['flop.sol', 'flip.t.sol', 'move.sol', 'flop.t.sol', 'flap.t.sol', 'heal.sol', 'drip.t.sol', 'flap.sol', 'drip.sol', 'bite.sol']
2,['flop.sol', 'flip.t.sol', 'move.sol', 'flop.t.sol', 'flap.t.sol', 'heal.sol', 'drip.t.sol', 'flap.sol', 'frob.t.sol', 'tune.sol']
2,['flop.sol', 'flip.t.sol', 'move.sol', 'flop.t.sol', 'flap.t.sol', 'heal.sol', 'drip.t.sol', 'flap.sol', 'frob.t.sol', 'bite.sol']
1,['flop.sol', 'flip.t.sol', 'move.sol', 'flop.t.sol', 'flap.t.sol', 'heal.sol', 'drip.t.sol', 'flap.sol', 'tune.sol', 'bite.sol']
2,['flop.sol', 'flip.t.sol', 'move.sol', 'flop.t.sol', 'flap.t.sol', 'heal.sol', 'drip.t.sol', 'drip.sol', 'frob.t.sol', 'tune.sol']
2,['flop.sol', 'flip.t.sol', 'move.sol', 'flop.t.sol', 'flap.t.sol', 'heal.sol', 'drip.t.sol', 'drip.sol', 'frob.t.sol', 'bite.sol']
1,['flop.sol', 'flip.t.sol', 'move.sol', 'flop.t.sol', 'flap.t.sol', 'heal.sol', 'drip.t.sol', 'drip.sol', 'tune.sol', 'bite.sol']
1,['flop.sol', 'flip.t.sol', 'move.sol', 'flop.t.sol', 'flap.t.sol', 'heal.sol', 'drip.t.sol', 'frob.t.sol', 'tune.sol', 'bite.sol']
2,['flop.sol', 'flip.t.sol', 'move.sol', 'flop.t.sol', 'flap.t.sol', 'heal.sol', 'heal.t.sol', 'flap.sol', 'drip.sol', 'frob.t.sol']
2,['flop.sol', 'flip.t.sol', 'move.sol', 'flop.t.sol', 'flap.t.sol', 'heal.sol', 'heal.t.sol', 'flap.sol', 'drip.sol', 'tune.sol']
3,['flop.sol', 'flip.t.sol', 'move.sol', 'flop.t.sol', 'flap.t.sol', 'heal.sol', 'heal.t.sol', 'flap.sol', 'drip.sol', 'bite.sol']
2,['flop.sol', 'flip.t.sol', 'move.sol', 'flop.t.sol', 'flap.t.sol', 'heal.sol', 'heal.t.sol', 'flap.sol', 'frob.t.sol', 'tune.sol']
2,['flop.sol', 'flip.t.sol', 'move.sol', 'flop.t.sol', 'flap.t.sol', 'heal.sol', 'heal.t.sol', 'flap.sol', 'frob.t.sol', 'bite.sol']
2,['flop.sol', 'flip.t.sol', 'move.sol', 'flop.t.sol', 'flap.t.sol', 'heal.sol', 'heal.t.sol', 'flap.sol', 'tune.sol', 'bite.sol']
2,['flop.sol', 'flip.t.sol', 'move.sol', 'flop.t.sol', 'flap.t.sol', 'heal.sol', 'heal.t.sol', 'drip.sol', 'frob.t.sol', 'tune.sol']
2,['flop.sol', 'flip.t.sol', 'move.sol', 'flop.t.sol', 'flap.t.sol', 'heal.sol', 'heal.t.sol', 'drip.sol', 'frob.t.sol', 'bite.sol']
2,['flop.sol', 'flip.t.sol', 'move.sol', 'flop.t.sol', 'flap.t.sol', 'heal.sol', 'heal.t.sol', 'drip.sol', 'tune.sol', 'bite.sol']
2,['flop.sol', 'flip.t.sol', 'move.sol', 'flop.t.sol', 'flap.t.sol', 'heal.sol', 'heal.t.sol', 'frob.t.sol', 'tune.sol', 'bite.sol']
2,['flop.sol', 'flip.t.sol', 'move.sol', 'flop.t.sol', 'flap.t.sol', 'heal.sol', 'flap.sol', 'drip.sol', 'frob.t.sol', 'tune.sol']
2,['flop.sol', 'flip.t.sol', 'move.sol', 'flop.t.sol', 'flap.t.sol', 'heal.sol', 'flap.sol', 'drip.sol', 'frob.t.sol', 'bite.sol']
1,['flop.sol', 'flip.t.sol', 'move.sol', 'flop.t.sol', 'flap.t.sol', 'heal.sol', 'flap.sol', 'drip.sol', 'tune.sol', 'bite.sol']
2,['flop.sol', 'flip.t.sol', 'move.sol', 'flop.t.sol', 'flap.t.sol', 'heal.sol', 'flap.sol', 'frob.t.sol', 'tune.sol', 'bite.sol']
2,['flop.sol', 'flip.t.sol', 'move.sol', 'flop.t.sol', 'flap.t.sol', 'heal.sol', 'drip.sol', 'frob.t.sol', 'tune.sol', 'bite.sol']
2,['flop.sol', 'flip.t.sol', 'move.sol', 'flop.t.sol', 'flap.t.sol', 'drip.t.sol', 'heal.t.sol', 'flap.sol', 'drip.sol', 'frob.t.sol']
2,['flop.sol', 'flip.t.sol', 'move.sol', 'flop.t.sol', 'flap.t.sol', 'drip.t.sol', 'heal.t.sol', 'flap.sol', 'drip.sol', 'tune.sol']
2,['flop.sol', 'flip.t.sol', 'move.sol', 'flop.t.sol', 'flap.t.sol', 'drip.t.sol', 'heal.t.sol', 'flap.sol', 'drip.sol', 'bite.sol']
2,['flop.sol', 'flip.t.sol', 'move.sol', 'flop.t.sol', 'flap.t.sol', 'drip.t.sol', 'heal.t.sol', 'flap.sol', 'frob.t.sol', 'tune.sol']
2,['flop.sol', 'flip.t.sol', 'move.sol', 'flop.t.sol', 'flap.t.sol', 'drip.t.sol', 'heal.t.sol', 'flap.sol', 'frob.t.sol', 'bite.sol']
2,['flop.sol', 'flip.t.sol', 'move.sol', 'flop.t.sol', 'flap.t.sol', 'drip.t.sol', 'heal.t.sol', 'flap.sol', 'tune.sol', 'bite.sol']
1,['flop.sol', 'flip.t.sol', 'move.sol', 'flop.t.sol', 'flap.t.sol', 'drip.t.sol', 'heal.t.sol', 'drip.sol', 'frob.t.sol', 'tune.sol']
2,['flop.sol', 'flip.t.sol', 'move.sol', 'flop.t.sol', 'flap.t.sol', 'drip.t.sol', 'heal.t.sol', 'drip.sol', 'frob.t.sol', 'bite.sol']
2,['flop.sol', 'flip.t.sol', 'move.sol', 'flop.t.sol', 'flap.t.sol', 'drip.t.sol', 'heal.t.sol', 'drip.sol', 'tune.sol', 'bite.sol']
1,['flop.sol', 'flip.t.sol', 'move.sol', 'flop.t.sol', 'flap.t.sol', 'drip.t.sol', 'heal.t.sol', 'frob.t.sol', 'tune.sol', 'bite.sol']
2,['flop.sol', 'flip.t.sol', 'move.sol', 'flop.t.sol', 'flap.t.sol', 'drip.t.sol', 'flap.sol', 'drip.sol', 'frob.t.sol', 'tune.sol']
2,['flop.sol', 'flip.t.sol', 'move.sol', 'flop.t.sol', 'flap.t.sol', 'drip.t.sol', 'flap.sol', 'drip.sol', 'frob.t.sol', 'bite.sol']
1,['flop.sol', 'flip.t.sol', 'move.sol', 'flop.t.sol', 'flap.t.sol', 'drip.t.sol', 'flap.sol', 'drip.sol', 'tune.sol', 'bite.sol']
2,['flop.sol', 'flip.t.sol', 'move.sol', 'flop.t.sol', 'flap.t.sol', 'drip.t.sol', 'flap.sol', 'frob.t.sol', 'tune.sol', 'bite.sol']
2,['flop.sol', 'flip.t.sol', 'move.sol', 'flop.t.sol', 'flap.t.sol', 'drip.t.sol', 'drip.sol', 'frob.t.sol', 'tune.sol', 'bite.sol']
2,['flop.sol', 'flip.t.sol', 'move.sol', 'flop.t.sol', 'flap.t.sol', 'heal.t.sol', 'flap.sol', 'drip.sol', 'frob.t.sol', 'tune.sol']
2,['flop.sol', 'flip.t.sol', 'move.sol', 'flop.t.sol', 'flap.t.sol', 'heal.t.sol', 'flap.sol', 'drip.sol', 'frob.t.sol', 'bite.sol']
2,['flop.sol', 'flip.t.sol', 'move.sol', 'flop.t.sol', 'flap.t.sol', 'heal.t.sol', 'flap.sol', 'drip.sol', 'tune.sol', 'bite.sol']
2,['flop.sol', 'flip.t.sol', 'move.sol', 'flop.t.sol', 'flap.t.sol', 'heal.t.sol', 'flap.sol', 'frob.t.sol', 'tune.sol', 'bite.sol']
2,['flop.sol', 'flip.t.sol', 'move.sol', 'flop.t.sol', 'flap.t.sol', 'heal.t.sol', 'drip.sol', 'frob.t.sol', 'tune.sol', 'bite.sol']
2,['flop.sol', 'flip.t.sol', 'move.sol', 'flop.t.sol', 'flap.t.sol', 'flap.sol', 'drip.sol', 'frob.t.sol', 'tune.sol', 'bite.sol']
2,['flop.sol', 'flip.t.sol', 'move.sol', 'flop.t.sol', 'heal.sol', 'drip.t.sol', 'heal.t.sol', 'flap.sol', 'drip.sol', 'frob.t.sol']
1,['flop.sol', 'flip.t.sol', 'move.sol', 'flop.t.sol', 'heal.sol', 'drip.t.sol', 'heal.t.sol', 'flap.sol', 'drip.sol', 'tune.sol']
1,['flop.sol', 'flip.t.sol', 'move.sol', 'flop.t.sol', 'heal.sol', 'drip.t.sol', 'heal.t.sol', 'flap.sol', 'drip.sol', 'bite.sol']
2,['flop.sol', 'flip.t.sol', 'move.sol', 'flop.t.sol', 'heal.sol', 'drip.t.sol', 'heal.t.sol', 'flap.sol', 'frob.t.sol', 'tune.sol']
2,['flop.sol', 'flip.t.sol', 'move.sol', 'flop.t.sol', 'heal.sol', 'drip.t.sol', 'heal.t.sol', 'flap.sol', 'frob.t.sol', 'bite.sol']
1,['flop.sol', 'flip.t.sol', 'move.sol', 'flop.t.sol', 'heal.sol', 'drip.t.sol', 'heal.t.sol', 'flap.sol', 'tune.sol', 'bite.sol']
2,['flop.sol', 'flip.t.sol', 'move.sol', 'flop.t.sol', 'heal.sol', 'drip.t.sol', 'heal.t.sol', 'drip.sol', 'frob.t.sol', 'tune.sol']
2,['flop.sol', 'flip.t.sol', 'move.sol', 'flop.t.sol', 'heal.sol', 'drip.t.sol', 'heal.t.sol', 'drip.sol', 'frob.t.sol', 'bite.sol']
1,['flop.sol', 'flip.t.sol', 'move.sol', 'flop.t.sol', 'heal.sol', 'drip.t.sol', 'heal.t.sol', 'drip.sol', 'tune.sol', 'bite.sol']
1,['flop.sol', 'flip.t.sol', 'move.sol', 'flop.t.sol', 'heal.sol', 'drip.t.sol', 'heal.t.sol', 'frob.t.sol', 'tune.sol', 'bite.sol']
2,['flop.sol', 'flip.t.sol', 'move.sol', 'flop.t.sol', 'heal.sol', 'drip.t.sol', 'flap.sol', 'drip.sol', 'frob.t.sol', 'tune.sol']
2,['flop.sol', 'flip.t.sol', 'move.sol', 'flop.t.sol', 'heal.sol', 'drip.t.sol', 'flap.sol', 'drip.sol', 'frob.t.sol', 'bite.sol']
1,['flop.sol', 'flip.t.sol', 'move.sol', 'flop.t.sol', 'heal.sol', 'drip.t.sol', 'flap.sol', 'drip.sol', 'tune.sol', 'bite.sol']
1,['flop.sol', 'flip.t.sol', 'move.sol', 'flop.t.sol', 'heal.sol', 'drip.t.sol', 'flap.sol', 'frob.t.sol', 'tune.sol', 'bite.sol']
1,['flop.sol', 'flip.t.sol', 'move.sol', 'flop.t.sol', 'heal.sol', 'drip.t.sol', 'drip.sol', 'frob.t.sol', 'tune.sol', 'bite.sol']
2,['flop.sol', 'flip.t.sol', 'move.sol', 'flop.t.sol', 'heal.sol', 'heal.t.sol', 'flap.sol', 'drip.sol', 'frob.t.sol', 'tune.sol']
2,['flop.sol', 'flip.t.sol', 'move.sol', 'flop.t.sol', 'heal.sol', 'heal.t.sol', 'flap.sol', 'drip.sol', 'frob.t.sol', 'bite.sol']
2,['flop.sol', 'flip.t.sol', 'move.sol', 'flop.t.sol', 'heal.sol', 'heal.t.sol', 'flap.sol', 'drip.sol', 'tune.sol', 'bite.sol']
2,['flop.sol', 'flip.t.sol', 'move.sol', 'flop.t.sol', 'heal.sol', 'heal.t.sol', 'flap.sol', 'frob.t.sol', 'tune.sol', 'bite.sol']
2,['flop.sol', 'flip.t.sol', 'move.sol', 'flop.t.sol', 'heal.sol', 'heal.t.sol', 'drip.sol', 'frob.t.sol', 'tune.sol', 'bite.sol']
2,['flop.sol', 'flip.t.sol', 'move.sol', 'flop.t.sol', 'heal.sol', 'flap.sol', 'drip.sol', 'frob.t.sol', 'tune.sol', 'bite.sol']
2,['flop.sol', 'flip.t.sol', 'move.sol', 'flop.t.sol', 'drip.t.sol', 'heal.t.sol', 'flap.sol', 'drip.sol', 'frob.t.sol', 'tune.sol']
2,['flop.sol', 'flip.t.sol', 'move.sol', 'flop.t.sol', 'drip.t.sol', 'heal.t.sol', 'flap.sol', 'drip.sol', 'frob.t.sol', 'bite.sol']
2,['flop.sol', 'flip.t.sol', 'move.sol', 'flop.t.sol', 'drip.t.sol', 'heal.t.sol', 'flap.sol', 'drip.sol', 'tune.sol', 'bite.sol']
1,['flop.sol', 'flip.t.sol', 'move.sol', 'flop.t.sol', 'drip.t.sol', 'heal.t.sol', 'flap.sol', 'frob.t.sol', 'tune.sol', 'bite.sol']
1,['flop.sol', 'flip.t.sol', 'move.sol', 'flop.t.sol', 'drip.t.sol', 'heal.t.sol', 'drip.sol', 'frob.t.sol', 'tune.sol', 'bite.sol']
2,['flop.sol', 'flip.t.sol', 'move.sol', 'flop.t.sol', 'drip.t.sol', 'flap.sol', 'drip.sol', 'frob.t.sol', 'tune.sol', 'bite.sol']
2,['flop.sol', 'flip.t.sol', 'move.sol', 'flop.t.sol', 'heal.t.sol', 'flap.sol', 'drip.sol', 'frob.t.sol', 'tune.sol', 'bite.sol']
2,['flop.sol', 'flip.t.sol', 'move.sol', 'flap.t.sol', 'heal.sol', 'drip.t.sol', 'heal.t.sol', 'flap.sol', 'drip.sol', 'frob.t.sol']
1,['flop.sol', 'flip.t.sol', 'move.sol', 'flap.t.sol', 'heal.sol', 'drip.t.sol', 'heal.t.sol', 'flap.sol', 'drip.sol', 'tune.sol']
2,['flop.sol', 'flip.t.sol', 'move.sol', 'flap.t.sol', 'heal.sol', 'drip.t.sol', 'heal.t.sol', 'flap.sol', 'drip.sol', 'bite.sol']
2,['flop.sol', 'flip.t.sol', 'move.sol', 'flap.t.sol', 'heal.sol', 'drip.t.sol', 'heal.t.sol', 'flap.sol', 'frob.t.sol', 'tune.sol']
2,['flop.sol', 'flip.t.sol', 'move.sol', 'flap.t.sol', 'heal.sol', 'drip.t.sol', 'heal.t.sol', 'flap.sol', 'frob.t.sol', 'bite.sol']
1,['flop.sol', 'flip.t.sol', 'move.sol', 'flap.t.sol', 'heal.sol', 'drip.t.sol', 'heal.t.sol', 'flap.sol', 'tune.sol', 'bite.sol']
1,['flop.sol', 'flip.t.sol', 'move.sol', 'flap.t.sol', 'heal.sol', 'drip.t.sol', 'heal.t.sol', 'drip.sol', 'frob.t.sol', 'tune.sol']
2,['flop.sol', 'flip.t.sol', 'move.sol', 'flap.t.sol', 'heal.sol', 'drip.t.sol', 'heal.t.sol', 'drip.sol', 'frob.t.sol', 'bite.sol']
1,['flop.sol', 'flip.t.sol', 'move.sol', 'flap.t.sol', 'heal.sol', 'drip.t.sol', 'heal.t.sol', 'drip.sol', 'tune.sol', 'bite.sol']
1,['flop.sol', 'flip.t.sol', 'move.sol', 'flap.t.sol', 'heal.sol', 'drip.t.sol', 'heal.t.sol', 'frob.t.sol', 'tune.sol', 'bite.sol']
2,['flop.sol', 'flip.t.sol', 'move.sol', 'flap.t.sol', 'heal.sol', 'drip.t.sol', 'flap.sol', 'drip.sol', 'frob.t.sol', 'tune.sol']
2,['flop.sol', 'flip.t.sol', 'move.sol', 'flap.t.sol', 'heal.sol', 'drip.t.sol', 'flap.sol', 'drip.sol', 'frob.t.sol', 'bite.sol']
1,['flop.sol', 'flip.t.sol', 'move.sol', 'flap.t.sol', 'heal.sol', 'drip.t.sol', 'flap.sol', 'drip.sol', 'tune.sol', 'bite.sol']
2,['flop.sol', 'flip.t.sol', 'move.sol', 'flap.t.sol', 'heal.sol', 'drip.t.sol', 'flap.sol', 'frob.t.sol', 'tune.sol', 'bite.sol']
1,['flop.sol', 'flip.t.sol', 'move.sol', 'flap.t.sol', 'heal.sol', 'drip.t.sol', 'drip.sol', 'frob.t.sol', 'tune.sol', 'bite.sol']
2,['flop.sol', 'flip.t.sol', 'move.sol', 'flap.t.sol', 'heal.sol', 'heal.t.sol', 'flap.sol', 'drip.sol', 'frob.t.sol', 'tune.sol']
2,['flop.sol', 'flip.t.sol', 'move.sol', 'flap.t.sol', 'heal.sol', 'heal.t.sol', 'flap.sol', 'drip.sol', 'frob.t.sol', 'bite.sol']
2,['flop.sol', 'flip.t.sol', 'move.sol', 'flap.t.sol', 'heal.sol', 'heal.t.sol', 'flap.sol', 'drip.sol', 'tune.sol', 'bite.sol']
2,['flop.sol', 'flip.t.sol', 'move.sol', 'flap.t.sol', 'heal.sol', 'heal.t.sol', 'flap.sol', 'frob.t.sol', 'tune.sol', 'bite.sol']
2,['flop.sol', 'flip.t.sol', 'move.sol', 'flap.t.sol', 'heal.sol', 'heal.t.sol', 'drip.sol', 'frob.t.sol', 'tune.sol', 'bite.sol']
2,['flop.sol', 'flip.t.sol', 'move.sol', 'flap.t.sol', 'heal.sol', 'flap.sol', 'drip.sol', 'frob.t.sol', 'tune.sol', 'bite.sol']
2,['flop.sol', 'flip.t.sol', 'move.sol', 'flap.t.sol', 'drip.t.sol', 'heal.t.sol', 'flap.sol', 'drip.sol', 'frob.t.sol', 'tune.sol']
2,['flop.sol', 'flip.t.sol', 'move.sol', 'flap.t.sol', 'drip.t.sol', 'heal.t.sol', 'flap.sol', 'drip.sol', 'frob.t.sol', 'bite.sol']
2,['flop.sol', 'flip.t.sol', 'move.sol', 'flap.t.sol', 'drip.t.sol', 'heal.t.sol', 'flap.sol', 'drip.sol', 'tune.sol', 'bite.sol']
1,['flop.sol', 'flip.t.sol', 'move.sol', 'flap.t.sol', 'drip.t.sol', 'heal.t.sol', 'flap.sol', 'frob.t.sol', 'tune.sol', 'bite.sol']
1,['flop.sol', 'flip.t.sol', 'move.sol', 'flap.t.sol', 'drip.t.sol', 'heal.t.sol', 'drip.sol', 'frob.t.sol', 'tune.sol', 'bite.sol']
2,['flop.sol', 'flip.t.sol', 'move.sol', 'flap.t.sol', 'drip.t.sol', 'flap.sol', 'drip.sol', 'frob.t.sol', 'tune.sol', 'bite.sol']
2,['flop.sol', 'flip.t.sol', 'move.sol', 'flap.t.sol', 'heal.t.sol', 'flap.sol', 'drip.sol', 'frob.t.sol', 'tune.sol', 'bite.sol']
2,['flop.sol', 'flip.t.sol', 'move.sol', 'heal.sol', 'drip.t.sol', 'heal.t.sol', 'flap.sol', 'drip.sol', 'frob.t.sol', 'tune.sol']
2,['flop.sol', 'flip.t.sol', 'move.sol', 'heal.sol', 'drip.t.sol', 'heal.t.sol', 'flap.sol', 'drip.sol', 'frob.t.sol', 'bite.sol']
1,['flop.sol', 'flip.t.sol', 'move.sol', 'heal.sol', 'drip.t.sol', 'heal.t.sol', 'flap.sol', 'drip.sol', 'tune.sol', 'bite.sol']
1,['flop.sol', 'flip.t.sol', 'move.sol', 'heal.sol', 'drip.t.sol', 'heal.t.sol', 'flap.sol', 'frob.t.sol', 'tune.sol', 'bite.sol']
1,['flop.sol', 'flip.t.sol', 'move.sol', 'heal.sol', 'drip.t.sol', 'heal.t.sol', 'drip.sol', 'frob.t.sol', 'tune.sol', 'bite.sol']
1,['flop.sol', 'flip.t.sol', 'move.sol', 'heal.sol', 'drip.t.sol', 'flap.sol', 'drip.sol', 'frob.t.sol', 'tune.sol', 'bite.sol']
2,['flop.sol', 'flip.t.sol', 'move.sol', 'heal.sol', 'heal.t.sol', 'flap.sol', 'drip.sol', 'frob.t.sol', 'tune.sol', 'bite.sol']
1,['flop.sol', 'flip.t.sol', 'move.sol', 'drip.t.sol', 'heal.t.sol', 'flap.sol', 'drip.sol', 'frob.t.sol', 'tune.sol', 'bite.sol']
2,['flop.sol', 'flip.t.sol', 'flop.t.sol', 'flap.t.sol', 'heal.sol', 'drip.t.sol', 'heal.t.sol', 'flap.sol', 'drip.sol', 'frob.t.sol']
1,['flop.sol', 'flip.t.sol', 'flop.t.sol', 'flap.t.sol', 'heal.sol', 'drip.t.sol', 'heal.t.sol', 'flap.sol', 'drip.sol', 'tune.sol']
2,['flop.sol', 'flip.t.sol', 'flop.t.sol', 'flap.t.sol', 'heal.sol', 'drip.t.sol', 'heal.t.sol', 'flap.sol', 'drip.sol', 'bite.sol']
1,['flop.sol', 'flip.t.sol', 'flop.t.sol', 'flap.t.sol', 'heal.sol', 'drip.t.sol', 'heal.t.sol', 'flap.sol', 'frob.t.sol', 'tune.sol']
2,['flop.sol', 'flip.t.sol', 'flop.t.sol', 'flap.t.sol', 'heal.sol', 'drip.t.sol', 'heal.t.sol', 'flap.sol', 'frob.t.sol', 'bite.sol']
1,['flop.sol', 'flip.t.sol', 'flop.t.sol', 'flap.t.sol', 'heal.sol', 'drip.t.sol', 'heal.t.sol', 'flap.sol', 'tune.sol', 'bite.sol']
1,['flop.sol', 'flip.t.sol', 'flop.t.sol', 'flap.t.sol', 'heal.sol', 'drip.t.sol', 'heal.t.sol', 'drip.sol', 'frob.t.sol', 'tune.sol']
1,['flop.sol', 'flip.t.sol', 'flop.t.sol', 'flap.t.sol', 'heal.sol', 'drip.t.sol', 'heal.t.sol', 'drip.sol', 'frob.t.sol', 'bite.sol']
1,['flop.sol', 'flip.t.sol', 'flop.t.sol', 'flap.t.sol', 'heal.sol', 'drip.t.sol', 'heal.t.sol', 'drip.sol', 'tune.sol', 'bite.sol']
1,['flop.sol', 'flip.t.sol', 'flop.t.sol', 'flap.t.sol', 'heal.sol', 'drip.t.sol', 'heal.t.sol', 'frob.t.sol', 'tune.sol', 'bite.sol']
2,['flop.sol', 'flip.t.sol', 'flop.t.sol', 'flap.t.sol', 'heal.sol', 'drip.t.sol', 'flap.sol', 'drip.sol', 'frob.t.sol', 'tune.sol']
2,['flop.sol', 'flip.t.sol', 'flop.t.sol', 'flap.t.sol', 'heal.sol', 'drip.t.sol', 'flap.sol', 'drip.sol', 'frob.t.sol', 'bite.sol']
1,['flop.sol', 'flip.t.sol', 'flop.t.sol', 'flap.t.sol', 'heal.sol', 'drip.t.sol', 'flap.sol', 'drip.sol', 'tune.sol', 'bite.sol']
1,['flop.sol', 'flip.t.sol', 'flop.t.sol', 'flap.t.sol', 'heal.sol', 'drip.t.sol', 'flap.sol', 'frob.t.sol', 'tune.sol', 'bite.sol']
1,['flop.sol', 'flip.t.sol', 'flop.t.sol', 'flap.t.sol', 'heal.sol', 'drip.t.sol', 'drip.sol', 'frob.t.sol', 'tune.sol', 'bite.sol']
2,['flop.sol', 'flip.t.sol', 'flop.t.sol', 'flap.t.sol', 'heal.sol', 'heal.t.sol', 'flap.sol', 'drip.sol', 'frob.t.sol', 'tune.sol']
2,['flop.sol', 'flip.t.sol', 'flop.t.sol', 'flap.t.sol', 'heal.sol', 'heal.t.sol', 'flap.sol', 'drip.sol', 'frob.t.sol', 'bite.sol']
1,['flop.sol', 'flip.t.sol', 'flop.t.sol', 'flap.t.sol', 'heal.sol', 'heal.t.sol', 'flap.sol', 'drip.sol', 'tune.sol', 'bite.sol']
2,['flop.sol', 'flip.t.sol', 'flop.t.sol', 'flap.t.sol', 'heal.sol', 'heal.t.sol', 'flap.sol', 'frob.t.sol', 'tune.sol', 'bite.sol']
2,['flop.sol', 'flip.t.sol', 'flop.t.sol', 'flap.t.sol', 'heal.sol', 'heal.t.sol', 'drip.sol', 'frob.t.sol', 'tune.sol', 'bite.sol']
2,['flop.sol', 'flip.t.sol', 'flop.t.sol', 'flap.t.sol', 'heal.sol', 'flap.sol', 'drip.sol', 'frob.t.sol', 'tune.sol', 'bite.sol']
2,['flop.sol', 'flip.t.sol', 'flop.t.sol', 'flap.t.sol', 'drip.t.sol', 'heal.t.sol', 'flap.sol', 'drip.sol', 'frob.t.sol', 'tune.sol']
2,['flop.sol', 'flip.t.sol', 'flop.t.sol', 'flap.t.sol', 'drip.t.sol', 'heal.t.sol', 'flap.sol', 'drip.sol', 'frob.t.sol', 'bite.sol']
1,['flop.sol', 'flip.t.sol', 'flop.t.sol', 'flap.t.sol', 'drip.t.sol', 'heal.t.sol', 'flap.sol', 'drip.sol', 'tune.sol', 'bite.sol']
1,['flop.sol', 'flip.t.sol', 'flop.t.sol', 'flap.t.sol', 'drip.t.sol', 'heal.t.sol', 'flap.sol', 'frob.t.sol', 'tune.sol', 'bite.sol']
1,['flop.sol', 'flip.t.sol', 'flop.t.sol', 'flap.t.sol', 'drip.t.sol', 'heal.t.sol', 'drip.sol', 'frob.t.sol', 'tune.sol', 'bite.sol']
1,['flop.sol', 'flip.t.sol', 'flop.t.sol', 'flap.t.sol', 'drip.t.sol', 'flap.sol', 'drip.sol', 'frob.t.sol', 'tune.sol', 'bite.sol']
2,['flop.sol', 'flip.t.sol', 'flop.t.sol', 'flap.t.sol', 'heal.t.sol', 'flap.sol', 'drip.sol', 'frob.t.sol', 'tune.sol', 'bite.sol']
1,['flop.sol', 'flip.t.sol', 'flop.t.sol', 'heal.sol', 'drip.t.sol', 'heal.t.sol', 'flap.sol', 'drip.sol', 'frob.t.sol', 'tune.sol']
2,['flop.sol', 'flip.t.sol', 'flop.t.sol', 'heal.sol', 'drip.t.sol', 'heal.t.sol', 'flap.sol', 'drip.sol', 'frob.t.sol', 'bite.sol']
1,['flop.sol', 'flip.t.sol', 'flop.t.sol', 'heal.sol', 'drip.t.sol', 'heal.t.sol', 'flap.sol', 'drip.sol', 'tune.sol', 'bite.sol']
1,['flop.sol', 'flip.t.sol', 'flop.t.sol', 'heal.sol', 'drip.t.sol', 'heal.t.sol', 'flap.sol', 'frob.t.sol', 'tune.sol', 'bite.sol']
1,['flop.sol', 'flip.t.sol', 'flop.t.sol', 'heal.sol', 'drip.t.sol', 'heal.t.sol', 'drip.sol', 'frob.t.sol', 'tune.sol', 'bite.sol']
1,['flop.sol', 'flip.t.sol', 'flop.t.sol', 'heal.sol', 'drip.t.sol', 'flap.sol', 'drip.sol', 'frob.t.sol', 'tune.sol', 'bite.sol']
2,['flop.sol', 'flip.t.sol', 'flop.t.sol', 'heal.sol', 'heal.t.sol', 'flap.sol', 'drip.sol', 'frob.t.sol', 'tune.sol', 'bite.sol']
1,['flop.sol', 'flip.t.sol', 'flop.t.sol', 'drip.t.sol', 'heal.t.sol', 'flap.sol', 'drip.sol', 'frob.t.sol', 'tune.sol', 'bite.sol']
1,['flop.sol', 'flip.t.sol', 'flap.t.sol', 'heal.sol', 'drip.t.sol', 'heal.t.sol', 'flap.sol', 'drip.sol', 'frob.t.sol', 'tune.sol']
1,['flop.sol', 'flip.t.sol', 'flap.t.sol', 'heal.sol', 'drip.t.sol', 'heal.t.sol', 'flap.sol', 'drip.sol', 'frob.t.sol', 'bite.sol']
1,['flop.sol', 'flip.t.sol', 'flap.t.sol', 'heal.sol', 'drip.t.sol', 'heal.t.sol', 'flap.sol', 'drip.sol', 'tune.sol', 'bite.sol']
1,['flop.sol', 'flip.t.sol', 'flap.t.sol', 'heal.sol', 'drip.t.sol', 'heal.t.sol', 'flap.sol', 'frob.t.sol', 'tune.sol', 'bite.sol']
1,['flop.sol', 'flip.t.sol', 'flap.t.sol', 'heal.sol', 'drip.t.sol', 'heal.t.sol', 'drip.sol', 'frob.t.sol', 'tune.sol', 'bite.sol']
1,['flop.sol', 'flip.t.sol', 'flap.t.sol', 'heal.sol', 'drip.t.sol', 'flap.sol', 'drip.sol', 'frob.t.sol', 'tune.sol', 'bite.sol']
2,['flop.sol', 'flip.t.sol', 'flap.t.sol', 'heal.sol', 'heal.t.sol', 'flap.sol', 'drip.sol', 'frob.t.sol', 'tune.sol', 'bite.sol']
1,['flop.sol', 'flip.t.sol', 'flap.t.sol', 'drip.t.sol', 'heal.t.sol', 'flap.sol', 'drip.sol', 'frob.t.sol', 'tune.sol', 'bite.sol']
1,['flop.sol', 'flip.t.sol', 'heal.sol', 'drip.t.sol', 'heal.t.sol', 'flap.sol', 'drip.sol', 'frob.t.sol', 'tune.sol', 'bite.sol']
2,['flop.sol', 'move.sol', 'flop.t.sol', 'flap.t.sol', 'heal.sol', 'drip.t.sol', 'heal.t.sol', 'flap.sol', 'drip.sol', 'frob.t.sol']
1,['flop.sol', 'move.sol', 'flop.t.sol', 'flap.t.sol', 'heal.sol', 'drip.t.sol', 'heal.t.sol', 'flap.sol', 'drip.sol', 'tune.sol']
2,['flop.sol', 'move.sol', 'flop.t.sol', 'flap.t.sol', 'heal.sol', 'drip.t.sol', 'heal.t.sol', 'flap.sol', 'drip.sol', 'bite.sol']
2,['flop.sol', 'move.sol', 'flop.t.sol', 'flap.t.sol', 'heal.sol', 'drip.t.sol', 'heal.t.sol', 'flap.sol', 'frob.t.sol', 'tune.sol']
2,['flop.sol', 'move.sol', 'flop.t.sol', 'flap.t.sol', 'heal.sol', 'drip.t.sol', 'heal.t.sol', 'flap.sol', 'frob.t.sol', 'bite.sol']
1,['flop.sol', 'move.sol', 'flop.t.sol', 'flap.t.sol', 'heal.sol', 'drip.t.sol', 'heal.t.sol', 'flap.sol', 'tune.sol', 'bite.sol']
2,['flop.sol', 'move.sol', 'flop.t.sol', 'flap.t.sol', 'heal.sol', 'drip.t.sol', 'heal.t.sol', 'drip.sol', 'frob.t.sol', 'tune.sol']
2,['flop.sol', 'move.sol', 'flop.t.sol', 'flap.t.sol', 'heal.sol', 'drip.t.sol', 'heal.t.sol', 'drip.sol', 'frob.t.sol', 'bite.sol']
1,['flop.sol', 'move.sol', 'flop.t.sol', 'flap.t.sol', 'heal.sol', 'drip.t.sol', 'heal.t.sol', 'drip.sol', 'tune.sol', 'bite.sol']
2,['flop.sol', 'move.sol', 'flop.t.sol', 'flap.t.sol', 'heal.sol', 'drip.t.sol', 'heal.t.sol', 'frob.t.sol', 'tune.sol', 'bite.sol']
2,['flop.sol', 'move.sol', 'flop.t.sol', 'flap.t.sol', 'heal.sol', 'drip.t.sol', 'flap.sol', 'drip.sol', 'frob.t.sol', 'tune.sol']
2,['flop.sol', 'move.sol', 'flop.t.sol', 'flap.t.sol', 'heal.sol', 'drip.t.sol', 'flap.sol', 'drip.sol', 'frob.t.sol', 'bite.sol']
2,['flop.sol', 'move.sol', 'flop.t.sol', 'flap.t.sol', 'heal.sol', 'drip.t.sol', 'flap.sol', 'drip.sol', 'tune.sol', 'bite.sol']
1,['flop.sol', 'move.sol', 'flop.t.sol', 'flap.t.sol', 'heal.sol', 'drip.t.sol', 'flap.sol', 'frob.t.sol', 'tune.sol', 'bite.sol']
1,['flop.sol', 'move.sol', 'flop.t.sol', 'flap.t.sol', 'heal.sol', 'drip.t.sol', 'drip.sol', 'frob.t.sol', 'tune.sol', 'bite.sol']
2,['flop.sol', 'move.sol', 'flop.t.sol', 'flap.t.sol', 'heal.sol', 'heal.t.sol', 'flap.sol', 'drip.sol', 'frob.t.sol', 'tune.sol']
2,['flop.sol', 'move.sol', 'flop.t.sol', 'flap.t.sol', 'heal.sol', 'heal.t.sol', 'flap.sol', 'drip.sol', 'frob.t.sol', 'bite.sol']
2,['flop.sol', 'move.sol', 'flop.t.sol', 'flap.t.sol', 'heal.sol', 'heal.t.sol', 'flap.sol', 'drip.sol', 'tune.sol', 'bite.sol']
2,['flop.sol', 'move.sol', 'flop.t.sol', 'flap.t.sol', 'heal.sol', 'heal.t.sol', 'flap.sol', 'frob.t.sol', 'tune.sol', 'bite.sol']
2,['flop.sol', 'move.sol', 'flop.t.sol', 'flap.t.sol', 'heal.sol', 'heal.t.sol', 'drip.sol', 'frob.t.sol', 'tune.sol', 'bite.sol']
2,['flop.sol', 'move.sol', 'flop.t.sol', 'flap.t.sol', 'heal.sol', 'flap.sol', 'drip.sol', 'frob.t.sol', 'tune.sol', 'bite.sol']
2,['flop.sol', 'move.sol', 'flop.t.sol', 'flap.t.sol', 'drip.t.sol', 'heal.t.sol', 'flap.sol', 'drip.sol', 'frob.t.sol', 'tune.sol']
2,['flop.sol', 'move.sol', 'flop.t.sol', 'flap.t.sol', 'drip.t.sol', 'heal.t.sol', 'flap.sol', 'drip.sol', 'frob.t.sol', 'bite.sol']
1,['flop.sol', 'move.sol', 'flop.t.sol', 'flap.t.sol', 'drip.t.sol', 'heal.t.sol', 'flap.sol', 'drip.sol', 'tune.sol', 'bite.sol']
2,['flop.sol', 'move.sol', 'flop.t.sol', 'flap.t.sol', 'drip.t.sol', 'heal.t.sol', 'flap.sol', 'frob.t.sol', 'tune.sol', 'bite.sol']
1,['flop.sol', 'move.sol', 'flop.t.sol', 'flap.t.sol', 'drip.t.sol', 'heal.t.sol', 'drip.sol', 'frob.t.sol', 'tune.sol', 'bite.sol']
2,['flop.sol', 'move.sol', 'flop.t.sol', 'flap.t.sol', 'drip.t.sol', 'flap.sol', 'drip.sol', 'frob.t.sol', 'tune.sol', 'bite.sol']
2,['flop.sol', 'move.sol', 'flop.t.sol', 'flap.t.sol', 'heal.t.sol', 'flap.sol', 'drip.sol', 'frob.t.sol', 'tune.sol', 'bite.sol']
2,['flop.sol', 'move.sol', 'flop.t.sol', 'heal.sol', 'drip.t.sol', 'heal.t.sol', 'flap.sol', 'drip.sol', 'frob.t.sol', 'tune.sol']
2,['flop.sol', 'move.sol', 'flop.t.sol', 'heal.sol', 'drip.t.sol', 'heal.t.sol', 'flap.sol', 'drip.sol', 'frob.t.sol', 'bite.sol']
1,['flop.sol', 'move.sol', 'flop.t.sol', 'heal.sol', 'drip.t.sol', 'heal.t.sol', 'flap.sol', 'drip.sol', 'tune.sol', 'bite.sol']
1,['flop.sol', 'move.sol', 'flop.t.sol', 'heal.sol', 'drip.t.sol', 'heal.t.sol', 'flap.sol', 'frob.t.sol', 'tune.sol', 'bite.sol']
1,['flop.sol', 'move.sol', 'flop.t.sol', 'heal.sol', 'drip.t.sol', 'heal.t.sol', 'drip.sol', 'frob.t.sol', 'tune.sol', 'bite.sol']
1,['flop.sol', 'move.sol', 'flop.t.sol', 'heal.sol', 'drip.t.sol', 'flap.sol', 'drip.sol', 'frob.t.sol', 'tune.sol', 'bite.sol']
2,['flop.sol', 'move.sol', 'flop.t.sol', 'heal.sol', 'heal.t.sol', 'flap.sol', 'drip.sol', 'frob.t.sol', 'tune.sol', 'bite.sol']
1,['flop.sol', 'move.sol', 'flop.t.sol', 'drip.t.sol', 'heal.t.sol', 'flap.sol', 'drip.sol', 'frob.t.sol', 'tune.sol', 'bite.sol']
2,['flop.sol', 'move.sol', 'flap.t.sol', 'heal.sol', 'drip.t.sol', 'heal.t.sol', 'flap.sol', 'drip.sol', 'frob.t.sol', 'tune.sol']
2,['flop.sol', 'move.sol', 'flap.t.sol', 'heal.sol', 'drip.t.sol', 'heal.t.sol', 'flap.sol', 'drip.sol', 'frob.t.sol', 'bite.sol']
1,['flop.sol', 'move.sol', 'flap.t.sol', 'heal.sol', 'drip.t.sol', 'heal.t.sol', 'flap.sol', 'drip.sol', 'tune.sol', 'bite.sol']
2,['flop.sol', 'move.sol', 'flap.t.sol', 'heal.sol', 'drip.t.sol', 'heal.t.sol', 'flap.sol', 'frob.t.sol', 'tune.sol', 'bite.sol']
1,['flop.sol', 'move.sol', 'flap.t.sol', 'heal.sol', 'drip.t.sol', 'heal.t.sol', 'drip.sol', 'frob.t.sol', 'tune.sol', 'bite.sol']
1,['flop.sol', 'move.sol', 'flap.t.sol', 'heal.sol', 'drip.t.sol', 'flap.sol', 'drip.sol', 'frob.t.sol', 'tune.sol', 'bite.sol']
2,['flop.sol', 'move.sol', 'flap.t.sol', 'heal.sol', 'heal.t.sol', 'flap.sol', 'drip.sol', 'frob.t.sol', 'tune.sol', 'bite.sol']
1,['flop.sol', 'move.sol', 'flap.t.sol', 'drip.t.sol', 'heal.t.sol', 'flap.sol', 'drip.sol', 'frob.t.sol', 'tune.sol', 'bite.sol']
1,['flop.sol', 'move.sol', 'heal.sol', 'drip.t.sol', 'heal.t.sol', 'flap.sol', 'drip.sol', 'frob.t.sol', 'tune.sol', 'bite.sol']
2,['flop.sol', 'flop.t.sol', 'flap.t.sol', 'heal.sol', 'drip.t.sol', 'heal.t.sol', 'flap.sol', 'drip.sol', 'frob.t.sol', 'tune.sol']
2,['flop.sol', 'flop.t.sol', 'flap.t.sol', 'heal.sol', 'drip.t.sol', 'heal.t.sol', 'flap.sol', 'drip.sol', 'frob.t.sol', 'bite.sol']
1,['flop.sol', 'flop.t.sol', 'flap.t.sol', 'heal.sol', 'drip.t.sol', 'heal.t.sol', 'flap.sol', 'drip.sol', 'tune.sol', 'bite.sol']
2,['flop.sol', 'flop.t.sol', 'flap.t.sol', 'heal.sol', 'drip.t.sol', 'heal.t.sol', 'flap.sol', 'frob.t.sol', 'tune.sol', 'bite.sol']
2,['flop.sol', 'flop.t.sol', 'flap.t.sol', 'heal.sol', 'drip.t.sol', 'heal.t.sol', 'drip.sol', 'frob.t.sol', 'tune.sol', 'bite.sol']
1,['flop.sol', 'flop.t.sol', 'flap.t.sol', 'heal.sol', 'drip.t.sol', 'flap.sol', 'drip.sol', 'frob.t.sol', 'tune.sol', 'bite.sol']
2,['flop.sol', 'flop.t.sol', 'flap.t.sol', 'heal.sol', 'heal.t.sol', 'flap.sol', 'drip.sol', 'frob.t.sol', 'tune.sol', 'bite.sol']
2,['flop.sol', 'flop.t.sol', 'flap.t.sol', 'drip.t.sol', 'heal.t.sol', 'flap.sol', 'drip.sol', 'frob.t.sol', 'tune.sol', 'bite.sol']
1,['flop.sol', 'flop.t.sol', 'heal.sol', 'drip.t.sol', 'heal.t.sol', 'flap.sol', 'drip.sol', 'frob.t.sol', 'tune.sol', 'bite.sol']
1,['flop.sol', 'flap.t.sol', 'heal.sol', 'drip.t.sol', 'heal.t.sol', 'flap.sol', 'drip.sol', 'frob.t.sol', 'tune.sol', 'bite.sol']
1,['join.sol', 'flip.sol', 'frob.sol', 'flip.t.sol', 'move.sol', 'flop.t.sol', 'flap.t.sol', 'heal.sol', 'drip.t.sol', 'heal.t.sol']
2,['join.sol', 'flip.sol', 'frob.sol', 'flip.t.sol', 'move.sol', 'flop.t.sol', 'flap.t.sol', 'heal.sol', 'drip.t.sol', 'flap.sol']
3,['join.sol', 'flip.sol', 'frob.sol', 'flip.t.sol', 'move.sol', 'flop.t.sol', 'flap.t.sol', 'heal.sol', 'drip.t.sol', 'drip.sol']
2,['join.sol', 'flip.sol', 'frob.sol', 'flip.t.sol', 'move.sol', 'flop.t.sol', 'flap.t.sol', 'heal.sol', 'drip.t.sol', 'frob.t.sol']
1,['join.sol', 'flip.sol', 'frob.sol', 'flip.t.sol', 'move.sol', 'flop.t.sol', 'flap.t.sol', 'heal.sol', 'drip.t.sol', 'tune.sol']
3,['join.sol', 'flip.sol', 'frob.sol', 'flip.t.sol', 'move.sol', 'flop.t.sol', 'flap.t.sol', 'heal.sol', 'drip.t.sol', 'bite.sol']
3,['join.sol', 'flip.sol', 'frob.sol', 'flip.t.sol', 'move.sol', 'flop.t.sol', 'flap.t.sol', 'heal.sol', 'heal.t.sol', 'flap.sol']
3,['join.sol', 'flip.sol', 'frob.sol', 'flip.t.sol', 'move.sol', 'flop.t.sol', 'flap.t.sol', 'heal.sol', 'heal.t.sol', 'drip.sol']
2,['join.sol', 'flip.sol', 'frob.sol', 'flip.t.sol', 'move.sol', 'flop.t.sol', 'flap.t.sol', 'heal.sol', 'heal.t.sol', 'frob.t.sol']
2,['join.sol', 'flip.sol', 'frob.sol', 'flip.t.sol', 'move.sol', 'flop.t.sol', 'flap.t.sol', 'heal.sol', 'heal.t.sol', 'tune.sol']
2,['join.sol', 'flip.sol', 'frob.sol', 'flip.t.sol', 'move.sol', 'flop.t.sol', 'flap.t.sol', 'heal.sol', 'heal.t.sol', 'bite.sol']
2,['join.sol', 'flip.sol', 'frob.sol', 'flip.t.sol', 'move.sol', 'flop.t.sol', 'flap.t.sol', 'heal.sol', 'flap.sol', 'drip.sol']
3,['join.sol', 'flip.sol', 'frob.sol', 'flip.t.sol', 'move.sol', 'flop.t.sol', 'flap.t.sol', 'heal.sol', 'flap.sol', 'frob.t.sol']
1,['join.sol', 'flip.sol', 'frob.sol', 'flip.t.sol', 'move.sol', 'flop.t.sol', 'flap.t.sol', 'heal.sol', 'flap.sol', 'tune.sol']
2,['join.sol', 'flip.sol', 'frob.sol', 'flip.t.sol', 'move.sol', 'flop.t.sol', 'flap.t.sol', 'heal.sol', 'flap.sol', 'bite.sol']
2,['join.sol', 'flip.sol', 'frob.sol', 'flip.t.sol', 'move.sol', 'flop.t.sol', 'flap.t.sol', 'heal.sol', 'drip.sol', 'frob.t.sol']
1,['join.sol', 'flip.sol', 'frob.sol', 'flip.t.sol', 'move.sol', 'flop.t.sol', 'flap.t.sol', 'heal.sol', 'drip.sol', 'tune.sol']
1,['join.sol', 'flip.sol', 'frob.sol', 'flip.t.sol', 'move.sol', 'flop.t.sol', 'flap.t.sol', 'heal.sol', 'drip.sol', 'bite.sol']
2,['join.sol', 'flip.sol', 'frob.sol', 'flip.t.sol', 'move.sol', 'flop.t.sol', 'flap.t.sol', 'heal.sol', 'frob.t.sol', 'tune.sol']
2,['join.sol', 'flip.sol', 'frob.sol', 'flip.t.sol', 'move.sol', 'flop.t.sol', 'flap.t.sol', 'heal.sol', 'frob.t.sol', 'bite.sol']
1,['join.sol', 'flip.sol', 'frob.sol', 'flip.t.sol', 'move.sol', 'flop.t.sol', 'flap.t.sol', 'heal.sol', 'tune.sol', 'bite.sol']
2,['join.sol', 'flip.sol', 'frob.sol', 'flip.t.sol', 'move.sol', 'flop.t.sol', 'flap.t.sol', 'drip.t.sol', 'heal.t.sol', 'flap.sol']
2,['join.sol', 'flip.sol', 'frob.sol', 'flip.t.sol', 'move.sol', 'flop.t.sol', 'flap.t.sol', 'drip.t.sol', 'heal.t.sol', 'drip.sol']
2,['join.sol', 'flip.sol', 'frob.sol', 'flip.t.sol', 'move.sol', 'flop.t.sol', 'flap.t.sol', 'drip.t.sol', 'heal.t.sol', 'frob.t.sol']
2,['join.sol', 'flip.sol', 'frob.sol', 'flip.t.sol', 'move.sol', 'flop.t.sol', 'flap.t.sol', 'drip.t.sol', 'heal.t.sol', 'tune.sol']
2,['join.sol', 'flip.sol', 'frob.sol', 'flip.t.sol', 'move.sol', 'flop.t.sol', 'flap.t.sol', 'drip.t.sol', 'heal.t.sol', 'bite.sol']
2,['join.sol', 'flip.sol', 'frob.sol', 'flip.t.sol', 'move.sol', 'flop.t.sol', 'flap.t.sol', 'drip.t.sol', 'flap.sol', 'drip.sol']
2,['join.sol', 'flip.sol', 'frob.sol', 'flip.t.sol', 'move.sol', 'flop.t.sol', 'flap.t.sol', 'drip.t.sol', 'flap.sol', 'frob.t.sol']
1,['join.sol', 'flip.sol', 'frob.sol', 'flip.t.sol', 'move.sol', 'flop.t.sol', 'flap.t.sol', 'drip.t.sol', 'flap.sol', 'tune.sol']
1,['join.sol', 'flip.sol', 'frob.sol', 'flip.t.sol', 'move.sol', 'flop.t.sol', 'flap.t.sol', 'drip.t.sol', 'flap.sol', 'bite.sol']
2,['join.sol', 'flip.sol', 'frob.sol', 'flip.t.sol', 'move.sol', 'flop.t.sol', 'flap.t.sol', 'drip.t.sol', 'drip.sol', 'frob.t.sol']
2,['join.sol', 'flip.sol', 'frob.sol', 'flip.t.sol', 'move.sol', 'flop.t.sol', 'flap.t.sol', 'drip.t.sol', 'drip.sol', 'tune.sol']
3,['join.sol', 'flip.sol', 'frob.sol', 'flip.t.sol', 'move.sol', 'flop.t.sol', 'flap.t.sol', 'drip.t.sol', 'drip.sol', 'bite.sol']
2,['join.sol', 'flip.sol', 'frob.sol', 'flip.t.sol', 'move.sol', 'flop.t.sol', 'flap.t.sol', 'drip.t.sol', 'frob.t.sol', 'tune.sol']
2,['join.sol', 'flip.sol', 'frob.sol', 'flip.t.sol', 'move.sol', 'flop.t.sol', 'flap.t.sol', 'drip.t.sol', 'frob.t.sol', 'bite.sol']
1,['join.sol', 'flip.sol', 'frob.sol', 'flip.t.sol', 'move.sol', 'flop.t.sol', 'flap.t.sol', 'drip.t.sol', 'tune.sol', 'bite.sol']
3,['join.sol', 'flip.sol', 'frob.sol', 'flip.t.sol', 'move.sol', 'flop.t.sol', 'flap.t.sol', 'heal.t.sol', 'flap.sol', 'drip.sol']
3,['join.sol', 'flip.sol', 'frob.sol', 'flip.t.sol', 'move.sol', 'flop.t.sol', 'flap.t.sol', 'heal.t.sol', 'flap.sol', 'frob.t.sol']
2,['join.sol', 'flip.sol', 'frob.sol', 'flip.t.sol', 'move.sol', 'flop.t.sol', 'flap.t.sol', 'heal.t.sol', 'flap.sol', 'tune.sol']
3,['join.sol', 'flip.sol', 'frob.sol', 'flip.t.sol', 'move.sol', 'flop.t.sol', 'flap.t.sol', 'heal.t.sol', 'flap.sol', 'bite.sol']
2,['join.sol', 'flip.sol', 'frob.sol', 'flip.t.sol', 'move.sol', 'flop.t.sol', 'flap.t.sol', 'heal.t.sol', 'drip.sol', 'frob.t.sol']
2,['join.sol', 'flip.sol', 'frob.sol', 'flip.t.sol', 'move.sol', 'flop.t.sol', 'flap.t.sol', 'heal.t.sol', 'drip.sol', 'tune.sol']
3,['join.sol', 'flip.sol', 'frob.sol', 'flip.t.sol', 'move.sol', 'flop.t.sol', 'flap.t.sol', 'heal.t.sol', 'drip.sol', 'bite.sol']
2,['join.sol', 'flip.sol', 'frob.sol', 'flip.t.sol', 'move.sol', 'flop.t.sol', 'flap.t.sol', 'heal.t.sol', 'frob.t.sol', 'tune.sol']
2,['join.sol', 'flip.sol', 'frob.sol', 'flip.t.sol', 'move.sol', 'flop.t.sol', 'flap.t.sol', 'heal.t.sol', 'frob.t.sol', 'bite.sol']
2,['join.sol', 'flip.sol', 'frob.sol', 'flip.t.sol', 'move.sol', 'flop.t.sol', 'flap.t.sol', 'heal.t.sol', 'tune.sol', 'bite.sol']
3,['join.sol', 'flip.sol', 'frob.sol', 'flip.t.sol', 'move.sol', 'flop.t.sol', 'flap.t.sol', 'flap.sol', 'drip.sol', 'frob.t.sol']
1,['join.sol', 'flip.sol', 'frob.sol', 'flip.t.sol', 'move.sol', 'flop.t.sol', 'flap.t.sol', 'flap.sol', 'drip.sol', 'tune.sol']
2,['join.sol', 'flip.sol', 'frob.sol', 'flip.t.sol', 'move.sol', 'flop.t.sol', 'flap.t.sol', 'flap.sol', 'drip.sol', 'bite.sol']
2,['join.sol', 'flip.sol', 'frob.sol', 'flip.t.sol', 'move.sol', 'flop.t.sol', 'flap.t.sol', 'flap.sol', 'frob.t.sol', 'tune.sol']
2,['join.sol', 'flip.sol', 'frob.sol', 'flip.t.sol', 'move.sol', 'flop.t.sol', 'flap.t.sol', 'flap.sol', 'frob.t.sol', 'bite.sol']
1,['join.sol', 'flip.sol', 'frob.sol', 'flip.t.sol', 'move.sol', 'flop.t.sol', 'flap.t.sol', 'flap.sol', 'tune.sol', 'bite.sol']
2,['join.sol', 'flip.sol', 'frob.sol', 'flip.t.sol', 'move.sol', 'flop.t.sol', 'flap.t.sol', 'drip.sol', 'frob.t.sol', 'tune.sol']
2,['join.sol', 'flip.sol', 'frob.sol', 'flip.t.sol', 'move.sol', 'flop.t.sol', 'flap.t.sol', 'drip.sol', 'frob.t.sol', 'bite.sol']
1,['join.sol', 'flip.sol', 'frob.sol', 'flip.t.sol', 'move.sol', 'flop.t.sol', 'flap.t.sol', 'drip.sol', 'tune.sol', 'bite.sol']
2,['join.sol', 'flip.sol', 'frob.sol', 'flip.t.sol', 'move.sol', 'flop.t.sol', 'flap.t.sol', 'frob.t.sol', 'tune.sol', 'bite.sol']
1,['join.sol', 'flip.sol', 'frob.sol', 'flip.t.sol', 'move.sol', 'flop.t.sol', 'heal.sol', 'drip.t.sol', 'heal.t.sol', 'flap.sol']
1,['join.sol', 'flip.sol', 'frob.sol', 'flip.t.sol', 'move.sol', 'flop.t.sol', 'heal.sol', 'drip.t.sol', 'heal.t.sol', 'drip.sol']
2,['join.sol', 'flip.sol', 'frob.sol', 'flip.t.sol', 'move.sol', 'flop.t.sol', 'heal.sol', 'drip.t.sol', 'heal.t.sol', 'frob.t.sol']
1,['join.sol', 'flip.sol', 'frob.sol', 'flip.t.sol', 'move.sol', 'flop.t.sol', 'heal.sol', 'drip.t.sol', 'heal.t.sol', 'tune.sol']
1,['join.sol', 'flip.sol', 'frob.sol', 'flip.t.sol', 'move.sol', 'flop.t.sol', 'heal.sol', 'drip.t.sol', 'heal.t.sol', 'bite.sol']
2,['join.sol', 'flip.sol', 'frob.sol', 'flip.t.sol', 'move.sol', 'flop.t.sol', 'heal.sol', 'drip.t.sol', 'flap.sol', 'drip.sol']
3,['join.sol', 'flip.sol', 'frob.sol', 'flip.t.sol', 'move.sol', 'flop.t.sol', 'heal.sol', 'drip.t.sol', 'flap.sol', 'frob.t.sol']
1,['join.sol', 'flip.sol', 'frob.sol', 'flip.t.sol', 'move.sol', 'flop.t.sol', 'heal.sol', 'drip.t.sol', 'flap.sol', 'tune.sol']
1,['join.sol', 'flip.sol', 'frob.sol', 'flip.t.sol', 'move.sol', 'flop.t.sol', 'heal.sol', 'drip.t.sol', 'flap.sol', 'bite.sol']
2,['join.sol', 'flip.sol', 'frob.sol', 'flip.t.sol', 'move.sol', 'flop.t.sol', 'heal.sol', 'drip.t.sol', 'drip.sol', 'frob.t.sol']
3,['join.sol', 'flip.sol', 'frob.sol', 'flip.t.sol', 'move.sol', 'flop.t.sol', 'heal.sol', 'drip.t.sol', 'drip.sol', 'tune.sol']
1,['join.sol', 'flip.sol', 'frob.sol', 'flip.t.sol', 'move.sol', 'flop.t.sol', 'heal.sol', 'drip.t.sol', 'drip.sol', 'bite.sol']
2,['join.sol', 'flip.sol', 'frob.sol', 'flip.t.sol', 'move.sol', 'flop.t.sol', 'heal.sol', 'drip.t.sol', 'frob.t.sol', 'tune.sol']
1,['join.sol', 'flip.sol', 'frob.sol', 'flip.t.sol', 'move.sol', 'flop.t.sol', 'heal.sol', 'drip.t.sol', 'frob.t.sol', 'bite.sol']
2,['join.sol', 'flip.sol', 'frob.sol', 'flip.t.sol', 'move.sol', 'flop.t.sol', 'heal.sol', 'drip.t.sol', 'tune.sol', 'bite.sol']
2,['join.sol', 'flip.sol', 'frob.sol', 'flip.t.sol', 'move.sol', 'flop.t.sol', 'heal.sol', 'heal.t.sol', 'flap.sol', 'drip.sol']
2,['join.sol', 'flip.sol', 'frob.sol', 'flip.t.sol', 'move.sol', 'flop.t.sol', 'heal.sol', 'heal.t.sol', 'flap.sol', 'frob.t.sol']
2,['join.sol', 'flip.sol', 'frob.sol', 'flip.t.sol', 'move.sol', 'flop.t.sol', 'heal.sol', 'heal.t.sol', 'flap.sol', 'tune.sol']
2,['join.sol', 'flip.sol', 'frob.sol', 'flip.t.sol', 'move.sol', 'flop.t.sol', 'heal.sol', 'heal.t.sol', 'flap.sol', 'bite.sol']
2,['join.sol', 'flip.sol', 'frob.sol', 'flip.t.sol', 'move.sol', 'flop.t.sol', 'heal.sol', 'heal.t.sol', 'drip.sol', 'frob.t.sol']
2,['join.sol', 'flip.sol', 'frob.sol', 'flip.t.sol', 'move.sol', 'flop.t.sol', 'heal.sol', 'heal.t.sol', 'drip.sol', 'tune.sol']
2,['join.sol', 'flip.sol', 'frob.sol', 'flip.t.sol', 'move.sol', 'flop.t.sol', 'heal.sol', 'heal.t.sol', 'drip.sol', 'bite.sol']
2,['join.sol', 'flip.sol', 'frob.sol', 'flip.t.sol', 'move.sol', 'flop.t.sol', 'heal.sol', 'heal.t.sol', 'frob.t.sol', 'tune.sol']
2,['join.sol', 'flip.sol', 'frob.sol', 'flip.t.sol', 'move.sol', 'flop.t.sol', 'heal.sol', 'heal.t.sol', 'frob.t.sol', 'bite.sol']
2,['join.sol', 'flip.sol', 'frob.sol', 'flip.t.sol', 'move.sol', 'flop.t.sol', 'heal.sol', 'heal.t.sol', 'tune.sol', 'bite.sol']
3,['join.sol', 'flip.sol', 'frob.sol', 'flip.t.sol', 'move.sol', 'flop.t.sol', 'heal.sol', 'flap.sol', 'drip.sol', 'frob.t.sol']
1,['join.sol', 'flip.sol', 'frob.sol', 'flip.t.sol', 'move.sol', 'flop.t.sol', 'heal.sol', 'flap.sol', 'drip.sol', 'tune.sol']
2,['join.sol', 'flip.sol', 'frob.sol', 'flip.t.sol', 'move.sol', 'flop.t.sol', 'heal.sol', 'flap.sol', 'drip.sol', 'bite.sol']
2,['join.sol', 'flip.sol', 'frob.sol', 'flip.t.sol', 'move.sol', 'flop.t.sol', 'heal.sol', 'flap.sol', 'frob.t.sol', 'tune.sol']
2,['join.sol', 'flip.sol', 'frob.sol', 'flip.t.sol', 'move.sol', 'flop.t.sol', 'heal.sol', 'flap.sol', 'frob.t.sol', 'bite.sol']
1,['join.sol', 'flip.sol', 'frob.sol', 'flip.t.sol', 'move.sol', 'flop.t.sol', 'heal.sol', 'flap.sol', 'tune.sol', 'bite.sol']
2,['join.sol', 'flip.sol', 'frob.sol', 'flip.t.sol', 'move.sol', 'flop.t.sol', 'heal.sol', 'drip.sol', 'frob.t.sol', 'tune.sol']
2,['join.sol', 'flip.sol', 'frob.sol', 'flip.t.sol', 'move.sol', 'flop.t.sol', 'heal.sol', 'drip.sol', 'frob.t.sol', 'bite.sol']
1,['join.sol', 'flip.sol', 'frob.sol', 'flip.t.sol', 'move.sol', 'flop.t.sol', 'heal.sol', 'drip.sol', 'tune.sol', 'bite.sol']
2,['join.sol', 'flip.sol', 'frob.sol', 'flip.t.sol', 'move.sol', 'flop.t.sol', 'heal.sol', 'frob.t.sol', 'tune.sol', 'bite.sol']
2,['join.sol', 'flip.sol', 'frob.sol', 'flip.t.sol', 'move.sol', 'flop.t.sol', 'drip.t.sol', 'heal.t.sol', 'flap.sol', 'drip.sol']
2,['join.sol', 'flip.sol', 'frob.sol', 'flip.t.sol', 'move.sol', 'flop.t.sol', 'drip.t.sol', 'heal.t.sol', 'flap.sol', 'frob.t.sol']
2,['join.sol', 'flip.sol', 'frob.sol', 'flip.t.sol', 'move.sol', 'flop.t.sol', 'drip.t.sol', 'heal.t.sol', 'flap.sol', 'tune.sol']
2,['join.sol', 'flip.sol', 'frob.sol', 'flip.t.sol', 'move.sol', 'flop.t.sol', 'drip.t.sol', 'heal.t.sol', 'flap.sol', 'bite.sol']
2,['join.sol', 'flip.sol', 'frob.sol', 'flip.t.sol', 'move.sol', 'flop.t.sol', 'drip.t.sol', 'heal.t.sol', 'drip.sol', 'frob.t.sol']
2,['join.sol', 'flip.sol', 'frob.sol', 'flip.t.sol', 'move.sol', 'flop.t.sol', 'drip.t.sol', 'heal.t.sol', 'drip.sol', 'tune.sol']
1,['join.sol', 'flip.sol', 'frob.sol', 'flip.t.sol', 'move.sol', 'flop.t.sol', 'drip.t.sol', 'heal.t.sol', 'drip.sol', 'bite.sol']
2,['join.sol', 'flip.sol', 'frob.sol', 'flip.t.sol', 'move.sol', 'flop.t.sol', 'drip.t.sol', 'heal.t.sol', 'frob.t.sol', 'tune.sol']
1,['join.sol', 'flip.sol', 'frob.sol', 'flip.t.sol', 'move.sol', 'flop.t.sol', 'drip.t.sol', 'heal.t.sol', 'frob.t.sol', 'bite.sol']
2,['join.sol', 'flip.sol', 'frob.sol', 'flip.t.sol', 'move.sol', 'flop.t.sol', 'drip.t.sol', 'heal.t.sol', 'tune.sol', 'bite.sol']
2,['join.sol', 'flip.sol', 'frob.sol', 'flip.t.sol', 'move.sol', 'flop.t.sol', 'drip.t.sol', 'flap.sol', 'drip.sol', 'frob.t.sol']
1,['join.sol', 'flip.sol', 'frob.sol', 'flip.t.sol', 'move.sol', 'flop.t.sol', 'drip.t.sol', 'flap.sol', 'drip.sol', 'tune.sol']
3,['join.sol', 'flip.sol', 'frob.sol', 'flip.t.sol', 'move.sol', 'flop.t.sol', 'drip.t.sol', 'flap.sol', 'drip.sol', 'bite.sol']
2,['join.sol', 'flip.sol', 'frob.sol', 'flip.t.sol', 'move.sol', 'flop.t.sol', 'drip.t.sol', 'flap.sol', 'frob.t.sol', 'tune.sol']
2,['join.sol', 'flip.sol', 'frob.sol', 'flip.t.sol', 'move.sol', 'flop.t.sol', 'drip.t.sol', 'flap.sol', 'frob.t.sol', 'bite.sol']
1,['join.sol', 'flip.sol', 'frob.sol', 'flip.t.sol', 'move.sol', 'flop.t.sol', 'drip.t.sol', 'flap.sol', 'tune.sol', 'bite.sol']
2,['join.sol', 'flip.sol', 'frob.sol', 'flip.t.sol', 'move.sol', 'flop.t.sol', 'drip.t.sol', 'drip.sol', 'frob.t.sol', 'tune.sol']
2,['join.sol', 'flip.sol', 'frob.sol', 'flip.t.sol', 'move.sol', 'flop.t.sol', 'drip.t.sol', 'drip.sol', 'frob.t.sol', 'bite.sol']
2,['join.sol', 'flip.sol', 'frob.sol', 'flip.t.sol', 'move.sol', 'flop.t.sol', 'drip.t.sol', 'drip.sol', 'tune.sol', 'bite.sol']
2,['join.sol', 'flip.sol', 'frob.sol', 'flip.t.sol', 'move.sol', 'flop.t.sol', 'drip.t.sol', 'frob.t.sol', 'tune.sol', 'bite.sol']
2,['join.sol', 'flip.sol', 'frob.sol', 'flip.t.sol', 'move.sol', 'flop.t.sol', 'heal.t.sol', 'flap.sol', 'drip.sol', 'frob.t.sol']
2,['join.sol', 'flip.sol', 'frob.sol', 'flip.t.sol', 'move.sol', 'flop.t.sol', 'heal.t.sol', 'flap.sol', 'drip.sol', 'tune.sol']
3,['join.sol', 'flip.sol', 'frob.sol', 'flip.t.sol', 'move.sol', 'flop.t.sol', 'heal.t.sol', 'flap.sol', 'drip.sol', 'bite.sol']
2,['join.sol', 'flip.sol', 'frob.sol', 'flip.t.sol', 'move.sol', 'flop.t.sol', 'heal.t.sol', 'flap.sol', 'frob.t.sol', 'tune.sol']
2,['join.sol', 'flip.sol', 'frob.sol', 'flip.t.sol', 'move.sol', 'flop.t.sol', 'heal.t.sol', 'flap.sol', 'frob.t.sol', 'bite.sol']
2,['join.sol', 'flip.sol', 'frob.sol', 'flip.t.sol', 'move.sol', 'flop.t.sol', 'heal.t.sol', 'flap.sol', 'tune.sol', 'bite.sol']
2,['join.sol', 'flip.sol', 'frob.sol', 'flip.t.sol', 'move.sol', 'flop.t.sol', 'heal.t.sol', 'drip.sol', 'frob.t.sol', 'tune.sol']
2,['join.sol', 'flip.sol', 'frob.sol', 'flip.t.sol', 'move.sol', 'flop.t.sol', 'heal.t.sol', 'drip.sol', 'frob.t.sol', 'bite.sol']
2,['join.sol', 'flip.sol', 'frob.sol', 'flip.t.sol', 'move.sol', 'flop.t.sol', 'heal.t.sol', 'drip.sol', 'tune.sol', 'bite.sol']
2,['join.sol', 'flip.sol', 'frob.sol', 'flip.t.sol', 'move.sol', 'flop.t.sol', 'heal.t.sol', 'frob.t.sol', 'tune.sol', 'bite.sol']
2,['join.sol', 'flip.sol', 'frob.sol', 'flip.t.sol', 'move.sol', 'flop.t.sol', 'flap.sol', 'drip.sol', 'frob.t.sol', 'tune.sol']
2,['join.sol', 'flip.sol', 'frob.sol', 'flip.t.sol', 'move.sol', 'flop.t.sol', 'flap.sol', 'drip.sol', 'frob.t.sol', 'bite.sol']
1,['join.sol', 'flip.sol', 'frob.sol', 'flip.t.sol', 'move.sol', 'flop.t.sol', 'flap.sol', 'drip.sol', 'tune.sol', 'bite.sol']
2,['join.sol', 'flip.sol', 'frob.sol', 'flip.t.sol', 'move.sol', 'flop.t.sol', 'flap.sol', 'frob.t.sol', 'tune.sol', 'bite.sol']
2,['join.sol', 'flip.sol', 'frob.sol', 'flip.t.sol', 'move.sol', 'flop.t.sol', 'drip.sol', 'frob.t.sol', 'tune.sol', 'bite.sol']
1,['join.sol', 'flip.sol', 'frob.sol', 'flip.t.sol', 'move.sol', 'flap.t.sol', 'heal.sol', 'drip.t.sol', 'heal.t.sol', 'flap.sol']
1,['join.sol', 'flip.sol', 'frob.sol', 'flip.t.sol', 'move.sol', 'flap.t.sol', 'heal.sol', 'drip.t.sol', 'heal.t.sol', 'drip.sol']
2,['join.sol', 'flip.sol', 'frob.sol', 'flip.t.sol', 'move.sol', 'flap.t.sol', 'heal.sol', 'drip.t.sol', 'heal.t.sol', 'frob.t.sol']
1,['join.sol', 'flip.sol', 'frob.sol', 'flip.t.sol', 'move.sol', 'flap.t.sol', 'heal.sol', 'drip.t.sol', 'heal.t.sol', 'tune.sol']
1,['join.sol', 'flip.sol', 'frob.sol', 'flip.t.sol', 'move.sol', 'flap.t.sol', 'heal.sol', 'drip.t.sol', 'heal.t.sol', 'bite.sol']
2,['join.sol', 'flip.sol', 'frob.sol', 'flip.t.sol', 'move.sol', 'flap.t.sol', 'heal.sol', 'drip.t.sol', 'flap.sol', 'drip.sol']
3,['join.sol', 'flip.sol', 'frob.sol', 'flip.t.sol', 'move.sol', 'flap.t.sol', 'heal.sol', 'drip.t.sol', 'flap.sol', 'frob.t.sol']
1,['join.sol', 'flip.sol', 'frob.sol', 'flip.t.sol', 'move.sol', 'flap.t.sol', 'heal.sol', 'drip.t.sol', 'flap.sol', 'tune.sol']
1,['join.sol', 'flip.sol', 'frob.sol', 'flip.t.sol', 'move.sol', 'flap.t.sol', 'heal.sol', 'drip.t.sol', 'flap.sol', 'bite.sol']
2,['join.sol', 'flip.sol', 'frob.sol', 'flip.t.sol', 'move.sol', 'flap.t.sol', 'heal.sol', 'drip.t.sol', 'drip.sol', 'frob.t.sol']
3,['join.sol', 'flip.sol', 'frob.sol', 'flip.t.sol', 'move.sol', 'flap.t.sol', 'heal.sol', 'drip.t.sol', 'drip.sol', 'tune.sol']
3,['join.sol', 'flip.sol', 'frob.sol', 'flip.t.sol', 'move.sol', 'flap.t.sol', 'heal.sol', 'drip.t.sol', 'drip.sol', 'bite.sol']
2,['join.sol', 'flip.sol', 'frob.sol', 'flip.t.sol', 'move.sol', 'flap.t.sol', 'heal.sol', 'drip.t.sol', 'frob.t.sol', 'tune.sol']
1,['join.sol', 'flip.sol', 'frob.sol', 'flip.t.sol', 'move.sol', 'flap.t.sol', 'heal.sol', 'drip.t.sol', 'frob.t.sol', 'bite.sol']
1,['join.sol', 'flip.sol', 'frob.sol', 'flip.t.sol', 'move.sol', 'flap.t.sol', 'heal.sol', 'drip.t.sol', 'tune.sol', 'bite.sol']
2,['join.sol', 'flip.sol', 'frob.sol', 'flip.t.sol', 'move.sol', 'flap.t.sol', 'heal.sol', 'heal.t.sol', 'flap.sol', 'drip.sol']
2,['join.sol', 'flip.sol', 'frob.sol', 'flip.t.sol', 'move.sol', 'flap.t.sol', 'heal.sol', 'heal.t.sol', 'flap.sol', 'frob.t.sol']
2,['join.sol', 'flip.sol', 'frob.sol', 'flip.t.sol', 'move.sol', 'flap.t.sol', 'heal.sol', 'heal.t.sol', 'flap.sol', 'tune.sol']
2,['join.sol', 'flip.sol', 'frob.sol', 'flip.t.sol', 'move.sol', 'flap.t.sol', 'heal.sol', 'heal.t.sol', 'flap.sol', 'bite.sol']
2,['join.sol', 'flip.sol', 'frob.sol', 'flip.t.sol', 'move.sol', 'flap.t.sol', 'heal.sol', 'heal.t.sol', 'drip.sol', 'frob.t.sol']
2,['join.sol', 'flip.sol', 'frob.sol', 'flip.t.sol', 'move.sol', 'flap.t.sol', 'heal.sol', 'heal.t.sol', 'drip.sol', 'tune.sol']
2,['join.sol', 'flip.sol', 'frob.sol', 'flip.t.sol', 'move.sol', 'flap.t.sol', 'heal.sol', 'heal.t.sol', 'drip.sol', 'bite.sol']
2,['join.sol', 'flip.sol', 'frob.sol', 'flip.t.sol', 'move.sol', 'flap.t.sol', 'heal.sol', 'heal.t.sol', 'frob.t.sol', 'tune.sol']
2,['join.sol', 'flip.sol', 'frob.sol', 'flip.t.sol', 'move.sol', 'flap.t.sol', 'heal.sol', 'heal.t.sol', 'frob.t.sol', 'bite.sol']
2,['join.sol', 'flip.sol', 'frob.sol', 'flip.t.sol', 'move.sol', 'flap.t.sol', 'heal.sol', 'heal.t.sol', 'tune.sol', 'bite.sol']
3,['join.sol', 'flip.sol', 'frob.sol', 'flip.t.sol', 'move.sol', 'flap.t.sol', 'heal.sol', 'flap.sol', 'drip.sol', 'frob.t.sol']
1,['join.sol', 'flip.sol', 'frob.sol', 'flip.t.sol', 'move.sol', 'flap.t.sol', 'heal.sol', 'flap.sol', 'drip.sol', 'tune.sol']
2,['join.sol', 'flip.sol', 'frob.sol', 'flip.t.sol', 'move.sol', 'flap.t.sol', 'heal.sol', 'flap.sol', 'drip.sol', 'bite.sol']
2,['join.sol', 'flip.sol', 'frob.sol', 'flip.t.sol', 'move.sol', 'flap.t.sol', 'heal.sol', 'flap.sol', 'frob.t.sol', 'tune.sol']
2,['join.sol', 'flip.sol', 'frob.sol', 'flip.t.sol', 'move.sol', 'flap.t.sol', 'heal.sol', 'flap.sol', 'frob.t.sol', 'bite.sol']
1,['join.sol', 'flip.sol', 'frob.sol', 'flip.t.sol', 'move.sol', 'flap.t.sol', 'heal.sol', 'flap.sol', 'tune.sol', 'bite.sol']
2,['join.sol', 'flip.sol', 'frob.sol', 'flip.t.sol', 'move.sol', 'flap.t.sol', 'heal.sol', 'drip.sol', 'frob.t.sol', 'tune.sol']
2,['join.sol', 'flip.sol', 'frob.sol', 'flip.t.sol', 'move.sol', 'flap.t.sol', 'heal.sol', 'drip.sol', 'frob.t.sol', 'bite.sol']
1,['join.sol', 'flip.sol', 'frob.sol', 'flip.t.sol', 'move.sol', 'flap.t.sol', 'heal.sol', 'drip.sol', 'tune.sol', 'bite.sol']
2,['join.sol', 'flip.sol', 'frob.sol', 'flip.t.sol', 'move.sol', 'flap.t.sol', 'heal.sol', 'frob.t.sol', 'tune.sol', 'bite.sol']
2,['join.sol', 'flip.sol', 'frob.sol', 'flip.t.sol', 'move.sol', 'flap.t.sol', 'drip.t.sol', 'heal.t.sol', 'flap.sol', 'drip.sol']
2,['join.sol', 'flip.sol', 'frob.sol', 'flip.t.sol', 'move.sol', 'flap.t.sol', 'drip.t.sol', 'heal.t.sol', 'flap.sol', 'frob.t.sol']
2,['join.sol', 'flip.sol', 'frob.sol', 'flip.t.sol', 'move.sol', 'flap.t.sol', 'drip.t.sol', 'heal.t.sol', 'flap.sol', 'tune.sol']
2,['join.sol', 'flip.sol', 'frob.sol', 'flip.t.sol', 'move.sol', 'flap.t.sol', 'drip.t.sol', 'heal.t.sol', 'flap.sol', 'bite.sol']
2,['join.sol', 'flip.sol', 'frob.sol', 'flip.t.sol', 'move.sol', 'flap.t.sol', 'drip.t.sol', 'heal.t.sol', 'drip.sol', 'frob.t.sol']
2,['join.sol', 'flip.sol', 'frob.sol', 'flip.t.sol', 'move.sol', 'flap.t.sol', 'drip.t.sol', 'heal.t.sol', 'drip.sol', 'tune.sol']
1,['join.sol', 'flip.sol', 'frob.sol', 'flip.t.sol', 'move.sol', 'flap.t.sol', 'drip.t.sol', 'heal.t.sol', 'drip.sol', 'bite.sol']
2,['join.sol', 'flip.sol', 'frob.sol', 'flip.t.sol', 'move.sol', 'flap.t.sol', 'drip.t.sol', 'heal.t.sol', 'frob.t.sol', 'tune.sol']
1,['join.sol', 'flip.sol', 'frob.sol', 'flip.t.sol', 'move.sol', 'flap.t.sol', 'drip.t.sol', 'heal.t.sol', 'frob.t.sol', 'bite.sol']
2,['join.sol', 'flip.sol', 'frob.sol', 'flip.t.sol', 'move.sol', 'flap.t.sol', 'drip.t.sol', 'heal.t.sol', 'tune.sol', 'bite.sol']
2,['join.sol', 'flip.sol', 'frob.sol', 'flip.t.sol', 'move.sol', 'flap.t.sol', 'drip.t.sol', 'flap.sol', 'drip.sol', 'frob.t.sol']
1,['join.sol', 'flip.sol', 'frob.sol', 'flip.t.sol', 'move.sol', 'flap.t.sol', 'drip.t.sol', 'flap.sol', 'drip.sol', 'tune.sol']
3,['join.sol', 'flip.sol', 'frob.sol', 'flip.t.sol', 'move.sol', 'flap.t.sol', 'drip.t.sol', 'flap.sol', 'drip.sol', 'bite.sol']
2,['join.sol', 'flip.sol', 'frob.sol', 'flip.t.sol', 'move.sol', 'flap.t.sol', 'drip.t.sol', 'flap.sol', 'frob.t.sol', 'tune.sol']
2,['join.sol', 'flip.sol', 'frob.sol', 'flip.t.sol', 'move.sol', 'flap.t.sol', 'drip.t.sol', 'flap.sol', 'frob.t.sol', 'bite.sol']
1,['join.sol', 'flip.sol', 'frob.sol', 'flip.t.sol', 'move.sol', 'flap.t.sol', 'drip.t.sol', 'flap.sol', 'tune.sol', 'bite.sol']
2,['join.sol', 'flip.sol', 'frob.sol', 'flip.t.sol', 'move.sol', 'flap.t.sol', 'drip.t.sol', 'drip.sol', 'frob.t.sol', 'tune.sol']
2,['join.sol', 'flip.sol', 'frob.sol', 'flip.t.sol', 'move.sol', 'flap.t.sol', 'drip.t.sol', 'drip.sol', 'frob.t.sol', 'bite.sol']
2,['join.sol', 'flip.sol', 'frob.sol', 'flip.t.sol', 'move.sol', 'flap.t.sol', 'drip.t.sol', 'drip.sol', 'tune.sol', 'bite.sol']
2,['join.sol', 'flip.sol', 'frob.sol', 'flip.t.sol', 'move.sol', 'flap.t.sol', 'drip.t.sol', 'frob.t.sol', 'tune.sol', 'bite.sol']
2,['join.sol', 'flip.sol', 'frob.sol', 'flip.t.sol', 'move.sol', 'flap.t.sol', 'heal.t.sol', 'flap.sol', 'drip.sol', 'frob.t.sol']
2,['join.sol', 'flip.sol', 'frob.sol', 'flip.t.sol', 'move.sol', 'flap.t.sol', 'heal.t.sol', 'flap.sol', 'drip.sol', 'tune.sol']
3,['join.sol', 'flip.sol', 'frob.sol', 'flip.t.sol', 'move.sol', 'flap.t.sol', 'heal.t.sol', 'flap.sol', 'drip.sol', 'bite.sol']
2,['join.sol', 'flip.sol', 'frob.sol', 'flip.t.sol', 'move.sol', 'flap.t.sol', 'heal.t.sol', 'flap.sol', 'frob.t.sol', 'tune.sol']
2,['join.sol', 'flip.sol', 'frob.sol', 'flip.t.sol', 'move.sol', 'flap.t.sol', 'heal.t.sol', 'flap.sol', 'frob.t.sol', 'bite.sol']
2,['join.sol', 'flip.sol', 'frob.sol', 'flip.t.sol', 'move.sol', 'flap.t.sol', 'heal.t.sol', 'flap.sol', 'tune.sol', 'bite.sol']
2,['join.sol', 'flip.sol', 'frob.sol', 'flip.t.sol', 'move.sol', 'flap.t.sol', 'heal.t.sol', 'drip.sol', 'frob.t.sol', 'tune.sol']
2,['join.sol', 'flip.sol', 'frob.sol', 'flip.t.sol', 'move.sol', 'flap.t.sol', 'heal.t.sol', 'drip.sol', 'frob.t.sol', 'bite.sol']
2,['join.sol', 'flip.sol', 'frob.sol', 'flip.t.sol', 'move.sol', 'flap.t.sol', 'heal.t.sol', 'drip.sol', 'tune.sol', 'bite.sol']
2,['join.sol', 'flip.sol', 'frob.sol', 'flip.t.sol', 'move.sol', 'flap.t.sol', 'heal.t.sol', 'frob.t.sol', 'tune.sol', 'bite.sol']
2,['join.sol', 'flip.sol', 'frob.sol', 'flip.t.sol', 'move.sol', 'flap.t.sol', 'flap.sol', 'drip.sol', 'frob.t.sol', 'tune.sol']
2,['join.sol', 'flip.sol', 'frob.sol', 'flip.t.sol', 'move.sol', 'flap.t.sol', 'flap.sol', 'drip.sol', 'frob.t.sol', 'bite.sol']
1,['join.sol', 'flip.sol', 'frob.sol', 'flip.t.sol', 'move.sol', 'flap.t.sol', 'flap.sol', 'drip.sol', 'tune.sol', 'bite.sol']
2,['join.sol', 'flip.sol', 'frob.sol', 'flip.t.sol', 'move.sol', 'flap.t.sol', 'flap.sol', 'frob.t.sol', 'tune.sol', 'bite.sol']
2,['join.sol', 'flip.sol', 'frob.sol', 'flip.t.sol', 'move.sol', 'flap.t.sol', 'drip.sol', 'frob.t.sol', 'tune.sol', 'bite.sol']
1,['join.sol', 'flip.sol', 'frob.sol', 'flip.t.sol', 'move.sol', 'heal.sol', 'drip.t.sol', 'heal.t.sol', 'flap.sol', 'drip.sol']
2,['join.sol', 'flip.sol', 'frob.sol', 'flip.t.sol', 'move.sol', 'heal.sol', 'drip.t.sol', 'heal.t.sol', 'flap.sol', 'frob.t.sol']
1,['join.sol', 'flip.sol', 'frob.sol', 'flip.t.sol', 'move.sol', 'heal.sol', 'drip.t.sol', 'heal.t.sol', 'flap.sol', 'tune.sol']
1,['join.sol', 'flip.sol', 'frob.sol', 'flip.t.sol', 'move.sol', 'heal.sol', 'drip.t.sol', 'heal.t.sol', 'flap.sol', 'bite.sol']
2,['join.sol', 'flip.sol', 'frob.sol', 'flip.t.sol', 'move.sol', 'heal.sol', 'drip.t.sol', 'heal.t.sol', 'drip.sol', 'frob.t.sol']
1,['join.sol', 'flip.sol', 'frob.sol', 'flip.t.sol', 'move.sol', 'heal.sol', 'drip.t.sol', 'heal.t.sol', 'drip.sol', 'tune.sol']
1,['join.sol', 'flip.sol', 'frob.sol', 'flip.t.sol', 'move.sol', 'heal.sol', 'drip.t.sol', 'heal.t.sol', 'drip.sol', 'bite.sol']
1,['join.sol', 'flip.sol', 'frob.sol', 'flip.t.sol', 'move.sol', 'heal.sol', 'drip.t.sol', 'heal.t.sol', 'frob.t.sol', 'tune.sol']
1,['join.sol', 'flip.sol', 'frob.sol', 'flip.t.sol', 'move.sol', 'heal.sol', 'drip.t.sol', 'heal.t.sol', 'frob.t.sol', 'bite.sol']
1,['join.sol', 'flip.sol', 'frob.sol', 'flip.t.sol', 'move.sol', 'heal.sol', 'drip.t.sol', 'heal.t.sol', 'tune.sol', 'bite.sol']
1,['join.sol', 'flip.sol', 'frob.sol', 'flip.t.sol', 'move.sol', 'heal.sol', 'drip.t.sol', 'flap.sol', 'drip.sol', 'frob.t.sol']
1,['join.sol', 'flip.sol', 'frob.sol', 'flip.t.sol', 'move.sol', 'heal.sol', 'drip.t.sol', 'flap.sol', 'drip.sol', 'tune.sol']
3,['join.sol', 'flip.sol', 'frob.sol', 'flip.t.sol', 'move.sol', 'heal.sol', 'drip.t.sol', 'flap.sol', 'drip.sol', 'bite.sol']
2,['join.sol', 'flip.sol', 'frob.sol', 'flip.t.sol', 'move.sol', 'heal.sol', 'drip.t.sol', 'flap.sol', 'frob.t.sol', 'tune.sol']
1,['join.sol', 'flip.sol', 'frob.sol', 'flip.t.sol', 'move.sol', 'heal.sol', 'drip.t.sol', 'flap.sol', 'frob.t.sol', 'bite.sol']
1,['join.sol', 'flip.sol', 'frob.sol', 'flip.t.sol', 'move.sol', 'heal.sol', 'drip.t.sol', 'flap.sol', 'tune.sol', 'bite.sol']
1,['join.sol', 'flip.sol', 'frob.sol', 'flip.t.sol', 'move.sol', 'heal.sol', 'drip.t.sol', 'drip.sol', 'frob.t.sol', 'tune.sol']
1,['join.sol', 'flip.sol', 'frob.sol', 'flip.t.sol', 'move.sol', 'heal.sol', 'drip.t.sol', 'drip.sol', 'frob.t.sol', 'bite.sol']
2,['join.sol', 'flip.sol', 'frob.sol', 'flip.t.sol', 'move.sol', 'heal.sol', 'drip.t.sol', 'drip.sol', 'tune.sol', 'bite.sol']
1,['join.sol', 'flip.sol', 'frob.sol', 'flip.t.sol', 'move.sol', 'heal.sol', 'drip.t.sol', 'frob.t.sol', 'tune.sol', 'bite.sol']
2,['join.sol', 'flip.sol', 'frob.sol', 'flip.t.sol', 'move.sol', 'heal.sol', 'heal.t.sol', 'flap.sol', 'drip.sol', 'frob.t.sol']
2,['join.sol', 'flip.sol', 'frob.sol', 'flip.t.sol', 'move.sol', 'heal.sol', 'heal.t.sol', 'flap.sol', 'drip.sol', 'tune.sol']
2,['join.sol', 'flip.sol', 'frob.sol', 'flip.t.sol', 'move.sol', 'heal.sol', 'heal.t.sol', 'flap.sol', 'drip.sol', 'bite.sol']
2,['join.sol', 'flip.sol', 'frob.sol', 'flip.t.sol', 'move.sol', 'heal.sol', 'heal.t.sol', 'flap.sol', 'frob.t.sol', 'tune.sol']
2,['join.sol', 'flip.sol', 'frob.sol', 'flip.t.sol', 'move.sol', 'heal.sol', 'heal.t.sol', 'flap.sol', 'frob.t.sol', 'bite.sol']
2,['join.sol', 'flip.sol', 'frob.sol', 'flip.t.sol', 'move.sol', 'heal.sol', 'heal.t.sol', 'flap.sol', 'tune.sol', 'bite.sol']
2,['join.sol', 'flip.sol', 'frob.sol', 'flip.t.sol', 'move.sol', 'heal.sol', 'heal.t.sol', 'drip.sol', 'frob.t.sol', 'tune.sol']
2,['join.sol', 'flip.sol', 'frob.sol', 'flip.t.sol', 'move.sol', 'heal.sol', 'heal.t.sol', 'drip.sol', 'frob.t.sol', 'bite.sol']
2,['join.sol', 'flip.sol', 'frob.sol', 'flip.t.sol', 'move.sol', 'heal.sol', 'heal.t.sol', 'drip.sol', 'tune.sol', 'bite.sol']
2,['join.sol', 'flip.sol', 'frob.sol', 'flip.t.sol', 'move.sol', 'heal.sol', 'heal.t.sol', 'frob.t.sol', 'tune.sol', 'bite.sol']
2,['join.sol', 'flip.sol', 'frob.sol', 'flip.t.sol', 'move.sol', 'heal.sol', 'flap.sol', 'drip.sol', 'frob.t.sol', 'tune.sol']
2,['join.sol', 'flip.sol', 'frob.sol', 'flip.t.sol', 'move.sol', 'heal.sol', 'flap.sol', 'drip.sol', 'frob.t.sol', 'bite.sol']
1,['join.sol', 'flip.sol', 'frob.sol', 'flip.t.sol', 'move.sol', 'heal.sol', 'flap.sol', 'drip.sol', 'tune.sol', 'bite.sol']
2,['join.sol', 'flip.sol', 'frob.sol', 'flip.t.sol', 'move.sol', 'heal.sol', 'flap.sol', 'frob.t.sol', 'tune.sol', 'bite.sol']
2,['join.sol', 'flip.sol', 'frob.sol', 'flip.t.sol', 'move.sol', 'heal.sol', 'drip.sol', 'frob.t.sol', 'tune.sol', 'bite.sol']
2,['join.sol', 'flip.sol', 'frob.sol', 'flip.t.sol', 'move.sol', 'drip.t.sol', 'heal.t.sol', 'flap.sol', 'drip.sol', 'frob.t.sol']
2,['join.sol', 'flip.sol', 'frob.sol', 'flip.t.sol', 'move.sol', 'drip.t.sol', 'heal.t.sol', 'flap.sol', 'drip.sol', 'tune.sol']
1,['join.sol', 'flip.sol', 'frob.sol', 'flip.t.sol', 'move.sol', 'drip.t.sol', 'heal.t.sol', 'flap.sol', 'drip.sol', 'bite.sol']
2,['join.sol', 'flip.sol', 'frob.sol', 'flip.t.sol', 'move.sol', 'drip.t.sol', 'heal.t.sol', 'flap.sol', 'frob.t.sol', 'tune.sol']
1,['join.sol', 'flip.sol', 'frob.sol', 'flip.t.sol', 'move.sol', 'drip.t.sol', 'heal.t.sol', 'flap.sol', 'frob.t.sol', 'bite.sol']
2,['join.sol', 'flip.sol', 'frob.sol', 'flip.t.sol', 'move.sol', 'drip.t.sol', 'heal.t.sol', 'flap.sol', 'tune.sol', 'bite.sol']
1,['join.sol', 'flip.sol', 'frob.sol', 'flip.t.sol', 'move.sol', 'drip.t.sol', 'heal.t.sol', 'drip.sol', 'frob.t.sol', 'tune.sol']
1,['join.sol', 'flip.sol', 'frob.sol', 'flip.t.sol', 'move.sol', 'drip.t.sol', 'heal.t.sol', 'drip.sol', 'frob.t.sol', 'bite.sol']
2,['join.sol', 'flip.sol', 'frob.sol', 'flip.t.sol', 'move.sol', 'drip.t.sol', 'heal.t.sol', 'drip.sol', 'tune.sol', 'bite.sol']
1,['join.sol', 'flip.sol', 'frob.sol', 'flip.t.sol', 'move.sol', 'drip.t.sol', 'heal.t.sol', 'frob.t.sol', 'tune.sol', 'bite.sol']
2,['join.sol', 'flip.sol', 'frob.sol', 'flip.t.sol', 'move.sol', 'drip.t.sol', 'flap.sol', 'drip.sol', 'frob.t.sol', 'tune.sol']
2,['join.sol', 'flip.sol', 'frob.sol', 'flip.t.sol', 'move.sol', 'drip.t.sol', 'flap.sol', 'drip.sol', 'frob.t.sol', 'bite.sol']
3,['join.sol', 'flip.sol', 'frob.sol', 'flip.t.sol', 'move.sol', 'drip.t.sol', 'flap.sol', 'drip.sol', 'tune.sol', 'bite.sol']
2,['join.sol', 'flip.sol', 'frob.sol', 'flip.t.sol', 'move.sol', 'drip.t.sol', 'flap.sol', 'frob.t.sol', 'tune.sol', 'bite.sol']
2,['join.sol', 'flip.sol', 'frob.sol', 'flip.t.sol', 'move.sol', 'drip.t.sol', 'drip.sol', 'frob.t.sol', 'tune.sol', 'bite.sol']
2,['join.sol', 'flip.sol', 'frob.sol', 'flip.t.sol', 'move.sol', 'heal.t.sol', 'flap.sol', 'drip.sol', 'frob.t.sol', 'tune.sol']
2,['join.sol', 'flip.sol', 'frob.sol', 'flip.t.sol', 'move.sol', 'heal.t.sol', 'flap.sol', 'drip.sol', 'frob.t.sol', 'bite.sol']
2,['join.sol', 'flip.sol', 'frob.sol', 'flip.t.sol', 'move.sol', 'heal.t.sol', 'flap.sol', 'drip.sol', 'tune.sol', 'bite.sol']
2,['join.sol', 'flip.sol', 'frob.sol', 'flip.t.sol', 'move.sol', 'heal.t.sol', 'flap.sol', 'frob.t.sol', 'tune.sol', 'bite.sol']
2,['join.sol', 'flip.sol', 'frob.sol', 'flip.t.sol', 'move.sol', 'heal.t.sol', 'drip.sol', 'frob.t.sol', 'tune.sol', 'bite.sol']
2,['join.sol', 'flip.sol', 'frob.sol', 'flip.t.sol', 'move.sol', 'flap.sol', 'drip.sol', 'frob.t.sol', 'tune.sol', 'bite.sol']
2,['join.sol', 'flip.sol', 'frob.sol', 'flip.t.sol', 'flop.t.sol', 'flap.t.sol', 'heal.sol', 'drip.t.sol', 'heal.t.sol', 'flap.sol']
1,['join.sol', 'flip.sol', 'frob.sol', 'flip.t.sol', 'flop.t.sol', 'flap.t.sol', 'heal.sol', 'drip.t.sol', 'heal.t.sol', 'drip.sol']
2,['join.sol', 'flip.sol', 'frob.sol', 'flip.t.sol', 'flop.t.sol', 'flap.t.sol', 'heal.sol', 'drip.t.sol', 'heal.t.sol', 'frob.t.sol']
1,['join.sol', 'flip.sol', 'frob.sol', 'flip.t.sol', 'flop.t.sol', 'flap.t.sol', 'heal.sol', 'drip.t.sol', 'heal.t.sol', 'tune.sol']
1,['join.sol', 'flip.sol', 'frob.sol', 'flip.t.sol', 'flop.t.sol', 'flap.t.sol', 'heal.sol', 'drip.t.sol', 'heal.t.sol', 'bite.sol']
2,['join.sol', 'flip.sol', 'frob.sol', 'flip.t.sol', 'flop.t.sol', 'flap.t.sol', 'heal.sol', 'drip.t.sol', 'flap.sol', 'drip.sol']
2,['join.sol', 'flip.sol', 'frob.sol', 'flip.t.sol', 'flop.t.sol', 'flap.t.sol', 'heal.sol', 'drip.t.sol', 'flap.sol', 'frob.t.sol']
1,['join.sol', 'flip.sol', 'frob.sol', 'flip.t.sol', 'flop.t.sol', 'flap.t.sol', 'heal.sol', 'drip.t.sol', 'flap.sol', 'tune.sol']
1,['join.sol', 'flip.sol', 'frob.sol', 'flip.t.sol', 'flop.t.sol', 'flap.t.sol', 'heal.sol', 'drip.t.sol', 'flap.sol', 'bite.sol']
2,['join.sol', 'flip.sol', 'frob.sol', 'flip.t.sol', 'flop.t.sol', 'flap.t.sol', 'heal.sol', 'drip.t.sol', 'drip.sol', 'frob.t.sol']
1,['join.sol', 'flip.sol', 'frob.sol', 'flip.t.sol', 'flop.t.sol', 'flap.t.sol', 'heal.sol', 'drip.t.sol', 'drip.sol', 'tune.sol']
1,['join.sol', 'flip.sol', 'frob.sol', 'flip.t.sol', 'flop.t.sol', 'flap.t.sol', 'heal.sol', 'drip.t.sol', 'drip.sol', 'bite.sol']
2,['join.sol', 'flip.sol', 'frob.sol', 'flip.t.sol', 'flop.t.sol', 'flap.t.sol', 'heal.sol', 'drip.t.sol', 'frob.t.sol', 'tune.sol']
2,['join.sol', 'flip.sol', 'frob.sol', 'flip.t.sol', 'flop.t.sol', 'flap.t.sol', 'heal.sol', 'drip.t.sol', 'frob.t.sol', 'bite.sol']
1,['join.sol', 'flip.sol', 'frob.sol', 'flip.t.sol', 'flop.t.sol', 'flap.t.sol', 'heal.sol', 'drip.t.sol', 'tune.sol', 'bite.sol']
3,['join.sol', 'flip.sol', 'frob.sol', 'flip.t.sol', 'flop.t.sol', 'flap.t.sol', 'heal.sol', 'heal.t.sol', 'flap.sol', 'drip.sol']
2,['join.sol', 'flip.sol', 'frob.sol', 'flip.t.sol', 'flop.t.sol', 'flap.t.sol', 'heal.sol', 'heal.t.sol', 'flap.sol', 'frob.t.sol']
2,['join.sol', 'flip.sol', 'frob.sol', 'flip.t.sol', 'flop.t.sol', 'flap.t.sol', 'heal.sol', 'heal.t.sol', 'flap.sol', 'tune.sol']
2,['join.sol', 'flip.sol', 'frob.sol', 'flip.t.sol', 'flop.t.sol', 'flap.t.sol', 'heal.sol', 'heal.t.sol', 'flap.sol', 'bite.sol']
2,['join.sol', 'flip.sol', 'frob.sol', 'flip.t.sol', 'flop.t.sol', 'flap.t.sol', 'heal.sol', 'heal.t.sol', 'drip.sol', 'frob.t.sol']
2,['join.sol', 'flip.sol', 'frob.sol', 'flip.t.sol', 'flop.t.sol', 'flap.t.sol', 'heal.sol', 'heal.t.sol', 'drip.sol', 'tune.sol']
2,['join.sol', 'flip.sol', 'frob.sol', 'flip.t.sol', 'flop.t.sol', 'flap.t.sol', 'heal.sol', 'heal.t.sol', 'drip.sol', 'bite.sol']
2,['join.sol', 'flip.sol', 'frob.sol', 'flip.t.sol', 'flop.t.sol', 'flap.t.sol', 'heal.sol', 'heal.t.sol', 'frob.t.sol', 'tune.sol']
2,['join.sol', 'flip.sol', 'frob.sol', 'flip.t.sol', 'flop.t.sol', 'flap.t.sol', 'heal.sol', 'heal.t.sol', 'frob.t.sol', 'bite.sol']
2,['join.sol', 'flip.sol', 'frob.sol', 'flip.t.sol', 'flop.t.sol', 'flap.t.sol', 'heal.sol', 'heal.t.sol', 'tune.sol', 'bite.sol']
2,['join.sol', 'flip.sol', 'frob.sol', 'flip.t.sol', 'flop.t.sol', 'flap.t.sol', 'heal.sol', 'flap.sol', 'drip.sol', 'frob.t.sol']
1,['join.sol', 'flip.sol', 'frob.sol', 'flip.t.sol', 'flop.t.sol', 'flap.t.sol', 'heal.sol', 'flap.sol', 'drip.sol', 'tune.sol']
2,['join.sol', 'flip.sol', 'frob.sol', 'flip.t.sol', 'flop.t.sol', 'flap.t.sol', 'heal.sol', 'flap.sol', 'drip.sol', 'bite.sol']
2,['join.sol', 'flip.sol', 'frob.sol', 'flip.t.sol', 'flop.t.sol', 'flap.t.sol', 'heal.sol', 'flap.sol', 'frob.t.sol', 'tune.sol']
2,['join.sol', 'flip.sol', 'frob.sol', 'flip.t.sol', 'flop.t.sol', 'flap.t.sol', 'heal.sol', 'flap.sol', 'frob.t.sol', 'bite.sol']
1,['join.sol', 'flip.sol', 'frob.sol', 'flip.t.sol', 'flop.t.sol', 'flap.t.sol', 'heal.sol', 'flap.sol', 'tune.sol', 'bite.sol']
2,['join.sol', 'flip.sol', 'frob.sol', 'flip.t.sol', 'flop.t.sol', 'flap.t.sol', 'heal.sol', 'drip.sol', 'frob.t.sol', 'tune.sol']
2,['join.sol', 'flip.sol', 'frob.sol', 'flip.t.sol', 'flop.t.sol', 'flap.t.sol', 'heal.sol', 'drip.sol', 'frob.t.sol', 'bite.sol']
1,['join.sol', 'flip.sol', 'frob.sol', 'flip.t.sol', 'flop.t.sol', 'flap.t.sol', 'heal.sol', 'drip.sol', 'tune.sol', 'bite.sol']
2,['join.sol', 'flip.sol', 'frob.sol', 'flip.t.sol', 'flop.t.sol', 'flap.t.sol', 'heal.sol', 'frob.t.sol', 'tune.sol', 'bite.sol']
2,['join.sol', 'flip.sol', 'frob.sol', 'flip.t.sol', 'flop.t.sol', 'flap.t.sol', 'drip.t.sol', 'heal.t.sol', 'flap.sol', 'drip.sol']
2,['join.sol', 'flip.sol', 'frob.sol', 'flip.t.sol', 'flop.t.sol', 'flap.t.sol', 'drip.t.sol', 'heal.t.sol', 'flap.sol', 'frob.t.sol']
2,['join.sol', 'flip.sol', 'frob.sol', 'flip.t.sol', 'flop.t.sol', 'flap.t.sol', 'drip.t.sol', 'heal.t.sol', 'flap.sol', 'tune.sol']
2,['join.sol', 'flip.sol', 'frob.sol', 'flip.t.sol', 'flop.t.sol', 'flap.t.sol', 'drip.t.sol', 'heal.t.sol', 'flap.sol', 'bite.sol']
2,['join.sol', 'flip.sol', 'frob.sol', 'flip.t.sol', 'flop.t.sol', 'flap.t.sol', 'drip.t.sol', 'heal.t.sol', 'drip.sol', 'frob.t.sol']
2,['join.sol', 'flip.sol', 'frob.sol', 'flip.t.sol', 'flop.t.sol', 'flap.t.sol', 'drip.t.sol', 'heal.t.sol', 'drip.sol', 'tune.sol']
1,['join.sol', 'flip.sol', 'frob.sol', 'flip.t.sol', 'flop.t.sol', 'flap.t.sol', 'drip.t.sol', 'heal.t.sol', 'drip.sol', 'bite.sol']
2,['join.sol', 'flip.sol', 'frob.sol', 'flip.t.sol', 'flop.t.sol', 'flap.t.sol', 'drip.t.sol', 'heal.t.sol', 'frob.t.sol', 'tune.sol']
1,['join.sol', 'flip.sol', 'frob.sol', 'flip.t.sol', 'flop.t.sol', 'flap.t.sol', 'drip.t.sol', 'heal.t.sol', 'frob.t.sol', 'bite.sol']
2,['join.sol', 'flip.sol', 'frob.sol', 'flip.t.sol', 'flop.t.sol', 'flap.t.sol', 'drip.t.sol', 'heal.t.sol', 'tune.sol', 'bite.sol']
2,['join.sol', 'flip.sol', 'frob.sol', 'flip.t.sol', 'flop.t.sol', 'flap.t.sol', 'drip.t.sol', 'flap.sol', 'drip.sol', 'frob.t.sol']
1,['join.sol', 'flip.sol', 'frob.sol', 'flip.t.sol', 'flop.t.sol', 'flap.t.sol', 'drip.t.sol', 'flap.sol', 'drip.sol', 'tune.sol']
1,['join.sol', 'flip.sol', 'frob.sol', 'flip.t.sol', 'flop.t.sol', 'flap.t.sol', 'drip.t.sol', 'flap.sol', 'drip.sol', 'bite.sol']
2,['join.sol', 'flip.sol', 'frob.sol', 'flip.t.sol', 'flop.t.sol', 'flap.t.sol', 'drip.t.sol', 'flap.sol', 'frob.t.sol', 'tune.sol']
2,['join.sol', 'flip.sol', 'frob.sol', 'flip.t.sol', 'flop.t.sol', 'flap.t.sol', 'drip.t.sol', 'flap.sol', 'frob.t.sol', 'bite.sol']
1,['join.sol', 'flip.sol', 'frob.sol', 'flip.t.sol', 'flop.t.sol', 'flap.t.sol', 'drip.t.sol', 'flap.sol', 'tune.sol', 'bite.sol']
2,['join.sol', 'flip.sol', 'frob.sol', 'flip.t.sol', 'flop.t.sol', 'flap.t.sol', 'drip.t.sol', 'drip.sol', 'frob.t.sol', 'tune.sol']
2,['join.sol', 'flip.sol', 'frob.sol', 'flip.t.sol', 'flop.t.sol', 'flap.t.sol', 'drip.t.sol', 'drip.sol', 'frob.t.sol', 'bite.sol']
1,['join.sol', 'flip.sol', 'frob.sol', 'flip.t.sol', 'flop.t.sol', 'flap.t.sol', 'drip.t.sol', 'drip.sol', 'tune.sol', 'bite.sol']
2,['join.sol', 'flip.sol', 'frob.sol', 'flip.t.sol', 'flop.t.sol', 'flap.t.sol', 'drip.t.sol', 'frob.t.sol', 'tune.sol', 'bite.sol']
2,['join.sol', 'flip.sol', 'frob.sol', 'flip.t.sol', 'flop.t.sol', 'flap.t.sol', 'heal.t.sol', 'flap.sol', 'drip.sol', 'frob.t.sol']
2,['join.sol', 'flip.sol', 'frob.sol', 'flip.t.sol', 'flop.t.sol', 'flap.t.sol', 'heal.t.sol', 'flap.sol', 'drip.sol', 'tune.sol']
2,['join.sol', 'flip.sol', 'frob.sol', 'flip.t.sol', 'flop.t.sol', 'flap.t.sol', 'heal.t.sol', 'flap.sol', 'drip.sol', 'bite.sol']
2,['join.sol', 'flip.sol', 'frob.sol', 'flip.t.sol', 'flop.t.sol', 'flap.t.sol', 'heal.t.sol', 'flap.sol', 'frob.t.sol', 'tune.sol']
2,['join.sol', 'flip.sol', 'frob.sol', 'flip.t.sol', 'flop.t.sol', 'flap.t.sol', 'heal.t.sol', 'flap.sol', 'frob.t.sol', 'bite.sol']
2,['join.sol', 'flip.sol', 'frob.sol', 'flip.t.sol', 'flop.t.sol', 'flap.t.sol', 'heal.t.sol', 'flap.sol', 'tune.sol', 'bite.sol']
2,['join.sol', 'flip.sol', 'frob.sol', 'flip.t.sol', 'flop.t.sol', 'flap.t.sol', 'heal.t.sol', 'drip.sol', 'frob.t.sol', 'tune.sol']
2,['join.sol', 'flip.sol', 'frob.sol', 'flip.t.sol', 'flop.t.sol', 'flap.t.sol', 'heal.t.sol', 'drip.sol', 'frob.t.sol', 'bite.sol']
2,['join.sol', 'flip.sol', 'frob.sol', 'flip.t.sol', 'flop.t.sol', 'flap.t.sol', 'heal.t.sol', 'drip.sol', 'tune.sol', 'bite.sol']
2,['join.sol', 'flip.sol', 'frob.sol', 'flip.t.sol', 'flop.t.sol', 'flap.t.sol', 'heal.t.sol', 'frob.t.sol', 'tune.sol', 'bite.sol']
2,['join.sol', 'flip.sol', 'frob.sol', 'flip.t.sol', 'flop.t.sol', 'flap.t.sol', 'flap.sol', 'drip.sol', 'frob.t.sol', 'tune.sol']
2,['join.sol', 'flip.sol', 'frob.sol', 'flip.t.sol', 'flop.t.sol', 'flap.t.sol', 'flap.sol', 'drip.sol', 'frob.t.sol', 'bite.sol']
1,['join.sol', 'flip.sol', 'frob.sol', 'flip.t.sol', 'flop.t.sol', 'flap.t.sol', 'flap.sol', 'drip.sol', 'tune.sol', 'bite.sol']
2,['join.sol', 'flip.sol', 'frob.sol', 'flip.t.sol', 'flop.t.sol', 'flap.t.sol', 'flap.sol', 'frob.t.sol', 'tune.sol', 'bite.sol']
2,['join.sol', 'flip.sol', 'frob.sol', 'flip.t.sol', 'flop.t.sol', 'flap.t.sol', 'drip.sol', 'frob.t.sol', 'tune.sol', 'bite.sol']
1,['join.sol', 'flip.sol', 'frob.sol', 'flip.t.sol', 'flop.t.sol', 'heal.sol', 'drip.t.sol', 'heal.t.sol', 'flap.sol', 'drip.sol']
2,['join.sol', 'flip.sol', 'frob.sol', 'flip.t.sol', 'flop.t.sol', 'heal.sol', 'drip.t.sol', 'heal.t.sol', 'flap.sol', 'frob.t.sol']
1,['join.sol', 'flip.sol', 'frob.sol', 'flip.t.sol', 'flop.t.sol', 'heal.sol', 'drip.t.sol', 'heal.t.sol', 'flap.sol', 'tune.sol']
1,['join.sol', 'flip.sol', 'frob.sol', 'flip.t.sol', 'flop.t.sol', 'heal.sol', 'drip.t.sol', 'heal.t.sol', 'flap.sol', 'bite.sol']
2,['join.sol', 'flip.sol', 'frob.sol', 'flip.t.sol', 'flop.t.sol', 'heal.sol', 'drip.t.sol', 'heal.t.sol', 'drip.sol', 'frob.t.sol']
1,['join.sol', 'flip.sol', 'frob.sol', 'flip.t.sol', 'flop.t.sol', 'heal.sol', 'drip.t.sol', 'heal.t.sol', 'drip.sol', 'tune.sol']
1,['join.sol', 'flip.sol', 'frob.sol', 'flip.t.sol', 'flop.t.sol', 'heal.sol', 'drip.t.sol', 'heal.t.sol', 'drip.sol', 'bite.sol']
1,['join.sol', 'flip.sol', 'frob.sol', 'flip.t.sol', 'flop.t.sol', 'heal.sol', 'drip.t.sol', 'heal.t.sol', 'frob.t.sol', 'tune.sol']
2,['join.sol', 'flip.sol', 'frob.sol', 'flip.t.sol', 'flop.t.sol', 'heal.sol', 'drip.t.sol', 'heal.t.sol', 'frob.t.sol', 'bite.sol']
1,['join.sol', 'flip.sol', 'frob.sol', 'flip.t.sol', 'flop.t.sol', 'heal.sol', 'drip.t.sol', 'heal.t.sol', 'tune.sol', 'bite.sol']
2,['join.sol', 'flip.sol', 'frob.sol', 'flip.t.sol', 'flop.t.sol', 'heal.sol', 'drip.t.sol', 'flap.sol', 'drip.sol', 'frob.t.sol']
1,['join.sol', 'flip.sol', 'frob.sol', 'flip.t.sol', 'flop.t.sol', 'heal.sol', 'drip.t.sol', 'flap.sol', 'drip.sol', 'tune.sol']
1,['join.sol', 'flip.sol', 'frob.sol', 'flip.t.sol', 'flop.t.sol', 'heal.sol', 'drip.t.sol', 'flap.sol', 'drip.sol', 'bite.sol']
2,['join.sol', 'flip.sol', 'frob.sol', 'flip.t.sol', 'flop.t.sol', 'heal.sol', 'drip.t.sol', 'flap.sol', 'frob.t.sol', 'tune.sol']
1,['join.sol', 'flip.sol', 'frob.sol', 'flip.t.sol', 'flop.t.sol', 'heal.sol', 'drip.t.sol', 'flap.sol', 'frob.t.sol', 'bite.sol']
1,['join.sol', 'flip.sol', 'frob.sol', 'flip.t.sol', 'flop.t.sol', 'heal.sol', 'drip.t.sol', 'flap.sol', 'tune.sol', 'bite.sol']
1,['join.sol', 'flip.sol', 'frob.sol', 'flip.t.sol', 'flop.t.sol', 'heal.sol', 'drip.t.sol', 'drip.sol', 'frob.t.sol', 'tune.sol']
1,['join.sol', 'flip.sol', 'frob.sol', 'flip.t.sol', 'flop.t.sol', 'heal.sol', 'drip.t.sol', 'drip.sol', 'frob.t.sol', 'bite.sol']
1,['join.sol', 'flip.sol', 'frob.sol', 'flip.t.sol', 'flop.t.sol', 'heal.sol', 'drip.t.sol', 'drip.sol', 'tune.sol', 'bite.sol']
1,['join.sol', 'flip.sol', 'frob.sol', 'flip.t.sol', 'flop.t.sol', 'heal.sol', 'drip.t.sol', 'frob.t.sol', 'tune.sol', 'bite.sol']
2,['join.sol', 'flip.sol', 'frob.sol', 'flip.t.sol', 'flop.t.sol', 'heal.sol', 'heal.t.sol', 'flap.sol', 'drip.sol', 'frob.t.sol']
2,['join.sol', 'flip.sol', 'frob.sol', 'flip.t.sol', 'flop.t.sol', 'heal.sol', 'heal.t.sol', 'flap.sol', 'drip.sol', 'tune.sol']
2,['join.sol', 'flip.sol', 'frob.sol', 'flip.t.sol', 'flop.t.sol', 'heal.sol', 'heal.t.sol', 'flap.sol', 'drip.sol', 'bite.sol']
2,['join.sol', 'flip.sol', 'frob.sol', 'flip.t.sol', 'flop.t.sol', 'heal.sol', 'heal.t.sol', 'flap.sol', 'frob.t.sol', 'tune.sol']
2,['join.sol', 'flip.sol', 'frob.sol', 'flip.t.sol', 'flop.t.sol', 'heal.sol', 'heal.t.sol', 'flap.sol', 'frob.t.sol', 'bite.sol']
2,['join.sol', 'flip.sol', 'frob.sol', 'flip.t.sol', 'flop.t.sol', 'heal.sol', 'heal.t.sol', 'flap.sol', 'tune.sol', 'bite.sol']
2,['join.sol', 'flip.sol', 'frob.sol', 'flip.t.sol', 'flop.t.sol', 'heal.sol', 'heal.t.sol', 'drip.sol', 'frob.t.sol', 'tune.sol']
2,['join.sol', 'flip.sol', 'frob.sol', 'flip.t.sol', 'flop.t.sol', 'heal.sol', 'heal.t.sol', 'drip.sol', 'frob.t.sol', 'bite.sol']
2,['join.sol', 'flip.sol', 'frob.sol', 'flip.t.sol', 'flop.t.sol', 'heal.sol', 'heal.t.sol', 'drip.sol', 'tune.sol', 'bite.sol']
2,['join.sol', 'flip.sol', 'frob.sol', 'flip.t.sol', 'flop.t.sol', 'heal.sol', 'heal.t.sol', 'frob.t.sol', 'tune.sol', 'bite.sol']
2,['join.sol', 'flip.sol', 'frob.sol', 'flip.t.sol', 'flop.t.sol', 'heal.sol', 'flap.sol', 'drip.sol', 'frob.t.sol', 'tune.sol']
2,['join.sol', 'flip.sol', 'frob.sol', 'flip.t.sol', 'flop.t.sol', 'heal.sol', 'flap.sol', 'drip.sol', 'frob.t.sol', 'bite.sol']
1,['join.sol', 'flip.sol', 'frob.sol', 'flip.t.sol', 'flop.t.sol', 'heal.sol', 'flap.sol', 'drip.sol', 'tune.sol', 'bite.sol']
2,['join.sol', 'flip.sol', 'frob.sol', 'flip.t.sol', 'flop.t.sol', 'heal.sol', 'flap.sol', 'frob.t.sol', 'tune.sol', 'bite.sol']
2,['join.sol', 'flip.sol', 'frob.sol', 'flip.t.sol', 'flop.t.sol', 'heal.sol', 'drip.sol', 'frob.t.sol', 'tune.sol', 'bite.sol']
2,['join.sol', 'flip.sol', 'frob.sol', 'flip.t.sol', 'flop.t.sol', 'drip.t.sol', 'heal.t.sol', 'flap.sol', 'drip.sol', 'frob.t.sol']
2,['join.sol', 'flip.sol', 'frob.sol', 'flip.t.sol', 'flop.t.sol', 'drip.t.sol', 'heal.t.sol', 'flap.sol', 'drip.sol', 'tune.sol']
1,['join.sol', 'flip.sol', 'frob.sol', 'flip.t.sol', 'flop.t.sol', 'drip.t.sol', 'heal.t.sol', 'flap.sol', 'drip.sol', 'bite.sol']
2,['join.sol', 'flip.sol', 'frob.sol', 'flip.t.sol', 'flop.t.sol', 'drip.t.sol', 'heal.t.sol', 'flap.sol', 'frob.t.sol', 'tune.sol']
1,['join.sol', 'flip.sol', 'frob.sol', 'flip.t.sol', 'flop.t.sol', 'drip.t.sol', 'heal.t.sol', 'flap.sol', 'frob.t.sol', 'bite.sol']
2,['join.sol', 'flip.sol', 'frob.sol', 'flip.t.sol', 'flop.t.sol', 'drip.t.sol', 'heal.t.sol', 'flap.sol', 'tune.sol', 'bite.sol']
1,['join.sol', 'flip.sol', 'frob.sol', 'flip.t.sol', 'flop.t.sol', 'drip.t.sol', 'heal.t.sol', 'drip.sol', 'frob.t.sol', 'tune.sol']
1,['join.sol', 'flip.sol', 'frob.sol', 'flip.t.sol', 'flop.t.sol', 'drip.t.sol', 'heal.t.sol', 'drip.sol', 'frob.t.sol', 'bite.sol']
2,['join.sol', 'flip.sol', 'frob.sol', 'flip.t.sol', 'flop.t.sol', 'drip.t.sol', 'heal.t.sol', 'drip.sol', 'tune.sol', 'bite.sol']
1,['join.sol', 'flip.sol', 'frob.sol', 'flip.t.sol', 'flop.t.sol', 'drip.t.sol', 'heal.t.sol', 'frob.t.sol', 'tune.sol', 'bite.sol']
2,['join.sol', 'flip.sol', 'frob.sol', 'flip.t.sol', 'flop.t.sol', 'drip.t.sol', 'flap.sol', 'drip.sol', 'frob.t.sol', 'tune.sol']
2,['join.sol', 'flip.sol', 'frob.sol', 'flip.t.sol', 'flop.t.sol', 'drip.t.sol', 'flap.sol', 'drip.sol', 'frob.t.sol', 'bite.sol']
1,['join.sol', 'flip.sol', 'frob.sol', 'flip.t.sol', 'flop.t.sol', 'drip.t.sol', 'flap.sol', 'drip.sol', 'tune.sol', 'bite.sol']
2,['join.sol', 'flip.sol', 'frob.sol', 'flip.t.sol', 'flop.t.sol', 'drip.t.sol', 'flap.sol', 'frob.t.sol', 'tune.sol', 'bite.sol']
2,['join.sol', 'flip.sol', 'frob.sol', 'flip.t.sol', 'flop.t.sol', 'drip.t.sol', 'drip.sol', 'frob.t.sol', 'tune.sol', 'bite.sol']
2,['join.sol', 'flip.sol', 'frob.sol', 'flip.t.sol', 'flop.t.sol', 'heal.t.sol', 'flap.sol', 'drip.sol', 'frob.t.sol', 'tune.sol']
2,['join.sol', 'flip.sol', 'frob.sol', 'flip.t.sol', 'flop.t.sol', 'heal.t.sol', 'flap.sol', 'drip.sol', 'frob.t.sol', 'bite.sol']
2,['join.sol', 'flip.sol', 'frob.sol', 'flip.t.sol', 'flop.t.sol', 'heal.t.sol', 'flap.sol', 'drip.sol', 'tune.sol', 'bite.sol']
2,['join.sol', 'flip.sol', 'frob.sol', 'flip.t.sol', 'flop.t.sol', 'heal.t.sol', 'flap.sol', 'frob.t.sol', 'tune.sol', 'bite.sol']
2,['join.sol', 'flip.sol', 'frob.sol', 'flip.t.sol', 'flop.t.sol', 'heal.t.sol', 'drip.sol', 'frob.t.sol', 'tune.sol', 'bite.sol']
2,['join.sol', 'flip.sol', 'frob.sol', 'flip.t.sol', 'flop.t.sol', 'flap.sol', 'drip.sol', 'frob.t.sol', 'tune.sol', 'bite.sol']
1,['join.sol', 'flip.sol', 'frob.sol', 'flip.t.sol', 'flap.t.sol', 'heal.sol', 'drip.t.sol', 'heal.t.sol', 'flap.sol', 'drip.sol']
2,['join.sol', 'flip.sol', 'frob.sol', 'flip.t.sol', 'flap.t.sol', 'heal.sol', 'drip.t.sol', 'heal.t.sol', 'flap.sol', 'frob.t.sol']
2,['join.sol', 'flip.sol', 'frob.sol', 'flip.t.sol', 'flap.t.sol', 'heal.sol', 'drip.t.sol', 'heal.t.sol', 'flap.sol', 'tune.sol']
1,['join.sol', 'flip.sol', 'frob.sol', 'flip.t.sol', 'flap.t.sol', 'heal.sol', 'drip.t.sol', 'heal.t.sol', 'flap.sol', 'bite.sol']
2,['join.sol', 'flip.sol', 'frob.sol', 'flip.t.sol', 'flap.t.sol', 'heal.sol', 'drip.t.sol', 'heal.t.sol', 'drip.sol', 'frob.t.sol']
1,['join.sol', 'flip.sol', 'frob.sol', 'flip.t.sol', 'flap.t.sol', 'heal.sol', 'drip.t.sol', 'heal.t.sol', 'drip.sol', 'tune.sol']
1,['join.sol', 'flip.sol', 'frob.sol', 'flip.t.sol', 'flap.t.sol', 'heal.sol', 'drip.t.sol', 'heal.t.sol', 'drip.sol', 'bite.sol']
1,['join.sol', 'flip.sol', 'frob.sol', 'flip.t.sol', 'flap.t.sol', 'heal.sol', 'drip.t.sol', 'heal.t.sol', 'frob.t.sol', 'tune.sol']
1,['join.sol', 'flip.sol', 'frob.sol', 'flip.t.sol', 'flap.t.sol', 'heal.sol', 'drip.t.sol', 'heal.t.sol', 'frob.t.sol', 'bite.sol']
1,['join.sol', 'flip.sol', 'frob.sol', 'flip.t.sol', 'flap.t.sol', 'heal.sol', 'drip.t.sol', 'heal.t.sol', 'tune.sol', 'bite.sol']
2,['join.sol', 'flip.sol', 'frob.sol', 'flip.t.sol', 'flap.t.sol', 'heal.sol', 'drip.t.sol', 'flap.sol', 'drip.sol', 'frob.t.sol']
1,['join.sol', 'flip.sol', 'frob.sol', 'flip.t.sol', 'flap.t.sol', 'heal.sol', 'drip.t.sol', 'flap.sol', 'drip.sol', 'tune.sol']
1,['join.sol', 'flip.sol', 'frob.sol', 'flip.t.sol', 'flap.t.sol', 'heal.sol', 'drip.t.sol', 'flap.sol', 'drip.sol', 'bite.sol']
2,['join.sol', 'flip.sol', 'frob.sol', 'flip.t.sol', 'flap.t.sol', 'heal.sol', 'drip.t.sol', 'flap.sol', 'frob.t.sol', 'tune.sol']
2,['join.sol', 'flip.sol', 'frob.sol', 'flip.t.sol', 'flap.t.sol', 'heal.sol', 'drip.t.sol', 'flap.sol', 'frob.t.sol', 'bite.sol']
1,['join.sol', 'flip.sol', 'frob.sol', 'flip.t.sol', 'flap.t.sol', 'heal.sol', 'drip.t.sol', 'flap.sol', 'tune.sol', 'bite.sol']
2,['join.sol', 'flip.sol', 'frob.sol', 'flip.t.sol', 'flap.t.sol', 'heal.sol', 'drip.t.sol', 'drip.sol', 'frob.t.sol', 'tune.sol']
1,['join.sol', 'flip.sol', 'frob.sol', 'flip.t.sol', 'flap.t.sol', 'heal.sol', 'drip.t.sol', 'drip.sol', 'frob.t.sol', 'bite.sol']
1,['join.sol', 'flip.sol', 'frob.sol', 'flip.t.sol', 'flap.t.sol', 'heal.sol', 'drip.t.sol', 'drip.sol', 'tune.sol', 'bite.sol']
1,['join.sol', 'flip.sol', 'frob.sol', 'flip.t.sol', 'flap.t.sol', 'heal.sol', 'drip.t.sol', 'frob.t.sol', 'tune.sol', 'bite.sol']
2,['join.sol', 'flip.sol', 'frob.sol', 'flip.t.sol', 'flap.t.sol', 'heal.sol', 'heal.t.sol', 'flap.sol', 'drip.sol', 'frob.t.sol']
2,['join.sol', 'flip.sol', 'frob.sol', 'flip.t.sol', 'flap.t.sol', 'heal.sol', 'heal.t.sol', 'flap.sol', 'drip.sol', 'tune.sol']
2,['join.sol', 'flip.sol', 'frob.sol', 'flip.t.sol', 'flap.t.sol', 'heal.sol', 'heal.t.sol', 'flap.sol', 'drip.sol', 'bite.sol']
2,['join.sol', 'flip.sol', 'frob.sol', 'flip.t.sol', 'flap.t.sol', 'heal.sol', 'heal.t.sol', 'flap.sol', 'frob.t.sol', 'tune.sol']
2,['join.sol', 'flip.sol', 'frob.sol', 'flip.t.sol', 'flap.t.sol', 'heal.sol', 'heal.t.sol', 'flap.sol', 'frob.t.sol', 'bite.sol']
2,['join.sol', 'flip.sol', 'frob.sol', 'flip.t.sol', 'flap.t.sol', 'heal.sol', 'heal.t.sol', 'flap.sol', 'tune.sol', 'bite.sol']
2,['join.sol', 'flip.sol', 'frob.sol', 'flip.t.sol', 'flap.t.sol', 'heal.sol', 'heal.t.sol', 'drip.sol', 'frob.t.sol', 'tune.sol']
2,['join.sol', 'flip.sol', 'frob.sol', 'flip.t.sol', 'flap.t.sol', 'heal.sol', 'heal.t.sol', 'drip.sol', 'frob.t.sol', 'bite.sol']
2,['join.sol', 'flip.sol', 'frob.sol', 'flip.t.sol', 'flap.t.sol', 'heal.sol', 'heal.t.sol', 'drip.sol', 'tune.sol', 'bite.sol']
2,['join.sol', 'flip.sol', 'frob.sol', 'flip.t.sol', 'flap.t.sol', 'heal.sol', 'heal.t.sol', 'frob.t.sol', 'tune.sol', 'bite.sol']
2,['join.sol', 'flip.sol', 'frob.sol', 'flip.t.sol', 'flap.t.sol', 'heal.sol', 'flap.sol', 'drip.sol', 'frob.t.sol', 'tune.sol']
2,['join.sol', 'flip.sol', 'frob.sol', 'flip.t.sol', 'flap.t.sol', 'heal.sol', 'flap.sol', 'drip.sol', 'frob.t.sol', 'bite.sol']
1,['join.sol', 'flip.sol', 'frob.sol', 'flip.t.sol', 'flap.t.sol', 'heal.sol', 'flap.sol', 'drip.sol', 'tune.sol', 'bite.sol']
2,['join.sol', 'flip.sol', 'frob.sol', 'flip.t.sol', 'flap.t.sol', 'heal.sol', 'flap.sol', 'frob.t.sol', 'tune.sol', 'bite.sol']
2,['join.sol', 'flip.sol', 'frob.sol', 'flip.t.sol', 'flap.t.sol', 'heal.sol', 'drip.sol', 'frob.t.sol', 'tune.sol', 'bite.sol']
2,['join.sol', 'flip.sol', 'frob.sol', 'flip.t.sol', 'flap.t.sol', 'drip.t.sol', 'heal.t.sol', 'flap.sol', 'drip.sol', 'frob.t.sol']
2,['join.sol', 'flip.sol', 'frob.sol', 'flip.t.sol', 'flap.t.sol', 'drip.t.sol', 'heal.t.sol', 'flap.sol', 'drip.sol', 'tune.sol']
2,['join.sol', 'flip.sol', 'frob.sol', 'flip.t.sol', 'flap.t.sol', 'drip.t.sol', 'heal.t.sol', 'flap.sol', 'drip.sol', 'bite.sol']
2,['join.sol', 'flip.sol', 'frob.sol', 'flip.t.sol', 'flap.t.sol', 'drip.t.sol', 'heal.t.sol', 'flap.sol', 'frob.t.sol', 'tune.sol']
1,['join.sol', 'flip.sol', 'frob.sol', 'flip.t.sol', 'flap.t.sol', 'drip.t.sol', 'heal.t.sol', 'flap.sol', 'frob.t.sol', 'bite.sol']
2,['join.sol', 'flip.sol', 'frob.sol', 'flip.t.sol', 'flap.t.sol', 'drip.t.sol', 'heal.t.sol', 'flap.sol', 'tune.sol', 'bite.sol']
1,['join.sol', 'flip.sol', 'frob.sol', 'flip.t.sol', 'flap.t.sol', 'drip.t.sol', 'heal.t.sol', 'drip.sol', 'frob.t.sol', 'tune.sol']
1,['join.sol', 'flip.sol', 'frob.sol', 'flip.t.sol', 'flap.t.sol', 'drip.t.sol', 'heal.t.sol', 'drip.sol', 'frob.t.sol', 'bite.sol']
2,['join.sol', 'flip.sol', 'frob.sol', 'flip.t.sol', 'flap.t.sol', 'drip.t.sol', 'heal.t.sol', 'drip.sol', 'tune.sol', 'bite.sol']
1,['join.sol', 'flip.sol', 'frob.sol', 'flip.t.sol', 'flap.t.sol', 'drip.t.sol', 'heal.t.sol', 'frob.t.sol', 'tune.sol', 'bite.sol']
2,['join.sol', 'flip.sol', 'frob.sol', 'flip.t.sol', 'flap.t.sol', 'drip.t.sol', 'flap.sol', 'drip.sol', 'frob.t.sol', 'tune.sol']
2,['join.sol', 'flip.sol', 'frob.sol', 'flip.t.sol', 'flap.t.sol', 'drip.t.sol', 'flap.sol', 'drip.sol', 'frob.t.sol', 'bite.sol']
1,['join.sol', 'flip.sol', 'frob.sol', 'flip.t.sol', 'flap.t.sol', 'drip.t.sol', 'flap.sol', 'drip.sol', 'tune.sol', 'bite.sol']
2,['join.sol', 'flip.sol', 'frob.sol', 'flip.t.sol', 'flap.t.sol', 'drip.t.sol', 'flap.sol', 'frob.t.sol', 'tune.sol', 'bite.sol']
2,['join.sol', 'flip.sol', 'frob.sol', 'flip.t.sol', 'flap.t.sol', 'drip.t.sol', 'drip.sol', 'frob.t.sol', 'tune.sol', 'bite.sol']
2,['join.sol', 'flip.sol', 'frob.sol', 'flip.t.sol', 'flap.t.sol', 'heal.t.sol', 'flap.sol', 'drip.sol', 'frob.t.sol', 'tune.sol']
2,['join.sol', 'flip.sol', 'frob.sol', 'flip.t.sol', 'flap.t.sol', 'heal.t.sol', 'flap.sol', 'drip.sol', 'frob.t.sol', 'bite.sol']
2,['join.sol', 'flip.sol', 'frob.sol', 'flip.t.sol', 'flap.t.sol', 'heal.t.sol', 'flap.sol', 'drip.sol', 'tune.sol', 'bite.sol']
2,['join.sol', 'flip.sol', 'frob.sol', 'flip.t.sol', 'flap.t.sol', 'heal.t.sol', 'flap.sol', 'frob.t.sol', 'tune.sol', 'bite.sol']
2,['join.sol', 'flip.sol', 'frob.sol', 'flip.t.sol', 'flap.t.sol', 'heal.t.sol', 'drip.sol', 'frob.t.sol', 'tune.sol', 'bite.sol']
2,['join.sol', 'flip.sol', 'frob.sol', 'flip.t.sol', 'flap.t.sol', 'flap.sol', 'drip.sol', 'frob.t.sol', 'tune.sol', 'bite.sol']
2,['join.sol', 'flip.sol', 'frob.sol', 'flip.t.sol', 'heal.sol', 'drip.t.sol', 'heal.t.sol', 'flap.sol', 'drip.sol', 'frob.t.sol']
1,['join.sol', 'flip.sol', 'frob.sol', 'flip.t.sol', 'heal.sol', 'drip.t.sol', 'heal.t.sol', 'flap.sol', 'drip.sol', 'tune.sol']
1,['join.sol', 'flip.sol', 'frob.sol', 'flip.t.sol', 'heal.sol', 'drip.t.sol', 'heal.t.sol', 'flap.sol', 'drip.sol', 'bite.sol']
1,['join.sol', 'flip.sol', 'frob.sol', 'flip.t.sol', 'heal.sol', 'drip.t.sol', 'heal.t.sol', 'flap.sol', 'frob.t.sol', 'tune.sol']
2,['join.sol', 'flip.sol', 'frob.sol', 'flip.t.sol', 'heal.sol', 'drip.t.sol', 'heal.t.sol', 'flap.sol', 'frob.t.sol', 'bite.sol']
1,['join.sol', 'flip.sol', 'frob.sol', 'flip.t.sol', 'heal.sol', 'drip.t.sol', 'heal.t.sol', 'flap.sol', 'tune.sol', 'bite.sol']
1,['join.sol', 'flip.sol', 'frob.sol', 'flip.t.sol', 'heal.sol', 'drip.t.sol', 'heal.t.sol', 'drip.sol', 'frob.t.sol', 'tune.sol']
1,['join.sol', 'flip.sol', 'frob.sol', 'flip.t.sol', 'heal.sol', 'drip.t.sol', 'heal.t.sol', 'drip.sol', 'frob.t.sol', 'bite.sol']
1,['join.sol', 'flip.sol', 'frob.sol', 'flip.t.sol', 'heal.sol', 'drip.t.sol', 'heal.t.sol', 'drip.sol', 'tune.sol', 'bite.sol']
1,['join.sol', 'flip.sol', 'frob.sol', 'flip.t.sol', 'heal.sol', 'drip.t.sol', 'heal.t.sol', 'frob.t.sol', 'tune.sol', 'bite.sol']
2,['join.sol', 'flip.sol', 'frob.sol', 'flip.t.sol', 'heal.sol', 'drip.t.sol', 'flap.sol', 'drip.sol', 'frob.t.sol', 'tune.sol']
1,['join.sol', 'flip.sol', 'frob.sol', 'flip.t.sol', 'heal.sol', 'drip.t.sol', 'flap.sol', 'drip.sol', 'frob.t.sol', 'bite.sol']
1,['join.sol', 'flip.sol', 'frob.sol', 'flip.t.sol', 'heal.sol', 'drip.t.sol', 'flap.sol', 'drip.sol', 'tune.sol', 'bite.sol']
1,['join.sol', 'flip.sol', 'frob.sol', 'flip.t.sol', 'heal.sol', 'drip.t.sol', 'flap.sol', 'frob.t.sol', 'tune.sol', 'bite.sol']
1,['join.sol', 'flip.sol', 'frob.sol', 'flip.t.sol', 'heal.sol', 'drip.t.sol', 'drip.sol', 'frob.t.sol', 'tune.sol', 'bite.sol']
2,['join.sol', 'flip.sol', 'frob.sol', 'flip.t.sol', 'heal.sol', 'heal.t.sol', 'flap.sol', 'drip.sol', 'frob.t.sol', 'tune.sol']
2,['join.sol', 'flip.sol', 'frob.sol', 'flip.t.sol', 'heal.sol', 'heal.t.sol', 'flap.sol', 'drip.sol', 'frob.t.sol', 'bite.sol']
2,['join.sol', 'flip.sol', 'frob.sol', 'flip.t.sol', 'heal.sol', 'heal.t.sol', 'flap.sol', 'drip.sol', 'tune.sol', 'bite.sol']
2,['join.sol', 'flip.sol', 'frob.sol', 'flip.t.sol', 'heal.sol', 'heal.t.sol', 'flap.sol', 'frob.t.sol', 'tune.sol', 'bite.sol']
2,['join.sol', 'flip.sol', 'frob.sol', 'flip.t.sol', 'heal.sol', 'heal.t.sol', 'drip.sol', 'frob.t.sol', 'tune.sol', 'bite.sol']
2,['join.sol', 'flip.sol', 'frob.sol', 'flip.t.sol', 'heal.sol', 'flap.sol', 'drip.sol', 'frob.t.sol', 'tune.sol', 'bite.sol']
2,['join.sol', 'flip.sol', 'frob.sol', 'flip.t.sol', 'drip.t.sol', 'heal.t.sol', 'flap.sol', 'drip.sol', 'frob.t.sol', 'tune.sol']
1,['join.sol', 'flip.sol', 'frob.sol', 'flip.t.sol', 'drip.t.sol', 'heal.t.sol', 'flap.sol', 'drip.sol', 'frob.t.sol', 'bite.sol']
2,['join.sol', 'flip.sol', 'frob.sol', 'flip.t.sol', 'drip.t.sol', 'heal.t.sol', 'flap.sol', 'drip.sol', 'tune.sol', 'bite.sol']
1,['join.sol', 'flip.sol', 'frob.sol', 'flip.t.sol', 'drip.t.sol', 'heal.t.sol', 'flap.sol', 'frob.t.sol', 'tune.sol', 'bite.sol']
1,['join.sol', 'flip.sol', 'frob.sol', 'flip.t.sol', 'drip.t.sol', 'heal.t.sol', 'drip.sol', 'frob.t.sol', 'tune.sol', 'bite.sol']
2,['join.sol', 'flip.sol', 'frob.sol', 'flip.t.sol', 'drip.t.sol', 'flap.sol', 'drip.sol', 'frob.t.sol', 'tune.sol', 'bite.sol']
2,['join.sol', 'flip.sol', 'frob.sol', 'flip.t.sol', 'heal.t.sol', 'flap.sol', 'drip.sol', 'frob.t.sol', 'tune.sol', 'bite.sol']
1,['join.sol', 'flip.sol', 'frob.sol', 'move.sol', 'flop.t.sol', 'flap.t.sol', 'heal.sol', 'drip.t.sol', 'heal.t.sol', 'flap.sol']
1,['join.sol', 'flip.sol', 'frob.sol', 'move.sol', 'flop.t.sol', 'flap.t.sol', 'heal.sol', 'drip.t.sol', 'heal.t.sol', 'drip.sol']
2,['join.sol', 'flip.sol', 'frob.sol', 'move.sol', 'flop.t.sol', 'flap.t.sol', 'heal.sol', 'drip.t.sol', 'heal.t.sol', 'frob.t.sol']
1,['join.sol', 'flip.sol', 'frob.sol', 'move.sol', 'flop.t.sol', 'flap.t.sol', 'heal.sol', 'drip.t.sol', 'heal.t.sol', 'tune.sol']
1,['join.sol', 'flip.sol', 'frob.sol', 'move.sol', 'flop.t.sol', 'flap.t.sol', 'heal.sol', 'drip.t.sol', 'heal.t.sol', 'bite.sol']
2,['join.sol', 'flip.sol', 'frob.sol', 'move.sol', 'flop.t.sol', 'flap.t.sol', 'heal.sol', 'drip.t.sol', 'flap.sol', 'drip.sol']
2,['join.sol', 'flip.sol', 'frob.sol', 'move.sol', 'flop.t.sol', 'flap.t.sol', 'heal.sol', 'drip.t.sol', 'flap.sol', 'frob.t.sol']
3,['join.sol', 'flip.sol', 'frob.sol', 'move.sol', 'flop.t.sol', 'flap.t.sol', 'heal.sol', 'drip.t.sol', 'flap.sol', 'tune.sol']
2,['join.sol', 'flip.sol', 'frob.sol', 'move.sol', 'flop.t.sol', 'flap.t.sol', 'heal.sol', 'drip.t.sol', 'flap.sol', 'bite.sol']
2,['join.sol', 'flip.sol', 'frob.sol', 'move.sol', 'flop.t.sol', 'flap.t.sol', 'heal.sol', 'drip.t.sol', 'drip.sol', 'frob.t.sol']
3,['join.sol', 'flip.sol', 'frob.sol', 'move.sol', 'flop.t.sol', 'flap.t.sol', 'heal.sol', 'drip.t.sol', 'drip.sol', 'tune.sol']
2,['join.sol', 'flip.sol', 'frob.sol', 'move.sol', 'flop.t.sol', 'flap.t.sol', 'heal.sol', 'drip.t.sol', 'drip.sol', 'bite.sol']
1,['join.sol', 'flip.sol', 'frob.sol', 'move.sol', 'flop.t.sol', 'flap.t.sol', 'heal.sol', 'drip.t.sol', 'frob.t.sol', 'tune.sol']
1,['join.sol', 'flip.sol', 'frob.sol', 'move.sol', 'flop.t.sol', 'flap.t.sol', 'heal.sol', 'drip.t.sol', 'frob.t.sol', 'bite.sol']
3,['join.sol', 'flip.sol', 'frob.sol', 'move.sol', 'flop.t.sol', 'flap.t.sol', 'heal.sol', 'drip.t.sol', 'tune.sol', 'bite.sol']
2,['join.sol', 'flip.sol', 'frob.sol', 'move.sol', 'flop.t.sol', 'flap.t.sol', 'heal.sol', 'heal.t.sol', 'flap.sol', 'drip.sol']
2,['join.sol', 'flip.sol', 'frob.sol', 'move.sol', 'flop.t.sol', 'flap.t.sol', 'heal.sol', 'heal.t.sol', 'flap.sol', 'frob.t.sol']
2,['join.sol', 'flip.sol', 'frob.sol', 'move.sol', 'flop.t.sol', 'flap.t.sol', 'heal.sol', 'heal.t.sol', 'flap.sol', 'tune.sol']
2,['join.sol', 'flip.sol', 'frob.sol', 'move.sol', 'flop.t.sol', 'flap.t.sol', 'heal.sol', 'heal.t.sol', 'flap.sol', 'bite.sol']
2,['join.sol', 'flip.sol', 'frob.sol', 'move.sol', 'flop.t.sol', 'flap.t.sol', 'heal.sol', 'heal.t.sol', 'drip.sol', 'frob.t.sol']
2,['join.sol', 'flip.sol', 'frob.sol', 'move.sol', 'flop.t.sol', 'flap.t.sol', 'heal.sol', 'heal.t.sol', 'drip.sol', 'tune.sol']
2,['join.sol', 'flip.sol', 'frob.sol', 'move.sol', 'flop.t.sol', 'flap.t.sol', 'heal.sol', 'heal.t.sol', 'drip.sol', 'bite.sol']
2,['join.sol', 'flip.sol', 'frob.sol', 'move.sol', 'flop.t.sol', 'flap.t.sol', 'heal.sol', 'heal.t.sol', 'frob.t.sol', 'tune.sol']
2,['join.sol', 'flip.sol', 'frob.sol', 'move.sol', 'flop.t.sol', 'flap.t.sol', 'heal.sol', 'heal.t.sol', 'frob.t.sol', 'bite.sol']
2,['join.sol', 'flip.sol', 'frob.sol', 'move.sol', 'flop.t.sol', 'flap.t.sol', 'heal.sol', 'heal.t.sol', 'tune.sol', 'bite.sol']
2,['join.sol', 'flip.sol', 'frob.sol', 'move.sol', 'flop.t.sol', 'flap.t.sol', 'heal.sol', 'flap.sol', 'drip.sol', 'frob.t.sol']
1,['join.sol', 'flip.sol', 'frob.sol', 'move.sol', 'flop.t.sol', 'flap.t.sol', 'heal.sol', 'flap.sol', 'drip.sol', 'tune.sol']
2,['join.sol', 'flip.sol', 'frob.sol', 'move.sol', 'flop.t.sol', 'flap.t.sol', 'heal.sol', 'flap.sol', 'drip.sol', 'bite.sol']
2,['join.sol', 'flip.sol', 'frob.sol', 'move.sol', 'flop.t.sol', 'flap.t.sol', 'heal.sol', 'flap.sol', 'frob.t.sol', 'tune.sol']
2,['join.sol', 'flip.sol', 'frob.sol', 'move.sol', 'flop.t.sol', 'flap.t.sol', 'heal.sol', 'flap.sol', 'frob.t.sol', 'bite.sol']
1,['join.sol', 'flip.sol', 'frob.sol', 'move.sol', 'flop.t.sol', 'flap.t.sol', 'heal.sol', 'flap.sol', 'tune.sol', 'bite.sol']
2,['join.sol', 'flip.sol', 'frob.sol', 'move.sol', 'flop.t.sol', 'flap.t.sol', 'heal.sol', 'drip.sol', 'frob.t.sol', 'tune.sol']
2,['join.sol', 'flip.sol', 'frob.sol', 'move.sol', 'flop.t.sol', 'flap.t.sol', 'heal.sol', 'drip.sol', 'frob.t.sol', 'bite.sol']
3,['join.sol', 'flip.sol', 'frob.sol', 'move.sol', 'flop.t.sol', 'flap.t.sol', 'heal.sol', 'drip.sol', 'tune.sol', 'bite.sol']
2,['join.sol', 'flip.sol', 'frob.sol', 'move.sol', 'flop.t.sol', 'flap.t.sol', 'heal.sol', 'frob.t.sol', 'tune.sol', 'bite.sol']
1,['join.sol', 'flip.sol', 'frob.sol', 'move.sol', 'flop.t.sol', 'flap.t.sol', 'drip.t.sol', 'heal.t.sol', 'flap.sol', 'drip.sol']
2,['join.sol', 'flip.sol', 'frob.sol', 'move.sol', 'flop.t.sol', 'flap.t.sol', 'drip.t.sol', 'heal.t.sol', 'flap.sol', 'frob.t.sol']
2,['join.sol', 'flip.sol', 'frob.sol', 'move.sol', 'flop.t.sol', 'flap.t.sol', 'drip.t.sol', 'heal.t.sol', 'flap.sol', 'tune.sol']
1,['join.sol', 'flip.sol', 'frob.sol', 'move.sol', 'flop.t.sol', 'flap.t.sol', 'drip.t.sol', 'heal.t.sol', 'flap.sol', 'bite.sol']
2,['join.sol', 'flip.sol', 'frob.sol', 'move.sol', 'flop.t.sol', 'flap.t.sol', 'drip.t.sol', 'heal.t.sol', 'drip.sol', 'frob.t.sol']
2,['join.sol', 'flip.sol', 'frob.sol', 'move.sol', 'flop.t.sol', 'flap.t.sol', 'drip.t.sol', 'heal.t.sol', 'drip.sol', 'tune.sol']
1,['join.sol', 'flip.sol', 'frob.sol', 'move.sol', 'flop.t.sol', 'flap.t.sol', 'drip.t.sol', 'heal.t.sol', 'drip.sol', 'bite.sol']
1,['join.sol', 'flip.sol', 'frob.sol', 'move.sol', 'flop.t.sol', 'flap.t.sol', 'drip.t.sol', 'heal.t.sol', 'frob.t.sol', 'tune.sol']
2,['join.sol', 'flip.sol', 'frob.sol', 'move.sol', 'flop.t.sol', 'flap.t.sol', 'drip.t.sol', 'heal.t.sol', 'frob.t.sol', 'bite.sol']
2,['join.sol', 'flip.sol', 'frob.sol', 'move.sol', 'flop.t.sol', 'flap.t.sol', 'drip.t.sol', 'heal.t.sol', 'tune.sol', 'bite.sol']
3,['join.sol', 'flip.sol', 'frob.sol', 'move.sol', 'flop.t.sol', 'flap.t.sol', 'drip.t.sol', 'flap.sol', 'drip.sol', 'frob.t.sol']
2,['join.sol', 'flip.sol', 'frob.sol', 'move.sol', 'flop.t.sol', 'flap.t.sol', 'drip.t.sol', 'flap.sol', 'drip.sol', 'tune.sol']
3,['join.sol', 'flip.sol', 'frob.sol', 'move.sol', 'flop.t.sol', 'flap.t.sol', 'drip.t.sol', 'flap.sol', 'drip.sol', 'bite.sol']
2,['join.sol', 'flip.sol', 'frob.sol', 'move.sol', 'flop.t.sol', 'flap.t.sol', 'drip.t.sol', 'flap.sol', 'frob.t.sol', 'tune.sol']
2,['join.sol', 'flip.sol', 'frob.sol', 'move.sol', 'flop.t.sol', 'flap.t.sol', 'drip.t.sol', 'flap.sol', 'frob.t.sol', 'bite.sol']
2,['join.sol', 'flip.sol', 'frob.sol', 'move.sol', 'flop.t.sol', 'flap.t.sol', 'drip.t.sol', 'flap.sol', 'tune.sol', 'bite.sol']
2,['join.sol', 'flip.sol', 'frob.sol', 'move.sol', 'flop.t.sol', 'flap.t.sol', 'drip.t.sol', 'drip.sol', 'frob.t.sol', 'tune.sol']
1,['join.sol', 'flip.sol', 'frob.sol', 'move.sol', 'flop.t.sol', 'flap.t.sol', 'drip.t.sol', 'drip.sol', 'frob.t.sol', 'bite.sol']
2,['join.sol', 'flip.sol', 'frob.sol', 'move.sol', 'flop.t.sol', 'flap.t.sol', 'drip.t.sol', 'drip.sol', 'tune.sol', 'bite.sol']
2,['join.sol', 'flip.sol', 'frob.sol', 'move.sol', 'flop.t.sol', 'flap.t.sol', 'drip.t.sol', 'frob.t.sol', 'tune.sol', 'bite.sol']
2,['join.sol', 'flip.sol', 'frob.sol', 'move.sol', 'flop.t.sol', 'flap.t.sol', 'heal.t.sol', 'flap.sol', 'drip.sol', 'frob.t.sol']
2,['join.sol', 'flip.sol', 'frob.sol', 'move.sol', 'flop.t.sol', 'flap.t.sol', 'heal.t.sol', 'flap.sol', 'drip.sol', 'tune.sol']
2,['join.sol', 'flip.sol', 'frob.sol', 'move.sol', 'flop.t.sol', 'flap.t.sol', 'heal.t.sol', 'flap.sol', 'drip.sol', 'bite.sol']
3,['join.sol', 'flip.sol', 'frob.sol', 'move.sol', 'flop.t.sol', 'flap.t.sol', 'heal.t.sol', 'flap.sol', 'frob.t.sol', 'tune.sol']
2,['join.sol', 'flip.sol', 'frob.sol', 'move.sol', 'flop.t.sol', 'flap.t.sol', 'heal.t.sol', 'flap.sol', 'frob.t.sol', 'bite.sol']
2,['join.sol', 'flip.sol', 'frob.sol', 'move.sol', 'flop.t.sol', 'flap.t.sol', 'heal.t.sol', 'flap.sol', 'tune.sol', 'bite.sol']
2,['join.sol', 'flip.sol', 'frob.sol', 'move.sol', 'flop.t.sol', 'flap.t.sol', 'heal.t.sol', 'drip.sol', 'frob.t.sol', 'tune.sol']
2,['join.sol', 'flip.sol', 'frob.sol', 'move.sol', 'flop.t.sol', 'flap.t.sol', 'heal.t.sol', 'drip.sol', 'frob.t.sol', 'bite.sol']
2,['join.sol', 'flip.sol', 'frob.sol', 'move.sol', 'flop.t.sol', 'flap.t.sol', 'heal.t.sol', 'drip.sol', 'tune.sol', 'bite.sol']
2,['join.sol', 'flip.sol', 'frob.sol', 'move.sol', 'flop.t.sol', 'flap.t.sol', 'heal.t.sol', 'frob.t.sol', 'tune.sol', 'bite.sol']
2,['join.sol', 'flip.sol', 'frob.sol', 'move.sol', 'flop.t.sol', 'flap.t.sol', 'flap.sol', 'drip.sol', 'frob.t.sol', 'tune.sol']
2,['join.sol', 'flip.sol', 'frob.sol', 'move.sol', 'flop.t.sol', 'flap.t.sol', 'flap.sol', 'drip.sol', 'frob.t.sol', 'bite.sol']
1,['join.sol', 'flip.sol', 'frob.sol', 'move.sol', 'flop.t.sol', 'flap.t.sol', 'flap.sol', 'drip.sol', 'tune.sol', 'bite.sol']
2,['join.sol', 'flip.sol', 'frob.sol', 'move.sol', 'flop.t.sol', 'flap.t.sol', 'flap.sol', 'frob.t.sol', 'tune.sol', 'bite.sol']
2,['join.sol', 'flip.sol', 'frob.sol', 'move.sol', 'flop.t.sol', 'flap.t.sol', 'drip.sol', 'frob.t.sol', 'tune.sol', 'bite.sol']
2,['join.sol', 'flip.sol', 'frob.sol', 'move.sol', 'flop.t.sol', 'heal.sol', 'drip.t.sol', 'heal.t.sol', 'flap.sol', 'drip.sol']
2,['join.sol', 'flip.sol', 'frob.sol', 'move.sol', 'flop.t.sol', 'heal.sol', 'drip.t.sol', 'heal.t.sol', 'flap.sol', 'frob.t.sol']
1,['join.sol', 'flip.sol', 'frob.sol', 'move.sol', 'flop.t.sol', 'heal.sol', 'drip.t.sol', 'heal.t.sol', 'flap.sol', 'tune.sol']
1,['join.sol', 'flip.sol', 'frob.sol', 'move.sol', 'flop.t.sol', 'heal.sol', 'drip.t.sol', 'heal.t.sol', 'flap.sol', 'bite.sol']
2,['join.sol', 'flip.sol', 'frob.sol', 'move.sol', 'flop.t.sol', 'heal.sol', 'drip.t.sol', 'heal.t.sol', 'drip.sol', 'frob.t.sol']
1,['join.sol', 'flip.sol', 'frob.sol', 'move.sol', 'flop.t.sol', 'heal.sol', 'drip.t.sol', 'heal.t.sol', 'drip.sol', 'tune.sol']
1,['join.sol', 'flip.sol', 'frob.sol', 'move.sol', 'flop.t.sol', 'heal.sol', 'drip.t.sol', 'heal.t.sol', 'drip.sol', 'bite.sol']
1,['join.sol', 'flip.sol', 'frob.sol', 'move.sol', 'flop.t.sol', 'heal.sol', 'drip.t.sol', 'heal.t.sol', 'frob.t.sol', 'tune.sol']
1,['join.sol', 'flip.sol', 'frob.sol', 'move.sol', 'flop.t.sol', 'heal.sol', 'drip.t.sol', 'heal.t.sol', 'frob.t.sol', 'bite.sol']
1,['join.sol', 'flip.sol', 'frob.sol', 'move.sol', 'flop.t.sol', 'heal.sol', 'drip.t.sol', 'heal.t.sol', 'tune.sol', 'bite.sol']
2,['join.sol', 'flip.sol', 'frob.sol', 'move.sol', 'flop.t.sol', 'heal.sol', 'drip.t.sol', 'flap.sol', 'drip.sol', 'frob.t.sol']
3,['join.sol', 'flip.sol', 'frob.sol', 'move.sol', 'flop.t.sol', 'heal.sol', 'drip.t.sol', 'flap.sol', 'drip.sol', 'tune.sol']
1,['join.sol', 'flip.sol', 'frob.sol', 'move.sol', 'flop.t.sol', 'heal.sol', 'drip.t.sol', 'flap.sol', 'drip.sol', 'bite.sol']
1,['join.sol', 'flip.sol', 'frob.sol', 'move.sol', 'flop.t.sol', 'heal.sol', 'drip.t.sol', 'flap.sol', 'frob.t.sol', 'tune.sol']
2,['join.sol', 'flip.sol', 'frob.sol', 'move.sol', 'flop.t.sol', 'heal.sol', 'drip.t.sol', 'flap.sol', 'frob.t.sol', 'bite.sol']
3,['join.sol', 'flip.sol', 'frob.sol', 'move.sol', 'flop.t.sol', 'heal.sol', 'drip.t.sol', 'flap.sol', 'tune.sol', 'bite.sol']
1,['join.sol', 'flip.sol', 'frob.sol', 'move.sol', 'flop.t.sol', 'heal.sol', 'drip.t.sol', 'drip.sol', 'frob.t.sol', 'tune.sol']
2,['join.sol', 'flip.sol', 'frob.sol', 'move.sol', 'flop.t.sol', 'heal.sol', 'drip.t.sol', 'drip.sol', 'frob.t.sol', 'bite.sol']
1,['join.sol', 'flip.sol', 'frob.sol', 'move.sol', 'flop.t.sol', 'heal.sol', 'drip.t.sol', 'drip.sol', 'tune.sol', 'bite.sol']
1,['join.sol', 'flip.sol', 'frob.sol', 'move.sol', 'flop.t.sol', 'heal.sol', 'drip.t.sol', 'frob.t.sol', 'tune.sol', 'bite.sol']
2,['join.sol', 'flip.sol', 'frob.sol', 'move.sol', 'flop.t.sol', 'heal.sol', 'heal.t.sol', 'flap.sol', 'drip.sol', 'frob.t.sol']
2,['join.sol', 'flip.sol', 'frob.sol', 'move.sol', 'flop.t.sol', 'heal.sol', 'heal.t.sol', 'flap.sol', 'drip.sol', 'tune.sol']
3,['join.sol', 'flip.sol', 'frob.sol', 'move.sol', 'flop.t.sol', 'heal.sol', 'heal.t.sol', 'flap.sol', 'drip.sol', 'bite.sol']
2,['join.sol', 'flip.sol', 'frob.sol', 'move.sol', 'flop.t.sol', 'heal.sol', 'heal.t.sol', 'flap.sol', 'frob.t.sol', 'tune.sol']
2,['join.sol', 'flip.sol', 'frob.sol', 'move.sol', 'flop.t.sol', 'heal.sol', 'heal.t.sol', 'flap.sol', 'frob.t.sol', 'bite.sol']
2,['join.sol', 'flip.sol', 'frob.sol', 'move.sol', 'flop.t.sol', 'heal.sol', 'heal.t.sol', 'flap.sol', 'tune.sol', 'bite.sol']
2,['join.sol', 'flip.sol', 'frob.sol', 'move.sol', 'flop.t.sol', 'heal.sol', 'heal.t.sol', 'drip.sol', 'frob.t.sol', 'tune.sol']
2,['join.sol', 'flip.sol', 'frob.sol', 'move.sol', 'flop.t.sol', 'heal.sol', 'heal.t.sol', 'drip.sol', 'frob.t.sol', 'bite.sol']
2,['join.sol', 'flip.sol', 'frob.sol', 'move.sol', 'flop.t.sol', 'heal.sol', 'heal.t.sol', 'drip.sol', 'tune.sol', 'bite.sol']
2,['join.sol', 'flip.sol', 'frob.sol', 'move.sol', 'flop.t.sol', 'heal.sol', 'heal.t.sol', 'frob.t.sol', 'tune.sol', 'bite.sol']
2,['join.sol', 'flip.sol', 'frob.sol', 'move.sol', 'flop.t.sol', 'heal.sol', 'flap.sol', 'drip.sol', 'frob.t.sol', 'tune.sol']
2,['join.sol', 'flip.sol', 'frob.sol', 'move.sol', 'flop.t.sol', 'heal.sol', 'flap.sol', 'drip.sol', 'frob.t.sol', 'bite.sol']
1,['join.sol', 'flip.sol', 'frob.sol', 'move.sol', 'flop.t.sol', 'heal.sol', 'flap.sol', 'drip.sol', 'tune.sol', 'bite.sol']
2,['join.sol', 'flip.sol', 'frob.sol', 'move.sol', 'flop.t.sol', 'heal.sol', 'flap.sol', 'frob.t.sol', 'tune.sol', 'bite.sol']
2,['join.sol', 'flip.sol', 'frob.sol', 'move.sol', 'flop.t.sol', 'heal.sol', 'drip.sol', 'frob.t.sol', 'tune.sol', 'bite.sol']
2,['join.sol', 'flip.sol', 'frob.sol', 'move.sol', 'flop.t.sol', 'drip.t.sol', 'heal.t.sol', 'flap.sol', 'drip.sol', 'frob.t.sol']
2,['join.sol', 'flip.sol', 'frob.sol', 'move.sol', 'flop.t.sol', 'drip.t.sol', 'heal.t.sol', 'flap.sol', 'drip.sol', 'tune.sol']
2,['join.sol', 'flip.sol', 'frob.sol', 'move.sol', 'flop.t.sol', 'drip.t.sol', 'heal.t.sol', 'flap.sol', 'drip.sol', 'bite.sol']
1,['join.sol', 'flip.sol', 'frob.sol', 'move.sol', 'flop.t.sol', 'drip.t.sol', 'heal.t.sol', 'flap.sol', 'frob.t.sol', 'tune.sol']
1,['join.sol', 'flip.sol', 'frob.sol', 'move.sol', 'flop.t.sol', 'drip.t.sol', 'heal.t.sol', 'flap.sol', 'frob.t.sol', 'bite.sol']
2,['join.sol', 'flip.sol', 'frob.sol', 'move.sol', 'flop.t.sol', 'drip.t.sol', 'heal.t.sol', 'flap.sol', 'tune.sol', 'bite.sol']
1,['join.sol', 'flip.sol', 'frob.sol', 'move.sol', 'flop.t.sol', 'drip.t.sol', 'heal.t.sol', 'drip.sol', 'frob.t.sol', 'tune.sol']
1,['join.sol', 'flip.sol', 'frob.sol', 'move.sol', 'flop.t.sol', 'drip.t.sol', 'heal.t.sol', 'drip.sol', 'frob.t.sol', 'bite.sol']
1,['join.sol', 'flip.sol', 'frob.sol', 'move.sol', 'flop.t.sol', 'drip.t.sol', 'heal.t.sol', 'drip.sol', 'tune.sol', 'bite.sol']
1,['join.sol', 'flip.sol', 'frob.sol', 'move.sol', 'flop.t.sol', 'drip.t.sol', 'heal.t.sol', 'frob.t.sol', 'tune.sol', 'bite.sol']
2,['join.sol', 'flip.sol', 'frob.sol', 'move.sol', 'flop.t.sol', 'drip.t.sol', 'flap.sol', 'drip.sol', 'frob.t.sol', 'tune.sol']
2,['join.sol', 'flip.sol', 'frob.sol', 'move.sol', 'flop.t.sol', 'drip.t.sol', 'flap.sol', 'drip.sol', 'frob.t.sol', 'bite.sol']
2,['join.sol', 'flip.sol', 'frob.sol', 'move.sol', 'flop.t.sol', 'drip.t.sol', 'flap.sol', 'drip.sol', 'tune.sol', 'bite.sol']
2,['join.sol', 'flip.sol', 'frob.sol', 'move.sol', 'flop.t.sol', 'drip.t.sol', 'flap.sol', 'frob.t.sol', 'tune.sol', 'bite.sol']
2,['join.sol', 'flip.sol', 'frob.sol', 'move.sol', 'flop.t.sol', 'drip.t.sol', 'drip.sol', 'frob.t.sol', 'tune.sol', 'bite.sol']
2,['join.sol', 'flip.sol', 'frob.sol', 'move.sol', 'flop.t.sol', 'heal.t.sol', 'flap.sol', 'drip.sol', 'frob.t.sol', 'tune.sol']
2,['join.sol', 'flip.sol', 'frob.sol', 'move.sol', 'flop.t.sol', 'heal.t.sol', 'flap.sol', 'drip.sol', 'frob.t.sol', 'bite.sol']
2,['join.sol', 'flip.sol', 'frob.sol', 'move.sol', 'flop.t.sol', 'heal.t.sol', 'flap.sol', 'drip.sol', 'tune.sol', 'bite.sol']
2,['join.sol', 'flip.sol', 'frob.sol', 'move.sol', 'flop.t.sol', 'heal.t.sol', 'flap.sol', 'frob.t.sol', 'tune.sol', 'bite.sol']
2,['join.sol', 'flip.sol', 'frob.sol', 'move.sol', 'flop.t.sol', 'heal.t.sol', 'drip.sol', 'frob.t.sol', 'tune.sol', 'bite.sol']
2,['join.sol', 'flip.sol', 'frob.sol', 'move.sol', 'flop.t.sol', 'flap.sol', 'drip.sol', 'frob.t.sol', 'tune.sol', 'bite.sol']
2,['join.sol', 'flip.sol', 'frob.sol', 'move.sol', 'flap.t.sol', 'heal.sol', 'drip.t.sol', 'heal.t.sol', 'flap.sol', 'drip.sol']
2,['join.sol', 'flip.sol', 'frob.sol', 'move.sol', 'flap.t.sol', 'heal.sol', 'drip.t.sol', 'heal.t.sol', 'flap.sol', 'frob.t.sol']
1,['join.sol', 'flip.sol', 'frob.sol', 'move.sol', 'flap.t.sol', 'heal.sol', 'drip.t.sol', 'heal.t.sol', 'flap.sol', 'tune.sol']
1,['join.sol', 'flip.sol', 'frob.sol', 'move.sol', 'flap.t.sol', 'heal.sol', 'drip.t.sol', 'heal.t.sol', 'flap.sol', 'bite.sol']
2,['join.sol', 'flip.sol', 'frob.sol', 'move.sol', 'flap.t.sol', 'heal.sol', 'drip.t.sol', 'heal.t.sol', 'drip.sol', 'frob.t.sol']
1,['join.sol', 'flip.sol', 'frob.sol', 'move.sol', 'flap.t.sol', 'heal.sol', 'drip.t.sol', 'heal.t.sol', 'drip.sol', 'tune.sol']
1,['join.sol', 'flip.sol', 'frob.sol', 'move.sol', 'flap.t.sol', 'heal.sol', 'drip.t.sol', 'heal.t.sol', 'drip.sol', 'bite.sol']
1,['join.sol', 'flip.sol', 'frob.sol', 'move.sol', 'flap.t.sol', 'heal.sol', 'drip.t.sol', 'heal.t.sol', 'frob.t.sol', 'tune.sol']
1,['join.sol', 'flip.sol', 'frob.sol', 'move.sol', 'flap.t.sol', 'heal.sol', 'drip.t.sol', 'heal.t.sol', 'frob.t.sol', 'bite.sol']
1,['join.sol', 'flip.sol', 'frob.sol', 'move.sol', 'flap.t.sol', 'heal.sol', 'drip.t.sol', 'heal.t.sol', 'tune.sol', 'bite.sol']
2,['join.sol', 'flip.sol', 'frob.sol', 'move.sol', 'flap.t.sol', 'heal.sol', 'drip.t.sol', 'flap.sol', 'drip.sol', 'frob.t.sol']
3,['join.sol', 'flip.sol', 'frob.sol', 'move.sol', 'flap.t.sol', 'heal.sol', 'drip.t.sol', 'flap.sol', 'drip.sol', 'tune.sol']
1,['join.sol', 'flip.sol', 'frob.sol', 'move.sol', 'flap.t.sol', 'heal.sol', 'drip.t.sol', 'flap.sol', 'drip.sol', 'bite.sol']
1,['join.sol', 'flip.sol', 'frob.sol', 'move.sol', 'flap.t.sol', 'heal.sol', 'drip.t.sol', 'flap.sol', 'frob.t.sol', 'tune.sol']
2,['join.sol', 'flip.sol', 'frob.sol', 'move.sol', 'flap.t.sol', 'heal.sol', 'drip.t.sol', 'flap.sol', 'frob.t.sol', 'bite.sol']
3,['join.sol', 'flip.sol', 'frob.sol', 'move.sol', 'flap.t.sol', 'heal.sol', 'drip.t.sol', 'flap.sol', 'tune.sol', 'bite.sol']
1,['join.sol', 'flip.sol', 'frob.sol', 'move.sol', 'flap.t.sol', 'heal.sol', 'drip.t.sol', 'drip.sol', 'frob.t.sol', 'tune.sol']
2,['join.sol', 'flip.sol', 'frob.sol', 'move.sol', 'flap.t.sol', 'heal.sol', 'drip.t.sol', 'drip.sol', 'frob.t.sol', 'bite.sol']
1,['join.sol', 'flip.sol', 'frob.sol', 'move.sol', 'flap.t.sol', 'heal.sol', 'drip.t.sol', 'drip.sol', 'tune.sol', 'bite.sol']
1,['join.sol', 'flip.sol', 'frob.sol', 'move.sol', 'flap.t.sol', 'heal.sol', 'drip.t.sol', 'frob.t.sol', 'tune.sol', 'bite.sol']
2,['join.sol', 'flip.sol', 'frob.sol', 'move.sol', 'flap.t.sol', 'heal.sol', 'heal.t.sol', 'flap.sol', 'drip.sol', 'frob.t.sol']
2,['join.sol', 'flip.sol', 'frob.sol', 'move.sol', 'flap.t.sol', 'heal.sol', 'heal.t.sol', 'flap.sol', 'drip.sol', 'tune.sol']
2,['join.sol', 'flip.sol', 'frob.sol', 'move.sol', 'flap.t.sol', 'heal.sol', 'heal.t.sol', 'flap.sol', 'drip.sol', 'bite.sol']
2,['join.sol', 'flip.sol', 'frob.sol', 'move.sol', 'flap.t.sol', 'heal.sol', 'heal.t.sol', 'flap.sol', 'frob.t.sol', 'tune.sol']
2,['join.sol', 'flip.sol', 'frob.sol', 'move.sol', 'flap.t.sol', 'heal.sol', 'heal.t.sol', 'flap.sol', 'frob.t.sol', 'bite.sol']
2,['join.sol', 'flip.sol', 'frob.sol', 'move.sol', 'flap.t.sol', 'heal.sol', 'heal.t.sol', 'flap.sol', 'tune.sol', 'bite.sol']
2,['join.sol', 'flip.sol', 'frob.sol', 'move.sol', 'flap.t.sol', 'heal.sol', 'heal.t.sol', 'drip.sol', 'frob.t.sol', 'tune.sol']
2,['join.sol', 'flip.sol', 'frob.sol', 'move.sol', 'flap.t.sol', 'heal.sol', 'heal.t.sol', 'drip.sol', 'frob.t.sol', 'bite.sol']
2,['join.sol', 'flip.sol', 'frob.sol', 'move.sol', 'flap.t.sol', 'heal.sol', 'heal.t.sol', 'drip.sol', 'tune.sol', 'bite.sol']
2,['join.sol', 'flip.sol', 'frob.sol', 'move.sol', 'flap.t.sol', 'heal.sol', 'heal.t.sol', 'frob.t.sol', 'tune.sol', 'bite.sol']
2,['join.sol', 'flip.sol', 'frob.sol', 'move.sol', 'flap.t.sol', 'heal.sol', 'flap.sol', 'drip.sol', 'frob.t.sol', 'tune.sol']
2,['join.sol', 'flip.sol', 'frob.sol', 'move.sol', 'flap.t.sol', 'heal.sol', 'flap.sol', 'drip.sol', 'frob.t.sol', 'bite.sol']
1,['join.sol', 'flip.sol', 'frob.sol', 'move.sol', 'flap.t.sol', 'heal.sol', 'flap.sol', 'drip.sol', 'tune.sol', 'bite.sol']
2,['join.sol', 'flip.sol', 'frob.sol', 'move.sol', 'flap.t.sol', 'heal.sol', 'flap.sol', 'frob.t.sol', 'tune.sol', 'bite.sol']
2,['join.sol', 'flip.sol', 'frob.sol', 'move.sol', 'flap.t.sol', 'heal.sol', 'drip.sol', 'frob.t.sol', 'tune.sol', 'bite.sol']
2,['join.sol', 'flip.sol', 'frob.sol', 'move.sol', 'flap.t.sol', 'drip.t.sol', 'heal.t.sol', 'flap.sol', 'drip.sol', 'frob.t.sol']
2,['join.sol', 'flip.sol', 'frob.sol', 'move.sol', 'flap.t.sol', 'drip.t.sol', 'heal.t.sol', 'flap.sol', 'drip.sol', 'tune.sol']
1,['join.sol', 'flip.sol', 'frob.sol', 'move.sol', 'flap.t.sol', 'drip.t.sol', 'heal.t.sol', 'flap.sol', 'drip.sol', 'bite.sol']
1,['join.sol', 'flip.sol', 'frob.sol', 'move.sol', 'flap.t.sol', 'drip.t.sol', 'heal.t.sol', 'flap.sol', 'frob.t.sol', 'tune.sol']
1,['join.sol', 'flip.sol', 'frob.sol', 'move.sol', 'flap.t.sol', 'drip.t.sol', 'heal.t.sol', 'flap.sol', 'frob.t.sol', 'bite.sol']
2,['join.sol', 'flip.sol', 'frob.sol', 'move.sol', 'flap.t.sol', 'drip.t.sol', 'heal.t.sol', 'flap.sol', 'tune.sol', 'bite.sol']
1,['join.sol', 'flip.sol', 'frob.sol', 'move.sol', 'flap.t.sol', 'drip.t.sol', 'heal.t.sol', 'drip.sol', 'frob.t.sol', 'tune.sol']
1,['join.sol', 'flip.sol', 'frob.sol', 'move.sol', 'flap.t.sol', 'drip.t.sol', 'heal.t.sol', 'drip.sol', 'frob.t.sol', 'bite.sol']
1,['join.sol', 'flip.sol', 'frob.sol', 'move.sol', 'flap.t.sol', 'drip.t.sol', 'heal.t.sol', 'drip.sol', 'tune.sol', 'bite.sol']
1,['join.sol', 'flip.sol', 'frob.sol', 'move.sol', 'flap.t.sol', 'drip.t.sol', 'heal.t.sol', 'frob.t.sol', 'tune.sol', 'bite.sol']
2,['join.sol', 'flip.sol', 'frob.sol', 'move.sol', 'flap.t.sol', 'drip.t.sol', 'flap.sol', 'drip.sol', 'frob.t.sol', 'tune.sol']
2,['join.sol', 'flip.sol', 'frob.sol', 'move.sol', 'flap.t.sol', 'drip.t.sol', 'flap.sol', 'drip.sol', 'frob.t.sol', 'bite.sol']
2,['join.sol', 'flip.sol', 'frob.sol', 'move.sol', 'flap.t.sol', 'drip.t.sol', 'flap.sol', 'drip.sol', 'tune.sol', 'bite.sol']
2,['join.sol', 'flip.sol', 'frob.sol', 'move.sol', 'flap.t.sol', 'drip.t.sol', 'flap.sol', 'frob.t.sol', 'tune.sol', 'bite.sol']
2,['join.sol', 'flip.sol', 'frob.sol', 'move.sol', 'flap.t.sol', 'drip.t.sol', 'drip.sol', 'frob.t.sol', 'tune.sol', 'bite.sol']
2,['join.sol', 'flip.sol', 'frob.sol', 'move.sol', 'flap.t.sol', 'heal.t.sol', 'flap.sol', 'drip.sol', 'frob.t.sol', 'tune.sol']
2,['join.sol', 'flip.sol', 'frob.sol', 'move.sol', 'flap.t.sol', 'heal.t.sol', 'flap.sol', 'drip.sol', 'frob.t.sol', 'bite.sol']
2,['join.sol', 'flip.sol', 'frob.sol', 'move.sol', 'flap.t.sol', 'heal.t.sol', 'flap.sol', 'drip.sol', 'tune.sol', 'bite.sol']
2,['join.sol', 'flip.sol', 'frob.sol', 'move.sol', 'flap.t.sol', 'heal.t.sol', 'flap.sol', 'frob.t.sol', 'tune.sol', 'bite.sol']
2,['join.sol', 'flip.sol', 'frob.sol', 'move.sol', 'flap.t.sol', 'heal.t.sol', 'drip.sol', 'frob.t.sol', 'tune.sol', 'bite.sol']
2,['join.sol', 'flip.sol', 'frob.sol', 'move.sol', 'flap.t.sol', 'flap.sol', 'drip.sol', 'frob.t.sol', 'tune.sol', 'bite.sol']
2,['join.sol', 'flip.sol', 'frob.sol', 'move.sol', 'heal.sol', 'drip.t.sol', 'heal.t.sol', 'flap.sol', 'drip.sol', 'frob.t.sol']
1,['join.sol', 'flip.sol', 'frob.sol', 'move.sol', 'heal.sol', 'drip.t.sol', 'heal.t.sol', 'flap.sol', 'drip.sol', 'tune.sol']
2,['join.sol', 'flip.sol', 'frob.sol', 'move.sol', 'heal.sol', 'drip.t.sol', 'heal.t.sol', 'flap.sol', 'drip.sol', 'bite.sol']
1,['join.sol', 'flip.sol', 'frob.sol', 'move.sol', 'heal.sol', 'drip.t.sol', 'heal.t.sol', 'flap.sol', 'frob.t.sol', 'tune.sol']
1,['join.sol', 'flip.sol', 'frob.sol', 'move.sol', 'heal.sol', 'drip.t.sol', 'heal.t.sol', 'flap.sol', 'frob.t.sol', 'bite.sol']
1,['join.sol', 'flip.sol', 'frob.sol', 'move.sol', 'heal.sol', 'drip.t.sol', 'heal.t.sol', 'flap.sol', 'tune.sol', 'bite.sol']
1,['join.sol', 'flip.sol', 'frob.sol', 'move.sol', 'heal.sol', 'drip.t.sol', 'heal.t.sol', 'drip.sol', 'frob.t.sol', 'tune.sol']
1,['join.sol', 'flip.sol', 'frob.sol', 'move.sol', 'heal.sol', 'drip.t.sol', 'heal.t.sol', 'drip.sol', 'frob.t.sol', 'bite.sol']
1,['join.sol', 'flip.sol', 'frob.sol', 'move.sol', 'heal.sol', 'drip.t.sol', 'heal.t.sol', 'drip.sol', 'tune.sol', 'bite.sol']
1,['join.sol', 'flip.sol', 'frob.sol', 'move.sol', 'heal.sol', 'drip.t.sol', 'heal.t.sol', 'frob.t.sol', 'tune.sol', 'bite.sol']
1,['join.sol', 'flip.sol', 'frob.sol', 'move.sol', 'heal.sol', 'drip.t.sol', 'flap.sol', 'drip.sol', 'frob.t.sol', 'tune.sol']
1,['join.sol', 'flip.sol', 'frob.sol', 'move.sol', 'heal.sol', 'drip.t.sol', 'flap.sol', 'drip.sol', 'frob.t.sol', 'bite.sol']
1,['join.sol', 'flip.sol', 'frob.sol', 'move.sol', 'heal.sol', 'drip.t.sol', 'flap.sol', 'drip.sol', 'tune.sol', 'bite.sol']
1,['join.sol', 'flip.sol', 'frob.sol', 'move.sol', 'heal.sol', 'drip.t.sol', 'flap.sol', 'frob.t.sol', 'tune.sol', 'bite.sol']
1,['join.sol', 'flip.sol', 'frob.sol', 'move.sol', 'heal.sol', 'drip.t.sol', 'drip.sol', 'frob.t.sol', 'tune.sol', 'bite.sol']
2,['join.sol', 'flip.sol', 'frob.sol', 'move.sol', 'heal.sol', 'heal.t.sol', 'flap.sol', 'drip.sol', 'frob.t.sol', 'tune.sol']
2,['join.sol', 'flip.sol', 'frob.sol', 'move.sol', 'heal.sol', 'heal.t.sol', 'flap.sol', 'drip.sol', 'frob.t.sol', 'bite.sol']
2,['join.sol', 'flip.sol', 'frob.sol', 'move.sol', 'heal.sol', 'heal.t.sol', 'flap.sol', 'drip.sol', 'tune.sol', 'bite.sol']
2,['join.sol', 'flip.sol', 'frob.sol', 'move.sol', 'heal.sol', 'heal.t.sol', 'flap.sol', 'frob.t.sol', 'tune.sol', 'bite.sol']
2,['join.sol', 'flip.sol', 'frob.sol', 'move.sol', 'heal.sol', 'heal.t.sol', 'drip.sol', 'frob.t.sol', 'tune.sol', 'bite.sol']
2,['join.sol', 'flip.sol', 'frob.sol', 'move.sol', 'heal.sol', 'flap.sol', 'drip.sol', 'frob.t.sol', 'tune.sol', 'bite.sol']
1,['join.sol', 'flip.sol', 'frob.sol', 'move.sol', 'drip.t.sol', 'heal.t.sol', 'flap.sol', 'drip.sol', 'frob.t.sol', 'tune.sol']
1,['join.sol', 'flip.sol', 'frob.sol', 'move.sol', 'drip.t.sol', 'heal.t.sol', 'flap.sol', 'drip.sol', 'frob.t.sol', 'bite.sol']
1,['join.sol', 'flip.sol', 'frob.sol', 'move.sol', 'drip.t.sol', 'heal.t.sol', 'flap.sol', 'drip.sol', 'tune.sol', 'bite.sol']
1,['join.sol', 'flip.sol', 'frob.sol', 'move.sol', 'drip.t.sol', 'heal.t.sol', 'flap.sol', 'frob.t.sol', 'tune.sol', 'bite.sol']
1,['join.sol', 'flip.sol', 'frob.sol', 'move.sol', 'drip.t.sol', 'heal.t.sol', 'drip.sol', 'frob.t.sol', 'tune.sol', 'bite.sol']
2,['join.sol', 'flip.sol', 'frob.sol', 'move.sol', 'drip.t.sol', 'flap.sol', 'drip.sol', 'frob.t.sol', 'tune.sol', 'bite.sol']
2,['join.sol', 'flip.sol', 'frob.sol', 'move.sol', 'heal.t.sol', 'flap.sol', 'drip.sol', 'frob.t.sol', 'tune.sol', 'bite.sol']
1,['join.sol', 'flip.sol', 'frob.sol', 'flop.t.sol', 'flap.t.sol', 'heal.sol', 'drip.t.sol', 'heal.t.sol', 'flap.sol', 'drip.sol']
2,['join.sol', 'flip.sol', 'frob.sol', 'flop.t.sol', 'flap.t.sol', 'heal.sol', 'drip.t.sol', 'heal.t.sol', 'flap.sol', 'frob.t.sol']
1,['join.sol', 'flip.sol', 'frob.sol', 'flop.t.sol', 'flap.t.sol', 'heal.sol', 'drip.t.sol', 'heal.t.sol', 'flap.sol', 'tune.sol']
1,['join.sol', 'flip.sol', 'frob.sol', 'flop.t.sol', 'flap.t.sol', 'heal.sol', 'drip.t.sol', 'heal.t.sol', 'flap.sol', 'bite.sol']
2,['join.sol', 'flip.sol', 'frob.sol', 'flop.t.sol', 'flap.t.sol', 'heal.sol', 'drip.t.sol', 'heal.t.sol', 'drip.sol', 'frob.t.sol']
1,['join.sol', 'flip.sol', 'frob.sol', 'flop.t.sol', 'flap.t.sol', 'heal.sol', 'drip.t.sol', 'heal.t.sol', 'drip.sol', 'tune.sol']
1,['join.sol', 'flip.sol', 'frob.sol', 'flop.t.sol', 'flap.t.sol', 'heal.sol', 'drip.t.sol', 'heal.t.sol', 'drip.sol', 'bite.sol']
1,['join.sol', 'flip.sol', 'frob.sol', 'flop.t.sol', 'flap.t.sol', 'heal.sol', 'drip.t.sol', 'heal.t.sol', 'frob.t.sol', 'tune.sol']
2,['join.sol', 'flip.sol', 'frob.sol', 'flop.t.sol', 'flap.t.sol', 'heal.sol', 'drip.t.sol', 'heal.t.sol', 'frob.t.sol', 'bite.sol']
1,['join.sol', 'flip.sol', 'frob.sol', 'flop.t.sol', 'flap.t.sol', 'heal.sol', 'drip.t.sol', 'heal.t.sol', 'tune.sol', 'bite.sol']
2,['join.sol', 'flip.sol', 'frob.sol', 'flop.t.sol', 'flap.t.sol', 'heal.sol', 'drip.t.sol', 'flap.sol', 'drip.sol', 'frob.t.sol']
2,['join.sol', 'flip.sol', 'frob.sol', 'flop.t.sol', 'flap.t.sol', 'heal.sol', 'drip.t.sol', 'flap.sol', 'drip.sol', 'tune.sol']
2,['join.sol', 'flip.sol', 'frob.sol', 'flop.t.sol', 'flap.t.sol', 'heal.sol', 'drip.t.sol', 'flap.sol', 'drip.sol', 'bite.sol']
1,['join.sol', 'flip.sol', 'frob.sol', 'flop.t.sol', 'flap.t.sol', 'heal.sol', 'drip.t.sol', 'flap.sol', 'frob.t.sol', 'tune.sol']
2,['join.sol', 'flip.sol', 'frob.sol', 'flop.t.sol', 'flap.t.sol', 'heal.sol', 'drip.t.sol', 'flap.sol', 'frob.t.sol', 'bite.sol']
1,['join.sol', 'flip.sol', 'frob.sol', 'flop.t.sol', 'flap.t.sol', 'heal.sol', 'drip.t.sol', 'flap.sol', 'tune.sol', 'bite.sol']
1,['join.sol', 'flip.sol', 'frob.sol', 'flop.t.sol', 'flap.t.sol', 'heal.sol', 'drip.t.sol', 'drip.sol', 'frob.t.sol', 'tune.sol']
1,['join.sol', 'flip.sol', 'frob.sol', 'flop.t.sol', 'flap.t.sol', 'heal.sol', 'drip.t.sol', 'drip.sol', 'frob.t.sol', 'bite.sol']
1,['join.sol', 'flip.sol', 'frob.sol', 'flop.t.sol', 'flap.t.sol', 'heal.sol', 'drip.t.sol', 'drip.sol', 'tune.sol', 'bite.sol']
1,['join.sol', 'flip.sol', 'frob.sol', 'flop.t.sol', 'flap.t.sol', 'heal.sol', 'drip.t.sol', 'frob.t.sol', 'tune.sol', 'bite.sol']
2,['join.sol', 'flip.sol', 'frob.sol', 'flop.t.sol', 'flap.t.sol', 'heal.sol', 'heal.t.sol', 'flap.sol', 'drip.sol', 'frob.t.sol']
2,['join.sol', 'flip.sol', 'frob.sol', 'flop.t.sol', 'flap.t.sol', 'heal.sol', 'heal.t.sol', 'flap.sol', 'drip.sol', 'tune.sol']
2,['join.sol', 'flip.sol', 'frob.sol', 'flop.t.sol', 'flap.t.sol', 'heal.sol', 'heal.t.sol', 'flap.sol', 'drip.sol', 'bite.sol']
2,['join.sol', 'flip.sol', 'frob.sol', 'flop.t.sol', 'flap.t.sol', 'heal.sol', 'heal.t.sol', 'flap.sol', 'frob.t.sol', 'tune.sol']
2,['join.sol', 'flip.sol', 'frob.sol', 'flop.t.sol', 'flap.t.sol', 'heal.sol', 'heal.t.sol', 'flap.sol', 'frob.t.sol', 'bite.sol']
2,['join.sol', 'flip.sol', 'frob.sol', 'flop.t.sol', 'flap.t.sol', 'heal.sol', 'heal.t.sol', 'flap.sol', 'tune.sol', 'bite.sol']
2,['join.sol', 'flip.sol', 'frob.sol', 'flop.t.sol', 'flap.t.sol', 'heal.sol', 'heal.t.sol', 'drip.sol', 'frob.t.sol', 'tune.sol']
2,['join.sol', 'flip.sol', 'frob.sol', 'flop.t.sol', 'flap.t.sol', 'heal.sol', 'heal.t.sol', 'drip.sol', 'frob.t.sol', 'bite.sol']
2,['join.sol', 'flip.sol', 'frob.sol', 'flop.t.sol', 'flap.t.sol', 'heal.sol', 'heal.t.sol', 'drip.sol', 'tune.sol', 'bite.sol']
2,['join.sol', 'flip.sol', 'frob.sol', 'flop.t.sol', 'flap.t.sol', 'heal.sol', 'heal.t.sol', 'frob.t.sol', 'tune.sol', 'bite.sol']
2,['join.sol', 'flip.sol', 'frob.sol', 'flop.t.sol', 'flap.t.sol', 'heal.sol', 'flap.sol', 'drip.sol', 'frob.t.sol', 'tune.sol']
2,['join.sol', 'flip.sol', 'frob.sol', 'flop.t.sol', 'flap.t.sol', 'heal.sol', 'flap.sol', 'drip.sol', 'frob.t.sol', 'bite.sol']
1,['join.sol', 'flip.sol', 'frob.sol', 'flop.t.sol', 'flap.t.sol', 'heal.sol', 'flap.sol', 'drip.sol', 'tune.sol', 'bite.sol']
2,['join.sol', 'flip.sol', 'frob.sol', 'flop.t.sol', 'flap.t.sol', 'heal.sol', 'flap.sol', 'frob.t.sol', 'tune.sol', 'bite.sol']
2,['join.sol', 'flip.sol', 'frob.sol', 'flop.t.sol', 'flap.t.sol', 'heal.sol', 'drip.sol', 'frob.t.sol', 'tune.sol', 'bite.sol']
2,['join.sol', 'flip.sol', 'frob.sol', 'flop.t.sol', 'flap.t.sol', 'drip.t.sol', 'heal.t.sol', 'flap.sol', 'drip.sol', 'frob.t.sol']
2,['join.sol', 'flip.sol', 'frob.sol', 'flop.t.sol', 'flap.t.sol', 'drip.t.sol', 'heal.t.sol', 'flap.sol', 'drip.sol', 'tune.sol']
1,['join.sol', 'flip.sol', 'frob.sol', 'flop.t.sol', 'flap.t.sol', 'drip.t.sol', 'heal.t.sol', 'flap.sol', 'drip.sol', 'bite.sol']
1,['join.sol', 'flip.sol', 'frob.sol', 'flop.t.sol', 'flap.t.sol', 'drip.t.sol', 'heal.t.sol', 'flap.sol', 'frob.t.sol', 'tune.sol']
2,['join.sol', 'flip.sol', 'frob.sol', 'flop.t.sol', 'flap.t.sol', 'drip.t.sol', 'heal.t.sol', 'flap.sol', 'frob.t.sol', 'bite.sol']
2,['join.sol', 'flip.sol', 'frob.sol', 'flop.t.sol', 'flap.t.sol', 'drip.t.sol', 'heal.t.sol', 'flap.sol', 'tune.sol', 'bite.sol']
1,['join.sol', 'flip.sol', 'frob.sol', 'flop.t.sol', 'flap.t.sol', 'drip.t.sol', 'heal.t.sol', 'drip.sol', 'frob.t.sol', 'tune.sol']
2,['join.sol', 'flip.sol', 'frob.sol', 'flop.t.sol', 'flap.t.sol', 'drip.t.sol', 'heal.t.sol', 'drip.sol', 'frob.t.sol', 'bite.sol']
1,['join.sol', 'flip.sol', 'frob.sol', 'flop.t.sol', 'flap.t.sol', 'drip.t.sol', 'heal.t.sol', 'drip.sol', 'tune.sol', 'bite.sol']
1,['join.sol', 'flip.sol', 'frob.sol', 'flop.t.sol', 'flap.t.sol', 'drip.t.sol', 'heal.t.sol', 'frob.t.sol', 'tune.sol', 'bite.sol']
2,['join.sol', 'flip.sol', 'frob.sol', 'flop.t.sol', 'flap.t.sol', 'drip.t.sol', 'flap.sol', 'drip.sol', 'frob.t.sol', 'tune.sol']
1,['join.sol', 'flip.sol', 'frob.sol', 'flop.t.sol', 'flap.t.sol', 'drip.t.sol', 'flap.sol', 'drip.sol', 'frob.t.sol', 'bite.sol']
2,['join.sol', 'flip.sol', 'frob.sol', 'flop.t.sol', 'flap.t.sol', 'drip.t.sol', 'flap.sol', 'drip.sol', 'tune.sol', 'bite.sol']
2,['join.sol', 'flip.sol', 'frob.sol', 'flop.t.sol', 'flap.t.sol', 'drip.t.sol', 'flap.sol', 'frob.t.sol', 'tune.sol', 'bite.sol']
2,['join.sol', 'flip.sol', 'frob.sol', 'flop.t.sol', 'flap.t.sol', 'drip.t.sol', 'drip.sol', 'frob.t.sol', 'tune.sol', 'bite.sol']
2,['join.sol', 'flip.sol', 'frob.sol', 'flop.t.sol', 'flap.t.sol', 'heal.t.sol', 'flap.sol', 'drip.sol', 'frob.t.sol', 'tune.sol']
2,['join.sol', 'flip.sol', 'frob.sol', 'flop.t.sol', 'flap.t.sol', 'heal.t.sol', 'flap.sol', 'drip.sol', 'frob.t.sol', 'bite.sol']
2,['join.sol', 'flip.sol', 'frob.sol', 'flop.t.sol', 'flap.t.sol', 'heal.t.sol', 'flap.sol', 'drip.sol', 'tune.sol', 'bite.sol']
2,['join.sol', 'flip.sol', 'frob.sol', 'flop.t.sol', 'flap.t.sol', 'heal.t.sol', 'flap.sol', 'frob.t.sol', 'tune.sol', 'bite.sol']
2,['join.sol', 'flip.sol', 'frob.sol', 'flop.t.sol', 'flap.t.sol', 'heal.t.sol', 'drip.sol', 'frob.t.sol', 'tune.sol', 'bite.sol']
2,['join.sol', 'flip.sol', 'frob.sol', 'flop.t.sol', 'flap.t.sol', 'flap.sol', 'drip.sol', 'frob.t.sol', 'tune.sol', 'bite.sol']
2,['join.sol', 'flip.sol', 'frob.sol', 'flop.t.sol', 'heal.sol', 'drip.t.sol', 'heal.t.sol', 'flap.sol', 'drip.sol', 'frob.t.sol']
1,['join.sol', 'flip.sol', 'frob.sol', 'flop.t.sol', 'heal.sol', 'drip.t.sol', 'heal.t.sol', 'flap.sol', 'drip.sol', 'tune.sol']
1,['join.sol', 'flip.sol', 'frob.sol', 'flop.t.sol', 'heal.sol', 'drip.t.sol', 'heal.t.sol', 'flap.sol', 'drip.sol', 'bite.sol']
1,['join.sol', 'flip.sol', 'frob.sol', 'flop.t.sol', 'heal.sol', 'drip.t.sol', 'heal.t.sol', 'flap.sol', 'frob.t.sol', 'tune.sol']
2,['join.sol', 'flip.sol', 'frob.sol', 'flop.t.sol', 'heal.sol', 'drip.t.sol', 'heal.t.sol', 'flap.sol', 'frob.t.sol', 'bite.sol']
1,['join.sol', 'flip.sol', 'frob.sol', 'flop.t.sol', 'heal.sol', 'drip.t.sol', 'heal.t.sol', 'flap.sol', 'tune.sol', 'bite.sol']
1,['join.sol', 'flip.sol', 'frob.sol', 'flop.t.sol', 'heal.sol', 'drip.t.sol', 'heal.t.sol', 'drip.sol', 'frob.t.sol', 'tune.sol']
1,['join.sol', 'flip.sol', 'frob.sol', 'flop.t.sol', 'heal.sol', 'drip.t.sol', 'heal.t.sol', 'drip.sol', 'frob.t.sol', 'bite.sol']
1,['join.sol', 'flip.sol', 'frob.sol', 'flop.t.sol', 'heal.sol', 'drip.t.sol', 'heal.t.sol', 'drip.sol', 'tune.sol', 'bite.sol']
1,['join.sol', 'flip.sol', 'frob.sol', 'flop.t.sol', 'heal.sol', 'drip.t.sol', 'heal.t.sol', 'frob.t.sol', 'tune.sol', 'bite.sol']
1,['join.sol', 'flip.sol', 'frob.sol', 'flop.t.sol', 'heal.sol', 'drip.t.sol', 'flap.sol', 'drip.sol', 'frob.t.sol', 'tune.sol']
2,['join.sol', 'flip.sol', 'frob.sol', 'flop.t.sol', 'heal.sol', 'drip.t.sol', 'flap.sol', 'drip.sol', 'frob.t.sol', 'bite.sol']
1,['join.sol', 'flip.sol', 'frob.sol', 'flop.t.sol', 'heal.sol', 'drip.t.sol', 'flap.sol', 'drip.sol', 'tune.sol', 'bite.sol']
1,['join.sol', 'flip.sol', 'frob.sol', 'flop.t.sol', 'heal.sol', 'drip.t.sol', 'flap.sol', 'frob.t.sol', 'tune.sol', 'bite.sol']
1,['join.sol', 'flip.sol', 'frob.sol', 'flop.t.sol', 'heal.sol', 'drip.t.sol', 'drip.sol', 'frob.t.sol', 'tune.sol', 'bite.sol']
2,['join.sol', 'flip.sol', 'frob.sol', 'flop.t.sol', 'heal.sol', 'heal.t.sol', 'flap.sol', 'drip.sol', 'frob.t.sol', 'tune.sol']
2,['join.sol', 'flip.sol', 'frob.sol', 'flop.t.sol', 'heal.sol', 'heal.t.sol', 'flap.sol', 'drip.sol', 'frob.t.sol', 'bite.sol']
2,['join.sol', 'flip.sol', 'frob.sol', 'flop.t.sol', 'heal.sol', 'heal.t.sol', 'flap.sol', 'drip.sol', 'tune.sol', 'bite.sol']
2,['join.sol', 'flip.sol', 'frob.sol', 'flop.t.sol', 'heal.sol', 'heal.t.sol', 'flap.sol', 'frob.t.sol', 'tune.sol', 'bite.sol']
2,['join.sol', 'flip.sol', 'frob.sol', 'flop.t.sol', 'heal.sol', 'heal.t.sol', 'drip.sol', 'frob.t.sol', 'tune.sol', 'bite.sol']
2,['join.sol', 'flip.sol', 'frob.sol', 'flop.t.sol', 'heal.sol', 'flap.sol', 'drip.sol', 'frob.t.sol', 'tune.sol', 'bite.sol']
1,['join.sol', 'flip.sol', 'frob.sol', 'flop.t.sol', 'drip.t.sol', 'heal.t.sol', 'flap.sol', 'drip.sol', 'frob.t.sol', 'tune.sol']
1,['join.sol', 'flip.sol', 'frob.sol', 'flop.t.sol', 'drip.t.sol', 'heal.t.sol', 'flap.sol', 'drip.sol', 'frob.t.sol', 'bite.sol']
1,['join.sol', 'flip.sol', 'frob.sol', 'flop.t.sol', 'drip.t.sol', 'heal.t.sol', 'flap.sol', 'drip.sol', 'tune.sol', 'bite.sol']
1,['join.sol', 'flip.sol', 'frob.sol', 'flop.t.sol', 'drip.t.sol', 'heal.t.sol', 'flap.sol', 'frob.t.sol', 'tune.sol', 'bite.sol']
1,['join.sol', 'flip.sol', 'frob.sol', 'flop.t.sol', 'drip.t.sol', 'heal.t.sol', 'drip.sol', 'frob.t.sol', 'tune.sol', 'bite.sol']
2,['join.sol', 'flip.sol', 'frob.sol', 'flop.t.sol', 'drip.t.sol', 'flap.sol', 'drip.sol', 'frob.t.sol', 'tune.sol', 'bite.sol']
2,['join.sol', 'flip.sol', 'frob.sol', 'flop.t.sol', 'heal.t.sol', 'flap.sol', 'drip.sol', 'frob.t.sol', 'tune.sol', 'bite.sol']
2,['join.sol', 'flip.sol', 'frob.sol', 'flap.t.sol', 'heal.sol', 'drip.t.sol', 'heal.t.sol', 'flap.sol', 'drip.sol', 'frob.t.sol']
1,['join.sol', 'flip.sol', 'frob.sol', 'flap.t.sol', 'heal.sol', 'drip.t.sol', 'heal.t.sol', 'flap.sol', 'drip.sol', 'tune.sol']
1,['join.sol', 'flip.sol', 'frob.sol', 'flap.t.sol', 'heal.sol', 'drip.t.sol', 'heal.t.sol', 'flap.sol', 'drip.sol', 'bite.sol']
1,['join.sol', 'flip.sol', 'frob.sol', 'flap.t.sol', 'heal.sol', 'drip.t.sol', 'heal.t.sol', 'flap.sol', 'frob.t.sol', 'tune.sol']
2,['join.sol', 'flip.sol', 'frob.sol', 'flap.t.sol', 'heal.sol', 'drip.t.sol', 'heal.t.sol', 'flap.sol', 'frob.t.sol', 'bite.sol']
1,['join.sol', 'flip.sol', 'frob.sol', 'flap.t.sol', 'heal.sol', 'drip.t.sol', 'heal.t.sol', 'flap.sol', 'tune.sol', 'bite.sol']
1,['join.sol', 'flip.sol', 'frob.sol', 'flap.t.sol', 'heal.sol', 'drip.t.sol', 'heal.t.sol', 'drip.sol', 'frob.t.sol', 'tune.sol']
1,['join.sol', 'flip.sol', 'frob.sol', 'flap.t.sol', 'heal.sol', 'drip.t.sol', 'heal.t.sol', 'drip.sol', 'frob.t.sol', 'bite.sol']
1,['join.sol', 'flip.sol', 'frob.sol', 'flap.t.sol', 'heal.sol', 'drip.t.sol', 'heal.t.sol', 'drip.sol', 'tune.sol', 'bite.sol']
1,['join.sol', 'flip.sol', 'frob.sol', 'flap.t.sol', 'heal.sol', 'drip.t.sol', 'heal.t.sol', 'frob.t.sol', 'tune.sol', 'bite.sol']
1,['join.sol', 'flip.sol', 'frob.sol', 'flap.t.sol', 'heal.sol', 'drip.t.sol', 'flap.sol', 'drip.sol', 'frob.t.sol', 'tune.sol']
2,['join.sol', 'flip.sol', 'frob.sol', 'flap.t.sol', 'heal.sol', 'drip.t.sol', 'flap.sol', 'drip.sol', 'frob.t.sol', 'bite.sol']
1,['join.sol', 'flip.sol', 'frob.sol', 'flap.t.sol', 'heal.sol', 'drip.t.sol', 'flap.sol', 'drip.sol', 'tune.sol', 'bite.sol']
1,['join.sol', 'flip.sol', 'frob.sol', 'flap.t.sol', 'heal.sol', 'drip.t.sol', 'flap.sol', 'frob.t.sol', 'tune.sol', 'bite.sol']
1,['join.sol', 'flip.sol', 'frob.sol', 'flap.t.sol', 'heal.sol', 'drip.t.sol', 'drip.sol', 'frob.t.sol', 'tune.sol', 'bite.sol']
2,['join.sol', 'flip.sol', 'frob.sol', 'flap.t.sol', 'heal.sol', 'heal.t.sol', 'flap.sol', 'drip.sol', 'frob.t.sol', 'tune.sol']
2,['join.sol', 'flip.sol', 'frob.sol', 'flap.t.sol', 'heal.sol', 'heal.t.sol', 'flap.sol', 'drip.sol', 'frob.t.sol', 'bite.sol']
2,['join.sol', 'flip.sol', 'frob.sol', 'flap.t.sol', 'heal.sol', 'heal.t.sol', 'flap.sol', 'drip.sol', 'tune.sol', 'bite.sol']
2,['join.sol', 'flip.sol', 'frob.sol', 'flap.t.sol', 'heal.sol', 'heal.t.sol', 'flap.sol', 'frob.t.sol', 'tune.sol', 'bite.sol']
2,['join.sol', 'flip.sol', 'frob.sol', 'flap.t.sol', 'heal.sol', 'heal.t.sol', 'drip.sol', 'frob.t.sol', 'tune.sol', 'bite.sol']
2,['join.sol', 'flip.sol', 'frob.sol', 'flap.t.sol', 'heal.sol', 'flap.sol', 'drip.sol', 'frob.t.sol', 'tune.sol', 'bite.sol']
1,['join.sol', 'flip.sol', 'frob.sol', 'flap.t.sol', 'drip.t.sol', 'heal.t.sol', 'flap.sol', 'drip.sol', 'frob.t.sol', 'tune.sol']
1,['join.sol', 'flip.sol', 'frob.sol', 'flap.t.sol', 'drip.t.sol', 'heal.t.sol', 'flap.sol', 'drip.sol', 'frob.t.sol', 'bite.sol']
1,['join.sol', 'flip.sol', 'frob.sol', 'flap.t.sol', 'drip.t.sol', 'heal.t.sol', 'flap.sol', 'drip.sol', 'tune.sol', 'bite.sol']
1,['join.sol', 'flip.sol', 'frob.sol', 'flap.t.sol', 'drip.t.sol', 'heal.t.sol', 'flap.sol', 'frob.t.sol', 'tune.sol', 'bite.sol']
1,['join.sol', 'flip.sol', 'frob.sol', 'flap.t.sol', 'drip.t.sol', 'heal.t.sol', 'drip.sol', 'frob.t.sol', 'tune.sol', 'bite.sol']
2,['join.sol', 'flip.sol', 'frob.sol', 'flap.t.sol', 'drip.t.sol', 'flap.sol', 'drip.sol', 'frob.t.sol', 'tune.sol', 'bite.sol']
2,['join.sol', 'flip.sol', 'frob.sol', 'flap.t.sol', 'heal.t.sol', 'flap.sol', 'drip.sol', 'frob.t.sol', 'tune.sol', 'bite.sol']
1,['join.sol', 'flip.sol', 'frob.sol', 'heal.sol', 'drip.t.sol', 'heal.t.sol', 'flap.sol', 'drip.sol', 'frob.t.sol', 'tune.sol']
1,['join.sol', 'flip.sol', 'frob.sol', 'heal.sol', 'drip.t.sol', 'heal.t.sol', 'flap.sol', 'drip.sol', 'frob.t.sol', 'bite.sol']
1,['join.sol', 'flip.sol', 'frob.sol', 'heal.sol', 'drip.t.sol', 'heal.t.sol', 'flap.sol', 'drip.sol', 'tune.sol', 'bite.sol']
1,['join.sol', 'flip.sol', 'frob.sol', 'heal.sol', 'drip.t.sol', 'heal.t.sol', 'flap.sol', 'frob.t.sol', 'tune.sol', 'bite.sol']
1,['join.sol', 'flip.sol', 'frob.sol', 'heal.sol', 'drip.t.sol', 'heal.t.sol', 'drip.sol', 'frob.t.sol', 'tune.sol', 'bite.sol']
1,['join.sol', 'flip.sol', 'frob.sol', 'heal.sol', 'drip.t.sol', 'flap.sol', 'drip.sol', 'frob.t.sol', 'tune.sol', 'bite.sol']
2,['join.sol', 'flip.sol', 'frob.sol', 'heal.sol', 'heal.t.sol', 'flap.sol', 'drip.sol', 'frob.t.sol', 'tune.sol', 'bite.sol']
1,['join.sol', 'flip.sol', 'frob.sol', 'drip.t.sol', 'heal.t.sol', 'flap.sol', 'drip.sol', 'frob.t.sol', 'tune.sol', 'bite.sol']
2,['join.sol', 'flip.sol', 'flip.t.sol', 'move.sol', 'flop.t.sol', 'flap.t.sol', 'heal.sol', 'drip.t.sol', 'heal.t.sol', 'flap.sol']
2,['join.sol', 'flip.sol', 'flip.t.sol', 'move.sol', 'flop.t.sol', 'flap.t.sol', 'heal.sol', 'drip.t.sol', 'heal.t.sol', 'drip.sol']
2,['join.sol', 'flip.sol', 'flip.t.sol', 'move.sol', 'flop.t.sol', 'flap.t.sol', 'heal.sol', 'drip.t.sol', 'heal.t.sol', 'frob.t.sol']
2,['join.sol', 'flip.sol', 'flip.t.sol', 'move.sol', 'flop.t.sol', 'flap.t.sol', 'heal.sol', 'drip.t.sol', 'heal.t.sol', 'tune.sol']
2,['join.sol', 'flip.sol', 'flip.t.sol', 'move.sol', 'flop.t.sol', 'flap.t.sol', 'heal.sol', 'drip.t.sol', 'heal.t.sol', 'bite.sol']
3,['join.sol', 'flip.sol', 'flip.t.sol', 'move.sol', 'flop.t.sol', 'flap.t.sol', 'heal.sol', 'drip.t.sol', 'flap.sol', 'drip.sol']
2,['join.sol', 'flip.sol', 'flip.t.sol', 'move.sol', 'flop.t.sol', 'flap.t.sol', 'heal.sol', 'drip.t.sol', 'flap.sol', 'frob.t.sol']
1,['join.sol', 'flip.sol', 'flip.t.sol', 'move.sol', 'flop.t.sol', 'flap.t.sol', 'heal.sol', 'drip.t.sol', 'flap.sol', 'tune.sol']
1,['join.sol', 'flip.sol', 'flip.t.sol', 'move.sol', 'flop.t.sol', 'flap.t.sol', 'heal.sol', 'drip.t.sol', 'flap.sol', 'bite.sol']
2,['join.sol', 'flip.sol', 'flip.t.sol', 'move.sol', 'flop.t.sol', 'flap.t.sol', 'heal.sol', 'drip.t.sol', 'drip.sol', 'frob.t.sol']
1,['join.sol', 'flip.sol', 'flip.t.sol', 'move.sol', 'flop.t.sol', 'flap.t.sol', 'heal.sol', 'drip.t.sol', 'drip.sol', 'tune.sol']
3,['join.sol', 'flip.sol', 'flip.t.sol', 'move.sol', 'flop.t.sol', 'flap.t.sol', 'heal.sol', 'drip.t.sol', 'drip.sol', 'bite.sol']
2,['join.sol', 'flip.sol', 'flip.t.sol', 'move.sol', 'flop.t.sol', 'flap.t.sol', 'heal.sol', 'drip.t.sol', 'frob.t.sol', 'tune.sol']
2,['join.sol', 'flip.sol', 'flip.t.sol', 'move.sol', 'flop.t.sol', 'flap.t.sol', 'heal.sol', 'drip.t.sol', 'frob.t.sol', 'bite.sol']
1,['join.sol', 'flip.sol', 'flip.t.sol', 'move.sol', 'flop.t.sol', 'flap.t.sol', 'heal.sol', 'drip.t.sol', 'tune.sol', 'bite.sol']
3,['join.sol', 'flip.sol', 'flip.t.sol', 'move.sol', 'flop.t.sol', 'flap.t.sol', 'heal.sol', 'heal.t.sol', 'flap.sol', 'drip.sol']
2,['join.sol', 'flip.sol', 'flip.t.sol', 'move.sol', 'flop.t.sol', 'flap.t.sol', 'heal.sol', 'heal.t.sol', 'flap.sol', 'frob.t.sol']
3,['join.sol', 'flip.sol', 'flip.t.sol', 'move.sol', 'flop.t.sol', 'flap.t.sol', 'heal.sol', 'heal.t.sol', 'flap.sol', 'tune.sol']
3,['join.sol', 'flip.sol', 'flip.t.sol', 'move.sol', 'flop.t.sol', 'flap.t.sol', 'heal.sol', 'heal.t.sol', 'flap.sol', 'bite.sol']
2,['join.sol', 'flip.sol', 'flip.t.sol', 'move.sol', 'flop.t.sol', 'flap.t.sol', 'heal.sol', 'heal.t.sol', 'drip.sol', 'frob.t.sol']
2,['join.sol', 'flip.sol', 'flip.t.sol', 'move.sol', 'flop.t.sol', 'flap.t.sol', 'heal.sol', 'heal.t.sol', 'drip.sol', 'tune.sol']
3,['join.sol', 'flip.sol', 'flip.t.sol', 'move.sol', 'flop.t.sol', 'flap.t.sol', 'heal.sol', 'heal.t.sol', 'drip.sol', 'bite.sol']
2,['join.sol', 'flip.sol', 'flip.t.sol', 'move.sol', 'flop.t.sol', 'flap.t.sol', 'heal.sol', 'heal.t.sol', 'frob.t.sol', 'tune.sol']
2,['join.sol', 'flip.sol', 'flip.t.sol', 'move.sol', 'flop.t.sol', 'flap.t.sol', 'heal.sol', 'heal.t.sol', 'frob.t.sol', 'bite.sol']
2,['join.sol', 'flip.sol', 'flip.t.sol', 'move.sol', 'flop.t.sol', 'flap.t.sol', 'heal.sol', 'heal.t.sol', 'tune.sol', 'bite.sol']
3,['join.sol', 'flip.sol', 'flip.t.sol', 'move.sol', 'flop.t.sol', 'flap.t.sol', 'heal.sol', 'flap.sol', 'drip.sol', 'frob.t.sol']
1,['join.sol', 'flip.sol', 'flip.t.sol', 'move.sol', 'flop.t.sol', 'flap.t.sol', 'heal.sol', 'flap.sol', 'drip.sol', 'tune.sol']
2,['join.sol', 'flip.sol', 'flip.t.sol', 'move.sol', 'flop.t.sol', 'flap.t.sol', 'heal.sol', 'flap.sol', 'drip.sol', 'bite.sol']
3,['join.sol', 'flip.sol', 'flip.t.sol', 'move.sol', 'flop.t.sol', 'flap.t.sol', 'heal.sol', 'flap.sol', 'frob.t.sol', 'tune.sol']
3,['join.sol', 'flip.sol', 'flip.t.sol', 'move.sol', 'flop.t.sol', 'flap.t.sol', 'heal.sol', 'flap.sol', 'frob.t.sol', 'bite.sol']
1,['join.sol', 'flip.sol', 'flip.t.sol', 'move.sol', 'flop.t.sol', 'flap.t.sol', 'heal.sol', 'flap.sol', 'tune.sol', 'bite.sol']
2,['join.sol', 'flip.sol', 'flip.t.sol', 'move.sol', 'flop.t.sol', 'flap.t.sol', 'heal.sol', 'drip.sol', 'frob.t.sol', 'tune.sol']
2,['join.sol', 'flip.sol', 'flip.t.sol', 'move.sol', 'flop.t.sol', 'flap.t.sol', 'heal.sol', 'drip.sol', 'frob.t.sol', 'bite.sol']
1,['join.sol', 'flip.sol', 'flip.t.sol', 'move.sol', 'flop.t.sol', 'flap.t.sol', 'heal.sol', 'drip.sol', 'tune.sol', 'bite.sol']
2,['join.sol', 'flip.sol', 'flip.t.sol', 'move.sol', 'flop.t.sol', 'flap.t.sol', 'heal.sol', 'frob.t.sol', 'tune.sol', 'bite.sol']
3,['join.sol', 'flip.sol', 'flip.t.sol', 'move.sol', 'flop.t.sol', 'flap.t.sol', 'drip.t.sol', 'heal.t.sol', 'flap.sol', 'drip.sol']
2,['join.sol', 'flip.sol', 'flip.t.sol', 'move.sol', 'flop.t.sol', 'flap.t.sol', 'drip.t.sol', 'heal.t.sol', 'flap.sol', 'frob.t.sol']
2,['join.sol', 'flip.sol', 'flip.t.sol', 'move.sol', 'flop.t.sol', 'flap.t.sol', 'drip.t.sol', 'heal.t.sol', 'flap.sol', 'tune.sol']
3,['join.sol', 'flip.sol', 'flip.t.sol', 'move.sol', 'flop.t.sol', 'flap.t.sol', 'drip.t.sol', 'heal.t.sol', 'flap.sol', 'bite.sol']
2,['join.sol', 'flip.sol', 'flip.t.sol', 'move.sol', 'flop.t.sol', 'flap.t.sol', 'drip.t.sol', 'heal.t.sol', 'drip.sol', 'frob.t.sol']
2,['join.sol', 'flip.sol', 'flip.t.sol', 'move.sol', 'flop.t.sol', 'flap.t.sol', 'drip.t.sol', 'heal.t.sol', 'drip.sol', 'tune.sol']
2,['join.sol', 'flip.sol', 'flip.t.sol', 'move.sol', 'flop.t.sol', 'flap.t.sol', 'drip.t.sol', 'heal.t.sol', 'drip.sol', 'bite.sol']
2,['join.sol', 'flip.sol', 'flip.t.sol', 'move.sol', 'flop.t.sol', 'flap.t.sol', 'drip.t.sol', 'heal.t.sol', 'frob.t.sol', 'tune.sol']
2,['join.sol', 'flip.sol', 'flip.t.sol', 'move.sol', 'flop.t.sol', 'flap.t.sol', 'drip.t.sol', 'heal.t.sol', 'frob.t.sol', 'bite.sol']
2,['join.sol', 'flip.sol', 'flip.t.sol', 'move.sol', 'flop.t.sol', 'flap.t.sol', 'drip.t.sol', 'heal.t.sol', 'tune.sol', 'bite.sol']
2,['join.sol', 'flip.sol', 'flip.t.sol', 'move.sol', 'flop.t.sol', 'flap.t.sol', 'drip.t.sol', 'flap.sol', 'drip.sol', 'frob.t.sol']
1,['join.sol', 'flip.sol', 'flip.t.sol', 'move.sol', 'flop.t.sol', 'flap.t.sol', 'drip.t.sol', 'flap.sol', 'drip.sol', 'tune.sol']
1,['join.sol', 'flip.sol', 'flip.t.sol', 'move.sol', 'flop.t.sol', 'flap.t.sol', 'drip.t.sol', 'flap.sol', 'drip.sol', 'bite.sol']
2,['join.sol', 'flip.sol', 'flip.t.sol', 'move.sol', 'flop.t.sol', 'flap.t.sol', 'drip.t.sol', 'flap.sol', 'frob.t.sol', 'tune.sol']
2,['join.sol', 'flip.sol', 'flip.t.sol', 'move.sol', 'flop.t.sol', 'flap.t.sol', 'drip.t.sol', 'flap.sol', 'frob.t.sol', 'bite.sol']
1,['join.sol', 'flip.sol', 'flip.t.sol', 'move.sol', 'flop.t.sol', 'flap.t.sol', 'drip.t.sol', 'flap.sol', 'tune.sol', 'bite.sol']
2,['join.sol', 'flip.sol', 'flip.t.sol', 'move.sol', 'flop.t.sol', 'flap.t.sol', 'drip.t.sol', 'drip.sol', 'frob.t.sol', 'tune.sol']
2,['join.sol', 'flip.sol', 'flip.t.sol', 'move.sol', 'flop.t.sol', 'flap.t.sol', 'drip.t.sol', 'drip.sol', 'frob.t.sol', 'bite.sol']
3,['join.sol', 'flip.sol', 'flip.t.sol', 'move.sol', 'flop.t.sol', 'flap.t.sol', 'drip.t.sol', 'drip.sol', 'tune.sol', 'bite.sol']
2,['join.sol', 'flip.sol', 'flip.t.sol', 'move.sol', 'flop.t.sol', 'flap.t.sol', 'drip.t.sol', 'frob.t.sol', 'tune.sol', 'bite.sol']
2,['join.sol', 'flip.sol', 'flip.t.sol', 'move.sol', 'flop.t.sol', 'flap.t.sol', 'heal.t.sol', 'flap.sol', 'drip.sol', 'frob.t.sol']
2,['join.sol', 'flip.sol', 'flip.t.sol', 'move.sol', 'flop.t.sol', 'flap.t.sol', 'heal.t.sol', 'flap.sol', 'drip.sol', 'tune.sol']
3,['join.sol', 'flip.sol', 'flip.t.sol', 'move.sol', 'flop.t.sol', 'flap.t.sol', 'heal.t.sol', 'flap.sol', 'drip.sol', 'bite.sol']
2,['join.sol', 'flip.sol', 'flip.t.sol', 'move.sol', 'flop.t.sol', 'flap.t.sol', 'heal.t.sol', 'flap.sol', 'frob.t.sol', 'tune.sol']
2,['join.sol', 'flip.sol', 'flip.t.sol', 'move.sol', 'flop.t.sol', 'flap.t.sol', 'heal.t.sol', 'flap.sol', 'frob.t.sol', 'bite.sol']
2,['join.sol', 'flip.sol', 'flip.t.sol', 'move.sol', 'flop.t.sol', 'flap.t.sol', 'heal.t.sol', 'flap.sol', 'tune.sol', 'bite.sol']
2,['join.sol', 'flip.sol', 'flip.t.sol', 'move.sol', 'flop.t.sol', 'flap.t.sol', 'heal.t.sol', 'drip.sol', 'frob.t.sol', 'tune.sol']
2,['join.sol', 'flip.sol', 'flip.t.sol', 'move.sol', 'flop.t.sol', 'flap.t.sol', 'heal.t.sol', 'drip.sol', 'frob.t.sol', 'bite.sol']
2,['join.sol', 'flip.sol', 'flip.t.sol', 'move.sol', 'flop.t.sol', 'flap.t.sol', 'heal.t.sol', 'drip.sol', 'tune.sol', 'bite.sol']
2,['join.sol', 'flip.sol', 'flip.t.sol', 'move.sol', 'flop.t.sol', 'flap.t.sol', 'heal.t.sol', 'frob.t.sol', 'tune.sol', 'bite.sol']
3,['join.sol', 'flip.sol', 'flip.t.sol', 'move.sol', 'flop.t.sol', 'flap.t.sol', 'flap.sol', 'drip.sol', 'frob.t.sol', 'tune.sol']
3,['join.sol', 'flip.sol', 'flip.t.sol', 'move.sol', 'flop.t.sol', 'flap.t.sol', 'flap.sol', 'drip.sol', 'frob.t.sol', 'bite.sol']
1,['join.sol', 'flip.sol', 'flip.t.sol', 'move.sol', 'flop.t.sol', 'flap.t.sol', 'flap.sol', 'drip.sol', 'tune.sol', 'bite.sol']
3,['join.sol', 'flip.sol', 'flip.t.sol', 'move.sol', 'flop.t.sol', 'flap.t.sol', 'flap.sol', 'frob.t.sol', 'tune.sol', 'bite.sol']
2,['join.sol', 'flip.sol', 'flip.t.sol', 'move.sol', 'flop.t.sol', 'flap.t.sol', 'drip.sol', 'frob.t.sol', 'tune.sol', 'bite.sol']
2,['join.sol', 'flip.sol', 'flip.t.sol', 'move.sol', 'flop.t.sol', 'heal.sol', 'drip.t.sol', 'heal.t.sol', 'flap.sol', 'drip.sol']
2,['join.sol', 'flip.sol', 'flip.t.sol', 'move.sol', 'flop.t.sol', 'heal.sol', 'drip.t.sol', 'heal.t.sol', 'flap.sol', 'frob.t.sol']
2,['join.sol', 'flip.sol', 'flip.t.sol', 'move.sol', 'flop.t.sol', 'heal.sol', 'drip.t.sol', 'heal.t.sol', 'flap.sol', 'tune.sol']
1,['join.sol', 'flip.sol', 'flip.t.sol', 'move.sol', 'flop.t.sol', 'heal.sol', 'drip.t.sol', 'heal.t.sol', 'flap.sol', 'bite.sol']
2,['join.sol', 'flip.sol', 'flip.t.sol', 'move.sol', 'flop.t.sol', 'heal.sol', 'drip.t.sol', 'heal.t.sol', 'drip.sol', 'frob.t.sol']
1,['join.sol', 'flip.sol', 'flip.t.sol', 'move.sol', 'flop.t.sol', 'heal.sol', 'drip.t.sol', 'heal.t.sol', 'drip.sol', 'tune.sol']
1,['join.sol', 'flip.sol', 'flip.t.sol', 'move.sol', 'flop.t.sol', 'heal.sol', 'drip.t.sol', 'heal.t.sol', 'drip.sol', 'bite.sol']
2,['join.sol', 'flip.sol', 'flip.t.sol', 'move.sol', 'flop.t.sol', 'heal.sol', 'drip.t.sol', 'heal.t.sol', 'frob.t.sol', 'tune.sol']
2,['join.sol', 'flip.sol', 'flip.t.sol', 'move.sol', 'flop.t.sol', 'heal.sol', 'drip.t.sol', 'heal.t.sol', 'frob.t.sol', 'bite.sol']
1,['join.sol', 'flip.sol', 'flip.t.sol', 'move.sol', 'flop.t.sol', 'heal.sol', 'drip.t.sol', 'heal.t.sol', 'tune.sol', 'bite.sol']
2,['join.sol', 'flip.sol', 'flip.t.sol', 'move.sol', 'flop.t.sol', 'heal.sol', 'drip.t.sol', 'flap.sol', 'drip.sol', 'frob.t.sol']
1,['join.sol', 'flip.sol', 'flip.t.sol', 'move.sol', 'flop.t.sol', 'heal.sol', 'drip.t.sol', 'flap.sol', 'drip.sol', 'tune.sol']
2,['join.sol', 'flip.sol', 'flip.t.sol', 'move.sol', 'flop.t.sol', 'heal.sol', 'drip.t.sol', 'flap.sol', 'drip.sol', 'bite.sol']
2,['join.sol', 'flip.sol', 'flip.t.sol', 'move.sol', 'flop.t.sol', 'heal.sol', 'drip.t.sol', 'flap.sol', 'frob.t.sol', 'tune.sol']
2,['join.sol', 'flip.sol', 'flip.t.sol', 'move.sol', 'flop.t.sol', 'heal.sol', 'drip.t.sol', 'flap.sol', 'frob.t.sol', 'bite.sol']
1,['join.sol', 'flip.sol', 'flip.t.sol', 'move.sol', 'flop.t.sol', 'heal.sol', 'drip.t.sol', 'flap.sol', 'tune.sol', 'bite.sol']
2,['join.sol', 'flip.sol', 'flip.t.sol', 'move.sol', 'flop.t.sol', 'heal.sol', 'drip.t.sol', 'drip.sol', 'frob.t.sol', 'tune.sol']
2,['join.sol', 'flip.sol', 'flip.t.sol', 'move.sol', 'flop.t.sol', 'heal.sol', 'drip.t.sol', 'drip.sol', 'frob.t.sol', 'bite.sol']
3,['join.sol', 'flip.sol', 'flip.t.sol', 'move.sol', 'flop.t.sol', 'heal.sol', 'drip.t.sol', 'drip.sol', 'tune.sol', 'bite.sol']
1,['join.sol', 'flip.sol', 'flip.t.sol', 'move.sol', 'flop.t.sol', 'heal.sol', 'drip.t.sol', 'frob.t.sol', 'tune.sol', 'bite.sol']
2,['join.sol', 'flip.sol', 'flip.t.sol', 'move.sol', 'flop.t.sol', 'heal.sol', 'heal.t.sol', 'flap.sol', 'drip.sol', 'frob.t.sol']
2,['join.sol', 'flip.sol', 'flip.t.sol', 'move.sol', 'flop.t.sol', 'heal.sol', 'heal.t.sol', 'flap.sol', 'drip.sol', 'tune.sol']
3,['join.sol', 'flip.sol', 'flip.t.sol', 'move.sol', 'flop.t.sol', 'heal.sol', 'heal.t.sol', 'flap.sol', 'drip.sol', 'bite.sol']
2,['join.sol', 'flip.sol', 'flip.t.sol', 'move.sol', 'flop.t.sol', 'heal.sol', 'heal.t.sol', 'flap.sol', 'frob.t.sol', 'tune.sol']
2,['join.sol', 'flip.sol', 'flip.t.sol', 'move.sol', 'flop.t.sol', 'heal.sol', 'heal.t.sol', 'flap.sol', 'frob.t.sol', 'bite.sol']
2,['join.sol', 'flip.sol', 'flip.t.sol', 'move.sol', 'flop.t.sol', 'heal.sol', 'heal.t.sol', 'flap.sol', 'tune.sol', 'bite.sol']
2,['join.sol', 'flip.sol', 'flip.t.sol', 'move.sol', 'flop.t.sol', 'heal.sol', 'heal.t.sol', 'drip.sol', 'frob.t.sol', 'tune.sol']
2,['join.sol', 'flip.sol', 'flip.t.sol', 'move.sol', 'flop.t.sol', 'heal.sol', 'heal.t.sol', 'drip.sol', 'frob.t.sol', 'bite.sol']
2,['join.sol', 'flip.sol', 'flip.t.sol', 'move.sol', 'flop.t.sol', 'heal.sol', 'heal.t.sol', 'drip.sol', 'tune.sol', 'bite.sol']
2,['join.sol', 'flip.sol', 'flip.t.sol', 'move.sol', 'flop.t.sol', 'heal.sol', 'heal.t.sol', 'frob.t.sol', 'tune.sol', 'bite.sol']
3,['join.sol', 'flip.sol', 'flip.t.sol', 'move.sol', 'flop.t.sol', 'heal.sol', 'flap.sol', 'drip.sol', 'frob.t.sol', 'tune.sol']
2,['join.sol', 'flip.sol', 'flip.t.sol', 'move.sol', 'flop.t.sol', 'heal.sol', 'flap.sol', 'drip.sol', 'frob.t.sol', 'bite.sol']
1,['join.sol', 'flip.sol', 'flip.t.sol', 'move.sol', 'flop.t.sol', 'heal.sol', 'flap.sol', 'drip.sol', 'tune.sol', 'bite.sol']
2,['join.sol', 'flip.sol', 'flip.t.sol', 'move.sol', 'flop.t.sol', 'heal.sol', 'flap.sol', 'frob.t.sol', 'tune.sol', 'bite.sol']
2,['join.sol', 'flip.sol', 'flip.t.sol', 'move.sol', 'flop.t.sol', 'heal.sol', 'drip.sol', 'frob.t.sol', 'tune.sol', 'bite.sol']
2,['join.sol', 'flip.sol', 'flip.t.sol', 'move.sol', 'flop.t.sol', 'drip.t.sol', 'heal.t.sol', 'flap.sol', 'drip.sol', 'frob.t.sol']
2,['join.sol', 'flip.sol', 'flip.t.sol', 'move.sol', 'flop.t.sol', 'drip.t.sol', 'heal.t.sol', 'flap.sol', 'drip.sol', 'tune.sol']
2,['join.sol', 'flip.sol', 'flip.t.sol', 'move.sol', 'flop.t.sol', 'drip.t.sol', 'heal.t.sol', 'flap.sol', 'drip.sol', 'bite.sol']
2,['join.sol', 'flip.sol', 'flip.t.sol', 'move.sol', 'flop.t.sol', 'drip.t.sol', 'heal.t.sol', 'flap.sol', 'frob.t.sol', 'tune.sol']
2,['join.sol', 'flip.sol', 'flip.t.sol', 'move.sol', 'flop.t.sol', 'drip.t.sol', 'heal.t.sol', 'flap.sol', 'frob.t.sol', 'bite.sol']
2,['join.sol', 'flip.sol', 'flip.t.sol', 'move.sol', 'flop.t.sol', 'drip.t.sol', 'heal.t.sol', 'flap.sol', 'tune.sol', 'bite.sol']
2,['join.sol', 'flip.sol', 'flip.t.sol', 'move.sol', 'flop.t.sol', 'drip.t.sol', 'heal.t.sol', 'drip.sol', 'frob.t.sol', 'tune.sol']
2,['join.sol', 'flip.sol', 'flip.t.sol', 'move.sol', 'flop.t.sol', 'drip.t.sol', 'heal.t.sol', 'drip.sol', 'frob.t.sol', 'bite.sol']
2,['join.sol', 'flip.sol', 'flip.t.sol', 'move.sol', 'flop.t.sol', 'drip.t.sol', 'heal.t.sol', 'drip.sol', 'tune.sol', 'bite.sol']
1,['join.sol', 'flip.sol', 'flip.t.sol', 'move.sol', 'flop.t.sol', 'drip.t.sol', 'heal.t.sol', 'frob.t.sol', 'tune.sol', 'bite.sol']
2,['join.sol', 'flip.sol', 'flip.t.sol', 'move.sol', 'flop.t.sol', 'drip.t.sol', 'flap.sol', 'drip.sol', 'frob.t.sol', 'tune.sol']
3,['join.sol', 'flip.sol', 'flip.t.sol', 'move.sol', 'flop.t.sol', 'drip.t.sol', 'flap.sol', 'drip.sol', 'frob.t.sol', 'bite.sol']
1,['join.sol', 'flip.sol', 'flip.t.sol', 'move.sol', 'flop.t.sol', 'drip.t.sol', 'flap.sol', 'drip.sol', 'tune.sol', 'bite.sol']
2,['join.sol', 'flip.sol', 'flip.t.sol', 'move.sol', 'flop.t.sol', 'drip.t.sol', 'flap.sol', 'frob.t.sol', 'tune.sol', 'bite.sol']
2,['join.sol', 'flip.sol', 'flip.t.sol', 'move.sol', 'flop.t.sol', 'drip.t.sol', 'drip.sol', 'frob.t.sol', 'tune.sol', 'bite.sol']
3,['join.sol', 'flip.sol', 'flip.t.sol', 'move.sol', 'flop.t.sol', 'heal.t.sol', 'flap.sol', 'drip.sol', 'frob.t.sol', 'tune.sol']
2,['join.sol', 'flip.sol', 'flip.t.sol', 'move.sol', 'flop.t.sol', 'heal.t.sol', 'flap.sol', 'drip.sol', 'frob.t.sol', 'bite.sol']
2,['join.sol', 'flip.sol', 'flip.t.sol', 'move.sol', 'flop.t.sol', 'heal.t.sol', 'flap.sol', 'drip.sol', 'tune.sol', 'bite.sol']
2,['join.sol', 'flip.sol', 'flip.t.sol', 'move.sol', 'flop.t.sol', 'heal.t.sol', 'flap.sol', 'frob.t.sol', 'tune.sol', 'bite.sol']
2,['join.sol', 'flip.sol', 'flip.t.sol', 'move.sol', 'flop.t.sol', 'heal.t.sol', 'drip.sol', 'frob.t.sol', 'tune.sol', 'bite.sol']
2,['join.sol', 'flip.sol', 'flip.t.sol', 'move.sol', 'flop.t.sol', 'flap.sol', 'drip.sol', 'frob.t.sol', 'tune.sol', 'bite.sol']
2,['join.sol', 'flip.sol', 'flip.t.sol', 'move.sol', 'flap.t.sol', 'heal.sol', 'drip.t.sol', 'heal.t.sol', 'flap.sol', 'drip.sol']
2,['join.sol', 'flip.sol', 'flip.t.sol', 'move.sol', 'flap.t.sol', 'heal.sol', 'drip.t.sol', 'heal.t.sol', 'flap.sol', 'frob.t.sol']
2,['join.sol', 'flip.sol', 'flip.t.sol', 'move.sol', 'flap.t.sol', 'heal.sol', 'drip.t.sol', 'heal.t.sol', 'flap.sol', 'tune.sol']
1,['join.sol', 'flip.sol', 'flip.t.sol', 'move.sol', 'flap.t.sol', 'heal.sol', 'drip.t.sol', 'heal.t.sol', 'flap.sol', 'bite.sol']
2,['join.sol', 'flip.sol', 'flip.t.sol', 'move.sol', 'flap.t.sol', 'heal.sol', 'drip.t.sol', 'heal.t.sol', 'drip.sol', 'frob.t.sol']
1,['join.sol', 'flip.sol', 'flip.t.sol', 'move.sol', 'flap.t.sol', 'heal.sol', 'drip.t.sol', 'heal.t.sol', 'drip.sol', 'tune.sol']
1,['join.sol', 'flip.sol', 'flip.t.sol', 'move.sol', 'flap.t.sol', 'heal.sol', 'drip.t.sol', 'heal.t.sol', 'drip.sol', 'bite.sol']
2,['join.sol', 'flip.sol', 'flip.t.sol', 'move.sol', 'flap.t.sol', 'heal.sol', 'drip.t.sol', 'heal.t.sol', 'frob.t.sol', 'tune.sol']
1,['join.sol', 'flip.sol', 'flip.t.sol', 'move.sol', 'flap.t.sol', 'heal.sol', 'drip.t.sol', 'heal.t.sol', 'frob.t.sol', 'bite.sol']
1,['join.sol', 'flip.sol', 'flip.t.sol', 'move.sol', 'flap.t.sol', 'heal.sol', 'drip.t.sol', 'heal.t.sol', 'tune.sol', 'bite.sol']
2,['join.sol', 'flip.sol', 'flip.t.sol', 'move.sol', 'flap.t.sol', 'heal.sol', 'drip.t.sol', 'flap.sol', 'drip.sol', 'frob.t.sol']
1,['join.sol', 'flip.sol', 'flip.t.sol', 'move.sol', 'flap.t.sol', 'heal.sol', 'drip.t.sol', 'flap.sol', 'drip.sol', 'tune.sol']
2,['join.sol', 'flip.sol', 'flip.t.sol', 'move.sol', 'flap.t.sol', 'heal.sol', 'drip.t.sol', 'flap.sol', 'drip.sol', 'bite.sol']
2,['join.sol', 'flip.sol', 'flip.t.sol', 'move.sol', 'flap.t.sol', 'heal.sol', 'drip.t.sol', 'flap.sol', 'frob.t.sol', 'tune.sol']
2,['join.sol', 'flip.sol', 'flip.t.sol', 'move.sol', 'flap.t.sol', 'heal.sol', 'drip.t.sol', 'flap.sol', 'frob.t.sol', 'bite.sol']
1,['join.sol', 'flip.sol', 'flip.t.sol', 'move.sol', 'flap.t.sol', 'heal.sol', 'drip.t.sol', 'flap.sol', 'tune.sol', 'bite.sol']
2,['join.sol', 'flip.sol', 'flip.t.sol', 'move.sol', 'flap.t.sol', 'heal.sol', 'drip.t.sol', 'drip.sol', 'frob.t.sol', 'tune.sol']
2,['join.sol', 'flip.sol', 'flip.t.sol', 'move.sol', 'flap.t.sol', 'heal.sol', 'drip.t.sol', 'drip.sol', 'frob.t.sol', 'bite.sol']
1,['join.sol', 'flip.sol', 'flip.t.sol', 'move.sol', 'flap.t.sol', 'heal.sol', 'drip.t.sol', 'drip.sol', 'tune.sol', 'bite.sol']
2,['join.sol', 'flip.sol', 'flip.t.sol', 'move.sol', 'flap.t.sol', 'heal.sol', 'drip.t.sol', 'frob.t.sol', 'tune.sol', 'bite.sol']
2,['join.sol', 'flip.sol', 'flip.t.sol', 'move.sol', 'flap.t.sol', 'heal.sol', 'heal.t.sol', 'flap.sol', 'drip.sol', 'frob.t.sol']
2,['join.sol', 'flip.sol', 'flip.t.sol', 'move.sol', 'flap.t.sol', 'heal.sol', 'heal.t.sol', 'flap.sol', 'drip.sol', 'tune.sol']
3,['join.sol', 'flip.sol', 'flip.t.sol', 'move.sol', 'flap.t.sol', 'heal.sol', 'heal.t.sol', 'flap.sol', 'drip.sol', 'bite.sol']
2,['join.sol', 'flip.sol', 'flip.t.sol', 'move.sol', 'flap.t.sol', 'heal.sol', 'heal.t.sol', 'flap.sol', 'frob.t.sol', 'tune.sol']
2,['join.sol', 'flip.sol', 'flip.t.sol', 'move.sol', 'flap.t.sol', 'heal.sol', 'heal.t.sol', 'flap.sol', 'frob.t.sol', 'bite.sol']
2,['join.sol', 'flip.sol', 'flip.t.sol', 'move.sol', 'flap.t.sol', 'heal.sol', 'heal.t.sol', 'flap.sol', 'tune.sol', 'bite.sol']
2,['join.sol', 'flip.sol', 'flip.t.sol', 'move.sol', 'flap.t.sol', 'heal.sol', 'heal.t.sol', 'drip.sol', 'frob.t.sol', 'tune.sol']
2,['join.sol', 'flip.sol', 'flip.t.sol', 'move.sol', 'flap.t.sol', 'heal.sol', 'heal.t.sol', 'drip.sol', 'frob.t.sol', 'bite.sol']
2,['join.sol', 'flip.sol', 'flip.t.sol', 'move.sol', 'flap.t.sol', 'heal.sol', 'heal.t.sol', 'drip.sol', 'tune.sol', 'bite.sol']
2,['join.sol', 'flip.sol', 'flip.t.sol', 'move.sol', 'flap.t.sol', 'heal.sol', 'heal.t.sol', 'frob.t.sol', 'tune.sol', 'bite.sol']
3,['join.sol', 'flip.sol', 'flip.t.sol', 'move.sol', 'flap.t.sol', 'heal.sol', 'flap.sol', 'drip.sol', 'frob.t.sol', 'tune.sol']
2,['join.sol', 'flip.sol', 'flip.t.sol', 'move.sol', 'flap.t.sol', 'heal.sol', 'flap.sol', 'drip.sol', 'frob.t.sol', 'bite.sol']
1,['join.sol', 'flip.sol', 'flip.t.sol', 'move.sol', 'flap.t.sol', 'heal.sol', 'flap.sol', 'drip.sol', 'tune.sol', 'bite.sol']
2,['join.sol', 'flip.sol', 'flip.t.sol', 'move.sol', 'flap.t.sol', 'heal.sol', 'flap.sol', 'frob.t.sol', 'tune.sol', 'bite.sol']
2,['join.sol', 'flip.sol', 'flip.t.sol', 'move.sol', 'flap.t.sol', 'heal.sol', 'drip.sol', 'frob.t.sol', 'tune.sol', 'bite.sol']
2,['join.sol', 'flip.sol', 'flip.t.sol', 'move.sol', 'flap.t.sol', 'drip.t.sol', 'heal.t.sol', 'flap.sol', 'drip.sol', 'frob.t.sol']
2,['join.sol', 'flip.sol', 'flip.t.sol', 'move.sol', 'flap.t.sol', 'drip.t.sol', 'heal.t.sol', 'flap.sol', 'drip.sol', 'tune.sol']
2,['join.sol', 'flip.sol', 'flip.t.sol', 'move.sol', 'flap.t.sol', 'drip.t.sol', 'heal.t.sol', 'flap.sol', 'drip.sol', 'bite.sol']
2,['join.sol', 'flip.sol', 'flip.t.sol', 'move.sol', 'flap.t.sol', 'drip.t.sol', 'heal.t.sol', 'flap.sol', 'frob.t.sol', 'tune.sol']
2,['join.sol', 'flip.sol', 'flip.t.sol', 'move.sol', 'flap.t.sol', 'drip.t.sol', 'heal.t.sol', 'flap.sol', 'frob.t.sol', 'bite.sol']
2,['join.sol', 'flip.sol', 'flip.t.sol', 'move.sol', 'flap.t.sol', 'drip.t.sol', 'heal.t.sol', 'flap.sol', 'tune.sol', 'bite.sol']
2,['join.sol', 'flip.sol', 'flip.t.sol', 'move.sol', 'flap.t.sol', 'drip.t.sol', 'heal.t.sol', 'drip.sol', 'frob.t.sol', 'tune.sol']
2,['join.sol', 'flip.sol', 'flip.t.sol', 'move.sol', 'flap.t.sol', 'drip.t.sol', 'heal.t.sol', 'drip.sol', 'frob.t.sol', 'bite.sol']
2,['join.sol', 'flip.sol', 'flip.t.sol', 'move.sol', 'flap.t.sol', 'drip.t.sol', 'heal.t.sol', 'drip.sol', 'tune.sol', 'bite.sol']
2,['join.sol', 'flip.sol', 'flip.t.sol', 'move.sol', 'flap.t.sol', 'drip.t.sol', 'heal.t.sol', 'frob.t.sol', 'tune.sol', 'bite.sol']
2,['join.sol', 'flip.sol', 'flip.t.sol', 'move.sol', 'flap.t.sol', 'drip.t.sol', 'flap.sol', 'drip.sol', 'frob.t.sol', 'tune.sol']
3,['join.sol', 'flip.sol', 'flip.t.sol', 'move.sol', 'flap.t.sol', 'drip.t.sol', 'flap.sol', 'drip.sol', 'frob.t.sol', 'bite.sol']
1,['join.sol', 'flip.sol', 'flip.t.sol', 'move.sol', 'flap.t.sol', 'drip.t.sol', 'flap.sol', 'drip.sol', 'tune.sol', 'bite.sol']
2,['join.sol', 'flip.sol', 'flip.t.sol', 'move.sol', 'flap.t.sol', 'drip.t.sol', 'flap.sol', 'frob.t.sol', 'tune.sol', 'bite.sol']
2,['join.sol', 'flip.sol', 'flip.t.sol', 'move.sol', 'flap.t.sol', 'drip.t.sol', 'drip.sol', 'frob.t.sol', 'tune.sol', 'bite.sol']
2,['join.sol', 'flip.sol', 'flip.t.sol', 'move.sol', 'flap.t.sol', 'heal.t.sol', 'flap.sol', 'drip.sol', 'frob.t.sol', 'tune.sol']
2,['join.sol', 'flip.sol', 'flip.t.sol', 'move.sol', 'flap.t.sol', 'heal.t.sol', 'flap.sol', 'drip.sol', 'frob.t.sol', 'bite.sol']
2,['join.sol', 'flip.sol', 'flip.t.sol', 'move.sol', 'flap.t.sol', 'heal.t.sol', 'flap.sol', 'drip.sol', 'tune.sol', 'bite.sol']
2,['join.sol', 'flip.sol', 'flip.t.sol', 'move.sol', 'flap.t.sol', 'heal.t.sol', 'flap.sol', 'frob.t.sol', 'tune.sol', 'bite.sol']
2,['join.sol', 'flip.sol', 'flip.t.sol', 'move.sol', 'flap.t.sol', 'heal.t.sol', 'drip.sol', 'frob.t.sol', 'tune.sol', 'bite.sol']
2,['join.sol', 'flip.sol', 'flip.t.sol', 'move.sol', 'flap.t.sol', 'flap.sol', 'drip.sol', 'frob.t.sol', 'tune.sol', 'bite.sol']
2,['join.sol', 'flip.sol', 'flip.t.sol', 'move.sol', 'heal.sol', 'drip.t.sol', 'heal.t.sol', 'flap.sol', 'drip.sol', 'frob.t.sol']
1,['join.sol', 'flip.sol', 'flip.t.sol', 'move.sol', 'heal.sol', 'drip.t.sol', 'heal.t.sol', 'flap.sol', 'drip.sol', 'tune.sol']
1,['join.sol', 'flip.sol', 'flip.t.sol', 'move.sol', 'heal.sol', 'drip.t.sol', 'heal.t.sol', 'flap.sol', 'drip.sol', 'bite.sol']
2,['join.sol', 'flip.sol', 'flip.t.sol', 'move.sol', 'heal.sol', 'drip.t.sol', 'heal.t.sol', 'flap.sol', 'frob.t.sol', 'tune.sol']
2,['join.sol', 'flip.sol', 'flip.t.sol', 'move.sol', 'heal.sol', 'drip.t.sol', 'heal.t.sol', 'flap.sol', 'frob.t.sol', 'bite.sol']
1,['join.sol', 'flip.sol', 'flip.t.sol', 'move.sol', 'heal.sol', 'drip.t.sol', 'heal.t.sol', 'flap.sol', 'tune.sol', 'bite.sol']
1,['join.sol', 'flip.sol', 'flip.t.sol', 'move.sol', 'heal.sol', 'drip.t.sol', 'heal.t.sol', 'drip.sol', 'frob.t.sol', 'tune.sol']
2,['join.sol', 'flip.sol', 'flip.t.sol', 'move.sol', 'heal.sol', 'drip.t.sol', 'heal.t.sol', 'drip.sol', 'frob.t.sol', 'bite.sol']
1,['join.sol', 'flip.sol', 'flip.t.sol', 'move.sol', 'heal.sol', 'drip.t.sol', 'heal.t.sol', 'drip.sol', 'tune.sol', 'bite.sol']
1,['join.sol', 'flip.sol', 'flip.t.sol', 'move.sol', 'heal.sol', 'drip.t.sol', 'heal.t.sol', 'frob.t.sol', 'tune.sol', 'bite.sol']
2,['join.sol', 'flip.sol', 'flip.t.sol', 'move.sol', 'heal.sol', 'drip.t.sol', 'flap.sol', 'drip.sol', 'frob.t.sol', 'tune.sol']
2,['join.sol', 'flip.sol', 'flip.t.sol', 'move.sol', 'heal.sol', 'drip.t.sol', 'flap.sol', 'drip.sol', 'frob.t.sol', 'bite.sol']
1,['join.sol', 'flip.sol', 'flip.t.sol', 'move.sol', 'heal.sol', 'drip.t.sol', 'flap.sol', 'drip.sol', 'tune.sol', 'bite.sol']
2,['join.sol', 'flip.sol', 'flip.t.sol', 'move.sol', 'heal.sol', 'drip.t.sol', 'flap.sol', 'frob.t.sol', 'tune.sol', 'bite.sol']
1,['join.sol', 'flip.sol', 'flip.t.sol', 'move.sol', 'heal.sol', 'drip.t.sol', 'drip.sol', 'frob.t.sol', 'tune.sol', 'bite.sol']
2,['join.sol', 'flip.sol', 'flip.t.sol', 'move.sol', 'heal.sol', 'heal.t.sol', 'flap.sol', 'drip.sol', 'frob.t.sol', 'tune.sol']
2,['join.sol', 'flip.sol', 'flip.t.sol', 'move.sol', 'heal.sol', 'heal.t.sol', 'flap.sol', 'drip.sol', 'frob.t.sol', 'bite.sol']
2,['join.sol', 'flip.sol', 'flip.t.sol', 'move.sol', 'heal.sol', 'heal.t.sol', 'flap.sol', 'drip.sol', 'tune.sol', 'bite.sol']
2,['join.sol', 'flip.sol', 'flip.t.sol', 'move.sol', 'heal.sol', 'heal.t.sol', 'flap.sol', 'frob.t.sol', 'tune.sol', 'bite.sol']
2,['join.sol', 'flip.sol', 'flip.t.sol', 'move.sol', 'heal.sol', 'heal.t.sol', 'drip.sol', 'frob.t.sol', 'tune.sol', 'bite.sol']
2,['join.sol', 'flip.sol', 'flip.t.sol', 'move.sol', 'heal.sol', 'flap.sol', 'drip.sol', 'frob.t.sol', 'tune.sol', 'bite.sol']
2,['join.sol', 'flip.sol', 'flip.t.sol', 'move.sol', 'drip.t.sol', 'heal.t.sol', 'flap.sol', 'drip.sol', 'frob.t.sol', 'tune.sol']
2,['join.sol', 'flip.sol', 'flip.t.sol', 'move.sol', 'drip.t.sol', 'heal.t.sol', 'flap.sol', 'drip.sol', 'frob.t.sol', 'bite.sol']
2,['join.sol', 'flip.sol', 'flip.t.sol', 'move.sol', 'drip.t.sol', 'heal.t.sol', 'flap.sol', 'drip.sol', 'tune.sol', 'bite.sol']
2,['join.sol', 'flip.sol', 'flip.t.sol', 'move.sol', 'drip.t.sol', 'heal.t.sol', 'flap.sol', 'frob.t.sol', 'tune.sol', 'bite.sol']
1,['join.sol', 'flip.sol', 'flip.t.sol', 'move.sol', 'drip.t.sol', 'heal.t.sol', 'drip.sol', 'frob.t.sol', 'tune.sol', 'bite.sol']
2,['join.sol', 'flip.sol', 'flip.t.sol', 'move.sol', 'drip.t.sol', 'flap.sol', 'drip.sol', 'frob.t.sol', 'tune.sol', 'bite.sol']
2,['join.sol', 'flip.sol', 'flip.t.sol', 'move.sol', 'heal.t.sol', 'flap.sol', 'drip.sol', 'frob.t.sol', 'tune.sol', 'bite.sol']
2,['join.sol', 'flip.sol', 'flip.t.sol', 'flop.t.sol', 'flap.t.sol', 'heal.sol', 'drip.t.sol', 'heal.t.sol', 'flap.sol', 'drip.sol']
2,['join.sol', 'flip.sol', 'flip.t.sol', 'flop.t.sol', 'flap.t.sol', 'heal.sol', 'drip.t.sol', 'heal.t.sol', 'flap.sol', 'frob.t.sol']
2,['join.sol', 'flip.sol', 'flip.t.sol', 'flop.t.sol', 'flap.t.sol', 'heal.sol', 'drip.t.sol', 'heal.t.sol', 'flap.sol', 'tune.sol']
2,['join.sol', 'flip.sol', 'flip.t.sol', 'flop.t.sol', 'flap.t.sol', 'heal.sol', 'drip.t.sol', 'heal.t.sol', 'flap.sol', 'bite.sol']
1,['join.sol', 'flip.sol', 'flip.t.sol', 'flop.t.sol', 'flap.t.sol', 'heal.sol', 'drip.t.sol', 'heal.t.sol', 'drip.sol', 'frob.t.sol']
1,['join.sol', 'flip.sol', 'flip.t.sol', 'flop.t.sol', 'flap.t.sol', 'heal.sol', 'drip.t.sol', 'heal.t.sol', 'drip.sol', 'tune.sol']
2,['join.sol', 'flip.sol', 'flip.t.sol', 'flop.t.sol', 'flap.t.sol', 'heal.sol', 'drip.t.sol', 'heal.t.sol', 'drip.sol', 'bite.sol']
2,['join.sol', 'flip.sol', 'flip.t.sol', 'flop.t.sol', 'flap.t.sol', 'heal.sol', 'drip.t.sol', 'heal.t.sol', 'frob.t.sol', 'tune.sol']
1,['join.sol', 'flip.sol', 'flip.t.sol', 'flop.t.sol', 'flap.t.sol', 'heal.sol', 'drip.t.sol', 'heal.t.sol', 'frob.t.sol', 'bite.sol']
1,['join.sol', 'flip.sol', 'flip.t.sol', 'flop.t.sol', 'flap.t.sol', 'heal.sol', 'drip.t.sol', 'heal.t.sol', 'tune.sol', 'bite.sol']
2,['join.sol', 'flip.sol', 'flip.t.sol', 'flop.t.sol', 'flap.t.sol', 'heal.sol', 'drip.t.sol', 'flap.sol', 'drip.sol', 'frob.t.sol']
1,['join.sol', 'flip.sol', 'flip.t.sol', 'flop.t.sol', 'flap.t.sol', 'heal.sol', 'drip.t.sol', 'flap.sol', 'drip.sol', 'tune.sol']
1,['join.sol', 'flip.sol', 'flip.t.sol', 'flop.t.sol', 'flap.t.sol', 'heal.sol', 'drip.t.sol', 'flap.sol', 'drip.sol', 'bite.sol']
2,['join.sol', 'flip.sol', 'flip.t.sol', 'flop.t.sol', 'flap.t.sol', 'heal.sol', 'drip.t.sol', 'flap.sol', 'frob.t.sol', 'tune.sol']
2,['join.sol', 'flip.sol', 'flip.t.sol', 'flop.t.sol', 'flap.t.sol', 'heal.sol', 'drip.t.sol', 'flap.sol', 'frob.t.sol', 'bite.sol']
1,['join.sol', 'flip.sol', 'flip.t.sol', 'flop.t.sol', 'flap.t.sol', 'heal.sol', 'drip.t.sol', 'flap.sol', 'tune.sol', 'bite.sol']
2,['join.sol', 'flip.sol', 'flip.t.sol', 'flop.t.sol', 'flap.t.sol', 'heal.sol', 'drip.t.sol', 'drip.sol', 'frob.t.sol', 'tune.sol']
2,['join.sol', 'flip.sol', 'flip.t.sol', 'flop.t.sol', 'flap.t.sol', 'heal.sol', 'drip.t.sol', 'drip.sol', 'frob.t.sol', 'bite.sol']
1,['join.sol', 'flip.sol', 'flip.t.sol', 'flop.t.sol', 'flap.t.sol', 'heal.sol', 'drip.t.sol', 'drip.sol', 'tune.sol', 'bite.sol']
2,['join.sol', 'flip.sol', 'flip.t.sol', 'flop.t.sol', 'flap.t.sol', 'heal.sol', 'drip.t.sol', 'frob.t.sol', 'tune.sol', 'bite.sol']
2,['join.sol', 'flip.sol', 'flip.t.sol', 'flop.t.sol', 'flap.t.sol', 'heal.sol', 'heal.t.sol', 'flap.sol', 'drip.sol', 'frob.t.sol']
3,['join.sol', 'flip.sol', 'flip.t.sol', 'flop.t.sol', 'flap.t.sol', 'heal.sol', 'heal.t.sol', 'flap.sol', 'drip.sol', 'tune.sol']
3,['join.sol', 'flip.sol', 'flip.t.sol', 'flop.t.sol', 'flap.t.sol', 'heal.sol', 'heal.t.sol', 'flap.sol', 'drip.sol', 'bite.sol']
2,['join.sol', 'flip.sol', 'flip.t.sol', 'flop.t.sol', 'flap.t.sol', 'heal.sol', 'heal.t.sol', 'flap.sol', 'frob.t.sol', 'tune.sol']
2,['join.sol', 'flip.sol', 'flip.t.sol', 'flop.t.sol', 'flap.t.sol', 'heal.sol', 'heal.t.sol', 'flap.sol', 'frob.t.sol', 'bite.sol']
1,['join.sol', 'flip.sol', 'flip.t.sol', 'flop.t.sol', 'flap.t.sol', 'heal.sol', 'heal.t.sol', 'flap.sol', 'tune.sol', 'bite.sol']
2,['join.sol', 'flip.sol', 'flip.t.sol', 'flop.t.sol', 'flap.t.sol', 'heal.sol', 'heal.t.sol', 'drip.sol', 'frob.t.sol', 'tune.sol']
2,['join.sol', 'flip.sol', 'flip.t.sol', 'flop.t.sol', 'flap.t.sol', 'heal.sol', 'heal.t.sol', 'drip.sol', 'frob.t.sol', 'bite.sol']
2,['join.sol', 'flip.sol', 'flip.t.sol', 'flop.t.sol', 'flap.t.sol', 'heal.sol', 'heal.t.sol', 'drip.sol', 'tune.sol', 'bite.sol']
2,['join.sol', 'flip.sol', 'flip.t.sol', 'flop.t.sol', 'flap.t.sol', 'heal.sol', 'heal.t.sol', 'frob.t.sol', 'tune.sol', 'bite.sol']
3,['join.sol', 'flip.sol', 'flip.t.sol', 'flop.t.sol', 'flap.t.sol', 'heal.sol', 'flap.sol', 'drip.sol', 'frob.t.sol', 'tune.sol']
2,['join.sol', 'flip.sol', 'flip.t.sol', 'flop.t.sol', 'flap.t.sol', 'heal.sol', 'flap.sol', 'drip.sol', 'frob.t.sol', 'bite.sol']
1,['join.sol', 'flip.sol', 'flip.t.sol', 'flop.t.sol', 'flap.t.sol', 'heal.sol', 'flap.sol', 'drip.sol', 'tune.sol', 'bite.sol']
2,['join.sol', 'flip.sol', 'flip.t.sol', 'flop.t.sol', 'flap.t.sol', 'heal.sol', 'flap.sol', 'frob.t.sol', 'tune.sol', 'bite.sol']
2,['join.sol', 'flip.sol', 'flip.t.sol', 'flop.t.sol', 'flap.t.sol', 'heal.sol', 'drip.sol', 'frob.t.sol', 'tune.sol', 'bite.sol']
2,['join.sol', 'flip.sol', 'flip.t.sol', 'flop.t.sol', 'flap.t.sol', 'drip.t.sol', 'heal.t.sol', 'flap.sol', 'drip.sol', 'frob.t.sol']
2,['join.sol', 'flip.sol', 'flip.t.sol', 'flop.t.sol', 'flap.t.sol', 'drip.t.sol', 'heal.t.sol', 'flap.sol', 'drip.sol', 'tune.sol']
3,['join.sol', 'flip.sol', 'flip.t.sol', 'flop.t.sol', 'flap.t.sol', 'drip.t.sol', 'heal.t.sol', 'flap.sol', 'drip.sol', 'bite.sol']
2,['join.sol', 'flip.sol', 'flip.t.sol', 'flop.t.sol', 'flap.t.sol', 'drip.t.sol', 'heal.t.sol', 'flap.sol', 'frob.t.sol', 'tune.sol']
2,['join.sol', 'flip.sol', 'flip.t.sol', 'flop.t.sol', 'flap.t.sol', 'drip.t.sol', 'heal.t.sol', 'flap.sol', 'frob.t.sol', 'bite.sol']
2,['join.sol', 'flip.sol', 'flip.t.sol', 'flop.t.sol', 'flap.t.sol', 'drip.t.sol', 'heal.t.sol', 'flap.sol', 'tune.sol', 'bite.sol']
2,['join.sol', 'flip.sol', 'flip.t.sol', 'flop.t.sol', 'flap.t.sol', 'drip.t.sol', 'heal.t.sol', 'drip.sol', 'frob.t.sol', 'tune.sol']
1,['join.sol', 'flip.sol', 'flip.t.sol', 'flop.t.sol', 'flap.t.sol', 'drip.t.sol', 'heal.t.sol', 'drip.sol', 'frob.t.sol', 'bite.sol']
2,['join.sol', 'flip.sol', 'flip.t.sol', 'flop.t.sol', 'flap.t.sol', 'drip.t.sol', 'heal.t.sol', 'drip.sol', 'tune.sol', 'bite.sol']
1,['join.sol', 'flip.sol', 'flip.t.sol', 'flop.t.sol', 'flap.t.sol', 'drip.t.sol', 'heal.t.sol', 'frob.t.sol', 'tune.sol', 'bite.sol']
2,['join.sol', 'flip.sol', 'flip.t.sol', 'flop.t.sol', 'flap.t.sol', 'drip.t.sol', 'flap.sol', 'drip.sol', 'frob.t.sol', 'tune.sol']
2,['join.sol', 'flip.sol', 'flip.t.sol', 'flop.t.sol', 'flap.t.sol', 'drip.t.sol', 'flap.sol', 'drip.sol', 'frob.t.sol', 'bite.sol']
1,['join.sol', 'flip.sol', 'flip.t.sol', 'flop.t.sol', 'flap.t.sol', 'drip.t.sol', 'flap.sol', 'drip.sol', 'tune.sol', 'bite.sol']
2,['join.sol', 'flip.sol', 'flip.t.sol', 'flop.t.sol', 'flap.t.sol', 'drip.t.sol', 'flap.sol', 'frob.t.sol', 'tune.sol', 'bite.sol']
2,['join.sol', 'flip.sol', 'flip.t.sol', 'flop.t.sol', 'flap.t.sol', 'drip.t.sol', 'drip.sol', 'frob.t.sol', 'tune.sol', 'bite.sol']
2,['join.sol', 'flip.sol', 'flip.t.sol', 'flop.t.sol', 'flap.t.sol', 'heal.t.sol', 'flap.sol', 'drip.sol', 'frob.t.sol', 'tune.sol']
2,['join.sol', 'flip.sol', 'flip.t.sol', 'flop.t.sol', 'flap.t.sol', 'heal.t.sol', 'flap.sol', 'drip.sol', 'frob.t.sol', 'bite.sol']
2,['join.sol', 'flip.sol', 'flip.t.sol', 'flop.t.sol', 'flap.t.sol', 'heal.t.sol', 'flap.sol', 'drip.sol', 'tune.sol', 'bite.sol']
2,['join.sol', 'flip.sol', 'flip.t.sol', 'flop.t.sol', 'flap.t.sol', 'heal.t.sol', 'flap.sol', 'frob.t.sol', 'tune.sol', 'bite.sol']
2,['join.sol', 'flip.sol', 'flip.t.sol', 'flop.t.sol', 'flap.t.sol', 'heal.t.sol', 'drip.sol', 'frob.t.sol', 'tune.sol', 'bite.sol']
2,['join.sol', 'flip.sol', 'flip.t.sol', 'flop.t.sol', 'flap.t.sol', 'flap.sol', 'drip.sol', 'frob.t.sol', 'tune.sol', 'bite.sol']
2,['join.sol', 'flip.sol', 'flip.t.sol', 'flop.t.sol', 'heal.sol', 'drip.t.sol', 'heal.t.sol', 'flap.sol', 'drip.sol', 'frob.t.sol']
1,['join.sol', 'flip.sol', 'flip.t.sol', 'flop.t.sol', 'heal.sol', 'drip.t.sol', 'heal.t.sol', 'flap.sol', 'drip.sol', 'tune.sol']
1,['join.sol', 'flip.sol', 'flip.t.sol', 'flop.t.sol', 'heal.sol', 'drip.t.sol', 'heal.t.sol', 'flap.sol', 'drip.sol', 'bite.sol']
2,['join.sol', 'flip.sol', 'flip.t.sol', 'flop.t.sol', 'heal.sol', 'drip.t.sol', 'heal.t.sol', 'flap.sol', 'frob.t.sol', 'tune.sol']
2,['join.sol', 'flip.sol', 'flip.t.sol', 'flop.t.sol', 'heal.sol', 'drip.t.sol', 'heal.t.sol', 'flap.sol', 'frob.t.sol', 'bite.sol']
1,['join.sol', 'flip.sol', 'flip.t.sol', 'flop.t.sol', 'heal.sol', 'drip.t.sol', 'heal.t.sol', 'flap.sol', 'tune.sol', 'bite.sol']
1,['join.sol', 'flip.sol', 'flip.t.sol', 'flop.t.sol', 'heal.sol', 'drip.t.sol', 'heal.t.sol', 'drip.sol', 'frob.t.sol', 'tune.sol']
2,['join.sol', 'flip.sol', 'flip.t.sol', 'flop.t.sol', 'heal.sol', 'drip.t.sol', 'heal.t.sol', 'drip.sol', 'frob.t.sol', 'bite.sol']
1,['join.sol', 'flip.sol', 'flip.t.sol', 'flop.t.sol', 'heal.sol', 'drip.t.sol', 'heal.t.sol', 'drip.sol', 'tune.sol', 'bite.sol']
1,['join.sol', 'flip.sol', 'flip.t.sol', 'flop.t.sol', 'heal.sol', 'drip.t.sol', 'heal.t.sol', 'frob.t.sol', 'tune.sol', 'bite.sol']
2,['join.sol', 'flip.sol', 'flip.t.sol', 'flop.t.sol', 'heal.sol', 'drip.t.sol', 'flap.sol', 'drip.sol', 'frob.t.sol', 'tune.sol']
2,['join.sol', 'flip.sol', 'flip.t.sol', 'flop.t.sol', 'heal.sol', 'drip.t.sol', 'flap.sol', 'drip.sol', 'frob.t.sol', 'bite.sol']
1,['join.sol', 'flip.sol', 'flip.t.sol', 'flop.t.sol', 'heal.sol', 'drip.t.sol', 'flap.sol', 'drip.sol', 'tune.sol', 'bite.sol']
2,['join.sol', 'flip.sol', 'flip.t.sol', 'flop.t.sol', 'heal.sol', 'drip.t.sol', 'flap.sol', 'frob.t.sol', 'tune.sol', 'bite.sol']
1,['join.sol', 'flip.sol', 'flip.t.sol', 'flop.t.sol', 'heal.sol', 'drip.t.sol', 'drip.sol', 'frob.t.sol', 'tune.sol', 'bite.sol']
2,['join.sol', 'flip.sol', 'flip.t.sol', 'flop.t.sol', 'heal.sol', 'heal.t.sol', 'flap.sol', 'drip.sol', 'frob.t.sol', 'tune.sol']
2,['join.sol', 'flip.sol', 'flip.t.sol', 'flop.t.sol', 'heal.sol', 'heal.t.sol', 'flap.sol', 'drip.sol', 'frob.t.sol', 'bite.sol']
2,['join.sol', 'flip.sol', 'flip.t.sol', 'flop.t.sol', 'heal.sol', 'heal.t.sol', 'flap.sol', 'drip.sol', 'tune.sol', 'bite.sol']
2,['join.sol', 'flip.sol', 'flip.t.sol', 'flop.t.sol', 'heal.sol', 'heal.t.sol', 'flap.sol', 'frob.t.sol', 'tune.sol', 'bite.sol']
2,['join.sol', 'flip.sol', 'flip.t.sol', 'flop.t.sol', 'heal.sol', 'heal.t.sol', 'drip.sol', 'frob.t.sol', 'tune.sol', 'bite.sol']
2,['join.sol', 'flip.sol', 'flip.t.sol', 'flop.t.sol', 'heal.sol', 'flap.sol', 'drip.sol', 'frob.t.sol', 'tune.sol', 'bite.sol']
2,['join.sol', 'flip.sol', 'flip.t.sol', 'flop.t.sol', 'drip.t.sol', 'heal.t.sol', 'flap.sol', 'drip.sol', 'frob.t.sol', 'tune.sol']
2,['join.sol', 'flip.sol', 'flip.t.sol', 'flop.t.sol', 'drip.t.sol', 'heal.t.sol', 'flap.sol', 'drip.sol', 'frob.t.sol', 'bite.sol']
2,['join.sol', 'flip.sol', 'flip.t.sol', 'flop.t.sol', 'drip.t.sol', 'heal.t.sol', 'flap.sol', 'drip.sol', 'tune.sol', 'bite.sol']
1,['join.sol', 'flip.sol', 'flip.t.sol', 'flop.t.sol', 'drip.t.sol', 'heal.t.sol', 'flap.sol', 'frob.t.sol', 'tune.sol', 'bite.sol']
1,['join.sol', 'flip.sol', 'flip.t.sol', 'flop.t.sol', 'drip.t.sol', 'heal.t.sol', 'drip.sol', 'frob.t.sol', 'tune.sol', 'bite.sol']
2,['join.sol', 'flip.sol', 'flip.t.sol', 'flop.t.sol', 'drip.t.sol', 'flap.sol', 'drip.sol', 'frob.t.sol', 'tune.sol', 'bite.sol']
2,['join.sol', 'flip.sol', 'flip.t.sol', 'flop.t.sol', 'heal.t.sol', 'flap.sol', 'drip.sol', 'frob.t.sol', 'tune.sol', 'bite.sol']
2,['join.sol', 'flip.sol', 'flip.t.sol', 'flap.t.sol', 'heal.sol', 'drip.t.sol', 'heal.t.sol', 'flap.sol', 'drip.sol', 'frob.t.sol']
1,['join.sol', 'flip.sol', 'flip.t.sol', 'flap.t.sol', 'heal.sol', 'drip.t.sol', 'heal.t.sol', 'flap.sol', 'drip.sol', 'tune.sol']
1,['join.sol', 'flip.sol', 'flip.t.sol', 'flap.t.sol', 'heal.sol', 'drip.t.sol', 'heal.t.sol', 'flap.sol', 'drip.sol', 'bite.sol']
2,['join.sol', 'flip.sol', 'flip.t.sol', 'flap.t.sol', 'heal.sol', 'drip.t.sol', 'heal.t.sol', 'flap.sol', 'frob.t.sol', 'tune.sol']
1,['join.sol', 'flip.sol', 'flip.t.sol', 'flap.t.sol', 'heal.sol', 'drip.t.sol', 'heal.t.sol', 'flap.sol', 'frob.t.sol', 'bite.sol']
1,['join.sol', 'flip.sol', 'flip.t.sol', 'flap.t.sol', 'heal.sol', 'drip.t.sol', 'heal.t.sol', 'flap.sol', 'tune.sol', 'bite.sol']
1,['join.sol', 'flip.sol', 'flip.t.sol', 'flap.t.sol', 'heal.sol', 'drip.t.sol', 'heal.t.sol', 'drip.sol', 'frob.t.sol', 'tune.sol']
2,['join.sol', 'flip.sol', 'flip.t.sol', 'flap.t.sol', 'heal.sol', 'drip.t.sol', 'heal.t.sol', 'drip.sol', 'frob.t.sol', 'bite.sol']
1,['join.sol', 'flip.sol', 'flip.t.sol', 'flap.t.sol', 'heal.sol', 'drip.t.sol', 'heal.t.sol', 'drip.sol', 'tune.sol', 'bite.sol']
1,['join.sol', 'flip.sol', 'flip.t.sol', 'flap.t.sol', 'heal.sol', 'drip.t.sol', 'heal.t.sol', 'frob.t.sol', 'tune.sol', 'bite.sol']
2,['join.sol', 'flip.sol', 'flip.t.sol', 'flap.t.sol', 'heal.sol', 'drip.t.sol', 'flap.sol', 'drip.sol', 'frob.t.sol', 'tune.sol']
2,['join.sol', 'flip.sol', 'flip.t.sol', 'flap.t.sol', 'heal.sol', 'drip.t.sol', 'flap.sol', 'drip.sol', 'frob.t.sol', 'bite.sol']
1,['join.sol', 'flip.sol', 'flip.t.sol', 'flap.t.sol', 'heal.sol', 'drip.t.sol', 'flap.sol', 'drip.sol', 'tune.sol', 'bite.sol']
2,['join.sol', 'flip.sol', 'flip.t.sol', 'flap.t.sol', 'heal.sol', 'drip.t.sol', 'flap.sol', 'frob.t.sol', 'tune.sol', 'bite.sol']
1,['join.sol', 'flip.sol', 'flip.t.sol', 'flap.t.sol', 'heal.sol', 'drip.t.sol', 'drip.sol', 'frob.t.sol', 'tune.sol', 'bite.sol']
2,['join.sol', 'flip.sol', 'flip.t.sol', 'flap.t.sol', 'heal.sol', 'heal.t.sol', 'flap.sol', 'drip.sol', 'frob.t.sol', 'tune.sol']
2,['join.sol', 'flip.sol', 'flip.t.sol', 'flap.t.sol', 'heal.sol', 'heal.t.sol', 'flap.sol', 'drip.sol', 'frob.t.sol', 'bite.sol']
2,['join.sol', 'flip.sol', 'flip.t.sol', 'flap.t.sol', 'heal.sol', 'heal.t.sol', 'flap.sol', 'drip.sol', 'tune.sol', 'bite.sol']
2,['join.sol', 'flip.sol', 'flip.t.sol', 'flap.t.sol', 'heal.sol', 'heal.t.sol', 'flap.sol', 'frob.t.sol', 'tune.sol', 'bite.sol']
2,['join.sol', 'flip.sol', 'flip.t.sol', 'flap.t.sol', 'heal.sol', 'heal.t.sol', 'drip.sol', 'frob.t.sol', 'tune.sol', 'bite.sol']
2,['join.sol', 'flip.sol', 'flip.t.sol', 'flap.t.sol', 'heal.sol', 'flap.sol', 'drip.sol', 'frob.t.sol', 'tune.sol', 'bite.sol']
2,['join.sol', 'flip.sol', 'flip.t.sol', 'flap.t.sol', 'drip.t.sol', 'heal.t.sol', 'flap.sol', 'drip.sol', 'frob.t.sol', 'tune.sol']
2,['join.sol', 'flip.sol', 'flip.t.sol', 'flap.t.sol', 'drip.t.sol', 'heal.t.sol', 'flap.sol', 'drip.sol', 'frob.t.sol', 'bite.sol']
2,['join.sol', 'flip.sol', 'flip.t.sol', 'flap.t.sol', 'drip.t.sol', 'heal.t.sol', 'flap.sol', 'drip.sol', 'tune.sol', 'bite.sol']
2,['join.sol', 'flip.sol', 'flip.t.sol', 'flap.t.sol', 'drip.t.sol', 'heal.t.sol', 'flap.sol', 'frob.t.sol', 'tune.sol', 'bite.sol']
1,['join.sol', 'flip.sol', 'flip.t.sol', 'flap.t.sol', 'drip.t.sol', 'heal.t.sol', 'drip.sol', 'frob.t.sol', 'tune.sol', 'bite.sol']
2,['join.sol', 'flip.sol', 'flip.t.sol', 'flap.t.sol', 'drip.t.sol', 'flap.sol', 'drip.sol', 'frob.t.sol', 'tune.sol', 'bite.sol']
2,['join.sol', 'flip.sol', 'flip.t.sol', 'flap.t.sol', 'heal.t.sol', 'flap.sol', 'drip.sol', 'frob.t.sol', 'tune.sol', 'bite.sol']
2,['join.sol', 'flip.sol', 'flip.t.sol', 'heal.sol', 'drip.t.sol', 'heal.t.sol', 'flap.sol', 'drip.sol', 'frob.t.sol', 'tune.sol']
1,['join.sol', 'flip.sol', 'flip.t.sol', 'heal.sol', 'drip.t.sol', 'heal.t.sol', 'flap.sol', 'drip.sol', 'frob.t.sol', 'bite.sol']
1,['join.sol', 'flip.sol', 'flip.t.sol', 'heal.sol', 'drip.t.sol', 'heal.t.sol', 'flap.sol', 'drip.sol', 'tune.sol', 'bite.sol']
1,['join.sol', 'flip.sol', 'flip.t.sol', 'heal.sol', 'drip.t.sol', 'heal.t.sol', 'flap.sol', 'frob.t.sol', 'tune.sol', 'bite.sol']
1,['join.sol', 'flip.sol', 'flip.t.sol', 'heal.sol', 'drip.t.sol', 'heal.t.sol', 'drip.sol', 'frob.t.sol', 'tune.sol', 'bite.sol']
1,['join.sol', 'flip.sol', 'flip.t.sol', 'heal.sol', 'drip.t.sol', 'flap.sol', 'drip.sol', 'frob.t.sol', 'tune.sol', 'bite.sol']
2,['join.sol', 'flip.sol', 'flip.t.sol', 'heal.sol', 'heal.t.sol', 'flap.sol', 'drip.sol', 'frob.t.sol', 'tune.sol', 'bite.sol']
1,['join.sol', 'flip.sol', 'flip.t.sol', 'drip.t.sol', 'heal.t.sol', 'flap.sol', 'drip.sol', 'frob.t.sol', 'tune.sol', 'bite.sol']
2,['join.sol', 'flip.sol', 'move.sol', 'flop.t.sol', 'flap.t.sol', 'heal.sol', 'drip.t.sol', 'heal.t.sol', 'flap.sol', 'drip.sol']
2,['join.sol', 'flip.sol', 'move.sol', 'flop.t.sol', 'flap.t.sol', 'heal.sol', 'drip.t.sol', 'heal.t.sol', 'flap.sol', 'frob.t.sol']
1,['join.sol', 'flip.sol', 'move.sol', 'flop.t.sol', 'flap.t.sol', 'heal.sol', 'drip.t.sol', 'heal.t.sol', 'flap.sol', 'tune.sol']
2,['join.sol', 'flip.sol', 'move.sol', 'flop.t.sol', 'flap.t.sol', 'heal.sol', 'drip.t.sol', 'heal.t.sol', 'flap.sol', 'bite.sol']
2,['join.sol', 'flip.sol', 'move.sol', 'flop.t.sol', 'flap.t.sol', 'heal.sol', 'drip.t.sol', 'heal.t.sol', 'drip.sol', 'frob.t.sol']
1,['join.sol', 'flip.sol', 'move.sol', 'flop.t.sol', 'flap.t.sol', 'heal.sol', 'drip.t.sol', 'heal.t.sol', 'drip.sol', 'tune.sol']
2,['join.sol', 'flip.sol', 'move.sol', 'flop.t.sol', 'flap.t.sol', 'heal.sol', 'drip.t.sol', 'heal.t.sol', 'drip.sol', 'bite.sol']
2,['join.sol', 'flip.sol', 'move.sol', 'flop.t.sol', 'flap.t.sol', 'heal.sol', 'drip.t.sol', 'heal.t.sol', 'frob.t.sol', 'tune.sol']
2,['join.sol', 'flip.sol', 'move.sol', 'flop.t.sol', 'flap.t.sol', 'heal.sol', 'drip.t.sol', 'heal.t.sol', 'frob.t.sol', 'bite.sol']
1,['join.sol', 'flip.sol', 'move.sol', 'flop.t.sol', 'flap.t.sol', 'heal.sol', 'drip.t.sol', 'heal.t.sol', 'tune.sol', 'bite.sol']
2,['join.sol', 'flip.sol', 'move.sol', 'flop.t.sol', 'flap.t.sol', 'heal.sol', 'drip.t.sol', 'flap.sol', 'drip.sol', 'frob.t.sol']
3,['join.sol', 'flip.sol', 'move.sol', 'flop.t.sol', 'flap.t.sol', 'heal.sol', 'drip.t.sol', 'flap.sol', 'drip.sol', 'tune.sol']
2,['join.sol', 'flip.sol', 'move.sol', 'flop.t.sol', 'flap.t.sol', 'heal.sol', 'drip.t.sol', 'flap.sol', 'drip.sol', 'bite.sol']
3,['join.sol', 'flip.sol', 'move.sol', 'flop.t.sol', 'flap.t.sol', 'heal.sol', 'drip.t.sol', 'flap.sol', 'frob.t.sol', 'tune.sol']
2,['join.sol', 'flip.sol', 'move.sol', 'flop.t.sol', 'flap.t.sol', 'heal.sol', 'drip.t.sol', 'flap.sol', 'frob.t.sol', 'bite.sol']
3,['join.sol', 'flip.sol', 'move.sol', 'flop.t.sol', 'flap.t.sol', 'heal.sol', 'drip.t.sol', 'flap.sol', 'tune.sol', 'bite.sol']
1,['join.sol', 'flip.sol', 'move.sol', 'flop.t.sol', 'flap.t.sol', 'heal.sol', 'drip.t.sol', 'drip.sol', 'frob.t.sol', 'tune.sol']
2,['join.sol', 'flip.sol', 'move.sol', 'flop.t.sol', 'flap.t.sol', 'heal.sol', 'drip.t.sol', 'drip.sol', 'frob.t.sol', 'bite.sol']
1,['join.sol', 'flip.sol', 'move.sol', 'flop.t.sol', 'flap.t.sol', 'heal.sol', 'drip.t.sol', 'drip.sol', 'tune.sol', 'bite.sol']
1,['join.sol', 'flip.sol', 'move.sol', 'flop.t.sol', 'flap.t.sol', 'heal.sol', 'drip.t.sol', 'frob.t.sol', 'tune.sol', 'bite.sol']
2,['join.sol', 'flip.sol', 'move.sol', 'flop.t.sol', 'flap.t.sol', 'heal.sol', 'heal.t.sol', 'flap.sol', 'drip.sol', 'frob.t.sol']
2,['join.sol', 'flip.sol', 'move.sol', 'flop.t.sol', 'flap.t.sol', 'heal.sol', 'heal.t.sol', 'flap.sol', 'drip.sol', 'tune.sol']
3,['join.sol', 'flip.sol', 'move.sol', 'flop.t.sol', 'flap.t.sol', 'heal.sol', 'heal.t.sol', 'flap.sol', 'drip.sol', 'bite.sol']
2,['join.sol', 'flip.sol', 'move.sol', 'flop.t.sol', 'flap.t.sol', 'heal.sol', 'heal.t.sol', 'flap.sol', 'frob.t.sol', 'tune.sol']
2,['join.sol', 'flip.sol', 'move.sol', 'flop.t.sol', 'flap.t.sol', 'heal.sol', 'heal.t.sol', 'flap.sol', 'frob.t.sol', 'bite.sol']
2,['join.sol', 'flip.sol', 'move.sol', 'flop.t.sol', 'flap.t.sol', 'heal.sol', 'heal.t.sol', 'flap.sol', 'tune.sol', 'bite.sol']
2,['join.sol', 'flip.sol', 'move.sol', 'flop.t.sol', 'flap.t.sol', 'heal.sol', 'heal.t.sol', 'drip.sol', 'frob.t.sol', 'tune.sol']
2,['join.sol', 'flip.sol', 'move.sol', 'flop.t.sol', 'flap.t.sol', 'heal.sol', 'heal.t.sol', 'drip.sol', 'frob.t.sol', 'bite.sol']
2,['join.sol', 'flip.sol', 'move.sol', 'flop.t.sol', 'flap.t.sol', 'heal.sol', 'heal.t.sol', 'drip.sol', 'tune.sol', 'bite.sol']
2,['join.sol', 'flip.sol', 'move.sol', 'flop.t.sol', 'flap.t.sol', 'heal.sol', 'heal.t.sol', 'frob.t.sol', 'tune.sol', 'bite.sol']
3,['join.sol', 'flip.sol', 'move.sol', 'flop.t.sol', 'flap.t.sol', 'heal.sol', 'flap.sol', 'drip.sol', 'frob.t.sol', 'tune.sol']
3,['join.sol', 'flip.sol', 'move.sol', 'flop.t.sol', 'flap.t.sol', 'heal.sol', 'flap.sol', 'drip.sol', 'frob.t.sol', 'bite.sol']
1,['join.sol', 'flip.sol', 'move.sol', 'flop.t.sol', 'flap.t.sol', 'heal.sol', 'flap.sol', 'drip.sol', 'tune.sol', 'bite.sol']
2,['join.sol', 'flip.sol', 'move.sol', 'flop.t.sol', 'flap.t.sol', 'heal.sol', 'flap.sol', 'frob.t.sol', 'tune.sol', 'bite.sol']
2,['join.sol', 'flip.sol', 'move.sol', 'flop.t.sol', 'flap.t.sol', 'heal.sol', 'drip.sol', 'frob.t.sol', 'tune.sol', 'bite.sol']
2,['join.sol', 'flip.sol', 'move.sol', 'flop.t.sol', 'flap.t.sol', 'drip.t.sol', 'heal.t.sol', 'flap.sol', 'drip.sol', 'frob.t.sol']
2,['join.sol', 'flip.sol', 'move.sol', 'flop.t.sol', 'flap.t.sol', 'drip.t.sol', 'heal.t.sol', 'flap.sol', 'drip.sol', 'tune.sol']
2,['join.sol', 'flip.sol', 'move.sol', 'flop.t.sol', 'flap.t.sol', 'drip.t.sol', 'heal.t.sol', 'flap.sol', 'drip.sol', 'bite.sol']
2,['join.sol', 'flip.sol', 'move.sol', 'flop.t.sol', 'flap.t.sol', 'drip.t.sol', 'heal.t.sol', 'flap.sol', 'frob.t.sol', 'tune.sol']
2,['join.sol', 'flip.sol', 'move.sol', 'flop.t.sol', 'flap.t.sol', 'drip.t.sol', 'heal.t.sol', 'flap.sol', 'frob.t.sol', 'bite.sol']
2,['join.sol', 'flip.sol', 'move.sol', 'flop.t.sol', 'flap.t.sol', 'drip.t.sol', 'heal.t.sol', 'flap.sol', 'tune.sol', 'bite.sol']
2,['join.sol', 'flip.sol', 'move.sol', 'flop.t.sol', 'flap.t.sol', 'drip.t.sol', 'heal.t.sol', 'drip.sol', 'frob.t.sol', 'tune.sol']
2,['join.sol', 'flip.sol', 'move.sol', 'flop.t.sol', 'flap.t.sol', 'drip.t.sol', 'heal.t.sol', 'drip.sol', 'frob.t.sol', 'bite.sol']
1,['join.sol', 'flip.sol', 'move.sol', 'flop.t.sol', 'flap.t.sol', 'drip.t.sol', 'heal.t.sol', 'drip.sol', 'tune.sol', 'bite.sol']
1,['join.sol', 'flip.sol', 'move.sol', 'flop.t.sol', 'flap.t.sol', 'drip.t.sol', 'heal.t.sol', 'frob.t.sol', 'tune.sol', 'bite.sol']
2,['join.sol', 'flip.sol', 'move.sol', 'flop.t.sol', 'flap.t.sol', 'drip.t.sol', 'flap.sol', 'drip.sol', 'frob.t.sol', 'tune.sol']
3,['join.sol', 'flip.sol', 'move.sol', 'flop.t.sol', 'flap.t.sol', 'drip.t.sol', 'flap.sol', 'drip.sol', 'frob.t.sol', 'bite.sol']
2,['join.sol', 'flip.sol', 'move.sol', 'flop.t.sol', 'flap.t.sol', 'drip.t.sol', 'flap.sol', 'drip.sol', 'tune.sol', 'bite.sol']
2,['join.sol', 'flip.sol', 'move.sol', 'flop.t.sol', 'flap.t.sol', 'drip.t.sol', 'flap.sol', 'frob.t.sol', 'tune.sol', 'bite.sol']
2,['join.sol', 'flip.sol', 'move.sol', 'flop.t.sol', 'flap.t.sol', 'drip.t.sol', 'drip.sol', 'frob.t.sol', 'tune.sol', 'bite.sol']
3,['join.sol', 'flip.sol', 'move.sol', 'flop.t.sol', 'flap.t.sol', 'heal.t.sol', 'flap.sol', 'drip.sol', 'frob.t.sol', 'tune.sol']
2,['join.sol', 'flip.sol', 'move.sol', 'flop.t.sol', 'flap.t.sol', 'heal.t.sol', 'flap.sol', 'drip.sol', 'frob.t.sol', 'bite.sol']
3,['join.sol', 'flip.sol', 'move.sol', 'flop.t.sol', 'flap.t.sol', 'heal.t.sol', 'flap.sol', 'drip.sol', 'tune.sol', 'bite.sol']
3,['join.sol', 'flip.sol', 'move.sol', 'flop.t.sol', 'flap.t.sol', 'heal.t.sol', 'flap.sol', 'frob.t.sol', 'tune.sol', 'bite.sol']
2,['join.sol', 'flip.sol', 'move.sol', 'flop.t.sol', 'flap.t.sol', 'heal.t.sol', 'drip.sol', 'frob.t.sol', 'tune.sol', 'bite.sol']
2,['join.sol', 'flip.sol', 'move.sol', 'flop.t.sol', 'flap.t.sol', 'flap.sol', 'drip.sol', 'frob.t.sol', 'tune.sol', 'bite.sol']
2,['join.sol', 'flip.sol', 'move.sol', 'flop.t.sol', 'heal.sol', 'drip.t.sol', 'heal.t.sol', 'flap.sol', 'drip.sol', 'frob.t.sol']
1,['join.sol', 'flip.sol', 'move.sol', 'flop.t.sol', 'heal.sol', 'drip.t.sol', 'heal.t.sol', 'flap.sol', 'drip.sol', 'tune.sol']
2,['join.sol', 'flip.sol', 'move.sol', 'flop.t.sol', 'heal.sol', 'drip.t.sol', 'heal.t.sol', 'flap.sol', 'drip.sol', 'bite.sol']
2,['join.sol', 'flip.sol', 'move.sol', 'flop.t.sol', 'heal.sol', 'drip.t.sol', 'heal.t.sol', 'flap.sol', 'frob.t.sol', 'tune.sol']
2,['join.sol', 'flip.sol', 'move.sol', 'flop.t.sol', 'heal.sol', 'drip.t.sol', 'heal.t.sol', 'flap.sol', 'frob.t.sol', 'bite.sol']
1,['join.sol', 'flip.sol', 'move.sol', 'flop.t.sol', 'heal.sol', 'drip.t.sol', 'heal.t.sol', 'flap.sol', 'tune.sol', 'bite.sol']
1,['join.sol', 'flip.sol', 'move.sol', 'flop.t.sol', 'heal.sol', 'drip.t.sol', 'heal.t.sol', 'drip.sol', 'frob.t.sol', 'tune.sol']
2,['join.sol', 'flip.sol', 'move.sol', 'flop.t.sol', 'heal.sol', 'drip.t.sol', 'heal.t.sol', 'drip.sol', 'frob.t.sol', 'bite.sol']
1,['join.sol', 'flip.sol', 'move.sol', 'flop.t.sol', 'heal.sol', 'drip.t.sol', 'heal.t.sol', 'drip.sol', 'tune.sol', 'bite.sol']
1,['join.sol', 'flip.sol', 'move.sol', 'flop.t.sol', 'heal.sol', 'drip.t.sol', 'heal.t.sol', 'frob.t.sol', 'tune.sol', 'bite.sol']
1,['join.sol', 'flip.sol', 'move.sol', 'flop.t.sol', 'heal.sol', 'drip.t.sol', 'flap.sol', 'drip.sol', 'frob.t.sol', 'tune.sol']
2,['join.sol', 'flip.sol', 'move.sol', 'flop.t.sol', 'heal.sol', 'drip.t.sol', 'flap.sol', 'drip.sol', 'frob.t.sol', 'bite.sol']
1,['join.sol', 'flip.sol', 'move.sol', 'flop.t.sol', 'heal.sol', 'drip.t.sol', 'flap.sol', 'drip.sol', 'tune.sol', 'bite.sol']
1,['join.sol', 'flip.sol', 'move.sol', 'flop.t.sol', 'heal.sol', 'drip.t.sol', 'flap.sol', 'frob.t.sol', 'tune.sol', 'bite.sol']
1,['join.sol', 'flip.sol', 'move.sol', 'flop.t.sol', 'heal.sol', 'drip.t.sol', 'drip.sol', 'frob.t.sol', 'tune.sol', 'bite.sol']
2,['join.sol', 'flip.sol', 'move.sol', 'flop.t.sol', 'heal.sol', 'heal.t.sol', 'flap.sol', 'drip.sol', 'frob.t.sol', 'tune.sol']
2,['join.sol', 'flip.sol', 'move.sol', 'flop.t.sol', 'heal.sol', 'heal.t.sol', 'flap.sol', 'drip.sol', 'frob.t.sol', 'bite.sol']
2,['join.sol', 'flip.sol', 'move.sol', 'flop.t.sol', 'heal.sol', 'heal.t.sol', 'flap.sol', 'drip.sol', 'tune.sol', 'bite.sol']
2,['join.sol', 'flip.sol', 'move.sol', 'flop.t.sol', 'heal.sol', 'heal.t.sol', 'flap.sol', 'frob.t.sol', 'tune.sol', 'bite.sol']
2,['join.sol', 'flip.sol', 'move.sol', 'flop.t.sol', 'heal.sol', 'heal.t.sol', 'drip.sol', 'frob.t.sol', 'tune.sol', 'bite.sol']
2,['join.sol', 'flip.sol', 'move.sol', 'flop.t.sol', 'heal.sol', 'flap.sol', 'drip.sol', 'frob.t.sol', 'tune.sol', 'bite.sol']
1,['join.sol', 'flip.sol', 'move.sol', 'flop.t.sol', 'drip.t.sol', 'heal.t.sol', 'flap.sol', 'drip.sol', 'frob.t.sol', 'tune.sol']
2,['join.sol', 'flip.sol', 'move.sol', 'flop.t.sol', 'drip.t.sol', 'heal.t.sol', 'flap.sol', 'drip.sol', 'frob.t.sol', 'bite.sol']
1,['join.sol', 'flip.sol', 'move.sol', 'flop.t.sol', 'drip.t.sol', 'heal.t.sol', 'flap.sol', 'drip.sol', 'tune.sol', 'bite.sol']
1,['join.sol', 'flip.sol', 'move.sol', 'flop.t.sol', 'drip.t.sol', 'heal.t.sol', 'flap.sol', 'frob.t.sol', 'tune.sol', 'bite.sol']
1,['join.sol', 'flip.sol', 'move.sol', 'flop.t.sol', 'drip.t.sol', 'heal.t.sol', 'drip.sol', 'frob.t.sol', 'tune.sol', 'bite.sol']
2,['join.sol', 'flip.sol', 'move.sol', 'flop.t.sol', 'drip.t.sol', 'flap.sol', 'drip.sol', 'frob.t.sol', 'tune.sol', 'bite.sol']
2,['join.sol', 'flip.sol', 'move.sol', 'flop.t.sol', 'heal.t.sol', 'flap.sol', 'drip.sol', 'frob.t.sol', 'tune.sol', 'bite.sol']
2,['join.sol', 'flip.sol', 'move.sol', 'flap.t.sol', 'heal.sol', 'drip.t.sol', 'heal.t.sol', 'flap.sol', 'drip.sol', 'frob.t.sol']
1,['join.sol', 'flip.sol', 'move.sol', 'flap.t.sol', 'heal.sol', 'drip.t.sol', 'heal.t.sol', 'flap.sol', 'drip.sol', 'tune.sol']
2,['join.sol', 'flip.sol', 'move.sol', 'flap.t.sol', 'heal.sol', 'drip.t.sol', 'heal.t.sol', 'flap.sol', 'drip.sol', 'bite.sol']
2,['join.sol', 'flip.sol', 'move.sol', 'flap.t.sol', 'heal.sol', 'drip.t.sol', 'heal.t.sol', 'flap.sol', 'frob.t.sol', 'tune.sol']
2,['join.sol', 'flip.sol', 'move.sol', 'flap.t.sol', 'heal.sol', 'drip.t.sol', 'heal.t.sol', 'flap.sol', 'frob.t.sol', 'bite.sol']
1,['join.sol', 'flip.sol', 'move.sol', 'flap.t.sol', 'heal.sol', 'drip.t.sol', 'heal.t.sol', 'flap.sol', 'tune.sol', 'bite.sol']
1,['join.sol', 'flip.sol', 'move.sol', 'flap.t.sol', 'heal.sol', 'drip.t.sol', 'heal.t.sol', 'drip.sol', 'frob.t.sol', 'tune.sol']
2,['join.sol', 'flip.sol', 'move.sol', 'flap.t.sol', 'heal.sol', 'drip.t.sol', 'heal.t.sol', 'drip.sol', 'frob.t.sol', 'bite.sol']
1,['join.sol', 'flip.sol', 'move.sol', 'flap.t.sol', 'heal.sol', 'drip.t.sol', 'heal.t.sol', 'drip.sol', 'tune.sol', 'bite.sol']
1,['join.sol', 'flip.sol', 'move.sol', 'flap.t.sol', 'heal.sol', 'drip.t.sol', 'heal.t.sol', 'frob.t.sol', 'tune.sol', 'bite.sol']
1,['join.sol', 'flip.sol', 'move.sol', 'flap.t.sol', 'heal.sol', 'drip.t.sol', 'flap.sol', 'drip.sol', 'frob.t.sol', 'tune.sol']
2,['join.sol', 'flip.sol', 'move.sol', 'flap.t.sol', 'heal.sol', 'drip.t.sol', 'flap.sol', 'drip.sol', 'frob.t.sol', 'bite.sol']
3,['join.sol', 'flip.sol', 'move.sol', 'flap.t.sol', 'heal.sol', 'drip.t.sol', 'flap.sol', 'drip.sol', 'tune.sol', 'bite.sol']
1,['join.sol', 'flip.sol', 'move.sol', 'flap.t.sol', 'heal.sol', 'drip.t.sol', 'flap.sol', 'frob.t.sol', 'tune.sol', 'bite.sol']
1,['join.sol', 'flip.sol', 'move.sol', 'flap.t.sol', 'heal.sol', 'drip.t.sol', 'drip.sol', 'frob.t.sol', 'tune.sol', 'bite.sol']
2,['join.sol', 'flip.sol', 'move.sol', 'flap.t.sol', 'heal.sol', 'heal.t.sol', 'flap.sol', 'drip.sol', 'frob.t.sol', 'tune.sol']
2,['join.sol', 'flip.sol', 'move.sol', 'flap.t.sol', 'heal.sol', 'heal.t.sol', 'flap.sol', 'drip.sol', 'frob.t.sol', 'bite.sol']
2,['join.sol', 'flip.sol', 'move.sol', 'flap.t.sol', 'heal.sol', 'heal.t.sol', 'flap.sol', 'drip.sol', 'tune.sol', 'bite.sol']
2,['join.sol', 'flip.sol', 'move.sol', 'flap.t.sol', 'heal.sol', 'heal.t.sol', 'flap.sol', 'frob.t.sol', 'tune.sol', 'bite.sol']
2,['join.sol', 'flip.sol', 'move.sol', 'flap.t.sol', 'heal.sol', 'heal.t.sol', 'drip.sol', 'frob.t.sol', 'tune.sol', 'bite.sol']
2,['join.sol', 'flip.sol', 'move.sol', 'flap.t.sol', 'heal.sol', 'flap.sol', 'drip.sol', 'frob.t.sol', 'tune.sol', 'bite.sol']
2,['join.sol', 'flip.sol', 'move.sol', 'flap.t.sol', 'drip.t.sol', 'heal.t.sol', 'flap.sol', 'drip.sol', 'frob.t.sol', 'tune.sol']
2,['join.sol', 'flip.sol', 'move.sol', 'flap.t.sol', 'drip.t.sol', 'heal.t.sol', 'flap.sol', 'drip.sol', 'frob.t.sol', 'bite.sol']
2,['join.sol', 'flip.sol', 'move.sol', 'flap.t.sol', 'drip.t.sol', 'heal.t.sol', 'flap.sol', 'drip.sol', 'tune.sol', 'bite.sol']
1,['join.sol', 'flip.sol', 'move.sol', 'flap.t.sol', 'drip.t.sol', 'heal.t.sol', 'flap.sol', 'frob.t.sol', 'tune.sol', 'bite.sol']
1,['join.sol', 'flip.sol', 'move.sol', 'flap.t.sol', 'drip.t.sol', 'heal.t.sol', 'drip.sol', 'frob.t.sol', 'tune.sol', 'bite.sol']
2,['join.sol', 'flip.sol', 'move.sol', 'flap.t.sol', 'drip.t.sol', 'flap.sol', 'drip.sol', 'frob.t.sol', 'tune.sol', 'bite.sol']
2,['join.sol', 'flip.sol', 'move.sol', 'flap.t.sol', 'heal.t.sol', 'flap.sol', 'drip.sol', 'frob.t.sol', 'tune.sol', 'bite.sol']
1,['join.sol', 'flip.sol', 'move.sol', 'heal.sol', 'drip.t.sol', 'heal.t.sol', 'flap.sol', 'drip.sol', 'frob.t.sol', 'tune.sol']
2,['join.sol', 'flip.sol', 'move.sol', 'heal.sol', 'drip.t.sol', 'heal.t.sol', 'flap.sol', 'drip.sol', 'frob.t.sol', 'bite.sol']
1,['join.sol', 'flip.sol', 'move.sol', 'heal.sol', 'drip.t.sol', 'heal.t.sol', 'flap.sol', 'drip.sol', 'tune.sol', 'bite.sol']
1,['join.sol', 'flip.sol', 'move.sol', 'heal.sol', 'drip.t.sol', 'heal.t.sol', 'flap.sol', 'frob.t.sol', 'tune.sol', 'bite.sol']
1,['join.sol', 'flip.sol', 'move.sol', 'heal.sol', 'drip.t.sol', 'heal.t.sol', 'drip.sol', 'frob.t.sol', 'tune.sol', 'bite.sol']
1,['join.sol', 'flip.sol', 'move.sol', 'heal.sol', 'drip.t.sol', 'flap.sol', 'drip.sol', 'frob.t.sol', 'tune.sol', 'bite.sol']
2,['join.sol', 'flip.sol', 'move.sol', 'heal.sol', 'heal.t.sol', 'flap.sol', 'drip.sol', 'frob.t.sol', 'tune.sol', 'bite.sol']
1,['join.sol', 'flip.sol', 'move.sol', 'drip.t.sol', 'heal.t.sol', 'flap.sol', 'drip.sol', 'frob.t.sol', 'tune.sol', 'bite.sol']
2,['join.sol', 'flip.sol', 'flop.t.sol', 'flap.t.sol', 'heal.sol', 'drip.t.sol', 'heal.t.sol', 'flap.sol', 'drip.sol', 'frob.t.sol']
1,['join.sol', 'flip.sol', 'flop.t.sol', 'flap.t.sol', 'heal.sol', 'drip.t.sol', 'heal.t.sol', 'flap.sol', 'drip.sol', 'tune.sol']
2,['join.sol', 'flip.sol', 'flop.t.sol', 'flap.t.sol', 'heal.sol', 'drip.t.sol', 'heal.t.sol', 'flap.sol', 'drip.sol', 'bite.sol']
2,['join.sol', 'flip.sol', 'flop.t.sol', 'flap.t.sol', 'heal.sol', 'drip.t.sol', 'heal.t.sol', 'flap.sol', 'frob.t.sol', 'tune.sol']
2,['join.sol', 'flip.sol', 'flop.t.sol', 'flap.t.sol', 'heal.sol', 'drip.t.sol', 'heal.t.sol', 'flap.sol', 'frob.t.sol', 'bite.sol']
1,['join.sol', 'flip.sol', 'flop.t.sol', 'flap.t.sol', 'heal.sol', 'drip.t.sol', 'heal.t.sol', 'flap.sol', 'tune.sol', 'bite.sol']
2,['join.sol', 'flip.sol', 'flop.t.sol', 'flap.t.sol', 'heal.sol', 'drip.t.sol', 'heal.t.sol', 'drip.sol', 'frob.t.sol', 'tune.sol']
2,['join.sol', 'flip.sol', 'flop.t.sol', 'flap.t.sol', 'heal.sol', 'drip.t.sol', 'heal.t.sol', 'drip.sol', 'frob.t.sol', 'bite.sol']
1,['join.sol', 'flip.sol', 'flop.t.sol', 'flap.t.sol', 'heal.sol', 'drip.t.sol', 'heal.t.sol', 'drip.sol', 'tune.sol', 'bite.sol']
1,['join.sol', 'flip.sol', 'flop.t.sol', 'flap.t.sol', 'heal.sol', 'drip.t.sol', 'heal.t.sol', 'frob.t.sol', 'tune.sol', 'bite.sol']
2,['join.sol', 'flip.sol', 'flop.t.sol', 'flap.t.sol', 'heal.sol', 'drip.t.sol', 'flap.sol', 'drip.sol', 'frob.t.sol', 'tune.sol']
2,['join.sol', 'flip.sol', 'flop.t.sol', 'flap.t.sol', 'heal.sol', 'drip.t.sol', 'flap.sol', 'drip.sol', 'frob.t.sol', 'bite.sol']
1,['join.sol', 'flip.sol', 'flop.t.sol', 'flap.t.sol', 'heal.sol', 'drip.t.sol', 'flap.sol', 'drip.sol', 'tune.sol', 'bite.sol']
1,['join.sol', 'flip.sol', 'flop.t.sol', 'flap.t.sol', 'heal.sol', 'drip.t.sol', 'flap.sol', 'frob.t.sol', 'tune.sol', 'bite.sol']
1,['join.sol', 'flip.sol', 'flop.t.sol', 'flap.t.sol', 'heal.sol', 'drip.t.sol', 'drip.sol', 'frob.t.sol', 'tune.sol', 'bite.sol']
2,['join.sol', 'flip.sol', 'flop.t.sol', 'flap.t.sol', 'heal.sol', 'heal.t.sol', 'flap.sol', 'drip.sol', 'frob.t.sol', 'tune.sol']
2,['join.sol', 'flip.sol', 'flop.t.sol', 'flap.t.sol', 'heal.sol', 'heal.t.sol', 'flap.sol', 'drip.sol', 'frob.t.sol', 'bite.sol']
2,['join.sol', 'flip.sol', 'flop.t.sol', 'flap.t.sol', 'heal.sol', 'heal.t.sol', 'flap.sol', 'drip.sol', 'tune.sol', 'bite.sol']
2,['join.sol', 'flip.sol', 'flop.t.sol', 'flap.t.sol', 'heal.sol', 'heal.t.sol', 'flap.sol', 'frob.t.sol', 'tune.sol', 'bite.sol']
2,['join.sol', 'flip.sol', 'flop.t.sol', 'flap.t.sol', 'heal.sol', 'heal.t.sol', 'drip.sol', 'frob.t.sol', 'tune.sol', 'bite.sol']
2,['join.sol', 'flip.sol', 'flop.t.sol', 'flap.t.sol', 'heal.sol', 'flap.sol', 'drip.sol', 'frob.t.sol', 'tune.sol', 'bite.sol']
2,['join.sol', 'flip.sol', 'flop.t.sol', 'flap.t.sol', 'drip.t.sol', 'heal.t.sol', 'flap.sol', 'drip.sol', 'frob.t.sol', 'tune.sol']
2,['join.sol', 'flip.sol', 'flop.t.sol', 'flap.t.sol', 'drip.t.sol', 'heal.t.sol', 'flap.sol', 'drip.sol', 'frob.t.sol', 'bite.sol']
1,['join.sol', 'flip.sol', 'flop.t.sol', 'flap.t.sol', 'drip.t.sol', 'heal.t.sol', 'flap.sol', 'drip.sol', 'tune.sol', 'bite.sol']
2,['join.sol', 'flip.sol', 'flop.t.sol', 'flap.t.sol', 'drip.t.sol', 'heal.t.sol', 'flap.sol', 'frob.t.sol', 'tune.sol', 'bite.sol']
1,['join.sol', 'flip.sol', 'flop.t.sol', 'flap.t.sol', 'drip.t.sol', 'heal.t.sol', 'drip.sol', 'frob.t.sol', 'tune.sol', 'bite.sol']
2,['join.sol', 'flip.sol', 'flop.t.sol', 'flap.t.sol', 'drip.t.sol', 'flap.sol', 'drip.sol', 'frob.t.sol', 'tune.sol', 'bite.sol']
2,['join.sol', 'flip.sol', 'flop.t.sol', 'flap.t.sol', 'heal.t.sol', 'flap.sol', 'drip.sol', 'frob.t.sol', 'tune.sol', 'bite.sol']
2,['join.sol', 'flip.sol', 'flop.t.sol', 'heal.sol', 'drip.t.sol', 'heal.t.sol', 'flap.sol', 'drip.sol', 'frob.t.sol', 'tune.sol']
2,['join.sol', 'flip.sol', 'flop.t.sol', 'heal.sol', 'drip.t.sol', 'heal.t.sol', 'flap.sol', 'drip.sol', 'frob.t.sol', 'bite.sol']
1,['join.sol', 'flip.sol', 'flop.t.sol', 'heal.sol', 'drip.t.sol', 'heal.t.sol', 'flap.sol', 'drip.sol', 'tune.sol', 'bite.sol']
1,['join.sol', 'flip.sol', 'flop.t.sol', 'heal.sol', 'drip.t.sol', 'heal.t.sol', 'flap.sol', 'frob.t.sol', 'tune.sol', 'bite.sol']
1,['join.sol', 'flip.sol', 'flop.t.sol', 'heal.sol', 'drip.t.sol', 'heal.t.sol', 'drip.sol', 'frob.t.sol', 'tune.sol', 'bite.sol']
1,['join.sol', 'flip.sol', 'flop.t.sol', 'heal.sol', 'drip.t.sol', 'flap.sol', 'drip.sol', 'frob.t.sol', 'tune.sol', 'bite.sol']
2,['join.sol', 'flip.sol', 'flop.t.sol', 'heal.sol', 'heal.t.sol', 'flap.sol', 'drip.sol', 'frob.t.sol', 'tune.sol', 'bite.sol']
1,['join.sol', 'flip.sol', 'flop.t.sol', 'drip.t.sol', 'heal.t.sol', 'flap.sol', 'drip.sol', 'frob.t.sol', 'tune.sol', 'bite.sol']
2,['join.sol', 'flip.sol', 'flap.t.sol', 'heal.sol', 'drip.t.sol', 'heal.t.sol', 'flap.sol', 'drip.sol', 'frob.t.sol', 'tune.sol']
2,['join.sol', 'flip.sol', 'flap.t.sol', 'heal.sol', 'drip.t.sol', 'heal.t.sol', 'flap.sol', 'drip.sol', 'frob.t.sol', 'bite.sol']
1,['join.sol', 'flip.sol', 'flap.t.sol', 'heal.sol', 'drip.t.sol', 'heal.t.sol', 'flap.sol', 'drip.sol', 'tune.sol', 'bite.sol']
1,['join.sol', 'flip.sol', 'flap.t.sol', 'heal.sol', 'drip.t.sol', 'heal.t.sol', 'flap.sol', 'frob.t.sol', 'tune.sol', 'bite.sol']
1,['join.sol', 'flip.sol', 'flap.t.sol', 'heal.sol', 'drip.t.sol', 'heal.t.sol', 'drip.sol', 'frob.t.sol', 'tune.sol', 'bite.sol']
1,['join.sol', 'flip.sol', 'flap.t.sol', 'heal.sol', 'drip.t.sol', 'flap.sol', 'drip.sol', 'frob.t.sol', 'tune.sol', 'bite.sol']
2,['join.sol', 'flip.sol', 'flap.t.sol', 'heal.sol', 'heal.t.sol', 'flap.sol', 'drip.sol', 'frob.t.sol', 'tune.sol', 'bite.sol']
1,['join.sol', 'flip.sol', 'flap.t.sol', 'drip.t.sol', 'heal.t.sol', 'flap.sol', 'drip.sol', 'frob.t.sol', 'tune.sol', 'bite.sol']
1,['join.sol', 'flip.sol', 'heal.sol', 'drip.t.sol', 'heal.t.sol', 'flap.sol', 'drip.sol', 'frob.t.sol', 'tune.sol', 'bite.sol']
1,['join.sol', 'frob.sol', 'flip.t.sol', 'move.sol', 'flop.t.sol', 'flap.t.sol', 'heal.sol', 'drip.t.sol', 'heal.t.sol', 'flap.sol']
1,['join.sol', 'frob.sol', 'flip.t.sol', 'move.sol', 'flop.t.sol', 'flap.t.sol', 'heal.sol', 'drip.t.sol', 'heal.t.sol', 'drip.sol']
2,['join.sol', 'frob.sol', 'flip.t.sol', 'move.sol', 'flop.t.sol', 'flap.t.sol', 'heal.sol', 'drip.t.sol', 'heal.t.sol', 'frob.t.sol']
1,['join.sol', 'frob.sol', 'flip.t.sol', 'move.sol', 'flop.t.sol', 'flap.t.sol', 'heal.sol', 'drip.t.sol', 'heal.t.sol', 'tune.sol']
1,['join.sol', 'frob.sol', 'flip.t.sol', 'move.sol', 'flop.t.sol', 'flap.t.sol', 'heal.sol', 'drip.t.sol', 'heal.t.sol', 'bite.sol']
3,['join.sol', 'frob.sol', 'flip.t.sol', 'move.sol', 'flop.t.sol', 'flap.t.sol', 'heal.sol', 'drip.t.sol', 'flap.sol', 'drip.sol']
2,['join.sol', 'frob.sol', 'flip.t.sol', 'move.sol', 'flop.t.sol', 'flap.t.sol', 'heal.sol', 'drip.t.sol', 'flap.sol', 'frob.t.sol']
3,['join.sol', 'frob.sol', 'flip.t.sol', 'move.sol', 'flop.t.sol', 'flap.t.sol', 'heal.sol', 'drip.t.sol', 'flap.sol', 'tune.sol']
3,['join.sol', 'frob.sol', 'flip.t.sol', 'move.sol', 'flop.t.sol', 'flap.t.sol', 'heal.sol', 'drip.t.sol', 'flap.sol', 'bite.sol']
2,['join.sol', 'frob.sol', 'flip.t.sol', 'move.sol', 'flop.t.sol', 'flap.t.sol', 'heal.sol', 'drip.t.sol', 'drip.sol', 'frob.t.sol']
3,['join.sol', 'frob.sol', 'flip.t.sol', 'move.sol', 'flop.t.sol', 'flap.t.sol', 'heal.sol', 'drip.t.sol', 'drip.sol', 'tune.sol']
1,['join.sol', 'frob.sol', 'flip.t.sol', 'move.sol', 'flop.t.sol', 'flap.t.sol', 'heal.sol', 'drip.t.sol', 'drip.sol', 'bite.sol']
2,['join.sol', 'frob.sol', 'flip.t.sol', 'move.sol', 'flop.t.sol', 'flap.t.sol', 'heal.sol', 'drip.t.sol', 'frob.t.sol', 'tune.sol']
1,['join.sol', 'frob.sol', 'flip.t.sol', 'move.sol', 'flop.t.sol', 'flap.t.sol', 'heal.sol', 'drip.t.sol', 'frob.t.sol', 'bite.sol']
3,['join.sol', 'frob.sol', 'flip.t.sol', 'move.sol', 'flop.t.sol', 'flap.t.sol', 'heal.sol', 'drip.t.sol', 'tune.sol', 'bite.sol']
3,['join.sol', 'frob.sol', 'flip.t.sol', 'move.sol', 'flop.t.sol', 'flap.t.sol', 'heal.sol', 'heal.t.sol', 'flap.sol', 'drip.sol']
2,['join.sol', 'frob.sol', 'flip.t.sol', 'move.sol', 'flop.t.sol', 'flap.t.sol', 'heal.sol', 'heal.t.sol', 'flap.sol', 'frob.t.sol']
2,['join.sol', 'frob.sol', 'flip.t.sol', 'move.sol', 'flop.t.sol', 'flap.t.sol', 'heal.sol', 'heal.t.sol', 'flap.sol', 'tune.sol']
2,['join.sol', 'frob.sol', 'flip.t.sol', 'move.sol', 'flop.t.sol', 'flap.t.sol', 'heal.sol', 'heal.t.sol', 'flap.sol', 'bite.sol']
2,['join.sol', 'frob.sol', 'flip.t.sol', 'move.sol', 'flop.t.sol', 'flap.t.sol', 'heal.sol', 'heal.t.sol', 'drip.sol', 'frob.t.sol']
2,['join.sol', 'frob.sol', 'flip.t.sol', 'move.sol', 'flop.t.sol', 'flap.t.sol', 'heal.sol', 'heal.t.sol', 'drip.sol', 'tune.sol']
2,['join.sol', 'frob.sol', 'flip.t.sol', 'move.sol', 'flop.t.sol', 'flap.t.sol', 'heal.sol', 'heal.t.sol', 'drip.sol', 'bite.sol']
2,['join.sol', 'frob.sol', 'flip.t.sol', 'move.sol', 'flop.t.sol', 'flap.t.sol', 'heal.sol', 'heal.t.sol', 'frob.t.sol', 'tune.sol']
2,['join.sol', 'frob.sol', 'flip.t.sol', 'move.sol', 'flop.t.sol', 'flap.t.sol', 'heal.sol', 'heal.t.sol', 'frob.t.sol', 'bite.sol']
2,['join.sol', 'frob.sol', 'flip.t.sol', 'move.sol', 'flop.t.sol', 'flap.t.sol', 'heal.sol', 'heal.t.sol', 'tune.sol', 'bite.sol']
3,['join.sol', 'frob.sol', 'flip.t.sol', 'move.sol', 'flop.t.sol', 'flap.t.sol', 'heal.sol', 'flap.sol', 'drip.sol', 'frob.t.sol']
1,['join.sol', 'frob.sol', 'flip.t.sol', 'move.sol', 'flop.t.sol', 'flap.t.sol', 'heal.sol', 'flap.sol', 'drip.sol', 'tune.sol']
1,['join.sol', 'frob.sol', 'flip.t.sol', 'move.sol', 'flop.t.sol', 'flap.t.sol', 'heal.sol', 'flap.sol', 'drip.sol', 'bite.sol']
2,['join.sol', 'frob.sol', 'flip.t.sol', 'move.sol', 'flop.t.sol', 'flap.t.sol', 'heal.sol', 'flap.sol', 'frob.t.sol', 'tune.sol']
2,['join.sol', 'frob.sol', 'flip.t.sol', 'move.sol', 'flop.t.sol', 'flap.t.sol', 'heal.sol', 'flap.sol', 'frob.t.sol', 'bite.sol']
1,['join.sol', 'frob.sol', 'flip.t.sol', 'move.sol', 'flop.t.sol', 'flap.t.sol', 'heal.sol', 'flap.sol', 'tune.sol', 'bite.sol']
2,['join.sol', 'frob.sol', 'flip.t.sol', 'move.sol', 'flop.t.sol', 'flap.t.sol', 'heal.sol', 'drip.sol', 'frob.t.sol', 'tune.sol']
2,['join.sol', 'frob.sol', 'flip.t.sol', 'move.sol', 'flop.t.sol', 'flap.t.sol', 'heal.sol', 'drip.sol', 'frob.t.sol', 'bite.sol']
1,['join.sol', 'frob.sol', 'flip.t.sol', 'move.sol', 'flop.t.sol', 'flap.t.sol', 'heal.sol', 'drip.sol', 'tune.sol', 'bite.sol']
2,['join.sol', 'frob.sol', 'flip.t.sol', 'move.sol', 'flop.t.sol', 'flap.t.sol', 'heal.sol', 'frob.t.sol', 'tune.sol', 'bite.sol']
2,['join.sol', 'frob.sol', 'flip.t.sol', 'move.sol', 'flop.t.sol', 'flap.t.sol', 'drip.t.sol', 'heal.t.sol', 'flap.sol', 'drip.sol']
2,['join.sol', 'frob.sol', 'flip.t.sol', 'move.sol', 'flop.t.sol', 'flap.t.sol', 'drip.t.sol', 'heal.t.sol', 'flap.sol', 'frob.t.sol']
2,['join.sol', 'frob.sol', 'flip.t.sol', 'move.sol', 'flop.t.sol', 'flap.t.sol', 'drip.t.sol', 'heal.t.sol', 'flap.sol', 'tune.sol']
2,['join.sol', 'frob.sol', 'flip.t.sol', 'move.sol', 'flop.t.sol', 'flap.t.sol', 'drip.t.sol', 'heal.t.sol', 'flap.sol', 'bite.sol']
2,['join.sol', 'frob.sol', 'flip.t.sol', 'move.sol', 'flop.t.sol', 'flap.t.sol', 'drip.t.sol', 'heal.t.sol', 'drip.sol', 'frob.t.sol']
2,['join.sol', 'frob.sol', 'flip.t.sol', 'move.sol', 'flop.t.sol', 'flap.t.sol', 'drip.t.sol', 'heal.t.sol', 'drip.sol', 'tune.sol']
1,['join.sol', 'frob.sol', 'flip.t.sol', 'move.sol', 'flop.t.sol', 'flap.t.sol', 'drip.t.sol', 'heal.t.sol', 'drip.sol', 'bite.sol']
2,['join.sol', 'frob.sol', 'flip.t.sol', 'move.sol', 'flop.t.sol', 'flap.t.sol', 'drip.t.sol', 'heal.t.sol', 'frob.t.sol', 'tune.sol']
2,['join.sol', 'frob.sol', 'flip.t.sol', 'move.sol', 'flop.t.sol', 'flap.t.sol', 'drip.t.sol', 'heal.t.sol', 'frob.t.sol', 'bite.sol']
2,['join.sol', 'frob.sol', 'flip.t.sol', 'move.sol', 'flop.t.sol', 'flap.t.sol', 'drip.t.sol', 'heal.t.sol', 'tune.sol', 'bite.sol']
2,['join.sol', 'frob.sol', 'flip.t.sol', 'move.sol', 'flop.t.sol', 'flap.t.sol', 'drip.t.sol', 'flap.sol', 'drip.sol', 'frob.t.sol']
2,['join.sol', 'frob.sol', 'flip.t.sol', 'move.sol', 'flop.t.sol', 'flap.t.sol', 'drip.t.sol', 'flap.sol', 'drip.sol', 'tune.sol']
3,['join.sol', 'frob.sol', 'flip.t.sol', 'move.sol', 'flop.t.sol', 'flap.t.sol', 'drip.t.sol', 'flap.sol', 'drip.sol', 'bite.sol']
2,['join.sol', 'frob.sol', 'flip.t.sol', 'move.sol', 'flop.t.sol', 'flap.t.sol', 'drip.t.sol', 'flap.sol', 'frob.t.sol', 'tune.sol']
2,['join.sol', 'frob.sol', 'flip.t.sol', 'move.sol', 'flop.t.sol', 'flap.t.sol', 'drip.t.sol', 'flap.sol', 'frob.t.sol', 'bite.sol']
3,['join.sol', 'frob.sol', 'flip.t.sol', 'move.sol', 'flop.t.sol', 'flap.t.sol', 'drip.t.sol', 'flap.sol', 'tune.sol', 'bite.sol']
2,['join.sol', 'frob.sol', 'flip.t.sol', 'move.sol', 'flop.t.sol', 'flap.t.sol', 'drip.t.sol', 'drip.sol', 'frob.t.sol', 'tune.sol']
2,['join.sol', 'frob.sol', 'flip.t.sol', 'move.sol', 'flop.t.sol', 'flap.t.sol', 'drip.t.sol', 'drip.sol', 'frob.t.sol', 'bite.sol']
3,['join.sol', 'frob.sol', 'flip.t.sol', 'move.sol', 'flop.t.sol', 'flap.t.sol', 'drip.t.sol', 'drip.sol', 'tune.sol', 'bite.sol']
2,['join.sol', 'frob.sol', 'flip.t.sol', 'move.sol', 'flop.t.sol', 'flap.t.sol', 'drip.t.sol', 'frob.t.sol', 'tune.sol', 'bite.sol']
3,['join.sol', 'frob.sol', 'flip.t.sol', 'move.sol', 'flop.t.sol', 'flap.t.sol', 'heal.t.sol', 'flap.sol', 'drip.sol', 'frob.t.sol']
2,['join.sol', 'frob.sol', 'flip.t.sol', 'move.sol', 'flop.t.sol', 'flap.t.sol', 'heal.t.sol', 'flap.sol', 'drip.sol', 'tune.sol']
3,['join.sol', 'frob.sol', 'flip.t.sol', 'move.sol', 'flop.t.sol', 'flap.t.sol', 'heal.t.sol', 'flap.sol', 'drip.sol', 'bite.sol']
2,['join.sol', 'frob.sol', 'flip.t.sol', 'move.sol', 'flop.t.sol', 'flap.t.sol', 'heal.t.sol', 'flap.sol', 'frob.t.sol', 'tune.sol']
2,['join.sol', 'frob.sol', 'flip.t.sol', 'move.sol', 'flop.t.sol', 'flap.t.sol', 'heal.t.sol', 'flap.sol', 'frob.t.sol', 'bite.sol']
2,['join.sol', 'frob.sol', 'flip.t.sol', 'move.sol', 'flop.t.sol', 'flap.t.sol', 'heal.t.sol', 'flap.sol', 'tune.sol', 'bite.sol']
2,['join.sol', 'frob.sol', 'flip.t.sol', 'move.sol', 'flop.t.sol', 'flap.t.sol', 'heal.t.sol', 'drip.sol', 'frob.t.sol', 'tune.sol']
2,['join.sol', 'frob.sol', 'flip.t.sol', 'move.sol', 'flop.t.sol', 'flap.t.sol', 'heal.t.sol', 'drip.sol', 'frob.t.sol', 'bite.sol']
2,['join.sol', 'frob.sol', 'flip.t.sol', 'move.sol', 'flop.t.sol', 'flap.t.sol', 'heal.t.sol', 'drip.sol', 'tune.sol', 'bite.sol']
2,['join.sol', 'frob.sol', 'flip.t.sol', 'move.sol', 'flop.t.sol', 'flap.t.sol', 'heal.t.sol', 'frob.t.sol', 'tune.sol', 'bite.sol']
2,['join.sol', 'frob.sol', 'flip.t.sol', 'move.sol', 'flop.t.sol', 'flap.t.sol', 'flap.sol', 'drip.sol', 'frob.t.sol', 'tune.sol']
3,['join.sol', 'frob.sol', 'flip.t.sol', 'move.sol', 'flop.t.sol', 'flap.t.sol', 'flap.sol', 'drip.sol', 'frob.t.sol', 'bite.sol']
1,['join.sol', 'frob.sol', 'flip.t.sol', 'move.sol', 'flop.t.sol', 'flap.t.sol', 'flap.sol', 'drip.sol', 'tune.sol', 'bite.sol']
2,['join.sol', 'frob.sol', 'flip.t.sol', 'move.sol', 'flop.t.sol', 'flap.t.sol', 'flap.sol', 'frob.t.sol', 'tune.sol', 'bite.sol']
2,['join.sol', 'frob.sol', 'flip.t.sol', 'move.sol', 'flop.t.sol', 'flap.t.sol', 'drip.sol', 'frob.t.sol', 'tune.sol', 'bite.sol']
1,['join.sol', 'frob.sol', 'flip.t.sol', 'move.sol', 'flop.t.sol', 'heal.sol', 'drip.t.sol', 'heal.t.sol', 'flap.sol', 'drip.sol']
2,['join.sol', 'frob.sol', 'flip.t.sol', 'move.sol', 'flop.t.sol', 'heal.sol', 'drip.t.sol', 'heal.t.sol', 'flap.sol', 'frob.t.sol']
1,['join.sol', 'frob.sol', 'flip.t.sol', 'move.sol', 'flop.t.sol', 'heal.sol', 'drip.t.sol', 'heal.t.sol', 'flap.sol', 'tune.sol']
1,['join.sol', 'frob.sol', 'flip.t.sol', 'move.sol', 'flop.t.sol', 'heal.sol', 'drip.t.sol', 'heal.t.sol', 'flap.sol', 'bite.sol']
2,['join.sol', 'frob.sol', 'flip.t.sol', 'move.sol', 'flop.t.sol', 'heal.sol', 'drip.t.sol', 'heal.t.sol', 'drip.sol', 'frob.t.sol']
1,['join.sol', 'frob.sol', 'flip.t.sol', 'move.sol', 'flop.t.sol', 'heal.sol', 'drip.t.sol', 'heal.t.sol', 'drip.sol', 'tune.sol']
1,['join.sol', 'frob.sol', 'flip.t.sol', 'move.sol', 'flop.t.sol', 'heal.sol', 'drip.t.sol', 'heal.t.sol', 'drip.sol', 'bite.sol']
1,['join.sol', 'frob.sol', 'flip.t.sol', 'move.sol', 'flop.t.sol', 'heal.sol', 'drip.t.sol', 'heal.t.sol', 'frob.t.sol', 'tune.sol']
1,['join.sol', 'frob.sol', 'flip.t.sol', 'move.sol', 'flop.t.sol', 'heal.sol', 'drip.t.sol', 'heal.t.sol', 'frob.t.sol', 'bite.sol']
1,['join.sol', 'frob.sol', 'flip.t.sol', 'move.sol', 'flop.t.sol', 'heal.sol', 'drip.t.sol', 'heal.t.sol', 'tune.sol', 'bite.sol']
2,['join.sol', 'frob.sol', 'flip.t.sol', 'move.sol', 'flop.t.sol', 'heal.sol', 'drip.t.sol', 'flap.sol', 'drip.sol', 'frob.t.sol']
3,['join.sol', 'frob.sol', 'flip.t.sol', 'move.sol', 'flop.t.sol', 'heal.sol', 'drip.t.sol', 'flap.sol', 'drip.sol', 'tune.sol']
1,['join.sol', 'frob.sol', 'flip.t.sol', 'move.sol', 'flop.t.sol', 'heal.sol', 'drip.t.sol', 'flap.sol', 'drip.sol', 'bite.sol']
2,['join.sol', 'frob.sol', 'flip.t.sol', 'move.sol', 'flop.t.sol', 'heal.sol', 'drip.t.sol', 'flap.sol', 'frob.t.sol', 'tune.sol']
1,['join.sol', 'frob.sol', 'flip.t.sol', 'move.sol', 'flop.t.sol', 'heal.sol', 'drip.t.sol', 'flap.sol', 'frob.t.sol', 'bite.sol']
3,['join.sol', 'frob.sol', 'flip.t.sol', 'move.sol', 'flop.t.sol', 'heal.sol', 'drip.t.sol', 'flap.sol', 'tune.sol', 'bite.sol']
1,['join.sol', 'frob.sol', 'flip.t.sol', 'move.sol', 'flop.t.sol', 'heal.sol', 'drip.t.sol', 'drip.sol', 'frob.t.sol', 'tune.sol']
1,['join.sol', 'frob.sol', 'flip.t.sol', 'move.sol', 'flop.t.sol', 'heal.sol', 'drip.t.sol', 'drip.sol', 'frob.t.sol', 'bite.sol']
2,['join.sol', 'frob.sol', 'flip.t.sol', 'move.sol', 'flop.t.sol', 'heal.sol', 'drip.t.sol', 'drip.sol', 'tune.sol', 'bite.sol']
1,['join.sol', 'frob.sol', 'flip.t.sol', 'move.sol', 'flop.t.sol', 'heal.sol', 'drip.t.sol', 'frob.t.sol', 'tune.sol', 'bite.sol']
2,['join.sol', 'frob.sol', 'flip.t.sol', 'move.sol', 'flop.t.sol', 'heal.sol', 'heal.t.sol', 'flap.sol', 'drip.sol', 'frob.t.sol']
2,['join.sol', 'frob.sol', 'flip.t.sol', 'move.sol', 'flop.t.sol', 'heal.sol', 'heal.t.sol', 'flap.sol', 'drip.sol', 'tune.sol']
2,['join.sol', 'frob.sol', 'flip.t.sol', 'move.sol', 'flop.t.sol', 'heal.sol', 'heal.t.sol', 'flap.sol', 'drip.sol', 'bite.sol']
2,['join.sol', 'frob.sol', 'flip.t.sol', 'move.sol', 'flop.t.sol', 'heal.sol', 'heal.t.sol', 'flap.sol', 'frob.t.sol', 'tune.sol']
2,['join.sol', 'frob.sol', 'flip.t.sol', 'move.sol', 'flop.t.sol', 'heal.sol', 'heal.t.sol', 'flap.sol', 'frob.t.sol', 'bite.sol']
2,['join.sol', 'frob.sol', 'flip.t.sol', 'move.sol', 'flop.t.sol', 'heal.sol', 'heal.t.sol', 'flap.sol', 'tune.sol', 'bite.sol']
2,['join.sol', 'frob.sol', 'flip.t.sol', 'move.sol', 'flop.t.sol', 'heal.sol', 'heal.t.sol', 'drip.sol', 'frob.t.sol', 'tune.sol']
2,['join.sol', 'frob.sol', 'flip.t.sol', 'move.sol', 'flop.t.sol', 'heal.sol', 'heal.t.sol', 'drip.sol', 'frob.t.sol', 'bite.sol']
2,['join.sol', 'frob.sol', 'flip.t.sol', 'move.sol', 'flop.t.sol', 'heal.sol', 'heal.t.sol', 'drip.sol', 'tune.sol', 'bite.sol']
2,['join.sol', 'frob.sol', 'flip.t.sol', 'move.sol', 'flop.t.sol', 'heal.sol', 'heal.t.sol', 'frob.t.sol', 'tune.sol', 'bite.sol']
2,['join.sol', 'frob.sol', 'flip.t.sol', 'move.sol', 'flop.t.sol', 'heal.sol', 'flap.sol', 'drip.sol', 'frob.t.sol', 'tune.sol']
2,['join.sol', 'frob.sol', 'flip.t.sol', 'move.sol', 'flop.t.sol', 'heal.sol', 'flap.sol', 'drip.sol', 'frob.t.sol', 'bite.sol']
1,['join.sol', 'frob.sol', 'flip.t.sol', 'move.sol', 'flop.t.sol', 'heal.sol', 'flap.sol', 'drip.sol', 'tune.sol', 'bite.sol']
2,['join.sol', 'frob.sol', 'flip.t.sol', 'move.sol', 'flop.t.sol', 'heal.sol', 'flap.sol', 'frob.t.sol', 'tune.sol', 'bite.sol']
2,['join.sol', 'frob.sol', 'flip.t.sol', 'move.sol', 'flop.t.sol', 'heal.sol', 'drip.sol', 'frob.t.sol', 'tune.sol', 'bite.sol']
2,['join.sol', 'frob.sol', 'flip.t.sol', 'move.sol', 'flop.t.sol', 'drip.t.sol', 'heal.t.sol', 'flap.sol', 'drip.sol', 'frob.t.sol']
2,['join.sol', 'frob.sol', 'flip.t.sol', 'move.sol', 'flop.t.sol', 'drip.t.sol', 'heal.t.sol', 'flap.sol', 'drip.sol', 'tune.sol']
1,['join.sol', 'frob.sol', 'flip.t.sol', 'move.sol', 'flop.t.sol', 'drip.t.sol', 'heal.t.sol', 'flap.sol', 'drip.sol', 'bite.sol']
2,['join.sol', 'frob.sol', 'flip.t.sol', 'move.sol', 'flop.t.sol', 'drip.t.sol', 'heal.t.sol', 'flap.sol', 'frob.t.sol', 'tune.sol']
1,['join.sol', 'frob.sol', 'flip.t.sol', 'move.sol', 'flop.t.sol', 'drip.t.sol', 'heal.t.sol', 'flap.sol', 'frob.t.sol', 'bite.sol']
2,['join.sol', 'frob.sol', 'flip.t.sol', 'move.sol', 'flop.t.sol', 'drip.t.sol', 'heal.t.sol', 'flap.sol', 'tune.sol', 'bite.sol']
1,['join.sol', 'frob.sol', 'flip.t.sol', 'move.sol', 'flop.t.sol', 'drip.t.sol', 'heal.t.sol', 'drip.sol', 'frob.t.sol', 'tune.sol']
1,['join.sol', 'frob.sol', 'flip.t.sol', 'move.sol', 'flop.t.sol', 'drip.t.sol', 'heal.t.sol', 'drip.sol', 'frob.t.sol', 'bite.sol']
2,['join.sol', 'frob.sol', 'flip.t.sol', 'move.sol', 'flop.t.sol', 'drip.t.sol', 'heal.t.sol', 'drip.sol', 'tune.sol', 'bite.sol']
1,['join.sol', 'frob.sol', 'flip.t.sol', 'move.sol', 'flop.t.sol', 'drip.t.sol', 'heal.t.sol', 'frob.t.sol', 'tune.sol', 'bite.sol']
2,['join.sol', 'frob.sol', 'flip.t.sol', 'move.sol', 'flop.t.sol', 'drip.t.sol', 'flap.sol', 'drip.sol', 'frob.t.sol', 'tune.sol']
2,['join.sol', 'frob.sol', 'flip.t.sol', 'move.sol', 'flop.t.sol', 'drip.t.sol', 'flap.sol', 'drip.sol', 'frob.t.sol', 'bite.sol']
3,['join.sol', 'frob.sol', 'flip.t.sol', 'move.sol', 'flop.t.sol', 'drip.t.sol', 'flap.sol', 'drip.sol', 'tune.sol', 'bite.sol']
2,['join.sol', 'frob.sol', 'flip.t.sol', 'move.sol', 'flop.t.sol', 'drip.t.sol', 'flap.sol', 'frob.t.sol', 'tune.sol', 'bite.sol']
2,['join.sol', 'frob.sol', 'flip.t.sol', 'move.sol', 'flop.t.sol', 'drip.t.sol', 'drip.sol', 'frob.t.sol', 'tune.sol', 'bite.sol']
2,['join.sol', 'frob.sol', 'flip.t.sol', 'move.sol', 'flop.t.sol', 'heal.t.sol', 'flap.sol', 'drip.sol', 'frob.t.sol', 'tune.sol']
2,['join.sol', 'frob.sol', 'flip.t.sol', 'move.sol', 'flop.t.sol', 'heal.t.sol', 'flap.sol', 'drip.sol', 'frob.t.sol', 'bite.sol']
2,['join.sol', 'frob.sol', 'flip.t.sol', 'move.sol', 'flop.t.sol', 'heal.t.sol', 'flap.sol', 'drip.sol', 'tune.sol', 'bite.sol']
2,['join.sol', 'frob.sol', 'flip.t.sol', 'move.sol', 'flop.t.sol', 'heal.t.sol', 'flap.sol', 'frob.t.sol', 'tune.sol', 'bite.sol']
2,['join.sol', 'frob.sol', 'flip.t.sol', 'move.sol', 'flop.t.sol', 'heal.t.sol', 'drip.sol', 'frob.t.sol', 'tune.sol', 'bite.sol']
2,['join.sol', 'frob.sol', 'flip.t.sol', 'move.sol', 'flop.t.sol', 'flap.sol', 'drip.sol', 'frob.t.sol', 'tune.sol', 'bite.sol']
1,['join.sol', 'frob.sol', 'flip.t.sol', 'move.sol', 'flap.t.sol', 'heal.sol', 'drip.t.sol', 'heal.t.sol', 'flap.sol', 'drip.sol']
2,['join.sol', 'frob.sol', 'flip.t.sol', 'move.sol', 'flap.t.sol', 'heal.sol', 'drip.t.sol', 'heal.t.sol', 'flap.sol', 'frob.t.sol']
1,['join.sol', 'frob.sol', 'flip.t.sol', 'move.sol', 'flap.t.sol', 'heal.sol', 'drip.t.sol', 'heal.t.sol', 'flap.sol', 'tune.sol']
1,['join.sol', 'frob.sol', 'flip.t.sol', 'move.sol', 'flap.t.sol', 'heal.sol', 'drip.t.sol', 'heal.t.sol', 'flap.sol', 'bite.sol']
2,['join.sol', 'frob.sol', 'flip.t.sol', 'move.sol', 'flap.t.sol', 'heal.sol', 'drip.t.sol', 'heal.t.sol', 'drip.sol', 'frob.t.sol']
1,['join.sol', 'frob.sol', 'flip.t.sol', 'move.sol', 'flap.t.sol', 'heal.sol', 'drip.t.sol', 'heal.t.sol', 'drip.sol', 'tune.sol']
1,['join.sol', 'frob.sol', 'flip.t.sol', 'move.sol', 'flap.t.sol', 'heal.sol', 'drip.t.sol', 'heal.t.sol', 'drip.sol', 'bite.sol']
1,['join.sol', 'frob.sol', 'flip.t.sol', 'move.sol', 'flap.t.sol', 'heal.sol', 'drip.t.sol', 'heal.t.sol', 'frob.t.sol', 'tune.sol']
1,['join.sol', 'frob.sol', 'flip.t.sol', 'move.sol', 'flap.t.sol', 'heal.sol', 'drip.t.sol', 'heal.t.sol', 'frob.t.sol', 'bite.sol']
1,['join.sol', 'frob.sol', 'flip.t.sol', 'move.sol', 'flap.t.sol', 'heal.sol', 'drip.t.sol', 'heal.t.sol', 'tune.sol', 'bite.sol']
2,['join.sol', 'frob.sol', 'flip.t.sol', 'move.sol', 'flap.t.sol', 'heal.sol', 'drip.t.sol', 'flap.sol', 'drip.sol', 'frob.t.sol']
3,['join.sol', 'frob.sol', 'flip.t.sol', 'move.sol', 'flap.t.sol', 'heal.sol', 'drip.t.sol', 'flap.sol', 'drip.sol', 'tune.sol']
1,['join.sol', 'frob.sol', 'flip.t.sol', 'move.sol', 'flap.t.sol', 'heal.sol', 'drip.t.sol', 'flap.sol', 'drip.sol', 'bite.sol']
2,['join.sol', 'frob.sol', 'flip.t.sol', 'move.sol', 'flap.t.sol', 'heal.sol', 'drip.t.sol', 'flap.sol', 'frob.t.sol', 'tune.sol']
1,['join.sol', 'frob.sol', 'flip.t.sol', 'move.sol', 'flap.t.sol', 'heal.sol', 'drip.t.sol', 'flap.sol', 'frob.t.sol', 'bite.sol']
3,['join.sol', 'frob.sol', 'flip.t.sol', 'move.sol', 'flap.t.sol', 'heal.sol', 'drip.t.sol', 'flap.sol', 'tune.sol', 'bite.sol']
1,['join.sol', 'frob.sol', 'flip.t.sol', 'move.sol', 'flap.t.sol', 'heal.sol', 'drip.t.sol', 'drip.sol', 'frob.t.sol', 'tune.sol']
1,['join.sol', 'frob.sol', 'flip.t.sol', 'move.sol', 'flap.t.sol', 'heal.sol', 'drip.t.sol', 'drip.sol', 'frob.t.sol', 'bite.sol']
2,['join.sol', 'frob.sol', 'flip.t.sol', 'move.sol', 'flap.t.sol', 'heal.sol', 'drip.t.sol', 'drip.sol', 'tune.sol', 'bite.sol']
1,['join.sol', 'frob.sol', 'flip.t.sol', 'move.sol', 'flap.t.sol', 'heal.sol', 'drip.t.sol', 'frob.t.sol', 'tune.sol', 'bite.sol']
2,['join.sol', 'frob.sol', 'flip.t.sol', 'move.sol', 'flap.t.sol', 'heal.sol', 'heal.t.sol', 'flap.sol', 'drip.sol', 'frob.t.sol']
2,['join.sol', 'frob.sol', 'flip.t.sol', 'move.sol', 'flap.t.sol', 'heal.sol', 'heal.t.sol', 'flap.sol', 'drip.sol', 'tune.sol']
2,['join.sol', 'frob.sol', 'flip.t.sol', 'move.sol', 'flap.t.sol', 'heal.sol', 'heal.t.sol', 'flap.sol', 'drip.sol', 'bite.sol']
2,['join.sol', 'frob.sol', 'flip.t.sol', 'move.sol', 'flap.t.sol', 'heal.sol', 'heal.t.sol', 'flap.sol', 'frob.t.sol', 'tune.sol']
2,['join.sol', 'frob.sol', 'flip.t.sol', 'move.sol', 'flap.t.sol', 'heal.sol', 'heal.t.sol', 'flap.sol', 'frob.t.sol', 'bite.sol']
2,['join.sol', 'frob.sol', 'flip.t.sol', 'move.sol', 'flap.t.sol', 'heal.sol', 'heal.t.sol', 'flap.sol', 'tune.sol', 'bite.sol']
2,['join.sol', 'frob.sol', 'flip.t.sol', 'move.sol', 'flap.t.sol', 'heal.sol', 'heal.t.sol', 'drip.sol', 'frob.t.sol', 'tune.sol']
2,['join.sol', 'frob.sol', 'flip.t.sol', 'move.sol', 'flap.t.sol', 'heal.sol', 'heal.t.sol', 'drip.sol', 'frob.t.sol', 'bite.sol']
2,['join.sol', 'frob.sol', 'flip.t.sol', 'move.sol', 'flap.t.sol', 'heal.sol', 'heal.t.sol', 'drip.sol', 'tune.sol', 'bite.sol']
2,['join.sol', 'frob.sol', 'flip.t.sol', 'move.sol', 'flap.t.sol', 'heal.sol', 'heal.t.sol', 'frob.t.sol', 'tune.sol', 'bite.sol']
2,['join.sol', 'frob.sol', 'flip.t.sol', 'move.sol', 'flap.t.sol', 'heal.sol', 'flap.sol', 'drip.sol', 'frob.t.sol', 'tune.sol']
2,['join.sol', 'frob.sol', 'flip.t.sol', 'move.sol', 'flap.t.sol', 'heal.sol', 'flap.sol', 'drip.sol', 'frob.t.sol', 'bite.sol']
1,['join.sol', 'frob.sol', 'flip.t.sol', 'move.sol', 'flap.t.sol', 'heal.sol', 'flap.sol', 'drip.sol', 'tune.sol', 'bite.sol']
2,['join.sol', 'frob.sol', 'flip.t.sol', 'move.sol', 'flap.t.sol', 'heal.sol', 'flap.sol', 'frob.t.sol', 'tune.sol', 'bite.sol']
2,['join.sol', 'frob.sol', 'flip.t.sol', 'move.sol', 'flap.t.sol', 'heal.sol', 'drip.sol', 'frob.t.sol', 'tune.sol', 'bite.sol']
2,['join.sol', 'frob.sol', 'flip.t.sol', 'move.sol', 'flap.t.sol', 'drip.t.sol', 'heal.t.sol', 'flap.sol', 'drip.sol', 'frob.t.sol']
2,['join.sol', 'frob.sol', 'flip.t.sol', 'move.sol', 'flap.t.sol', 'drip.t.sol', 'heal.t.sol', 'flap.sol', 'drip.sol', 'tune.sol']
1,['join.sol', 'frob.sol', 'flip.t.sol', 'move.sol', 'flap.t.sol', 'drip.t.sol', 'heal.t.sol', 'flap.sol', 'drip.sol', 'bite.sol']
2,['join.sol', 'frob.sol', 'flip.t.sol', 'move.sol', 'flap.t.sol', 'drip.t.sol', 'heal.t.sol', 'flap.sol', 'frob.t.sol', 'tune.sol']
2,['join.sol', 'frob.sol', 'flip.t.sol', 'move.sol', 'flap.t.sol', 'drip.t.sol', 'heal.t.sol', 'flap.sol', 'frob.t.sol', 'bite.sol']
2,['join.sol', 'frob.sol', 'flip.t.sol', 'move.sol', 'flap.t.sol', 'drip.t.sol', 'heal.t.sol', 'flap.sol', 'tune.sol', 'bite.sol']
1,['join.sol', 'frob.sol', 'flip.t.sol', 'move.sol', 'flap.t.sol', 'drip.t.sol', 'heal.t.sol', 'drip.sol', 'frob.t.sol', 'tune.sol']
1,['join.sol', 'frob.sol', 'flip.t.sol', 'move.sol', 'flap.t.sol', 'drip.t.sol', 'heal.t.sol', 'drip.sol', 'frob.t.sol', 'bite.sol']
2,['join.sol', 'frob.sol', 'flip.t.sol', 'move.sol', 'flap.t.sol', 'drip.t.sol', 'heal.t.sol', 'drip.sol', 'tune.sol', 'bite.sol']
1,['join.sol', 'frob.sol', 'flip.t.sol', 'move.sol', 'flap.t.sol', 'drip.t.sol', 'heal.t.sol', 'frob.t.sol', 'tune.sol', 'bite.sol']
2,['join.sol', 'frob.sol', 'flip.t.sol', 'move.sol', 'flap.t.sol', 'drip.t.sol', 'flap.sol', 'drip.sol', 'frob.t.sol', 'tune.sol']
2,['join.sol', 'frob.sol', 'flip.t.sol', 'move.sol', 'flap.t.sol', 'drip.t.sol', 'flap.sol', 'drip.sol', 'frob.t.sol', 'bite.sol']
3,['join.sol', 'frob.sol', 'flip.t.sol', 'move.sol', 'flap.t.sol', 'drip.t.sol', 'flap.sol', 'drip.sol', 'tune.sol', 'bite.sol']
2,['join.sol', 'frob.sol', 'flip.t.sol', 'move.sol', 'flap.t.sol', 'drip.t.sol', 'flap.sol', 'frob.t.sol', 'tune.sol', 'bite.sol']
2,['join.sol', 'frob.sol', 'flip.t.sol', 'move.sol', 'flap.t.sol', 'drip.t.sol', 'drip.sol', 'frob.t.sol', 'tune.sol', 'bite.sol']
2,['join.sol', 'frob.sol', 'flip.t.sol', 'move.sol', 'flap.t.sol', 'heal.t.sol', 'flap.sol', 'drip.sol', 'frob.t.sol', 'tune.sol']
2,['join.sol', 'frob.sol', 'flip.t.sol', 'move.sol', 'flap.t.sol', 'heal.t.sol', 'flap.sol', 'drip.sol', 'frob.t.sol', 'bite.sol']
2,['join.sol', 'frob.sol', 'flip.t.sol', 'move.sol', 'flap.t.sol', 'heal.t.sol', 'flap.sol', 'drip.sol', 'tune.sol', 'bite.sol']
2,['join.sol', 'frob.sol', 'flip.t.sol', 'move.sol', 'flap.t.sol', 'heal.t.sol', 'flap.sol', 'frob.t.sol', 'tune.sol', 'bite.sol']
2,['join.sol', 'frob.sol', 'flip.t.sol', 'move.sol', 'flap.t.sol', 'heal.t.sol', 'drip.sol', 'frob.t.sol', 'tune.sol', 'bite.sol']
2,['join.sol', 'frob.sol', 'flip.t.sol', 'move.sol', 'flap.t.sol', 'flap.sol', 'drip.sol', 'frob.t.sol', 'tune.sol', 'bite.sol']
2,['join.sol', 'frob.sol', 'flip.t.sol', 'move.sol', 'heal.sol', 'drip.t.sol', 'heal.t.sol', 'flap.sol', 'drip.sol', 'frob.t.sol']
1,['join.sol', 'frob.sol', 'flip.t.sol', 'move.sol', 'heal.sol', 'drip.t.sol', 'heal.t.sol', 'flap.sol', 'drip.sol', 'tune.sol']
1,['join.sol', 'frob.sol', 'flip.t.sol', 'move.sol', 'heal.sol', 'drip.t.sol', 'heal.t.sol', 'flap.sol', 'drip.sol', 'bite.sol']
1,['join.sol', 'frob.sol', 'flip.t.sol', 'move.sol', 'heal.sol', 'drip.t.sol', 'heal.t.sol', 'flap.sol', 'frob.t.sol', 'tune.sol']
1,['join.sol', 'frob.sol', 'flip.t.sol', 'move.sol', 'heal.sol', 'drip.t.sol', 'heal.t.sol', 'flap.sol', 'frob.t.sol', 'bite.sol']
1,['join.sol', 'frob.sol', 'flip.t.sol', 'move.sol', 'heal.sol', 'drip.t.sol', 'heal.t.sol', 'flap.sol', 'tune.sol', 'bite.sol']
1,['join.sol', 'frob.sol', 'flip.t.sol', 'move.sol', 'heal.sol', 'drip.t.sol', 'heal.t.sol', 'drip.sol', 'frob.t.sol', 'tune.sol']
1,['join.sol', 'frob.sol', 'flip.t.sol', 'move.sol', 'heal.sol', 'drip.t.sol', 'heal.t.sol', 'drip.sol', 'frob.t.sol', 'bite.sol']
1,['join.sol', 'frob.sol', 'flip.t.sol', 'move.sol', 'heal.sol', 'drip.t.sol', 'heal.t.sol', 'drip.sol', 'tune.sol', 'bite.sol']
1,['join.sol', 'frob.sol', 'flip.t.sol', 'move.sol', 'heal.sol', 'drip.t.sol', 'heal.t.sol', 'frob.t.sol', 'tune.sol', 'bite.sol']
1,['join.sol', 'frob.sol', 'flip.t.sol', 'move.sol', 'heal.sol', 'drip.t.sol', 'flap.sol', 'drip.sol', 'frob.t.sol', 'tune.sol']
1,['join.sol', 'frob.sol', 'flip.t.sol', 'move.sol', 'heal.sol', 'drip.t.sol', 'flap.sol', 'drip.sol', 'frob.t.sol', 'bite.sol']
3,['join.sol', 'frob.sol', 'flip.t.sol', 'move.sol', 'heal.sol', 'drip.t.sol', 'flap.sol', 'drip.sol', 'tune.sol', 'bite.sol']
1,['join.sol', 'frob.sol', 'flip.t.sol', 'move.sol', 'heal.sol', 'drip.t.sol', 'flap.sol', 'frob.t.sol', 'tune.sol', 'bite.sol']
1,['join.sol', 'frob.sol', 'flip.t.sol', 'move.sol', 'heal.sol', 'drip.t.sol', 'drip.sol', 'frob.t.sol', 'tune.sol', 'bite.sol']
2,['join.sol', 'frob.sol', 'flip.t.sol', 'move.sol', 'heal.sol', 'heal.t.sol', 'flap.sol', 'drip.sol', 'frob.t.sol', 'tune.sol']
2,['join.sol', 'frob.sol', 'flip.t.sol', 'move.sol', 'heal.sol', 'heal.t.sol', 'flap.sol', 'drip.sol', 'frob.t.sol', 'bite.sol']
2,['join.sol', 'frob.sol', 'flip.t.sol', 'move.sol', 'heal.sol', 'heal.t.sol', 'flap.sol', 'drip.sol', 'tune.sol', 'bite.sol']
2,['join.sol', 'frob.sol', 'flip.t.sol', 'move.sol', 'heal.sol', 'heal.t.sol', 'flap.sol', 'frob.t.sol', 'tune.sol', 'bite.sol']
2,['join.sol', 'frob.sol', 'flip.t.sol', 'move.sol', 'heal.sol', 'heal.t.sol', 'drip.sol', 'frob.t.sol', 'tune.sol', 'bite.sol']
2,['join.sol', 'frob.sol', 'flip.t.sol', 'move.sol', 'heal.sol', 'flap.sol', 'drip.sol', 'frob.t.sol', 'tune.sol', 'bite.sol']
1,['join.sol', 'frob.sol', 'flip.t.sol', 'move.sol', 'drip.t.sol', 'heal.t.sol', 'flap.sol', 'drip.sol', 'frob.t.sol', 'tune.sol']
1,['join.sol', 'frob.sol', 'flip.t.sol', 'move.sol', 'drip.t.sol', 'heal.t.sol', 'flap.sol', 'drip.sol', 'frob.t.sol', 'bite.sol']
2,['join.sol', 'frob.sol', 'flip.t.sol', 'move.sol', 'drip.t.sol', 'heal.t.sol', 'flap.sol', 'drip.sol', 'tune.sol', 'bite.sol']
1,['join.sol', 'frob.sol', 'flip.t.sol', 'move.sol', 'drip.t.sol', 'heal.t.sol', 'flap.sol', 'frob.t.sol', 'tune.sol', 'bite.sol']
1,['join.sol', 'frob.sol', 'flip.t.sol', 'move.sol', 'drip.t.sol', 'heal.t.sol', 'drip.sol', 'frob.t.sol', 'tune.sol', 'bite.sol']
2,['join.sol', 'frob.sol', 'flip.t.sol', 'move.sol', 'drip.t.sol', 'flap.sol', 'drip.sol', 'frob.t.sol', 'tune.sol', 'bite.sol']
2,['join.sol', 'frob.sol', 'flip.t.sol', 'move.sol', 'heal.t.sol', 'flap.sol', 'drip.sol', 'frob.t.sol', 'tune.sol', 'bite.sol']
1,['join.sol', 'frob.sol', 'flip.t.sol', 'flop.t.sol', 'flap.t.sol', 'heal.sol', 'drip.t.sol', 'heal.t.sol', 'flap.sol', 'drip.sol']
2,['join.sol', 'frob.sol', 'flip.t.sol', 'flop.t.sol', 'flap.t.sol', 'heal.sol', 'drip.t.sol', 'heal.t.sol', 'flap.sol', 'frob.t.sol']
1,['join.sol', 'frob.sol', 'flip.t.sol', 'flop.t.sol', 'flap.t.sol', 'heal.sol', 'drip.t.sol', 'heal.t.sol', 'flap.sol', 'tune.sol']
1,['join.sol', 'frob.sol', 'flip.t.sol', 'flop.t.sol', 'flap.t.sol', 'heal.sol', 'drip.t.sol', 'heal.t.sol', 'flap.sol', 'bite.sol']
2,['join.sol', 'frob.sol', 'flip.t.sol', 'flop.t.sol', 'flap.t.sol', 'heal.sol', 'drip.t.sol', 'heal.t.sol', 'drip.sol', 'frob.t.sol']
1,['join.sol', 'frob.sol', 'flip.t.sol', 'flop.t.sol', 'flap.t.sol', 'heal.sol', 'drip.t.sol', 'heal.t.sol', 'drip.sol', 'tune.sol']
1,['join.sol', 'frob.sol', 'flip.t.sol', 'flop.t.sol', 'flap.t.sol', 'heal.sol', 'drip.t.sol', 'heal.t.sol', 'drip.sol', 'bite.sol']
1,['join.sol', 'frob.sol', 'flip.t.sol', 'flop.t.sol', 'flap.t.sol', 'heal.sol', 'drip.t.sol', 'heal.t.sol', 'frob.t.sol', 'tune.sol']
1,['join.sol', 'frob.sol', 'flip.t.sol', 'flop.t.sol', 'flap.t.sol', 'heal.sol', 'drip.t.sol', 'heal.t.sol', 'frob.t.sol', 'bite.sol']
1,['join.sol', 'frob.sol', 'flip.t.sol', 'flop.t.sol', 'flap.t.sol', 'heal.sol', 'drip.t.sol', 'heal.t.sol', 'tune.sol', 'bite.sol']
2,['join.sol', 'frob.sol', 'flip.t.sol', 'flop.t.sol', 'flap.t.sol', 'heal.sol', 'drip.t.sol', 'flap.sol', 'drip.sol', 'frob.t.sol']
1,['join.sol', 'frob.sol', 'flip.t.sol', 'flop.t.sol', 'flap.t.sol', 'heal.sol', 'drip.t.sol', 'flap.sol', 'drip.sol', 'tune.sol']
1,['join.sol', 'frob.sol', 'flip.t.sol', 'flop.t.sol', 'flap.t.sol', 'heal.sol', 'drip.t.sol', 'flap.sol', 'drip.sol', 'bite.sol']
2,['join.sol', 'frob.sol', 'flip.t.sol', 'flop.t.sol', 'flap.t.sol', 'heal.sol', 'drip.t.sol', 'flap.sol', 'frob.t.sol', 'tune.sol']
1,['join.sol', 'frob.sol', 'flip.t.sol', 'flop.t.sol', 'flap.t.sol', 'heal.sol', 'drip.t.sol', 'flap.sol', 'frob.t.sol', 'bite.sol']
1,['join.sol', 'frob.sol', 'flip.t.sol', 'flop.t.sol', 'flap.t.sol', 'heal.sol', 'drip.t.sol', 'flap.sol', 'tune.sol', 'bite.sol']
1,['join.sol', 'frob.sol', 'flip.t.sol', 'flop.t.sol', 'flap.t.sol', 'heal.sol', 'drip.t.sol', 'drip.sol', 'frob.t.sol', 'tune.sol']
1,['join.sol', 'frob.sol', 'flip.t.sol', 'flop.t.sol', 'flap.t.sol', 'heal.sol', 'drip.t.sol', 'drip.sol', 'frob.t.sol', 'bite.sol']
2,['join.sol', 'frob.sol', 'flip.t.sol', 'flop.t.sol', 'flap.t.sol', 'heal.sol', 'drip.t.sol', 'drip.sol', 'tune.sol', 'bite.sol']
1,['join.sol', 'frob.sol', 'flip.t.sol', 'flop.t.sol', 'flap.t.sol', 'heal.sol', 'drip.t.sol', 'frob.t.sol', 'tune.sol', 'bite.sol']
2,['join.sol', 'frob.sol', 'flip.t.sol', 'flop.t.sol', 'flap.t.sol', 'heal.sol', 'heal.t.sol', 'flap.sol', 'drip.sol', 'frob.t.sol']
2,['join.sol', 'frob.sol', 'flip.t.sol', 'flop.t.sol', 'flap.t.sol', 'heal.sol', 'heal.t.sol', 'flap.sol', 'drip.sol', 'tune.sol']
2,['join.sol', 'frob.sol', 'flip.t.sol', 'flop.t.sol', 'flap.t.sol', 'heal.sol', 'heal.t.sol', 'flap.sol', 'drip.sol', 'bite.sol']
2,['join.sol', 'frob.sol', 'flip.t.sol', 'flop.t.sol', 'flap.t.sol', 'heal.sol', 'heal.t.sol', 'flap.sol', 'frob.t.sol', 'tune.sol']
2,['join.sol', 'frob.sol', 'flip.t.sol', 'flop.t.sol', 'flap.t.sol', 'heal.sol', 'heal.t.sol', 'flap.sol', 'frob.t.sol', 'bite.sol']
2,['join.sol', 'frob.sol', 'flip.t.sol', 'flop.t.sol', 'flap.t.sol', 'heal.sol', 'heal.t.sol', 'flap.sol', 'tune.sol', 'bite.sol']
2,['join.sol', 'frob.sol', 'flip.t.sol', 'flop.t.sol', 'flap.t.sol', 'heal.sol', 'heal.t.sol', 'drip.sol', 'frob.t.sol', 'tune.sol']
2,['join.sol', 'frob.sol', 'flip.t.sol', 'flop.t.sol', 'flap.t.sol', 'heal.sol', 'heal.t.sol', 'drip.sol', 'frob.t.sol', 'bite.sol']
2,['join.sol', 'frob.sol', 'flip.t.sol', 'flop.t.sol', 'flap.t.sol', 'heal.sol', 'heal.t.sol', 'drip.sol', 'tune.sol', 'bite.sol']
2,['join.sol', 'frob.sol', 'flip.t.sol', 'flop.t.sol', 'flap.t.sol', 'heal.sol', 'heal.t.sol', 'frob.t.sol', 'tune.sol', 'bite.sol']
2,['join.sol', 'frob.sol', 'flip.t.sol', 'flop.t.sol', 'flap.t.sol', 'heal.sol', 'flap.sol', 'drip.sol', 'frob.t.sol', 'tune.sol']
2,['join.sol', 'frob.sol', 'flip.t.sol', 'flop.t.sol', 'flap.t.sol', 'heal.sol', 'flap.sol', 'drip.sol', 'frob.t.sol', 'bite.sol']
1,['join.sol', 'frob.sol', 'flip.t.sol', 'flop.t.sol', 'flap.t.sol', 'heal.sol', 'flap.sol', 'drip.sol', 'tune.sol', 'bite.sol']
2,['join.sol', 'frob.sol', 'flip.t.sol', 'flop.t.sol', 'flap.t.sol', 'heal.sol', 'flap.sol', 'frob.t.sol', 'tune.sol', 'bite.sol']
2,['join.sol', 'frob.sol', 'flip.t.sol', 'flop.t.sol', 'flap.t.sol', 'heal.sol', 'drip.sol', 'frob.t.sol', 'tune.sol', 'bite.sol']
2,['join.sol', 'frob.sol', 'flip.t.sol', 'flop.t.sol', 'flap.t.sol', 'drip.t.sol', 'heal.t.sol', 'flap.sol', 'drip.sol', 'frob.t.sol']
2,['join.sol', 'frob.sol', 'flip.t.sol', 'flop.t.sol', 'flap.t.sol', 'drip.t.sol', 'heal.t.sol', 'flap.sol', 'drip.sol', 'tune.sol']
1,['join.sol', 'frob.sol', 'flip.t.sol', 'flop.t.sol', 'flap.t.sol', 'drip.t.sol', 'heal.t.sol', 'flap.sol', 'drip.sol', 'bite.sol']
2,['join.sol', 'frob.sol', 'flip.t.sol', 'flop.t.sol', 'flap.t.sol', 'drip.t.sol', 'heal.t.sol', 'flap.sol', 'frob.t.sol', 'tune.sol']
1,['join.sol', 'frob.sol', 'flip.t.sol', 'flop.t.sol', 'flap.t.sol', 'drip.t.sol', 'heal.t.sol', 'flap.sol', 'frob.t.sol', 'bite.sol']
2,['join.sol', 'frob.sol', 'flip.t.sol', 'flop.t.sol', 'flap.t.sol', 'drip.t.sol', 'heal.t.sol', 'flap.sol', 'tune.sol', 'bite.sol']
1,['join.sol', 'frob.sol', 'flip.t.sol', 'flop.t.sol', 'flap.t.sol', 'drip.t.sol', 'heal.t.sol', 'drip.sol', 'frob.t.sol', 'tune.sol']
1,['join.sol', 'frob.sol', 'flip.t.sol', 'flop.t.sol', 'flap.t.sol', 'drip.t.sol', 'heal.t.sol', 'drip.sol', 'frob.t.sol', 'bite.sol']
2,['join.sol', 'frob.sol', 'flip.t.sol', 'flop.t.sol', 'flap.t.sol', 'drip.t.sol', 'heal.t.sol', 'drip.sol', 'tune.sol', 'bite.sol']
1,['join.sol', 'frob.sol', 'flip.t.sol', 'flop.t.sol', 'flap.t.sol', 'drip.t.sol', 'heal.t.sol', 'frob.t.sol', 'tune.sol', 'bite.sol']
2,['join.sol', 'frob.sol', 'flip.t.sol', 'flop.t.sol', 'flap.t.sol', 'drip.t.sol', 'flap.sol', 'drip.sol', 'frob.t.sol', 'tune.sol']
2,['join.sol', 'frob.sol', 'flip.t.sol', 'flop.t.sol', 'flap.t.sol', 'drip.t.sol', 'flap.sol', 'drip.sol', 'frob.t.sol', 'bite.sol']
1,['join.sol', 'frob.sol', 'flip.t.sol', 'flop.t.sol', 'flap.t.sol', 'drip.t.sol', 'flap.sol', 'drip.sol', 'tune.sol', 'bite.sol']
2,['join.sol', 'frob.sol', 'flip.t.sol', 'flop.t.sol', 'flap.t.sol', 'drip.t.sol', 'flap.sol', 'frob.t.sol', 'tune.sol', 'bite.sol']
2,['join.sol', 'frob.sol', 'flip.t.sol', 'flop.t.sol', 'flap.t.sol', 'drip.t.sol', 'drip.sol', 'frob.t.sol', 'tune.sol', 'bite.sol']
2,['join.sol', 'frob.sol', 'flip.t.sol', 'flop.t.sol', 'flap.t.sol', 'heal.t.sol', 'flap.sol', 'drip.sol', 'frob.t.sol', 'tune.sol']
2,['join.sol', 'frob.sol', 'flip.t.sol', 'flop.t.sol', 'flap.t.sol', 'heal.t.sol', 'flap.sol', 'drip.sol', 'frob.t.sol', 'bite.sol']
2,['join.sol', 'frob.sol', 'flip.t.sol', 'flop.t.sol', 'flap.t.sol', 'heal.t.sol', 'flap.sol', 'drip.sol', 'tune.sol', 'bite.sol']
2,['join.sol', 'frob.sol', 'flip.t.sol', 'flop.t.sol', 'flap.t.sol', 'heal.t.sol', 'flap.sol', 'frob.t.sol', 'tune.sol', 'bite.sol']
2,['join.sol', 'frob.sol', 'flip.t.sol', 'flop.t.sol', 'flap.t.sol', 'heal.t.sol', 'drip.sol', 'frob.t.sol', 'tune.sol', 'bite.sol']
2,['join.sol', 'frob.sol', 'flip.t.sol', 'flop.t.sol', 'flap.t.sol', 'flap.sol', 'drip.sol', 'frob.t.sol', 'tune.sol', 'bite.sol']
2,['join.sol', 'frob.sol', 'flip.t.sol', 'flop.t.sol', 'heal.sol', 'drip.t.sol', 'heal.t.sol', 'flap.sol', 'drip.sol', 'frob.t.sol']
1,['join.sol', 'frob.sol', 'flip.t.sol', 'flop.t.sol', 'heal.sol', 'drip.t.sol', 'heal.t.sol', 'flap.sol', 'drip.sol', 'tune.sol']
1,['join.sol', 'frob.sol', 'flip.t.sol', 'flop.t.sol', 'heal.sol', 'drip.t.sol', 'heal.t.sol', 'flap.sol', 'drip.sol', 'bite.sol']
1,['join.sol', 'frob.sol', 'flip.t.sol', 'flop.t.sol', 'heal.sol', 'drip.t.sol', 'heal.t.sol', 'flap.sol', 'frob.t.sol', 'tune.sol']
1,['join.sol', 'frob.sol', 'flip.t.sol', 'flop.t.sol', 'heal.sol', 'drip.t.sol', 'heal.t.sol', 'flap.sol', 'frob.t.sol', 'bite.sol']
1,['join.sol', 'frob.sol', 'flip.t.sol', 'flop.t.sol', 'heal.sol', 'drip.t.sol', 'heal.t.sol', 'flap.sol', 'tune.sol', 'bite.sol']
1,['join.sol', 'frob.sol', 'flip.t.sol', 'flop.t.sol', 'heal.sol', 'drip.t.sol', 'heal.t.sol', 'drip.sol', 'frob.t.sol', 'tune.sol']
1,['join.sol', 'frob.sol', 'flip.t.sol', 'flop.t.sol', 'heal.sol', 'drip.t.sol', 'heal.t.sol', 'drip.sol', 'frob.t.sol', 'bite.sol']
1,['join.sol', 'frob.sol', 'flip.t.sol', 'flop.t.sol', 'heal.sol', 'drip.t.sol', 'heal.t.sol', 'drip.sol', 'tune.sol', 'bite.sol']
1,['join.sol', 'frob.sol', 'flip.t.sol', 'flop.t.sol', 'heal.sol', 'drip.t.sol', 'heal.t.sol', 'frob.t.sol', 'tune.sol', 'bite.sol']
1,['join.sol', 'frob.sol', 'flip.t.sol', 'flop.t.sol', 'heal.sol', 'drip.t.sol', 'flap.sol', 'drip.sol', 'frob.t.sol', 'tune.sol']
1,['join.sol', 'frob.sol', 'flip.t.sol', 'flop.t.sol', 'heal.sol', 'drip.t.sol', 'flap.sol', 'drip.sol', 'frob.t.sol', 'bite.sol']
2,['join.sol', 'frob.sol', 'flip.t.sol', 'flop.t.sol', 'heal.sol', 'drip.t.sol', 'flap.sol', 'drip.sol', 'tune.sol', 'bite.sol']
1,['join.sol', 'frob.sol', 'flip.t.sol', 'flop.t.sol', 'heal.sol', 'drip.t.sol', 'flap.sol', 'frob.t.sol', 'tune.sol', 'bite.sol']
1,['join.sol', 'frob.sol', 'flip.t.sol', 'flop.t.sol', 'heal.sol', 'drip.t.sol', 'drip.sol', 'frob.t.sol', 'tune.sol', 'bite.sol']
2,['join.sol', 'frob.sol', 'flip.t.sol', 'flop.t.sol', 'heal.sol', 'heal.t.sol', 'flap.sol', 'drip.sol', 'frob.t.sol', 'tune.sol']
2,['join.sol', 'frob.sol', 'flip.t.sol', 'flop.t.sol', 'heal.sol', 'heal.t.sol', 'flap.sol', 'drip.sol', 'frob.t.sol', 'bite.sol']
2,['join.sol', 'frob.sol', 'flip.t.sol', 'flop.t.sol', 'heal.sol', 'heal.t.sol', 'flap.sol', 'drip.sol', 'tune.sol', 'bite.sol']
2,['join.sol', 'frob.sol', 'flip.t.sol', 'flop.t.sol', 'heal.sol', 'heal.t.sol', 'flap.sol', 'frob.t.sol', 'tune.sol', 'bite.sol']
2,['join.sol', 'frob.sol', 'flip.t.sol', 'flop.t.sol', 'heal.sol', 'heal.t.sol', 'drip.sol', 'frob.t.sol', 'tune.sol', 'bite.sol']
2,['join.sol', 'frob.sol', 'flip.t.sol', 'flop.t.sol', 'heal.sol', 'flap.sol', 'drip.sol', 'frob.t.sol', 'tune.sol', 'bite.sol']
1,['join.sol', 'frob.sol', 'flip.t.sol', 'flop.t.sol', 'drip.t.sol', 'heal.t.sol', 'flap.sol', 'drip.sol', 'frob.t.sol', 'tune.sol']
1,['join.sol', 'frob.sol', 'flip.t.sol', 'flop.t.sol', 'drip.t.sol', 'heal.t.sol', 'flap.sol', 'drip.sol', 'frob.t.sol', 'bite.sol']
2,['join.sol', 'frob.sol', 'flip.t.sol', 'flop.t.sol', 'drip.t.sol', 'heal.t.sol', 'flap.sol', 'drip.sol', 'tune.sol', 'bite.sol']
1,['join.sol', 'frob.sol', 'flip.t.sol', 'flop.t.sol', 'drip.t.sol', 'heal.t.sol', 'flap.sol', 'frob.t.sol', 'tune.sol', 'bite.sol']
1,['join.sol', 'frob.sol', 'flip.t.sol', 'flop.t.sol', 'drip.t.sol', 'heal.t.sol', 'drip.sol', 'frob.t.sol', 'tune.sol', 'bite.sol']
2,['join.sol', 'frob.sol', 'flip.t.sol', 'flop.t.sol', 'drip.t.sol', 'flap.sol', 'drip.sol', 'frob.t.sol', 'tune.sol', 'bite.sol']
2,['join.sol', 'frob.sol', 'flip.t.sol', 'flop.t.sol', 'heal.t.sol', 'flap.sol', 'drip.sol', 'frob.t.sol', 'tune.sol', 'bite.sol']
2,['join.sol', 'frob.sol', 'flip.t.sol', 'flap.t.sol', 'heal.sol', 'drip.t.sol', 'heal.t.sol', 'flap.sol', 'drip.sol', 'frob.t.sol']
1,['join.sol', 'frob.sol', 'flip.t.sol', 'flap.t.sol', 'heal.sol', 'drip.t.sol', 'heal.t.sol', 'flap.sol', 'drip.sol', 'tune.sol']
1,['join.sol', 'frob.sol', 'flip.t.sol', 'flap.t.sol', 'heal.sol', 'drip.t.sol', 'heal.t.sol', 'flap.sol', 'drip.sol', 'bite.sol']
1,['join.sol', 'frob.sol', 'flip.t.sol', 'flap.t.sol', 'heal.sol', 'drip.t.sol', 'heal.t.sol', 'flap.sol', 'frob.t.sol', 'tune.sol']
1,['join.sol', 'frob.sol', 'flip.t.sol', 'flap.t.sol', 'heal.sol', 'drip.t.sol', 'heal.t.sol', 'flap.sol', 'frob.t.sol', 'bite.sol']
1,['join.sol', 'frob.sol', 'flip.t.sol', 'flap.t.sol', 'heal.sol', 'drip.t.sol', 'heal.t.sol', 'flap.sol', 'tune.sol', 'bite.sol']
1,['join.sol', 'frob.sol', 'flip.t.sol', 'flap.t.sol', 'heal.sol', 'drip.t.sol', 'heal.t.sol', 'drip.sol', 'frob.t.sol', 'tune.sol']
1,['join.sol', 'frob.sol', 'flip.t.sol', 'flap.t.sol', 'heal.sol', 'drip.t.sol', 'heal.t.sol', 'drip.sol', 'frob.t.sol', 'bite.sol']
1,['join.sol', 'frob.sol', 'flip.t.sol', 'flap.t.sol', 'heal.sol', 'drip.t.sol', 'heal.t.sol', 'drip.sol', 'tune.sol', 'bite.sol']
1,['join.sol', 'frob.sol', 'flip.t.sol', 'flap.t.sol', 'heal.sol', 'drip.t.sol', 'heal.t.sol', 'frob.t.sol', 'tune.sol', 'bite.sol']
1,['join.sol', 'frob.sol', 'flip.t.sol', 'flap.t.sol', 'heal.sol', 'drip.t.sol', 'flap.sol', 'drip.sol', 'frob.t.sol', 'tune.sol']
1,['join.sol', 'frob.sol', 'flip.t.sol', 'flap.t.sol', 'heal.sol', 'drip.t.sol', 'flap.sol', 'drip.sol', 'frob.t.sol', 'bite.sol']
2,['join.sol', 'frob.sol', 'flip.t.sol', 'flap.t.sol', 'heal.sol', 'drip.t.sol', 'flap.sol', 'drip.sol', 'tune.sol', 'bite.sol']
1,['join.sol', 'frob.sol', 'flip.t.sol', 'flap.t.sol', 'heal.sol', 'drip.t.sol', 'flap.sol', 'frob.t.sol', 'tune.sol', 'bite.sol']
1,['join.sol', 'frob.sol', 'flip.t.sol', 'flap.t.sol', 'heal.sol', 'drip.t.sol', 'drip.sol', 'frob.t.sol', 'tune.sol', 'bite.sol']
2,['join.sol', 'frob.sol', 'flip.t.sol', 'flap.t.sol', 'heal.sol', 'heal.t.sol', 'flap.sol', 'drip.sol', 'frob.t.sol', 'tune.sol']
2,['join.sol', 'frob.sol', 'flip.t.sol', 'flap.t.sol', 'heal.sol', 'heal.t.sol', 'flap.sol', 'drip.sol', 'frob.t.sol', 'bite.sol']
2,['join.sol', 'frob.sol', 'flip.t.sol', 'flap.t.sol', 'heal.sol', 'heal.t.sol', 'flap.sol', 'drip.sol', 'tune.sol', 'bite.sol']
2,['join.sol', 'frob.sol', 'flip.t.sol', 'flap.t.sol', 'heal.sol', 'heal.t.sol', 'flap.sol', 'frob.t.sol', 'tune.sol', 'bite.sol']
2,['join.sol', 'frob.sol', 'flip.t.sol', 'flap.t.sol', 'heal.sol', 'heal.t.sol', 'drip.sol', 'frob.t.sol', 'tune.sol', 'bite.sol']
2,['join.sol', 'frob.sol', 'flip.t.sol', 'flap.t.sol', 'heal.sol', 'flap.sol', 'drip.sol', 'frob.t.sol', 'tune.sol', 'bite.sol']
1,['join.sol', 'frob.sol', 'flip.t.sol', 'flap.t.sol', 'drip.t.sol', 'heal.t.sol', 'flap.sol', 'drip.sol', 'frob.t.sol', 'tune.sol']
1,['join.sol', 'frob.sol', 'flip.t.sol', 'flap.t.sol', 'drip.t.sol', 'heal.t.sol', 'flap.sol', 'drip.sol', 'frob.t.sol', 'bite.sol']
2,['join.sol', 'frob.sol', 'flip.t.sol', 'flap.t.sol', 'drip.t.sol', 'heal.t.sol', 'flap.sol', 'drip.sol', 'tune.sol', 'bite.sol']
1,['join.sol', 'frob.sol', 'flip.t.sol', 'flap.t.sol', 'drip.t.sol', 'heal.t.sol', 'flap.sol', 'frob.t.sol', 'tune.sol', 'bite.sol']
1,['join.sol', 'frob.sol', 'flip.t.sol', 'flap.t.sol', 'drip.t.sol', 'heal.t.sol', 'drip.sol', 'frob.t.sol', 'tune.sol', 'bite.sol']
2,['join.sol', 'frob.sol', 'flip.t.sol', 'flap.t.sol', 'drip.t.sol', 'flap.sol', 'drip.sol', 'frob.t.sol', 'tune.sol', 'bite.sol']
2,['join.sol', 'frob.sol', 'flip.t.sol', 'flap.t.sol', 'heal.t.sol', 'flap.sol', 'drip.sol', 'frob.t.sol', 'tune.sol', 'bite.sol']
1,['join.sol', 'frob.sol', 'flip.t.sol', 'heal.sol', 'drip.t.sol', 'heal.t.sol', 'flap.sol', 'drip.sol', 'frob.t.sol', 'tune.sol']
1,['join.sol', 'frob.sol', 'flip.t.sol', 'heal.sol', 'drip.t.sol', 'heal.t.sol', 'flap.sol', 'drip.sol', 'frob.t.sol', 'bite.sol']
1,['join.sol', 'frob.sol', 'flip.t.sol', 'heal.sol', 'drip.t.sol', 'heal.t.sol', 'flap.sol', 'drip.sol', 'tune.sol', 'bite.sol']
1,['join.sol', 'frob.sol', 'flip.t.sol', 'heal.sol', 'drip.t.sol', 'heal.t.sol', 'flap.sol', 'frob.t.sol', 'tune.sol', 'bite.sol']
1,['join.sol', 'frob.sol', 'flip.t.sol', 'heal.sol', 'drip.t.sol', 'heal.t.sol', 'drip.sol', 'frob.t.sol', 'tune.sol', 'bite.sol']
1,['join.sol', 'frob.sol', 'flip.t.sol', 'heal.sol', 'drip.t.sol', 'flap.sol', 'drip.sol', 'frob.t.sol', 'tune.sol', 'bite.sol']
2,['join.sol', 'frob.sol', 'flip.t.sol', 'heal.sol', 'heal.t.sol', 'flap.sol', 'drip.sol', 'frob.t.sol', 'tune.sol', 'bite.sol']
1,['join.sol', 'frob.sol', 'flip.t.sol', 'drip.t.sol', 'heal.t.sol', 'flap.sol', 'drip.sol', 'frob.t.sol', 'tune.sol', 'bite.sol']
1,['join.sol', 'frob.sol', 'move.sol', 'flop.t.sol', 'flap.t.sol', 'heal.sol', 'drip.t.sol', 'heal.t.sol', 'flap.sol', 'drip.sol']
2,['join.sol', 'frob.sol', 'move.sol', 'flop.t.sol', 'flap.t.sol', 'heal.sol', 'drip.t.sol', 'heal.t.sol', 'flap.sol', 'frob.t.sol']
1,['join.sol', 'frob.sol', 'move.sol', 'flop.t.sol', 'flap.t.sol', 'heal.sol', 'drip.t.sol', 'heal.t.sol', 'flap.sol', 'tune.sol']
1,['join.sol', 'frob.sol', 'move.sol', 'flop.t.sol', 'flap.t.sol', 'heal.sol', 'drip.t.sol', 'heal.t.sol', 'flap.sol', 'bite.sol']
2,['join.sol', 'frob.sol', 'move.sol', 'flop.t.sol', 'flap.t.sol', 'heal.sol', 'drip.t.sol', 'heal.t.sol', 'drip.sol', 'frob.t.sol']
1,['join.sol', 'frob.sol', 'move.sol', 'flop.t.sol', 'flap.t.sol', 'heal.sol', 'drip.t.sol', 'heal.t.sol', 'drip.sol', 'tune.sol']
1,['join.sol', 'frob.sol', 'move.sol', 'flop.t.sol', 'flap.t.sol', 'heal.sol', 'drip.t.sol', 'heal.t.sol', 'drip.sol', 'bite.sol']
1,['join.sol', 'frob.sol', 'move.sol', 'flop.t.sol', 'flap.t.sol', 'heal.sol', 'drip.t.sol', 'heal.t.sol', 'frob.t.sol', 'tune.sol']
2,['join.sol', 'frob.sol', 'move.sol', 'flop.t.sol', 'flap.t.sol', 'heal.sol', 'drip.t.sol', 'heal.t.sol', 'frob.t.sol', 'bite.sol']
1,['join.sol', 'frob.sol', 'move.sol', 'flop.t.sol', 'flap.t.sol', 'heal.sol', 'drip.t.sol', 'heal.t.sol', 'tune.sol', 'bite.sol']
2,['join.sol', 'frob.sol', 'move.sol', 'flop.t.sol', 'flap.t.sol', 'heal.sol', 'drip.t.sol', 'flap.sol', 'drip.sol', 'frob.t.sol']
3,['join.sol', 'frob.sol', 'move.sol', 'flop.t.sol', 'flap.t.sol', 'heal.sol', 'drip.t.sol', 'flap.sol', 'drip.sol', 'tune.sol']
2,['join.sol', 'frob.sol', 'move.sol', 'flop.t.sol', 'flap.t.sol', 'heal.sol', 'drip.t.sol', 'flap.sol', 'drip.sol', 'bite.sol']
1,['join.sol', 'frob.sol', 'move.sol', 'flop.t.sol', 'flap.t.sol', 'heal.sol', 'drip.t.sol', 'flap.sol', 'frob.t.sol', 'tune.sol']
1,['join.sol', 'frob.sol', 'move.sol', 'flop.t.sol', 'flap.t.sol', 'heal.sol', 'drip.t.sol', 'flap.sol', 'frob.t.sol', 'bite.sol']
3,['join.sol', 'frob.sol', 'move.sol', 'flop.t.sol', 'flap.t.sol', 'heal.sol', 'drip.t.sol', 'flap.sol', 'tune.sol', 'bite.sol']
1,['join.sol', 'frob.sol', 'move.sol', 'flop.t.sol', 'flap.t.sol', 'heal.sol', 'drip.t.sol', 'drip.sol', 'frob.t.sol', 'tune.sol']
1,['join.sol', 'frob.sol', 'move.sol', 'flop.t.sol', 'flap.t.sol', 'heal.sol', 'drip.t.sol', 'drip.sol', 'frob.t.sol', 'bite.sol']
1,['join.sol', 'frob.sol', 'move.sol', 'flop.t.sol', 'flap.t.sol', 'heal.sol', 'drip.t.sol', 'drip.sol', 'tune.sol', 'bite.sol']
1,['join.sol', 'frob.sol', 'move.sol', 'flop.t.sol', 'flap.t.sol', 'heal.sol', 'drip.t.sol', 'frob.t.sol', 'tune.sol', 'bite.sol']
2,['join.sol', 'frob.sol', 'move.sol', 'flop.t.sol', 'flap.t.sol', 'heal.sol', 'heal.t.sol', 'flap.sol', 'drip.sol', 'frob.t.sol']
2,['join.sol', 'frob.sol', 'move.sol', 'flop.t.sol', 'flap.t.sol', 'heal.sol', 'heal.t.sol', 'flap.sol', 'drip.sol', 'tune.sol']
2,['join.sol', 'frob.sol', 'move.sol', 'flop.t.sol', 'flap.t.sol', 'heal.sol', 'heal.t.sol', 'flap.sol', 'drip.sol', 'bite.sol']
2,['join.sol', 'frob.sol', 'move.sol', 'flop.t.sol', 'flap.t.sol', 'heal.sol', 'heal.t.sol', 'flap.sol', 'frob.t.sol', 'tune.sol']
2,['join.sol', 'frob.sol', 'move.sol', 'flop.t.sol', 'flap.t.sol', 'heal.sol', 'heal.t.sol', 'flap.sol', 'frob.t.sol', 'bite.sol']
2,['join.sol', 'frob.sol', 'move.sol', 'flop.t.sol', 'flap.t.sol', 'heal.sol', 'heal.t.sol', 'flap.sol', 'tune.sol', 'bite.sol']
2,['join.sol', 'frob.sol', 'move.sol', 'flop.t.sol', 'flap.t.sol', 'heal.sol', 'heal.t.sol', 'drip.sol', 'frob.t.sol', 'tune.sol']
2,['join.sol', 'frob.sol', 'move.sol', 'flop.t.sol', 'flap.t.sol', 'heal.sol', 'heal.t.sol', 'drip.sol', 'frob.t.sol', 'bite.sol']
2,['join.sol', 'frob.sol', 'move.sol', 'flop.t.sol', 'flap.t.sol', 'heal.sol', 'heal.t.sol', 'drip.sol', 'tune.sol', 'bite.sol']
2,['join.sol', 'frob.sol', 'move.sol', 'flop.t.sol', 'flap.t.sol', 'heal.sol', 'heal.t.sol', 'frob.t.sol', 'tune.sol', 'bite.sol']
2,['join.sol', 'frob.sol', 'move.sol', 'flop.t.sol', 'flap.t.sol', 'heal.sol', 'flap.sol', 'drip.sol', 'frob.t.sol', 'tune.sol']
2,['join.sol', 'frob.sol', 'move.sol', 'flop.t.sol', 'flap.t.sol', 'heal.sol', 'flap.sol', 'drip.sol', 'frob.t.sol', 'bite.sol']
3,['join.sol', 'frob.sol', 'move.sol', 'flop.t.sol', 'flap.t.sol', 'heal.sol', 'flap.sol', 'drip.sol', 'tune.sol', 'bite.sol']
2,['join.sol', 'frob.sol', 'move.sol', 'flop.t.sol', 'flap.t.sol', 'heal.sol', 'flap.sol', 'frob.t.sol', 'tune.sol', 'bite.sol']
2,['join.sol', 'frob.sol', 'move.sol', 'flop.t.sol', 'flap.t.sol', 'heal.sol', 'drip.sol', 'frob.t.sol', 'tune.sol', 'bite.sol']
2,['join.sol', 'frob.sol', 'move.sol', 'flop.t.sol', 'flap.t.sol', 'drip.t.sol', 'heal.t.sol', 'flap.sol', 'drip.sol', 'frob.t.sol']
2,['join.sol', 'frob.sol', 'move.sol', 'flop.t.sol', 'flap.t.sol', 'drip.t.sol', 'heal.t.sol', 'flap.sol', 'drip.sol', 'tune.sol']
1,['join.sol', 'frob.sol', 'move.sol', 'flop.t.sol', 'flap.t.sol', 'drip.t.sol', 'heal.t.sol', 'flap.sol', 'drip.sol', 'bite.sol']
1,['join.sol', 'frob.sol', 'move.sol', 'flop.t.sol', 'flap.t.sol', 'drip.t.sol', 'heal.t.sol', 'flap.sol', 'frob.t.sol', 'tune.sol']
2,['join.sol', 'frob.sol', 'move.sol', 'flop.t.sol', 'flap.t.sol', 'drip.t.sol', 'heal.t.sol', 'flap.sol', 'frob.t.sol', 'bite.sol']
2,['join.sol', 'frob.sol', 'move.sol', 'flop.t.sol', 'flap.t.sol', 'drip.t.sol', 'heal.t.sol', 'flap.sol', 'tune.sol', 'bite.sol']
1,['join.sol', 'frob.sol', 'move.sol', 'flop.t.sol', 'flap.t.sol', 'drip.t.sol', 'heal.t.sol', 'drip.sol', 'frob.t.sol', 'tune.sol']
1,['join.sol', 'frob.sol', 'move.sol', 'flop.t.sol', 'flap.t.sol', 'drip.t.sol', 'heal.t.sol', 'drip.sol', 'frob.t.sol', 'bite.sol']
1,['join.sol', 'frob.sol', 'move.sol', 'flop.t.sol', 'flap.t.sol', 'drip.t.sol', 'heal.t.sol', 'drip.sol', 'tune.sol', 'bite.sol']
1,['join.sol', 'frob.sol', 'move.sol', 'flop.t.sol', 'flap.t.sol', 'drip.t.sol', 'heal.t.sol', 'frob.t.sol', 'tune.sol', 'bite.sol']
2,['join.sol', 'frob.sol', 'move.sol', 'flop.t.sol', 'flap.t.sol', 'drip.t.sol', 'flap.sol', 'drip.sol', 'frob.t.sol', 'tune.sol']
1,['join.sol', 'frob.sol', 'move.sol', 'flop.t.sol', 'flap.t.sol', 'drip.t.sol', 'flap.sol', 'drip.sol', 'frob.t.sol', 'bite.sol']
2,['join.sol', 'frob.sol', 'move.sol', 'flop.t.sol', 'flap.t.sol', 'drip.t.sol', 'flap.sol', 'drip.sol', 'tune.sol', 'bite.sol']
2,['join.sol', 'frob.sol', 'move.sol', 'flop.t.sol', 'flap.t.sol', 'drip.t.sol', 'flap.sol', 'frob.t.sol', 'tune.sol', 'bite.sol']
2,['join.sol', 'frob.sol', 'move.sol', 'flop.t.sol', 'flap.t.sol', 'drip.t.sol', 'drip.sol', 'frob.t.sol', 'tune.sol', 'bite.sol']
2,['join.sol', 'frob.sol', 'move.sol', 'flop.t.sol', 'flap.t.sol', 'heal.t.sol', 'flap.sol', 'drip.sol', 'frob.t.sol', 'tune.sol']
2,['join.sol', 'frob.sol', 'move.sol', 'flop.t.sol', 'flap.t.sol', 'heal.t.sol', 'flap.sol', 'drip.sol', 'frob.t.sol', 'bite.sol']
3,['join.sol', 'frob.sol', 'move.sol', 'flop.t.sol', 'flap.t.sol', 'heal.t.sol', 'flap.sol', 'drip.sol', 'tune.sol', 'bite.sol']
2,['join.sol', 'frob.sol', 'move.sol', 'flop.t.sol', 'flap.t.sol', 'heal.t.sol', 'flap.sol', 'frob.t.sol', 'tune.sol', 'bite.sol']
2,['join.sol', 'frob.sol', 'move.sol', 'flop.t.sol', 'flap.t.sol', 'heal.t.sol', 'drip.sol', 'frob.t.sol', 'tune.sol', 'bite.sol']
2,['join.sol', 'frob.sol', 'move.sol', 'flop.t.sol', 'flap.t.sol', 'flap.sol', 'drip.sol', 'frob.t.sol', 'tune.sol', 'bite.sol']
2,['join.sol', 'frob.sol', 'move.sol', 'flop.t.sol', 'heal.sol', 'drip.t.sol', 'heal.t.sol', 'flap.sol', 'drip.sol', 'frob.t.sol']
1,['join.sol', 'frob.sol', 'move.sol', 'flop.t.sol', 'heal.sol', 'drip.t.sol', 'heal.t.sol', 'flap.sol', 'drip.sol', 'tune.sol']
2,['join.sol', 'frob.sol', 'move.sol', 'flop.t.sol', 'heal.sol', 'drip.t.sol', 'heal.t.sol', 'flap.sol', 'drip.sol', 'bite.sol']
1,['join.sol', 'frob.sol', 'move.sol', 'flop.t.sol', 'heal.sol', 'drip.t.sol', 'heal.t.sol', 'flap.sol', 'frob.t.sol', 'tune.sol']
1,['join.sol', 'frob.sol', 'move.sol', 'flop.t.sol', 'heal.sol', 'drip.t.sol', 'heal.t.sol', 'flap.sol', 'frob.t.sol', 'bite.sol']
1,['join.sol', 'frob.sol', 'move.sol', 'flop.t.sol', 'heal.sol', 'drip.t.sol', 'heal.t.sol', 'flap.sol', 'tune.sol', 'bite.sol']
1,['join.sol', 'frob.sol', 'move.sol', 'flop.t.sol', 'heal.sol', 'drip.t.sol', 'heal.t.sol', 'drip.sol', 'frob.t.sol', 'tune.sol']
1,['join.sol', 'frob.sol', 'move.sol', 'flop.t.sol', 'heal.sol', 'drip.t.sol', 'heal.t.sol', 'drip.sol', 'frob.t.sol', 'bite.sol']
1,['join.sol', 'frob.sol', 'move.sol', 'flop.t.sol', 'heal.sol', 'drip.t.sol', 'heal.t.sol', 'drip.sol', 'tune.sol', 'bite.sol']
1,['join.sol', 'frob.sol', 'move.sol', 'flop.t.sol', 'heal.sol', 'drip.t.sol', 'heal.t.sol', 'frob.t.sol', 'tune.sol', 'bite.sol']
1,['join.sol', 'frob.sol', 'move.sol', 'flop.t.sol', 'heal.sol', 'drip.t.sol', 'flap.sol', 'drip.sol', 'frob.t.sol', 'tune.sol']
2,['join.sol', 'frob.sol', 'move.sol', 'flop.t.sol', 'heal.sol', 'drip.t.sol', 'flap.sol', 'drip.sol', 'frob.t.sol', 'bite.sol']
1,['join.sol', 'frob.sol', 'move.sol', 'flop.t.sol', 'heal.sol', 'drip.t.sol', 'flap.sol', 'drip.sol', 'tune.sol', 'bite.sol']
1,['join.sol', 'frob.sol', 'move.sol', 'flop.t.sol', 'heal.sol', 'drip.t.sol', 'flap.sol', 'frob.t.sol', 'tune.sol', 'bite.sol']
1,['join.sol', 'frob.sol', 'move.sol', 'flop.t.sol', 'heal.sol', 'drip.t.sol', 'drip.sol', 'frob.t.sol', 'tune.sol', 'bite.sol']
2,['join.sol', 'frob.sol', 'move.sol', 'flop.t.sol', 'heal.sol', 'heal.t.sol', 'flap.sol', 'drip.sol', 'frob.t.sol', 'tune.sol']
2,['join.sol', 'frob.sol', 'move.sol', 'flop.t.sol', 'heal.sol', 'heal.t.sol', 'flap.sol', 'drip.sol', 'frob.t.sol', 'bite.sol']
2,['join.sol', 'frob.sol', 'move.sol', 'flop.t.sol', 'heal.sol', 'heal.t.sol', 'flap.sol', 'drip.sol', 'tune.sol', 'bite.sol']
2,['join.sol', 'frob.sol', 'move.sol', 'flop.t.sol', 'heal.sol', 'heal.t.sol', 'flap.sol', 'frob.t.sol', 'tune.sol', 'bite.sol']
2,['join.sol', 'frob.sol', 'move.sol', 'flop.t.sol', 'heal.sol', 'heal.t.sol', 'drip.sol', 'frob.t.sol', 'tune.sol', 'bite.sol']
2,['join.sol', 'frob.sol', 'move.sol', 'flop.t.sol', 'heal.sol', 'flap.sol', 'drip.sol', 'frob.t.sol', 'tune.sol', 'bite.sol']
1,['join.sol', 'frob.sol', 'move.sol', 'flop.t.sol', 'drip.t.sol', 'heal.t.sol', 'flap.sol', 'drip.sol', 'frob.t.sol', 'tune.sol']
1,['join.sol', 'frob.sol', 'move.sol', 'flop.t.sol', 'drip.t.sol', 'heal.t.sol', 'flap.sol', 'drip.sol', 'frob.t.sol', 'bite.sol']
1,['join.sol', 'frob.sol', 'move.sol', 'flop.t.sol', 'drip.t.sol', 'heal.t.sol', 'flap.sol', 'drip.sol', 'tune.sol', 'bite.sol']
1,['join.sol', 'frob.sol', 'move.sol', 'flop.t.sol', 'drip.t.sol', 'heal.t.sol', 'flap.sol', 'frob.t.sol', 'tune.sol', 'bite.sol']
1,['join.sol', 'frob.sol', 'move.sol', 'flop.t.sol', 'drip.t.sol', 'heal.t.sol', 'drip.sol', 'frob.t.sol', 'tune.sol', 'bite.sol']
2,['join.sol', 'frob.sol', 'move.sol', 'flop.t.sol', 'drip.t.sol', 'flap.sol', 'drip.sol', 'frob.t.sol', 'tune.sol', 'bite.sol']
2,['join.sol', 'frob.sol', 'move.sol', 'flop.t.sol', 'heal.t.sol', 'flap.sol', 'drip.sol', 'frob.t.sol', 'tune.sol', 'bite.sol']
2,['join.sol', 'frob.sol', 'move.sol', 'flap.t.sol', 'heal.sol', 'drip.t.sol', 'heal.t.sol', 'flap.sol', 'drip.sol', 'frob.t.sol']
1,['join.sol', 'frob.sol', 'move.sol', 'flap.t.sol', 'heal.sol', 'drip.t.sol', 'heal.t.sol', 'flap.sol', 'drip.sol', 'tune.sol']
1,['join.sol', 'frob.sol', 'move.sol', 'flap.t.sol', 'heal.sol', 'drip.t.sol', 'heal.t.sol', 'flap.sol', 'drip.sol', 'bite.sol']
1,['join.sol', 'frob.sol', 'move.sol', 'flap.t.sol', 'heal.sol', 'drip.t.sol', 'heal.t.sol', 'flap.sol', 'frob.t.sol', 'tune.sol']
1,['join.sol', 'frob.sol', 'move.sol', 'flap.t.sol', 'heal.sol', 'drip.t.sol', 'heal.t.sol', 'flap.sol', 'frob.t.sol', 'bite.sol']
1,['join.sol', 'frob.sol', 'move.sol', 'flap.t.sol', 'heal.sol', 'drip.t.sol', 'heal.t.sol', 'flap.sol', 'tune.sol', 'bite.sol']
1,['join.sol', 'frob.sol', 'move.sol', 'flap.t.sol', 'heal.sol', 'drip.t.sol', 'heal.t.sol', 'drip.sol', 'frob.t.sol', 'tune.sol']
1,['join.sol', 'frob.sol', 'move.sol', 'flap.t.sol', 'heal.sol', 'drip.t.sol', 'heal.t.sol', 'drip.sol', 'frob.t.sol', 'bite.sol']
1,['join.sol', 'frob.sol', 'move.sol', 'flap.t.sol', 'heal.sol', 'drip.t.sol', 'heal.t.sol', 'drip.sol', 'tune.sol', 'bite.sol']
1,['join.sol', 'frob.sol', 'move.sol', 'flap.t.sol', 'heal.sol', 'drip.t.sol', 'heal.t.sol', 'frob.t.sol', 'tune.sol', 'bite.sol']
1,['join.sol', 'frob.sol', 'move.sol', 'flap.t.sol', 'heal.sol', 'drip.t.sol', 'flap.sol', 'drip.sol', 'frob.t.sol', 'tune.sol']
2,['join.sol', 'frob.sol', 'move.sol', 'flap.t.sol', 'heal.sol', 'drip.t.sol', 'flap.sol', 'drip.sol', 'frob.t.sol', 'bite.sol']
1,['join.sol', 'frob.sol', 'move.sol', 'flap.t.sol', 'heal.sol', 'drip.t.sol', 'flap.sol', 'drip.sol', 'tune.sol', 'bite.sol']
1,['join.sol', 'frob.sol', 'move.sol', 'flap.t.sol', 'heal.sol', 'drip.t.sol', 'flap.sol', 'frob.t.sol', 'tune.sol', 'bite.sol']
1,['join.sol', 'frob.sol', 'move.sol', 'flap.t.sol', 'heal.sol', 'drip.t.sol', 'drip.sol', 'frob.t.sol', 'tune.sol', 'bite.sol']
2,['join.sol', 'frob.sol', 'move.sol', 'flap.t.sol', 'heal.sol', 'heal.t.sol', 'flap.sol', 'drip.sol', 'frob.t.sol', 'tune.sol']
2,['join.sol', 'frob.sol', 'move.sol', 'flap.t.sol', 'heal.sol', 'heal.t.sol', 'flap.sol', 'drip.sol', 'frob.t.sol', 'bite.sol']
2,['join.sol', 'frob.sol', 'move.sol', 'flap.t.sol', 'heal.sol', 'heal.t.sol', 'flap.sol', 'drip.sol', 'tune.sol', 'bite.sol']
2,['join.sol', 'frob.sol', 'move.sol', 'flap.t.sol', 'heal.sol', 'heal.t.sol', 'flap.sol', 'frob.t.sol', 'tune.sol', 'bite.sol']
2,['join.sol', 'frob.sol', 'move.sol', 'flap.t.sol', 'heal.sol', 'heal.t.sol', 'drip.sol', 'frob.t.sol', 'tune.sol', 'bite.sol']
2,['join.sol', 'frob.sol', 'move.sol', 'flap.t.sol', 'heal.sol', 'flap.sol', 'drip.sol', 'frob.t.sol', 'tune.sol', 'bite.sol']
1,['join.sol', 'frob.sol', 'move.sol', 'flap.t.sol', 'drip.t.sol', 'heal.t.sol', 'flap.sol', 'drip.sol', 'frob.t.sol', 'tune.sol']
1,['join.sol', 'frob.sol', 'move.sol', 'flap.t.sol', 'drip.t.sol', 'heal.t.sol', 'flap.sol', 'drip.sol', 'frob.t.sol', 'bite.sol']
1,['join.sol', 'frob.sol', 'move.sol', 'flap.t.sol', 'drip.t.sol', 'heal.t.sol', 'flap.sol', 'drip.sol', 'tune.sol', 'bite.sol']
1,['join.sol', 'frob.sol', 'move.sol', 'flap.t.sol', 'drip.t.sol', 'heal.t.sol', 'flap.sol', 'frob.t.sol', 'tune.sol', 'bite.sol']
1,['join.sol', 'frob.sol', 'move.sol', 'flap.t.sol', 'drip.t.sol', 'heal.t.sol', 'drip.sol', 'frob.t.sol', 'tune.sol', 'bite.sol']
2,['join.sol', 'frob.sol', 'move.sol', 'flap.t.sol', 'drip.t.sol', 'flap.sol', 'drip.sol', 'frob.t.sol', 'tune.sol', 'bite.sol']
2,['join.sol', 'frob.sol', 'move.sol', 'flap.t.sol', 'heal.t.sol', 'flap.sol', 'drip.sol', 'frob.t.sol', 'tune.sol', 'bite.sol']
1,['join.sol', 'frob.sol', 'move.sol', 'heal.sol', 'drip.t.sol', 'heal.t.sol', 'flap.sol', 'drip.sol', 'frob.t.sol', 'tune.sol']
1,['join.sol', 'frob.sol', 'move.sol', 'heal.sol', 'drip.t.sol', 'heal.t.sol', 'flap.sol', 'drip.sol', 'frob.t.sol', 'bite.sol']
1,['join.sol', 'frob.sol', 'move.sol', 'heal.sol', 'drip.t.sol', 'heal.t.sol', 'flap.sol', 'drip.sol', 'tune.sol', 'bite.sol']
1,['join.sol', 'frob.sol', 'move.sol', 'heal.sol', 'drip.t.sol', 'heal.t.sol', 'flap.sol', 'frob.t.sol', 'tune.sol', 'bite.sol']
1,['join.sol', 'frob.sol', 'move.sol', 'heal.sol', 'drip.t.sol', 'heal.t.sol', 'drip.sol', 'frob.t.sol', 'tune.sol', 'bite.sol']
1,['join.sol', 'frob.sol', 'move.sol', 'heal.sol', 'drip.t.sol', 'flap.sol', 'drip.sol', 'frob.t.sol', 'tune.sol', 'bite.sol']
2,['join.sol', 'frob.sol', 'move.sol', 'heal.sol', 'heal.t.sol', 'flap.sol', 'drip.sol', 'frob.t.sol', 'tune.sol', 'bite.sol']
1,['join.sol', 'frob.sol', 'move.sol', 'drip.t.sol', 'heal.t.sol', 'flap.sol', 'drip.sol', 'frob.t.sol', 'tune.sol', 'bite.sol']
2,['join.sol', 'frob.sol', 'flop.t.sol', 'flap.t.sol', 'heal.sol', 'drip.t.sol', 'heal.t.sol', 'flap.sol', 'drip.sol', 'frob.t.sol']
1,['join.sol', 'frob.sol', 'flop.t.sol', 'flap.t.sol', 'heal.sol', 'drip.t.sol', 'heal.t.sol', 'flap.sol', 'drip.sol', 'tune.sol']
1,['join.sol', 'frob.sol', 'flop.t.sol', 'flap.t.sol', 'heal.sol', 'drip.t.sol', 'heal.t.sol', 'flap.sol', 'drip.sol', 'bite.sol']
1,['join.sol', 'frob.sol', 'flop.t.sol', 'flap.t.sol', 'heal.sol', 'drip.t.sol', 'heal.t.sol', 'flap.sol', 'frob.t.sol', 'tune.sol']
2,['join.sol', 'frob.sol', 'flop.t.sol', 'flap.t.sol', 'heal.sol', 'drip.t.sol', 'heal.t.sol', 'flap.sol', 'frob.t.sol', 'bite.sol']
1,['join.sol', 'frob.sol', 'flop.t.sol', 'flap.t.sol', 'heal.sol', 'drip.t.sol', 'heal.t.sol', 'flap.sol', 'tune.sol', 'bite.sol']
1,['join.sol', 'frob.sol', 'flop.t.sol', 'flap.t.sol', 'heal.sol', 'drip.t.sol', 'heal.t.sol', 'drip.sol', 'frob.t.sol', 'tune.sol']
2,['join.sol', 'frob.sol', 'flop.t.sol', 'flap.t.sol', 'heal.sol', 'drip.t.sol', 'heal.t.sol', 'drip.sol', 'frob.t.sol', 'bite.sol']
1,['join.sol', 'frob.sol', 'flop.t.sol', 'flap.t.sol', 'heal.sol', 'drip.t.sol', 'heal.t.sol', 'drip.sol', 'tune.sol', 'bite.sol']
1,['join.sol', 'frob.sol', 'flop.t.sol', 'flap.t.sol', 'heal.sol', 'drip.t.sol', 'heal.t.sol', 'frob.t.sol', 'tune.sol', 'bite.sol']
1,['join.sol', 'frob.sol', 'flop.t.sol', 'flap.t.sol', 'heal.sol', 'drip.t.sol', 'flap.sol', 'drip.sol', 'frob.t.sol', 'tune.sol']
1,['join.sol', 'frob.sol', 'flop.t.sol', 'flap.t.sol', 'heal.sol', 'drip.t.sol', 'flap.sol', 'drip.sol', 'frob.t.sol', 'bite.sol']
1,['join.sol', 'frob.sol', 'flop.t.sol', 'flap.t.sol', 'heal.sol', 'drip.t.sol', 'flap.sol', 'drip.sol', 'tune.sol', 'bite.sol']
1,['join.sol', 'frob.sol', 'flop.t.sol', 'flap.t.sol', 'heal.sol', 'drip.t.sol', 'flap.sol', 'frob.t.sol', 'tune.sol', 'bite.sol']
1,['join.sol', 'frob.sol', 'flop.t.sol', 'flap.t.sol', 'heal.sol', 'drip.t.sol', 'drip.sol', 'frob.t.sol', 'tune.sol', 'bite.sol']
2,['join.sol', 'frob.sol', 'flop.t.sol', 'flap.t.sol', 'heal.sol', 'heal.t.sol', 'flap.sol', 'drip.sol', 'frob.t.sol', 'tune.sol']
2,['join.sol', 'frob.sol', 'flop.t.sol', 'flap.t.sol', 'heal.sol', 'heal.t.sol', 'flap.sol', 'drip.sol', 'frob.t.sol', 'bite.sol']
2,['join.sol', 'frob.sol', 'flop.t.sol', 'flap.t.sol', 'heal.sol', 'heal.t.sol', 'flap.sol', 'drip.sol', 'tune.sol', 'bite.sol']
2,['join.sol', 'frob.sol', 'flop.t.sol', 'flap.t.sol', 'heal.sol', 'heal.t.sol', 'flap.sol', 'frob.t.sol', 'tune.sol', 'bite.sol']
2,['join.sol', 'frob.sol', 'flop.t.sol', 'flap.t.sol', 'heal.sol', 'heal.t.sol', 'drip.sol', 'frob.t.sol', 'tune.sol', 'bite.sol']
2,['join.sol', 'frob.sol', 'flop.t.sol', 'flap.t.sol', 'heal.sol', 'flap.sol', 'drip.sol', 'frob.t.sol', 'tune.sol', 'bite.sol']
1,['join.sol', 'frob.sol', 'flop.t.sol', 'flap.t.sol', 'drip.t.sol', 'heal.t.sol', 'flap.sol', 'drip.sol', 'frob.t.sol', 'tune.sol']
2,['join.sol', 'frob.sol', 'flop.t.sol', 'flap.t.sol', 'drip.t.sol', 'heal.t.sol', 'flap.sol', 'drip.sol', 'frob.t.sol', 'bite.sol']
1,['join.sol', 'frob.sol', 'flop.t.sol', 'flap.t.sol', 'drip.t.sol', 'heal.t.sol', 'flap.sol', 'drip.sol', 'tune.sol', 'bite.sol']
1,['join.sol', 'frob.sol', 'flop.t.sol', 'flap.t.sol', 'drip.t.sol', 'heal.t.sol', 'flap.sol', 'frob.t.sol', 'tune.sol', 'bite.sol']
1,['join.sol', 'frob.sol', 'flop.t.sol', 'flap.t.sol', 'drip.t.sol', 'heal.t.sol', 'drip.sol', 'frob.t.sol', 'tune.sol', 'bite.sol']
2,['join.sol', 'frob.sol', 'flop.t.sol', 'flap.t.sol', 'drip.t.sol', 'flap.sol', 'drip.sol', 'frob.t.sol', 'tune.sol', 'bite.sol']
2,['join.sol', 'frob.sol', 'flop.t.sol', 'flap.t.sol', 'heal.t.sol', 'flap.sol', 'drip.sol', 'frob.t.sol', 'tune.sol', 'bite.sol']
1,['join.sol', 'frob.sol', 'flop.t.sol', 'heal.sol', 'drip.t.sol', 'heal.t.sol', 'flap.sol', 'drip.sol', 'frob.t.sol', 'tune.sol']
1,['join.sol', 'frob.sol', 'flop.t.sol', 'heal.sol', 'drip.t.sol', 'heal.t.sol', 'flap.sol', 'drip.sol', 'frob.t.sol', 'bite.sol']
1,['join.sol', 'frob.sol', 'flop.t.sol', 'heal.sol', 'drip.t.sol', 'heal.t.sol', 'flap.sol', 'drip.sol', 'tune.sol', 'bite.sol']
1,['join.sol', 'frob.sol', 'flop.t.sol', 'heal.sol', 'drip.t.sol', 'heal.t.sol', 'flap.sol', 'frob.t.sol', 'tune.sol', 'bite.sol']
1,['join.sol', 'frob.sol', 'flop.t.sol', 'heal.sol', 'drip.t.sol', 'heal.t.sol', 'drip.sol', 'frob.t.sol', 'tune.sol', 'bite.sol']
1,['join.sol', 'frob.sol', 'flop.t.sol', 'heal.sol', 'drip.t.sol', 'flap.sol', 'drip.sol', 'frob.t.sol', 'tune.sol', 'bite.sol']
2,['join.sol', 'frob.sol', 'flop.t.sol', 'heal.sol', 'heal.t.sol', 'flap.sol', 'drip.sol', 'frob.t.sol', 'tune.sol', 'bite.sol']
1,['join.sol', 'frob.sol', 'flop.t.sol', 'drip.t.sol', 'heal.t.sol', 'flap.sol', 'drip.sol', 'frob.t.sol', 'tune.sol', 'bite.sol']
1,['join.sol', 'frob.sol', 'flap.t.sol', 'heal.sol', 'drip.t.sol', 'heal.t.sol', 'flap.sol', 'drip.sol', 'frob.t.sol', 'tune.sol']
1,['join.sol', 'frob.sol', 'flap.t.sol', 'heal.sol', 'drip.t.sol', 'heal.t.sol', 'flap.sol', 'drip.sol', 'frob.t.sol', 'bite.sol']
1,['join.sol', 'frob.sol', 'flap.t.sol', 'heal.sol', 'drip.t.sol', 'heal.t.sol', 'flap.sol', 'drip.sol', 'tune.sol', 'bite.sol']
1,['join.sol', 'frob.sol', 'flap.t.sol', 'heal.sol', 'drip.t.sol', 'heal.t.sol', 'flap.sol', 'frob.t.sol', 'tune.sol', 'bite.sol']
1,['join.sol', 'frob.sol', 'flap.t.sol', 'heal.sol', 'drip.t.sol', 'heal.t.sol', 'drip.sol', 'frob.t.sol', 'tune.sol', 'bite.sol']
1,['join.sol', 'frob.sol', 'flap.t.sol', 'heal.sol', 'drip.t.sol', 'flap.sol', 'drip.sol', 'frob.t.sol', 'tune.sol', 'bite.sol']
2,['join.sol', 'frob.sol', 'flap.t.sol', 'heal.sol', 'heal.t.sol', 'flap.sol', 'drip.sol', 'frob.t.sol', 'tune.sol', 'bite.sol']
1,['join.sol', 'frob.sol', 'flap.t.sol', 'drip.t.sol', 'heal.t.sol', 'flap.sol', 'drip.sol', 'frob.t.sol', 'tune.sol', 'bite.sol']
1,['join.sol', 'frob.sol', 'heal.sol', 'drip.t.sol', 'heal.t.sol', 'flap.sol', 'drip.sol', 'frob.t.sol', 'tune.sol', 'bite.sol']
2,['join.sol', 'flip.t.sol', 'move.sol', 'flop.t.sol', 'flap.t.sol', 'heal.sol', 'drip.t.sol', 'heal.t.sol', 'flap.sol', 'drip.sol']
2,['join.sol', 'flip.t.sol', 'move.sol', 'flop.t.sol', 'flap.t.sol', 'heal.sol', 'drip.t.sol', 'heal.t.sol', 'flap.sol', 'frob.t.sol']
1,['join.sol', 'flip.t.sol', 'move.sol', 'flop.t.sol', 'flap.t.sol', 'heal.sol', 'drip.t.sol', 'heal.t.sol', 'flap.sol', 'tune.sol']
2,['join.sol', 'flip.t.sol', 'move.sol', 'flop.t.sol', 'flap.t.sol', 'heal.sol', 'drip.t.sol', 'heal.t.sol', 'flap.sol', 'bite.sol']
2,['join.sol', 'flip.t.sol', 'move.sol', 'flop.t.sol', 'flap.t.sol', 'heal.sol', 'drip.t.sol', 'heal.t.sol', 'drip.sol', 'frob.t.sol']
1,['join.sol', 'flip.t.sol', 'move.sol', 'flop.t.sol', 'flap.t.sol', 'heal.sol', 'drip.t.sol', 'heal.t.sol', 'drip.sol', 'tune.sol']
1,['join.sol', 'flip.t.sol', 'move.sol', 'flop.t.sol', 'flap.t.sol', 'heal.sol', 'drip.t.sol', 'heal.t.sol', 'drip.sol', 'bite.sol']
1,['join.sol', 'flip.t.sol', 'move.sol', 'flop.t.sol', 'flap.t.sol', 'heal.sol', 'drip.t.sol', 'heal.t.sol', 'frob.t.sol', 'tune.sol']
2,['join.sol', 'flip.t.sol', 'move.sol', 'flop.t.sol', 'flap.t.sol', 'heal.sol', 'drip.t.sol', 'heal.t.sol', 'frob.t.sol', 'bite.sol']
1,['join.sol', 'flip.t.sol', 'move.sol', 'flop.t.sol', 'flap.t.sol', 'heal.sol', 'drip.t.sol', 'heal.t.sol', 'tune.sol', 'bite.sol']
2,['join.sol', 'flip.t.sol', 'move.sol', 'flop.t.sol', 'flap.t.sol', 'heal.sol', 'drip.t.sol', 'flap.sol', 'drip.sol', 'frob.t.sol']
3,['join.sol', 'flip.t.sol', 'move.sol', 'flop.t.sol', 'flap.t.sol', 'heal.sol', 'drip.t.sol', 'flap.sol', 'drip.sol', 'tune.sol']
3,['join.sol', 'flip.t.sol', 'move.sol', 'flop.t.sol', 'flap.t.sol', 'heal.sol', 'drip.t.sol', 'flap.sol', 'drip.sol', 'bite.sol']
2,['join.sol', 'flip.t.sol', 'move.sol', 'flop.t.sol', 'flap.t.sol', 'heal.sol', 'drip.t.sol', 'flap.sol', 'frob.t.sol', 'tune.sol']
2,['join.sol', 'flip.t.sol', 'move.sol', 'flop.t.sol', 'flap.t.sol', 'heal.sol', 'drip.t.sol', 'flap.sol', 'frob.t.sol', 'bite.sol']
1,['join.sol', 'flip.t.sol', 'move.sol', 'flop.t.sol', 'flap.t.sol', 'heal.sol', 'drip.t.sol', 'flap.sol', 'tune.sol', 'bite.sol']
1,['join.sol', 'flip.t.sol', 'move.sol', 'flop.t.sol', 'flap.t.sol', 'heal.sol', 'drip.t.sol', 'drip.sol', 'frob.t.sol', 'tune.sol']
2,['join.sol', 'flip.t.sol', 'move.sol', 'flop.t.sol', 'flap.t.sol', 'heal.sol', 'drip.t.sol', 'drip.sol', 'frob.t.sol', 'bite.sol']
3,['join.sol', 'flip.t.sol', 'move.sol', 'flop.t.sol', 'flap.t.sol', 'heal.sol', 'drip.t.sol', 'drip.sol', 'tune.sol', 'bite.sol']
1,['join.sol', 'flip.t.sol', 'move.sol', 'flop.t.sol', 'flap.t.sol', 'heal.sol', 'drip.t.sol', 'frob.t.sol', 'tune.sol', 'bite.sol']
2,['join.sol', 'flip.t.sol', 'move.sol', 'flop.t.sol', 'flap.t.sol', 'heal.sol', 'heal.t.sol', 'flap.sol', 'drip.sol', 'frob.t.sol']
2,['join.sol', 'flip.t.sol', 'move.sol', 'flop.t.sol', 'flap.t.sol', 'heal.sol', 'heal.t.sol', 'flap.sol', 'drip.sol', 'tune.sol']
3,['join.sol', 'flip.t.sol', 'move.sol', 'flop.t.sol', 'flap.t.sol', 'heal.sol', 'heal.t.sol', 'flap.sol', 'drip.sol', 'bite.sol']
2,['join.sol', 'flip.t.sol', 'move.sol', 'flop.t.sol', 'flap.t.sol', 'heal.sol', 'heal.t.sol', 'flap.sol', 'frob.t.sol', 'tune.sol']
2,['join.sol', 'flip.t.sol', 'move.sol', 'flop.t.sol', 'flap.t.sol', 'heal.sol', 'heal.t.sol', 'flap.sol', 'frob.t.sol', 'bite.sol']
2,['join.sol', 'flip.t.sol', 'move.sol', 'flop.t.sol', 'flap.t.sol', 'heal.sol', 'heal.t.sol', 'flap.sol', 'tune.sol', 'bite.sol']
2,['join.sol', 'flip.t.sol', 'move.sol', 'flop.t.sol', 'flap.t.sol', 'heal.sol', 'heal.t.sol', 'drip.sol', 'frob.t.sol', 'tune.sol']
2,['join.sol', 'flip.t.sol', 'move.sol', 'flop.t.sol', 'flap.t.sol', 'heal.sol', 'heal.t.sol', 'drip.sol', 'frob.t.sol', 'bite.sol']
2,['join.sol', 'flip.t.sol', 'move.sol', 'flop.t.sol', 'flap.t.sol', 'heal.sol', 'heal.t.sol', 'drip.sol', 'tune.sol', 'bite.sol']
2,['join.sol', 'flip.t.sol', 'move.sol', 'flop.t.sol', 'flap.t.sol', 'heal.sol', 'heal.t.sol', 'frob.t.sol', 'tune.sol', 'bite.sol']
2,['join.sol', 'flip.t.sol', 'move.sol', 'flop.t.sol', 'flap.t.sol', 'heal.sol', 'flap.sol', 'drip.sol', 'frob.t.sol', 'tune.sol']
2,['join.sol', 'flip.t.sol', 'move.sol', 'flop.t.sol', 'flap.t.sol', 'heal.sol', 'flap.sol', 'drip.sol', 'frob.t.sol', 'bite.sol']
1,['join.sol', 'flip.t.sol', 'move.sol', 'flop.t.sol', 'flap.t.sol', 'heal.sol', 'flap.sol', 'drip.sol', 'tune.sol', 'bite.sol']
2,['join.sol', 'flip.t.sol', 'move.sol', 'flop.t.sol', 'flap.t.sol', 'heal.sol', 'flap.sol', 'frob.t.sol', 'tune.sol', 'bite.sol']
2,['join.sol', 'flip.t.sol', 'move.sol', 'flop.t.sol', 'flap.t.sol', 'heal.sol', 'drip.sol', 'frob.t.sol', 'tune.sol', 'bite.sol']
2,['join.sol', 'flip.t.sol', 'move.sol', 'flop.t.sol', 'flap.t.sol', 'drip.t.sol', 'heal.t.sol', 'flap.sol', 'drip.sol', 'frob.t.sol']
2,['join.sol', 'flip.t.sol', 'move.sol', 'flop.t.sol', 'flap.t.sol', 'drip.t.sol', 'heal.t.sol', 'flap.sol', 'drip.sol', 'tune.sol']
1,['join.sol', 'flip.t.sol', 'move.sol', 'flop.t.sol', 'flap.t.sol', 'drip.t.sol', 'heal.t.sol', 'flap.sol', 'drip.sol', 'bite.sol']
2,['join.sol', 'flip.t.sol', 'move.sol', 'flop.t.sol', 'flap.t.sol', 'drip.t.sol', 'heal.t.sol', 'flap.sol', 'frob.t.sol', 'tune.sol']
2,['join.sol', 'flip.t.sol', 'move.sol', 'flop.t.sol', 'flap.t.sol', 'drip.t.sol', 'heal.t.sol', 'flap.sol', 'frob.t.sol', 'bite.sol']
2,['join.sol', 'flip.t.sol', 'move.sol', 'flop.t.sol', 'flap.t.sol', 'drip.t.sol', 'heal.t.sol', 'flap.sol', 'tune.sol', 'bite.sol']
2,['join.sol', 'flip.t.sol', 'move.sol', 'flop.t.sol', 'flap.t.sol', 'drip.t.sol', 'heal.t.sol', 'drip.sol', 'frob.t.sol', 'tune.sol']
2,['join.sol', 'flip.t.sol', 'move.sol', 'flop.t.sol', 'flap.t.sol', 'drip.t.sol', 'heal.t.sol', 'drip.sol', 'frob.t.sol', 'bite.sol']
2,['join.sol', 'flip.t.sol', 'move.sol', 'flop.t.sol', 'flap.t.sol', 'drip.t.sol', 'heal.t.sol', 'drip.sol', 'tune.sol', 'bite.sol']
1,['join.sol', 'flip.t.sol', 'move.sol', 'flop.t.sol', 'flap.t.sol', 'drip.t.sol', 'heal.t.sol', 'frob.t.sol', 'tune.sol', 'bite.sol']
2,['join.sol', 'flip.t.sol', 'move.sol', 'flop.t.sol', 'flap.t.sol', 'drip.t.sol', 'flap.sol', 'drip.sol', 'frob.t.sol', 'tune.sol']
2,['join.sol', 'flip.t.sol', 'move.sol', 'flop.t.sol', 'flap.t.sol', 'drip.t.sol', 'flap.sol', 'drip.sol', 'frob.t.sol', 'bite.sol']
3,['join.sol', 'flip.t.sol', 'move.sol', 'flop.t.sol', 'flap.t.sol', 'drip.t.sol', 'flap.sol', 'drip.sol', 'tune.sol', 'bite.sol']
2,['join.sol', 'flip.t.sol', 'move.sol', 'flop.t.sol', 'flap.t.sol', 'drip.t.sol', 'flap.sol', 'frob.t.sol', 'tune.sol', 'bite.sol']
2,['join.sol', 'flip.t.sol', 'move.sol', 'flop.t.sol', 'flap.t.sol', 'drip.t.sol', 'drip.sol', 'frob.t.sol', 'tune.sol', 'bite.sol']
2,['join.sol', 'flip.t.sol', 'move.sol', 'flop.t.sol', 'flap.t.sol', 'heal.t.sol', 'flap.sol', 'drip.sol', 'frob.t.sol', 'tune.sol']
2,['join.sol', 'flip.t.sol', 'move.sol', 'flop.t.sol', 'flap.t.sol', 'heal.t.sol', 'flap.sol', 'drip.sol', 'frob.t.sol', 'bite.sol']
2,['join.sol', 'flip.t.sol', 'move.sol', 'flop.t.sol', 'flap.t.sol', 'heal.t.sol', 'flap.sol', 'drip.sol', 'tune.sol', 'bite.sol']
2,['join.sol', 'flip.t.sol', 'move.sol', 'flop.t.sol', 'flap.t.sol', 'heal.t.sol', 'flap.sol', 'frob.t.sol', 'tune.sol', 'bite.sol']
2,['join.sol', 'flip.t.sol', 'move.sol', 'flop.t.sol', 'flap.t.sol', 'heal.t.sol', 'drip.sol', 'frob.t.sol', 'tune.sol', 'bite.sol']
2,['join.sol', 'flip.t.sol', 'move.sol', 'flop.t.sol', 'flap.t.sol', 'flap.sol', 'drip.sol', 'frob.t.sol', 'tune.sol', 'bite.sol']
2,['join.sol', 'flip.t.sol', 'move.sol', 'flop.t.sol', 'heal.sol', 'drip.t.sol', 'heal.t.sol', 'flap.sol', 'drip.sol', 'frob.t.sol']
1,['join.sol', 'flip.t.sol', 'move.sol', 'flop.t.sol', 'heal.sol', 'drip.t.sol', 'heal.t.sol', 'flap.sol', 'drip.sol', 'tune.sol']
1,['join.sol', 'flip.t.sol', 'move.sol', 'flop.t.sol', 'heal.sol', 'drip.t.sol', 'heal.t.sol', 'flap.sol', 'drip.sol', 'bite.sol']
2,['join.sol', 'flip.t.sol', 'move.sol', 'flop.t.sol', 'heal.sol', 'drip.t.sol', 'heal.t.sol', 'flap.sol', 'frob.t.sol', 'tune.sol']
2,['join.sol', 'flip.t.sol', 'move.sol', 'flop.t.sol', 'heal.sol', 'drip.t.sol', 'heal.t.sol', 'flap.sol', 'frob.t.sol', 'bite.sol']
1,['join.sol', 'flip.t.sol', 'move.sol', 'flop.t.sol', 'heal.sol', 'drip.t.sol', 'heal.t.sol', 'flap.sol', 'tune.sol', 'bite.sol']
2,['join.sol', 'flip.t.sol', 'move.sol', 'flop.t.sol', 'heal.sol', 'drip.t.sol', 'heal.t.sol', 'drip.sol', 'frob.t.sol', 'tune.sol']
2,['join.sol', 'flip.t.sol', 'move.sol', 'flop.t.sol', 'heal.sol', 'drip.t.sol', 'heal.t.sol', 'drip.sol', 'frob.t.sol', 'bite.sol']
1,['join.sol', 'flip.t.sol', 'move.sol', 'flop.t.sol', 'heal.sol', 'drip.t.sol', 'heal.t.sol', 'drip.sol', 'tune.sol', 'bite.sol']
1,['join.sol', 'flip.t.sol', 'move.sol', 'flop.t.sol', 'heal.sol', 'drip.t.sol', 'heal.t.sol', 'frob.t.sol', 'tune.sol', 'bite.sol']
2,['join.sol', 'flip.t.sol', 'move.sol', 'flop.t.sol', 'heal.sol', 'drip.t.sol', 'flap.sol', 'drip.sol', 'frob.t.sol', 'tune.sol']
2,['join.sol', 'flip.t.sol', 'move.sol', 'flop.t.sol', 'heal.sol', 'drip.t.sol', 'flap.sol', 'drip.sol', 'frob.t.sol', 'bite.sol']
3,['join.sol', 'flip.t.sol', 'move.sol', 'flop.t.sol', 'heal.sol', 'drip.t.sol', 'flap.sol', 'drip.sol', 'tune.sol', 'bite.sol']
1,['join.sol', 'flip.t.sol', 'move.sol', 'flop.t.sol', 'heal.sol', 'drip.t.sol', 'flap.sol', 'frob.t.sol', 'tune.sol', 'bite.sol']
1,['join.sol', 'flip.t.sol', 'move.sol', 'flop.t.sol', 'heal.sol', 'drip.t.sol', 'drip.sol', 'frob.t.sol', 'tune.sol', 'bite.sol']
2,['join.sol', 'flip.t.sol', 'move.sol', 'flop.t.sol', 'heal.sol', 'heal.t.sol', 'flap.sol', 'drip.sol', 'frob.t.sol', 'tune.sol']
2,['join.sol', 'flip.t.sol', 'move.sol', 'flop.t.sol', 'heal.sol', 'heal.t.sol', 'flap.sol', 'drip.sol', 'frob.t.sol', 'bite.sol']
2,['join.sol', 'flip.t.sol', 'move.sol', 'flop.t.sol', 'heal.sol', 'heal.t.sol', 'flap.sol', 'drip.sol', 'tune.sol', 'bite.sol']
2,['join.sol', 'flip.t.sol', 'move.sol', 'flop.t.sol', 'heal.sol', 'heal.t.sol', 'flap.sol', 'frob.t.sol', 'tune.sol', 'bite.sol']
2,['join.sol', 'flip.t.sol', 'move.sol', 'flop.t.sol', 'heal.sol', 'heal.t.sol', 'drip.sol', 'frob.t.sol', 'tune.sol', 'bite.sol']
2,['join.sol', 'flip.t.sol', 'move.sol', 'flop.t.sol', 'heal.sol', 'flap.sol', 'drip.sol', 'frob.t.sol', 'tune.sol', 'bite.sol']
2,['join.sol', 'flip.t.sol', 'move.sol', 'flop.t.sol', 'drip.t.sol', 'heal.t.sol', 'flap.sol', 'drip.sol', 'frob.t.sol', 'tune.sol']
2,['join.sol', 'flip.t.sol', 'move.sol', 'flop.t.sol', 'drip.t.sol', 'heal.t.sol', 'flap.sol', 'drip.sol', 'frob.t.sol', 'bite.sol']
2,['join.sol', 'flip.t.sol', 'move.sol', 'flop.t.sol', 'drip.t.sol', 'heal.t.sol', 'flap.sol', 'drip.sol', 'tune.sol', 'bite.sol']
1,['join.sol', 'flip.t.sol', 'move.sol', 'flop.t.sol', 'drip.t.sol', 'heal.t.sol', 'flap.sol', 'frob.t.sol', 'tune.sol', 'bite.sol']
1,['join.sol', 'flip.t.sol', 'move.sol', 'flop.t.sol', 'drip.t.sol', 'heal.t.sol', 'drip.sol', 'frob.t.sol', 'tune.sol', 'bite.sol']
2,['join.sol', 'flip.t.sol', 'move.sol', 'flop.t.sol', 'drip.t.sol', 'flap.sol', 'drip.sol', 'frob.t.sol', 'tune.sol', 'bite.sol']
2,['join.sol', 'flip.t.sol', 'move.sol', 'flop.t.sol', 'heal.t.sol', 'flap.sol', 'drip.sol', 'frob.t.sol', 'tune.sol', 'bite.sol']
2,['join.sol', 'flip.t.sol', 'move.sol', 'flap.t.sol', 'heal.sol', 'drip.t.sol', 'heal.t.sol', 'flap.sol', 'drip.sol', 'frob.t.sol']
1,['join.sol', 'flip.t.sol', 'move.sol', 'flap.t.sol', 'heal.sol', 'drip.t.sol', 'heal.t.sol', 'flap.sol', 'drip.sol', 'tune.sol']
1,['join.sol', 'flip.t.sol', 'move.sol', 'flap.t.sol', 'heal.sol', 'drip.t.sol', 'heal.t.sol', 'flap.sol', 'drip.sol', 'bite.sol']
2,['join.sol', 'flip.t.sol', 'move.sol', 'flap.t.sol', 'heal.sol', 'drip.t.sol', 'heal.t.sol', 'flap.sol', 'frob.t.sol', 'tune.sol']
2,['join.sol', 'flip.t.sol', 'move.sol', 'flap.t.sol', 'heal.sol', 'drip.t.sol', 'heal.t.sol', 'flap.sol', 'frob.t.sol', 'bite.sol']
1,['join.sol', 'flip.t.sol', 'move.sol', 'flap.t.sol', 'heal.sol', 'drip.t.sol', 'heal.t.sol', 'flap.sol', 'tune.sol', 'bite.sol']
1,['join.sol', 'flip.t.sol', 'move.sol', 'flap.t.sol', 'heal.sol', 'drip.t.sol', 'heal.t.sol', 'drip.sol', 'frob.t.sol', 'tune.sol']
2,['join.sol', 'flip.t.sol', 'move.sol', 'flap.t.sol', 'heal.sol', 'drip.t.sol', 'heal.t.sol', 'drip.sol', 'frob.t.sol', 'bite.sol']
1,['join.sol', 'flip.t.sol', 'move.sol', 'flap.t.sol', 'heal.sol', 'drip.t.sol', 'heal.t.sol', 'drip.sol', 'tune.sol', 'bite.sol']
1,['join.sol', 'flip.t.sol', 'move.sol', 'flap.t.sol', 'heal.sol', 'drip.t.sol', 'heal.t.sol', 'frob.t.sol', 'tune.sol', 'bite.sol']
2,['join.sol', 'flip.t.sol', 'move.sol', 'flap.t.sol', 'heal.sol', 'drip.t.sol', 'flap.sol', 'drip.sol', 'frob.t.sol', 'tune.sol']
2,['join.sol', 'flip.t.sol', 'move.sol', 'flap.t.sol', 'heal.sol', 'drip.t.sol', 'flap.sol', 'drip.sol', 'frob.t.sol', 'bite.sol']
3,['join.sol', 'flip.t.sol', 'move.sol', 'flap.t.sol', 'heal.sol', 'drip.t.sol', 'flap.sol', 'drip.sol', 'tune.sol', 'bite.sol']
2,['join.sol', 'flip.t.sol', 'move.sol', 'flap.t.sol', 'heal.sol', 'drip.t.sol', 'flap.sol', 'frob.t.sol', 'tune.sol', 'bite.sol']
1,['join.sol', 'flip.t.sol', 'move.sol', 'flap.t.sol', 'heal.sol', 'drip.t.sol', 'drip.sol', 'frob.t.sol', 'tune.sol', 'bite.sol']
2,['join.sol', 'flip.t.sol', 'move.sol', 'flap.t.sol', 'heal.sol', 'heal.t.sol', 'flap.sol', 'drip.sol', 'frob.t.sol', 'tune.sol']
2,['join.sol', 'flip.t.sol', 'move.sol', 'flap.t.sol', 'heal.sol', 'heal.t.sol', 'flap.sol', 'drip.sol', 'frob.t.sol', 'bite.sol']
2,['join.sol', 'flip.t.sol', 'move.sol', 'flap.t.sol', 'heal.sol', 'heal.t.sol', 'flap.sol', 'drip.sol', 'tune.sol', 'bite.sol']
2,['join.sol', 'flip.t.sol', 'move.sol', 'flap.t.sol', 'heal.sol', 'heal.t.sol', 'flap.sol', 'frob.t.sol', 'tune.sol', 'bite.sol']
2,['join.sol', 'flip.t.sol', 'move.sol', 'flap.t.sol', 'heal.sol', 'heal.t.sol', 'drip.sol', 'frob.t.sol', 'tune.sol', 'bite.sol']
2,['join.sol', 'flip.t.sol', 'move.sol', 'flap.t.sol', 'heal.sol', 'flap.sol', 'drip.sol', 'frob.t.sol', 'tune.sol', 'bite.sol']
2,['join.sol', 'flip.t.sol', 'move.sol', 'flap.t.sol', 'drip.t.sol', 'heal.t.sol', 'flap.sol', 'drip.sol', 'frob.t.sol', 'tune.sol']
2,['join.sol', 'flip.t.sol', 'move.sol', 'flap.t.sol', 'drip.t.sol', 'heal.t.sol', 'flap.sol', 'drip.sol', 'frob.t.sol', 'bite.sol']
2,['join.sol', 'flip.t.sol', 'move.sol', 'flap.t.sol', 'drip.t.sol', 'heal.t.sol', 'flap.sol', 'drip.sol', 'tune.sol', 'bite.sol']
1,['join.sol', 'flip.t.sol', 'move.sol', 'flap.t.sol', 'drip.t.sol', 'heal.t.sol', 'flap.sol', 'frob.t.sol', 'tune.sol', 'bite.sol']
1,['join.sol', 'flip.t.sol', 'move.sol', 'flap.t.sol', 'drip.t.sol', 'heal.t.sol', 'drip.sol', 'frob.t.sol', 'tune.sol', 'bite.sol']
2,['join.sol', 'flip.t.sol', 'move.sol', 'flap.t.sol', 'drip.t.sol', 'flap.sol', 'drip.sol', 'frob.t.sol', 'tune.sol', 'bite.sol']
2,['join.sol', 'flip.t.sol', 'move.sol', 'flap.t.sol', 'heal.t.sol', 'flap.sol', 'drip.sol', 'frob.t.sol', 'tune.sol', 'bite.sol']
1,['join.sol', 'flip.t.sol', 'move.sol', 'heal.sol', 'drip.t.sol', 'heal.t.sol', 'flap.sol', 'drip.sol', 'frob.t.sol', 'tune.sol']
2,['join.sol', 'flip.t.sol', 'move.sol', 'heal.sol', 'drip.t.sol', 'heal.t.sol', 'flap.sol', 'drip.sol', 'frob.t.sol', 'bite.sol']
1,['join.sol', 'flip.t.sol', 'move.sol', 'heal.sol', 'drip.t.sol', 'heal.t.sol', 'flap.sol', 'drip.sol', 'tune.sol', 'bite.sol']
1,['join.sol', 'flip.t.sol', 'move.sol', 'heal.sol', 'drip.t.sol', 'heal.t.sol', 'flap.sol', 'frob.t.sol', 'tune.sol', 'bite.sol']
1,['join.sol', 'flip.t.sol', 'move.sol', 'heal.sol', 'drip.t.sol', 'heal.t.sol', 'drip.sol', 'frob.t.sol', 'tune.sol', 'bite.sol']
1,['join.sol', 'flip.t.sol', 'move.sol', 'heal.sol', 'drip.t.sol', 'flap.sol', 'drip.sol', 'frob.t.sol', 'tune.sol', 'bite.sol']
2,['join.sol', 'flip.t.sol', 'move.sol', 'heal.sol', 'heal.t.sol', 'flap.sol', 'drip.sol', 'frob.t.sol', 'tune.sol', 'bite.sol']
1,['join.sol', 'flip.t.sol', 'move.sol', 'drip.t.sol', 'heal.t.sol', 'flap.sol', 'drip.sol', 'frob.t.sol', 'tune.sol', 'bite.sol']
2,['join.sol', 'flip.t.sol', 'flop.t.sol', 'flap.t.sol', 'heal.sol', 'drip.t.sol', 'heal.t.sol', 'flap.sol', 'drip.sol', 'frob.t.sol']
1,['join.sol', 'flip.t.sol', 'flop.t.sol', 'flap.t.sol', 'heal.sol', 'drip.t.sol', 'heal.t.sol', 'flap.sol', 'drip.sol', 'tune.sol']
2,['join.sol', 'flip.t.sol', 'flop.t.sol', 'flap.t.sol', 'heal.sol', 'drip.t.sol', 'heal.t.sol', 'flap.sol', 'drip.sol', 'bite.sol']
1,['join.sol', 'flip.t.sol', 'flop.t.sol', 'flap.t.sol', 'heal.sol', 'drip.t.sol', 'heal.t.sol', 'flap.sol', 'frob.t.sol', 'tune.sol']
1,['join.sol', 'flip.t.sol', 'flop.t.sol', 'flap.t.sol', 'heal.sol', 'drip.t.sol', 'heal.t.sol', 'flap.sol', 'frob.t.sol', 'bite.sol']
1,['join.sol', 'flip.t.sol', 'flop.t.sol', 'flap.t.sol', 'heal.sol', 'drip.t.sol', 'heal.t.sol', 'flap.sol', 'tune.sol', 'bite.sol']
1,['join.sol', 'flip.t.sol', 'flop.t.sol', 'flap.t.sol', 'heal.sol', 'drip.t.sol', 'heal.t.sol', 'drip.sol', 'frob.t.sol', 'tune.sol']
1,['join.sol', 'flip.t.sol', 'flop.t.sol', 'flap.t.sol', 'heal.sol', 'drip.t.sol', 'heal.t.sol', 'drip.sol', 'frob.t.sol', 'bite.sol']
1,['join.sol', 'flip.t.sol', 'flop.t.sol', 'flap.t.sol', 'heal.sol', 'drip.t.sol', 'heal.t.sol', 'drip.sol', 'tune.sol', 'bite.sol']
1,['join.sol', 'flip.t.sol', 'flop.t.sol', 'flap.t.sol', 'heal.sol', 'drip.t.sol', 'heal.t.sol', 'frob.t.sol', 'tune.sol', 'bite.sol']
2,['join.sol', 'flip.t.sol', 'flop.t.sol', 'flap.t.sol', 'heal.sol', 'drip.t.sol', 'flap.sol', 'drip.sol', 'frob.t.sol', 'tune.sol']
2,['join.sol', 'flip.t.sol', 'flop.t.sol', 'flap.t.sol', 'heal.sol', 'drip.t.sol', 'flap.sol', 'drip.sol', 'frob.t.sol', 'bite.sol']
1,['join.sol', 'flip.t.sol', 'flop.t.sol', 'flap.t.sol', 'heal.sol', 'drip.t.sol', 'flap.sol', 'drip.sol', 'tune.sol', 'bite.sol']
1,['join.sol', 'flip.t.sol', 'flop.t.sol', 'flap.t.sol', 'heal.sol', 'drip.t.sol', 'flap.sol', 'frob.t.sol', 'tune.sol', 'bite.sol']
1,['join.sol', 'flip.t.sol', 'flop.t.sol', 'flap.t.sol', 'heal.sol', 'drip.t.sol', 'drip.sol', 'frob.t.sol', 'tune.sol', 'bite.sol']
2,['join.sol', 'flip.t.sol', 'flop.t.sol', 'flap.t.sol', 'heal.sol', 'heal.t.sol', 'flap.sol', 'drip.sol', 'frob.t.sol', 'tune.sol']
2,['join.sol', 'flip.t.sol', 'flop.t.sol', 'flap.t.sol', 'heal.sol', 'heal.t.sol', 'flap.sol', 'drip.sol', 'frob.t.sol', 'bite.sol']
2,['join.sol', 'flip.t.sol', 'flop.t.sol', 'flap.t.sol', 'heal.sol', 'heal.t.sol', 'flap.sol', 'drip.sol', 'tune.sol', 'bite.sol']
2,['join.sol', 'flip.t.sol', 'flop.t.sol', 'flap.t.sol', 'heal.sol', 'heal.t.sol', 'flap.sol', 'frob.t.sol', 'tune.sol', 'bite.sol']
2,['join.sol', 'flip.t.sol', 'flop.t.sol', 'flap.t.sol', 'heal.sol', 'heal.t.sol', 'drip.sol', 'frob.t.sol', 'tune.sol', 'bite.sol']
2,['join.sol', 'flip.t.sol', 'flop.t.sol', 'flap.t.sol', 'heal.sol', 'flap.sol', 'drip.sol', 'frob.t.sol', 'tune.sol', 'bite.sol']
2,['join.sol', 'flip.t.sol', 'flop.t.sol', 'flap.t.sol', 'drip.t.sol', 'heal.t.sol', 'flap.sol', 'drip.sol', 'frob.t.sol', 'tune.sol']
2,['join.sol', 'flip.t.sol', 'flop.t.sol', 'flap.t.sol', 'drip.t.sol', 'heal.t.sol', 'flap.sol', 'drip.sol', 'frob.t.sol', 'bite.sol']
2,['join.sol', 'flip.t.sol', 'flop.t.sol', 'flap.t.sol', 'drip.t.sol', 'heal.t.sol', 'flap.sol', 'drip.sol', 'tune.sol', 'bite.sol']
1,['join.sol', 'flip.t.sol', 'flop.t.sol', 'flap.t.sol', 'drip.t.sol', 'heal.t.sol', 'flap.sol', 'frob.t.sol', 'tune.sol', 'bite.sol']
1,['join.sol', 'flip.t.sol', 'flop.t.sol', 'flap.t.sol', 'drip.t.sol', 'heal.t.sol', 'drip.sol', 'frob.t.sol', 'tune.sol', 'bite.sol']
2,['join.sol', 'flip.t.sol', 'flop.t.sol', 'flap.t.sol', 'drip.t.sol', 'flap.sol', 'drip.sol', 'frob.t.sol', 'tune.sol', 'bite.sol']
2,['join.sol', 'flip.t.sol', 'flop.t.sol', 'flap.t.sol', 'heal.t.sol', 'flap.sol', 'drip.sol', 'frob.t.sol', 'tune.sol', 'bite.sol']
2,['join.sol', 'flip.t.sol', 'flop.t.sol', 'heal.sol', 'drip.t.sol', 'heal.t.sol', 'flap.sol', 'drip.sol', 'frob.t.sol', 'tune.sol']
2,['join.sol', 'flip.t.sol', 'flop.t.sol', 'heal.sol', 'drip.t.sol', 'heal.t.sol', 'flap.sol', 'drip.sol', 'frob.t.sol', 'bite.sol']
1,['join.sol', 'flip.t.sol', 'flop.t.sol', 'heal.sol', 'drip.t.sol', 'heal.t.sol', 'flap.sol', 'drip.sol', 'tune.sol', 'bite.sol']
1,['join.sol', 'flip.t.sol', 'flop.t.sol', 'heal.sol', 'drip.t.sol', 'heal.t.sol', 'flap.sol', 'frob.t.sol', 'tune.sol', 'bite.sol']
1,['join.sol', 'flip.t.sol', 'flop.t.sol', 'heal.sol', 'drip.t.sol', 'heal.t.sol', 'drip.sol', 'frob.t.sol', 'tune.sol', 'bite.sol']
1,['join.sol', 'flip.t.sol', 'flop.t.sol', 'heal.sol', 'drip.t.sol', 'flap.sol', 'drip.sol', 'frob.t.sol', 'tune.sol', 'bite.sol']
2,['join.sol', 'flip.t.sol', 'flop.t.sol', 'heal.sol', 'heal.t.sol', 'flap.sol', 'drip.sol', 'frob.t.sol', 'tune.sol', 'bite.sol']
1,['join.sol', 'flip.t.sol', 'flop.t.sol', 'drip.t.sol', 'heal.t.sol', 'flap.sol', 'drip.sol', 'frob.t.sol', 'tune.sol', 'bite.sol']
1,['join.sol', 'flip.t.sol', 'flap.t.sol', 'heal.sol', 'drip.t.sol', 'heal.t.sol', 'flap.sol', 'drip.sol', 'frob.t.sol', 'tune.sol']
1,['join.sol', 'flip.t.sol', 'flap.t.sol', 'heal.sol', 'drip.t.sol', 'heal.t.sol', 'flap.sol', 'drip.sol', 'frob.t.sol', 'bite.sol']
1,['join.sol', 'flip.t.sol', 'flap.t.sol', 'heal.sol', 'drip.t.sol', 'heal.t.sol', 'flap.sol', 'drip.sol', 'tune.sol', 'bite.sol']
1,['join.sol', 'flip.t.sol', 'flap.t.sol', 'heal.sol', 'drip.t.sol', 'heal.t.sol', 'flap.sol', 'frob.t.sol', 'tune.sol', 'bite.sol']
1,['join.sol', 'flip.t.sol', 'flap.t.sol', 'heal.sol', 'drip.t.sol', 'heal.t.sol', 'drip.sol', 'frob.t.sol', 'tune.sol', 'bite.sol']
1,['join.sol', 'flip.t.sol', 'flap.t.sol', 'heal.sol', 'drip.t.sol', 'flap.sol', 'drip.sol', 'frob.t.sol', 'tune.sol', 'bite.sol']
2,['join.sol', 'flip.t.sol', 'flap.t.sol', 'heal.sol', 'heal.t.sol', 'flap.sol', 'drip.sol', 'frob.t.sol', 'tune.sol', 'bite.sol']
1,['join.sol', 'flip.t.sol', 'flap.t.sol', 'drip.t.sol', 'heal.t.sol', 'flap.sol', 'drip.sol', 'frob.t.sol', 'tune.sol', 'bite.sol']
1,['join.sol', 'flip.t.sol', 'heal.sol', 'drip.t.sol', 'heal.t.sol', 'flap.sol', 'drip.sol', 'frob.t.sol', 'tune.sol', 'bite.sol']
2,['join.sol', 'move.sol', 'flop.t.sol', 'flap.t.sol', 'heal.sol', 'drip.t.sol', 'heal.t.sol', 'flap.sol', 'drip.sol', 'frob.t.sol']
1,['join.sol', 'move.sol', 'flop.t.sol', 'flap.t.sol', 'heal.sol', 'drip.t.sol', 'heal.t.sol', 'flap.sol', 'drip.sol', 'tune.sol']
2,['join.sol', 'move.sol', 'flop.t.sol', 'flap.t.sol', 'heal.sol', 'drip.t.sol', 'heal.t.sol', 'flap.sol', 'drip.sol', 'bite.sol']
2,['join.sol', 'move.sol', 'flop.t.sol', 'flap.t.sol', 'heal.sol', 'drip.t.sol', 'heal.t.sol', 'flap.sol', 'frob.t.sol', 'tune.sol']
2,['join.sol', 'move.sol', 'flop.t.sol', 'flap.t.sol', 'heal.sol', 'drip.t.sol', 'heal.t.sol', 'flap.sol', 'frob.t.sol', 'bite.sol']
1,['join.sol', 'move.sol', 'flop.t.sol', 'flap.t.sol', 'heal.sol', 'drip.t.sol', 'heal.t.sol', 'flap.sol', 'tune.sol', 'bite.sol']
2,['join.sol', 'move.sol', 'flop.t.sol', 'flap.t.sol', 'heal.sol', 'drip.t.sol', 'heal.t.sol', 'drip.sol', 'frob.t.sol', 'tune.sol']
2,['join.sol', 'move.sol', 'flop.t.sol', 'flap.t.sol', 'heal.sol', 'drip.t.sol', 'heal.t.sol', 'drip.sol', 'frob.t.sol', 'bite.sol']
1,['join.sol', 'move.sol', 'flop.t.sol', 'flap.t.sol', 'heal.sol', 'drip.t.sol', 'heal.t.sol', 'drip.sol', 'tune.sol', 'bite.sol']
1,['join.sol', 'move.sol', 'flop.t.sol', 'flap.t.sol', 'heal.sol', 'drip.t.sol', 'heal.t.sol', 'frob.t.sol', 'tune.sol', 'bite.sol']
1,['join.sol', 'move.sol', 'flop.t.sol', 'flap.t.sol', 'heal.sol', 'drip.t.sol', 'flap.sol', 'drip.sol', 'frob.t.sol', 'tune.sol']
2,['join.sol', 'move.sol', 'flop.t.sol', 'flap.t.sol', 'heal.sol', 'drip.t.sol', 'flap.sol', 'drip.sol', 'frob.t.sol', 'bite.sol']
1,['join.sol', 'move.sol', 'flop.t.sol', 'flap.t.sol', 'heal.sol', 'drip.t.sol', 'flap.sol', 'drip.sol', 'tune.sol', 'bite.sol']
1,['join.sol', 'move.sol', 'flop.t.sol', 'flap.t.sol', 'heal.sol', 'drip.t.sol', 'flap.sol', 'frob.t.sol', 'tune.sol', 'bite.sol']
1,['join.sol', 'move.sol', 'flop.t.sol', 'flap.t.sol', 'heal.sol', 'drip.t.sol', 'drip.sol', 'frob.t.sol', 'tune.sol', 'bite.sol']
2,['join.sol', 'move.sol', 'flop.t.sol', 'flap.t.sol', 'heal.sol', 'heal.t.sol', 'flap.sol', 'drip.sol', 'frob.t.sol', 'tune.sol']
2,['join.sol', 'move.sol', 'flop.t.sol', 'flap.t.sol', 'heal.sol', 'heal.t.sol', 'flap.sol', 'drip.sol', 'frob.t.sol', 'bite.sol']
2,['join.sol', 'move.sol', 'flop.t.sol', 'flap.t.sol', 'heal.sol', 'heal.t.sol', 'flap.sol', 'drip.sol', 'tune.sol', 'bite.sol']
2,['join.sol', 'move.sol', 'flop.t.sol', 'flap.t.sol', 'heal.sol', 'heal.t.sol', 'flap.sol', 'frob.t.sol', 'tune.sol', 'bite.sol']
2,['join.sol', 'move.sol', 'flop.t.sol', 'flap.t.sol', 'heal.sol', 'heal.t.sol', 'drip.sol', 'frob.t.sol', 'tune.sol', 'bite.sol']
2,['join.sol', 'move.sol', 'flop.t.sol', 'flap.t.sol', 'heal.sol', 'flap.sol', 'drip.sol', 'frob.t.sol', 'tune.sol', 'bite.sol']
2,['join.sol', 'move.sol', 'flop.t.sol', 'flap.t.sol', 'drip.t.sol', 'heal.t.sol', 'flap.sol', 'drip.sol', 'frob.t.sol', 'tune.sol']
2,['join.sol', 'move.sol', 'flop.t.sol', 'flap.t.sol', 'drip.t.sol', 'heal.t.sol', 'flap.sol', 'drip.sol', 'frob.t.sol', 'bite.sol']
1,['join.sol', 'move.sol', 'flop.t.sol', 'flap.t.sol', 'drip.t.sol', 'heal.t.sol', 'flap.sol', 'drip.sol', 'tune.sol', 'bite.sol']
1,['join.sol', 'move.sol', 'flop.t.sol', 'flap.t.sol', 'drip.t.sol', 'heal.t.sol', 'flap.sol', 'frob.t.sol', 'tune.sol', 'bite.sol']
1,['join.sol', 'move.sol', 'flop.t.sol', 'flap.t.sol', 'drip.t.sol', 'heal.t.sol', 'drip.sol', 'frob.t.sol', 'tune.sol', 'bite.sol']
2,['join.sol', 'move.sol', 'flop.t.sol', 'flap.t.sol', 'drip.t.sol', 'flap.sol', 'drip.sol', 'frob.t.sol', 'tune.sol', 'bite.sol']
2,['join.sol', 'move.sol', 'flop.t.sol', 'flap.t.sol', 'heal.t.sol', 'flap.sol', 'drip.sol', 'frob.t.sol', 'tune.sol', 'bite.sol']
1,['join.sol', 'move.sol', 'flop.t.sol', 'heal.sol', 'drip.t.sol', 'heal.t.sol', 'flap.sol', 'drip.sol', 'frob.t.sol', 'tune.sol']
2,['join.sol', 'move.sol', 'flop.t.sol', 'heal.sol', 'drip.t.sol', 'heal.t.sol', 'flap.sol', 'drip.sol', 'frob.t.sol', 'bite.sol']
1,['join.sol', 'move.sol', 'flop.t.sol', 'heal.sol', 'drip.t.sol', 'heal.t.sol', 'flap.sol', 'drip.sol', 'tune.sol', 'bite.sol']
1,['join.sol', 'move.sol', 'flop.t.sol', 'heal.sol', 'drip.t.sol', 'heal.t.sol', 'flap.sol', 'frob.t.sol', 'tune.sol', 'bite.sol']
1,['join.sol', 'move.sol', 'flop.t.sol', 'heal.sol', 'drip.t.sol', 'heal.t.sol', 'drip.sol', 'frob.t.sol', 'tune.sol', 'bite.sol']
1,['join.sol', 'move.sol', 'flop.t.sol', 'heal.sol', 'drip.t.sol', 'flap.sol', 'drip.sol', 'frob.t.sol', 'tune.sol', 'bite.sol']
2,['join.sol', 'move.sol', 'flop.t.sol', 'heal.sol', 'heal.t.sol', 'flap.sol', 'drip.sol', 'frob.t.sol', 'tune.sol', 'bite.sol']
1,['join.sol', 'move.sol', 'flop.t.sol', 'drip.t.sol', 'heal.t.sol', 'flap.sol', 'drip.sol', 'frob.t.sol', 'tune.sol', 'bite.sol']
1,['join.sol', 'move.sol', 'flap.t.sol', 'heal.sol', 'drip.t.sol', 'heal.t.sol', 'flap.sol', 'drip.sol', 'frob.t.sol', 'tune.sol']
2,['join.sol', 'move.sol', 'flap.t.sol', 'heal.sol', 'drip.t.sol', 'heal.t.sol', 'flap.sol', 'drip.sol', 'frob.t.sol', 'bite.sol']
1,['join.sol', 'move.sol', 'flap.t.sol', 'heal.sol', 'drip.t.sol', 'heal.t.sol', 'flap.sol', 'drip.sol', 'tune.sol', 'bite.sol']
1,['join.sol', 'move.sol', 'flap.t.sol', 'heal.sol', 'drip.t.sol', 'heal.t.sol', 'flap.sol', 'frob.t.sol', 'tune.sol', 'bite.sol']
1,['join.sol', 'move.sol', 'flap.t.sol', 'heal.sol', 'drip.t.sol', 'heal.t.sol', 'drip.sol', 'frob.t.sol', 'tune.sol', 'bite.sol']
1,['join.sol', 'move.sol', 'flap.t.sol', 'heal.sol', 'drip.t.sol', 'flap.sol', 'drip.sol', 'frob.t.sol', 'tune.sol', 'bite.sol']
2,['join.sol', 'move.sol', 'flap.t.sol', 'heal.sol', 'heal.t.sol', 'flap.sol', 'drip.sol', 'frob.t.sol', 'tune.sol', 'bite.sol']
1,['join.sol', 'move.sol', 'flap.t.sol', 'drip.t.sol', 'heal.t.sol', 'flap.sol', 'drip.sol', 'frob.t.sol', 'tune.sol', 'bite.sol']
1,['join.sol', 'move.sol', 'heal.sol', 'drip.t.sol', 'heal.t.sol', 'flap.sol', 'drip.sol', 'frob.t.sol', 'tune.sol', 'bite.sol']
2,['join.sol', 'flop.t.sol', 'flap.t.sol', 'heal.sol', 'drip.t.sol', 'heal.t.sol', 'flap.sol', 'drip.sol', 'frob.t.sol', 'tune.sol']
2,['join.sol', 'flop.t.sol', 'flap.t.sol', 'heal.sol', 'drip.t.sol', 'heal.t.sol', 'flap.sol', 'drip.sol', 'frob.t.sol', 'bite.sol']
1,['join.sol', 'flop.t.sol', 'flap.t.sol', 'heal.sol', 'drip.t.sol', 'heal.t.sol', 'flap.sol', 'drip.sol', 'tune.sol', 'bite.sol']
1,['join.sol', 'flop.t.sol', 'flap.t.sol', 'heal.sol', 'drip.t.sol', 'heal.t.sol', 'flap.sol', 'frob.t.sol', 'tune.sol', 'bite.sol']
1,['join.sol', 'flop.t.sol', 'flap.t.sol', 'heal.sol', 'drip.t.sol', 'heal.t.sol', 'drip.sol', 'frob.t.sol', 'tune.sol', 'bite.sol']
1,['join.sol', 'flop.t.sol', 'flap.t.sol', 'heal.sol', 'drip.t.sol', 'flap.sol', 'drip.sol', 'frob.t.sol', 'tune.sol', 'bite.sol']
2,['join.sol', 'flop.t.sol', 'flap.t.sol', 'heal.sol', 'heal.t.sol', 'flap.sol', 'drip.sol', 'frob.t.sol', 'tune.sol', 'bite.sol']
1,['join.sol', 'flop.t.sol', 'flap.t.sol', 'drip.t.sol', 'heal.t.sol', 'flap.sol', 'drip.sol', 'frob.t.sol', 'tune.sol', 'bite.sol']
1,['join.sol', 'flop.t.sol', 'heal.sol', 'drip.t.sol', 'heal.t.sol', 'flap.sol', 'drip.sol', 'frob.t.sol', 'tune.sol', 'bite.sol']
1,['join.sol', 'flap.t.sol', 'heal.sol', 'drip.t.sol', 'heal.t.sol', 'flap.sol', 'drip.sol', 'frob.t.sol', 'tune.sol', 'bite.sol']
2,['flip.sol', 'frob.sol', 'flip.t.sol', 'move.sol', 'flop.t.sol', 'flap.t.sol', 'heal.sol', 'drip.t.sol', 'heal.t.sol', 'flap.sol']
1,['flip.sol', 'frob.sol', 'flip.t.sol', 'move.sol', 'flop.t.sol', 'flap.t.sol', 'heal.sol', 'drip.t.sol', 'heal.t.sol', 'drip.sol']
2,['flip.sol', 'frob.sol', 'flip.t.sol', 'move.sol', 'flop.t.sol', 'flap.t.sol', 'heal.sol', 'drip.t.sol', 'heal.t.sol', 'frob.t.sol']
2,['flip.sol', 'frob.sol', 'flip.t.sol', 'move.sol', 'flop.t.sol', 'flap.t.sol', 'heal.sol', 'drip.t.sol', 'heal.t.sol', 'tune.sol']
1,['flip.sol', 'frob.sol', 'flip.t.sol', 'move.sol', 'flop.t.sol', 'flap.t.sol', 'heal.sol', 'drip.t.sol', 'heal.t.sol', 'bite.sol']
1,['flip.sol', 'frob.sol', 'flip.t.sol', 'move.sol', 'flop.t.sol', 'flap.t.sol', 'heal.sol', 'drip.t.sol', 'flap.sol', 'drip.sol']
2,['flip.sol', 'frob.sol', 'flip.t.sol', 'move.sol', 'flop.t.sol', 'flap.t.sol', 'heal.sol', 'drip.t.sol', 'flap.sol', 'frob.t.sol']
1,['flip.sol', 'frob.sol', 'flip.t.sol', 'move.sol', 'flop.t.sol', 'flap.t.sol', 'heal.sol', 'drip.t.sol', 'flap.sol', 'tune.sol']
1,['flip.sol', 'frob.sol', 'flip.t.sol', 'move.sol', 'flop.t.sol', 'flap.t.sol', 'heal.sol', 'drip.t.sol', 'flap.sol', 'bite.sol']
2,['flip.sol', 'frob.sol', 'flip.t.sol', 'move.sol', 'flop.t.sol', 'flap.t.sol', 'heal.sol', 'drip.t.sol', 'drip.sol', 'frob.t.sol']
1,['flip.sol', 'frob.sol', 'flip.t.sol', 'move.sol', 'flop.t.sol', 'flap.t.sol', 'heal.sol', 'drip.t.sol', 'drip.sol', 'tune.sol']
1,['flip.sol', 'frob.sol', 'flip.t.sol', 'move.sol', 'flop.t.sol', 'flap.t.sol', 'heal.sol', 'drip.t.sol', 'drip.sol', 'bite.sol']
2,['flip.sol', 'frob.sol', 'flip.t.sol', 'move.sol', 'flop.t.sol', 'flap.t.sol', 'heal.sol', 'drip.t.sol', 'frob.t.sol', 'tune.sol']
1,['flip.sol', 'frob.sol', 'flip.t.sol', 'move.sol', 'flop.t.sol', 'flap.t.sol', 'heal.sol', 'drip.t.sol', 'frob.t.sol', 'bite.sol']
1,['flip.sol', 'frob.sol', 'flip.t.sol', 'move.sol', 'flop.t.sol', 'flap.t.sol', 'heal.sol', 'drip.t.sol', 'tune.sol', 'bite.sol']
3,['flip.sol', 'frob.sol', 'flip.t.sol', 'move.sol', 'flop.t.sol', 'flap.t.sol', 'heal.sol', 'heal.t.sol', 'flap.sol', 'drip.sol']
2,['flip.sol', 'frob.sol', 'flip.t.sol', 'move.sol', 'flop.t.sol', 'flap.t.sol', 'heal.sol', 'heal.t.sol', 'flap.sol', 'frob.t.sol']
2,['flip.sol', 'frob.sol', 'flip.t.sol', 'move.sol', 'flop.t.sol', 'flap.t.sol', 'heal.sol', 'heal.t.sol', 'flap.sol', 'tune.sol']
3,['flip.sol', 'frob.sol', 'flip.t.sol', 'move.sol', 'flop.t.sol', 'flap.t.sol', 'heal.sol', 'heal.t.sol', 'flap.sol', 'bite.sol']
2,['flip.sol', 'frob.sol', 'flip.t.sol', 'move.sol', 'flop.t.sol', 'flap.t.sol', 'heal.sol', 'heal.t.sol', 'drip.sol', 'frob.t.sol']
2,['flip.sol', 'frob.sol', 'flip.t.sol', 'move.sol', 'flop.t.sol', 'flap.t.sol', 'heal.sol', 'heal.t.sol', 'drip.sol', 'tune.sol']
2,['flip.sol', 'frob.sol', 'flip.t.sol', 'move.sol', 'flop.t.sol', 'flap.t.sol', 'heal.sol', 'heal.t.sol', 'drip.sol', 'bite.sol']
2,['flip.sol', 'frob.sol', 'flip.t.sol', 'move.sol', 'flop.t.sol', 'flap.t.sol', 'heal.sol', 'heal.t.sol', 'frob.t.sol', 'tune.sol']
2,['flip.sol', 'frob.sol', 'flip.t.sol', 'move.sol', 'flop.t.sol', 'flap.t.sol', 'heal.sol', 'heal.t.sol', 'frob.t.sol', 'bite.sol']
2,['flip.sol', 'frob.sol', 'flip.t.sol', 'move.sol', 'flop.t.sol', 'flap.t.sol', 'heal.sol', 'heal.t.sol', 'tune.sol', 'bite.sol']
2,['flip.sol', 'frob.sol', 'flip.t.sol', 'move.sol', 'flop.t.sol', 'flap.t.sol', 'heal.sol', 'flap.sol', 'drip.sol', 'frob.t.sol']
1,['flip.sol', 'frob.sol', 'flip.t.sol', 'move.sol', 'flop.t.sol', 'flap.t.sol', 'heal.sol', 'flap.sol', 'drip.sol', 'tune.sol']
1,['flip.sol', 'frob.sol', 'flip.t.sol', 'move.sol', 'flop.t.sol', 'flap.t.sol', 'heal.sol', 'flap.sol', 'drip.sol', 'bite.sol']
2,['flip.sol', 'frob.sol', 'flip.t.sol', 'move.sol', 'flop.t.sol', 'flap.t.sol', 'heal.sol', 'flap.sol', 'frob.t.sol', 'tune.sol']
2,['flip.sol', 'frob.sol', 'flip.t.sol', 'move.sol', 'flop.t.sol', 'flap.t.sol', 'heal.sol', 'flap.sol', 'frob.t.sol', 'bite.sol']
1,['flip.sol', 'frob.sol', 'flip.t.sol', 'move.sol', 'flop.t.sol', 'flap.t.sol', 'heal.sol', 'flap.sol', 'tune.sol', 'bite.sol']
2,['flip.sol', 'frob.sol', 'flip.t.sol', 'move.sol', 'flop.t.sol', 'flap.t.sol', 'heal.sol', 'drip.sol', 'frob.t.sol', 'tune.sol']
2,['flip.sol', 'frob.sol', 'flip.t.sol', 'move.sol', 'flop.t.sol', 'flap.t.sol', 'heal.sol', 'drip.sol', 'frob.t.sol', 'bite.sol']
1,['flip.sol', 'frob.sol', 'flip.t.sol', 'move.sol', 'flop.t.sol', 'flap.t.sol', 'heal.sol', 'drip.sol', 'tune.sol', 'bite.sol']
2,['flip.sol', 'frob.sol', 'flip.t.sol', 'move.sol', 'flop.t.sol', 'flap.t.sol', 'heal.sol', 'frob.t.sol', 'tune.sol', 'bite.sol']
2,['flip.sol', 'frob.sol', 'flip.t.sol', 'move.sol', 'flop.t.sol', 'flap.t.sol', 'drip.t.sol', 'heal.t.sol', 'flap.sol', 'drip.sol']
2,['flip.sol', 'frob.sol', 'flip.t.sol', 'move.sol', 'flop.t.sol', 'flap.t.sol', 'drip.t.sol', 'heal.t.sol', 'flap.sol', 'frob.t.sol']
1,['flip.sol', 'frob.sol', 'flip.t.sol', 'move.sol', 'flop.t.sol', 'flap.t.sol', 'drip.t.sol', 'heal.t.sol', 'flap.sol', 'tune.sol']
2,['flip.sol', 'frob.sol', 'flip.t.sol', 'move.sol', 'flop.t.sol', 'flap.t.sol', 'drip.t.sol', 'heal.t.sol', 'flap.sol', 'bite.sol']
2,['flip.sol', 'frob.sol', 'flip.t.sol', 'move.sol', 'flop.t.sol', 'flap.t.sol', 'drip.t.sol', 'heal.t.sol', 'drip.sol', 'frob.t.sol']
1,['flip.sol', 'frob.sol', 'flip.t.sol', 'move.sol', 'flop.t.sol', 'flap.t.sol', 'drip.t.sol', 'heal.t.sol', 'drip.sol', 'tune.sol']
2,['flip.sol', 'frob.sol', 'flip.t.sol', 'move.sol', 'flop.t.sol', 'flap.t.sol', 'drip.t.sol', 'heal.t.sol', 'drip.sol', 'bite.sol']
2,['flip.sol', 'frob.sol', 'flip.t.sol', 'move.sol', 'flop.t.sol', 'flap.t.sol', 'drip.t.sol', 'heal.t.sol', 'frob.t.sol', 'tune.sol']
1,['flip.sol', 'frob.sol', 'flip.t.sol', 'move.sol', 'flop.t.sol', 'flap.t.sol', 'drip.t.sol', 'heal.t.sol', 'frob.t.sol', 'bite.sol']
1,['flip.sol', 'frob.sol', 'flip.t.sol', 'move.sol', 'flop.t.sol', 'flap.t.sol', 'drip.t.sol', 'heal.t.sol', 'tune.sol', 'bite.sol']
2,['flip.sol', 'frob.sol', 'flip.t.sol', 'move.sol', 'flop.t.sol', 'flap.t.sol', 'drip.t.sol', 'flap.sol', 'drip.sol', 'frob.t.sol']
1,['flip.sol', 'frob.sol', 'flip.t.sol', 'move.sol', 'flop.t.sol', 'flap.t.sol', 'drip.t.sol', 'flap.sol', 'drip.sol', 'tune.sol']
1,['flip.sol', 'frob.sol', 'flip.t.sol', 'move.sol', 'flop.t.sol', 'flap.t.sol', 'drip.t.sol', 'flap.sol', 'drip.sol', 'bite.sol']
2,['flip.sol', 'frob.sol', 'flip.t.sol', 'move.sol', 'flop.t.sol', 'flap.t.sol', 'drip.t.sol', 'flap.sol', 'frob.t.sol', 'tune.sol']
2,['flip.sol', 'frob.sol', 'flip.t.sol', 'move.sol', 'flop.t.sol', 'flap.t.sol', 'drip.t.sol', 'flap.sol', 'frob.t.sol', 'bite.sol']
1,['flip.sol', 'frob.sol', 'flip.t.sol', 'move.sol', 'flop.t.sol', 'flap.t.sol', 'drip.t.sol', 'flap.sol', 'tune.sol', 'bite.sol']
2,['flip.sol', 'frob.sol', 'flip.t.sol', 'move.sol', 'flop.t.sol', 'flap.t.sol', 'drip.t.sol', 'drip.sol', 'frob.t.sol', 'tune.sol']
2,['flip.sol', 'frob.sol', 'flip.t.sol', 'move.sol', 'flop.t.sol', 'flap.t.sol', 'drip.t.sol', 'drip.sol', 'frob.t.sol', 'bite.sol']
1,['flip.sol', 'frob.sol', 'flip.t.sol', 'move.sol', 'flop.t.sol', 'flap.t.sol', 'drip.t.sol', 'drip.sol', 'tune.sol', 'bite.sol']
2,['flip.sol', 'frob.sol', 'flip.t.sol', 'move.sol', 'flop.t.sol', 'flap.t.sol', 'drip.t.sol', 'frob.t.sol', 'tune.sol', 'bite.sol']
3,['flip.sol', 'frob.sol', 'flip.t.sol', 'move.sol', 'flop.t.sol', 'flap.t.sol', 'heal.t.sol', 'flap.sol', 'drip.sol', 'frob.t.sol']
2,['flip.sol', 'frob.sol', 'flip.t.sol', 'move.sol', 'flop.t.sol', 'flap.t.sol', 'heal.t.sol', 'flap.sol', 'drip.sol', 'tune.sol']
2,['flip.sol', 'frob.sol', 'flip.t.sol', 'move.sol', 'flop.t.sol', 'flap.t.sol', 'heal.t.sol', 'flap.sol', 'drip.sol', 'bite.sol']
2,['flip.sol', 'frob.sol', 'flip.t.sol', 'move.sol', 'flop.t.sol', 'flap.t.sol', 'heal.t.sol', 'flap.sol', 'frob.t.sol', 'tune.sol']
2,['flip.sol', 'frob.sol', 'flip.t.sol', 'move.sol', 'flop.t.sol', 'flap.t.sol', 'heal.t.sol', 'flap.sol', 'frob.t.sol', 'bite.sol']
2,['flip.sol', 'frob.sol', 'flip.t.sol', 'move.sol', 'flop.t.sol', 'flap.t.sol', 'heal.t.sol', 'flap.sol', 'tune.sol', 'bite.sol']
2,['flip.sol', 'frob.sol', 'flip.t.sol', 'move.sol', 'flop.t.sol', 'flap.t.sol', 'heal.t.sol', 'drip.sol', 'frob.t.sol', 'tune.sol']
2,['flip.sol', 'frob.sol', 'flip.t.sol', 'move.sol', 'flop.t.sol', 'flap.t.sol', 'heal.t.sol', 'drip.sol', 'frob.t.sol', 'bite.sol']
2,['flip.sol', 'frob.sol', 'flip.t.sol', 'move.sol', 'flop.t.sol', 'flap.t.sol', 'heal.t.sol', 'drip.sol', 'tune.sol', 'bite.sol']
2,['flip.sol', 'frob.sol', 'flip.t.sol', 'move.sol', 'flop.t.sol', 'flap.t.sol', 'heal.t.sol', 'frob.t.sol', 'tune.sol', 'bite.sol']
1,['flip.sol', 'frob.sol', 'flip.t.sol', 'move.sol', 'flop.t.sol', 'flap.t.sol', 'flap.sol', 'drip.sol', 'frob.t.sol', 'tune.sol']
2,['flip.sol', 'frob.sol', 'flip.t.sol', 'move.sol', 'flop.t.sol', 'flap.t.sol', 'flap.sol', 'drip.sol', 'frob.t.sol', 'bite.sol']
1,['flip.sol', 'frob.sol', 'flip.t.sol', 'move.sol', 'flop.t.sol', 'flap.t.sol', 'flap.sol', 'drip.sol', 'tune.sol', 'bite.sol']
2,['flip.sol', 'frob.sol', 'flip.t.sol', 'move.sol', 'flop.t.sol', 'flap.t.sol', 'flap.sol', 'frob.t.sol', 'tune.sol', 'bite.sol']
2,['flip.sol', 'frob.sol', 'flip.t.sol', 'move.sol', 'flop.t.sol', 'flap.t.sol', 'drip.sol', 'frob.t.sol', 'tune.sol', 'bite.sol']
1,['flip.sol', 'frob.sol', 'flip.t.sol', 'move.sol', 'flop.t.sol', 'heal.sol', 'drip.t.sol', 'heal.t.sol', 'flap.sol', 'drip.sol']
2,['flip.sol', 'frob.sol', 'flip.t.sol', 'move.sol', 'flop.t.sol', 'heal.sol', 'drip.t.sol', 'heal.t.sol', 'flap.sol', 'frob.t.sol']
2,['flip.sol', 'frob.sol', 'flip.t.sol', 'move.sol', 'flop.t.sol', 'heal.sol', 'drip.t.sol', 'heal.t.sol', 'flap.sol', 'tune.sol']
1,['flip.sol', 'frob.sol', 'flip.t.sol', 'move.sol', 'flop.t.sol', 'heal.sol', 'drip.t.sol', 'heal.t.sol', 'flap.sol', 'bite.sol']
2,['flip.sol', 'frob.sol', 'flip.t.sol', 'move.sol', 'flop.t.sol', 'heal.sol', 'drip.t.sol', 'heal.t.sol', 'drip.sol', 'frob.t.sol']
1,['flip.sol', 'frob.sol', 'flip.t.sol', 'move.sol', 'flop.t.sol', 'heal.sol', 'drip.t.sol', 'heal.t.sol', 'drip.sol', 'tune.sol']
1,['flip.sol', 'frob.sol', 'flip.t.sol', 'move.sol', 'flop.t.sol', 'heal.sol', 'drip.t.sol', 'heal.t.sol', 'drip.sol', 'bite.sol']
1,['flip.sol', 'frob.sol', 'flip.t.sol', 'move.sol', 'flop.t.sol', 'heal.sol', 'drip.t.sol', 'heal.t.sol', 'frob.t.sol', 'tune.sol']
2,['flip.sol', 'frob.sol', 'flip.t.sol', 'move.sol', 'flop.t.sol', 'heal.sol', 'drip.t.sol', 'heal.t.sol', 'frob.t.sol', 'bite.sol']
1,['flip.sol', 'frob.sol', 'flip.t.sol', 'move.sol', 'flop.t.sol', 'heal.sol', 'drip.t.sol', 'heal.t.sol', 'tune.sol', 'bite.sol']
2,['flip.sol', 'frob.sol', 'flip.t.sol', 'move.sol', 'flop.t.sol', 'heal.sol', 'drip.t.sol', 'flap.sol', 'drip.sol', 'frob.t.sol']
1,['flip.sol', 'frob.sol', 'flip.t.sol', 'move.sol', 'flop.t.sol', 'heal.sol', 'drip.t.sol', 'flap.sol', 'drip.sol', 'tune.sol']
1,['flip.sol', 'frob.sol', 'flip.t.sol', 'move.sol', 'flop.t.sol', 'heal.sol', 'drip.t.sol', 'flap.sol', 'drip.sol', 'bite.sol']
2,['flip.sol', 'frob.sol', 'flip.t.sol', 'move.sol', 'flop.t.sol', 'heal.sol', 'drip.t.sol', 'flap.sol', 'frob.t.sol', 'tune.sol']
2,['flip.sol', 'frob.sol', 'flip.t.sol', 'move.sol', 'flop.t.sol', 'heal.sol', 'drip.t.sol', 'flap.sol', 'frob.t.sol', 'bite.sol']
1,['flip.sol', 'frob.sol', 'flip.t.sol', 'move.sol', 'flop.t.sol', 'heal.sol', 'drip.t.sol', 'flap.sol', 'tune.sol', 'bite.sol']
2,['flip.sol', 'frob.sol', 'flip.t.sol', 'move.sol', 'flop.t.sol', 'heal.sol', 'drip.t.sol', 'drip.sol', 'frob.t.sol', 'tune.sol']
1,['flip.sol', 'frob.sol', 'flip.t.sol', 'move.sol', 'flop.t.sol', 'heal.sol', 'drip.t.sol', 'drip.sol', 'frob.t.sol', 'bite.sol']
1,['flip.sol', 'frob.sol', 'flip.t.sol', 'move.sol', 'flop.t.sol', 'heal.sol', 'drip.t.sol', 'drip.sol', 'tune.sol', 'bite.sol']
1,['flip.sol', 'frob.sol', 'flip.t.sol', 'move.sol', 'flop.t.sol', 'heal.sol', 'drip.t.sol', 'frob.t.sol', 'tune.sol', 'bite.sol']
2,['flip.sol', 'frob.sol', 'flip.t.sol', 'move.sol', 'flop.t.sol', 'heal.sol', 'heal.t.sol', 'flap.sol', 'drip.sol', 'frob.t.sol']
2,['flip.sol', 'frob.sol', 'flip.t.sol', 'move.sol', 'flop.t.sol', 'heal.sol', 'heal.t.sol', 'flap.sol', 'drip.sol', 'tune.sol']
2,['flip.sol', 'frob.sol', 'flip.t.sol', 'move.sol', 'flop.t.sol', 'heal.sol', 'heal.t.sol', 'flap.sol', 'drip.sol', 'bite.sol']
2,['flip.sol', 'frob.sol', 'flip.t.sol', 'move.sol', 'flop.t.sol', 'heal.sol', 'heal.t.sol', 'flap.sol', 'frob.t.sol', 'tune.sol']
2,['flip.sol', 'frob.sol', 'flip.t.sol', 'move.sol', 'flop.t.sol', 'heal.sol', 'heal.t.sol', 'flap.sol', 'frob.t.sol', 'bite.sol']
2,['flip.sol', 'frob.sol', 'flip.t.sol', 'move.sol', 'flop.t.sol', 'heal.sol', 'heal.t.sol', 'flap.sol', 'tune.sol', 'bite.sol']
2,['flip.sol', 'frob.sol', 'flip.t.sol', 'move.sol', 'flop.t.sol', 'heal.sol', 'heal.t.sol', 'drip.sol', 'frob.t.sol', 'tune.sol']
2,['flip.sol', 'frob.sol', 'flip.t.sol', 'move.sol', 'flop.t.sol', 'heal.sol', 'heal.t.sol', 'drip.sol', 'frob.t.sol', 'bite.sol']
2,['flip.sol', 'frob.sol', 'flip.t.sol', 'move.sol', 'flop.t.sol', 'heal.sol', 'heal.t.sol', 'drip.sol', 'tune.sol', 'bite.sol']
2,['flip.sol', 'frob.sol', 'flip.t.sol', 'move.sol', 'flop.t.sol', 'heal.sol', 'heal.t.sol', 'frob.t.sol', 'tune.sol', 'bite.sol']
2,['flip.sol', 'frob.sol', 'flip.t.sol', 'move.sol', 'flop.t.sol', 'heal.sol', 'flap.sol', 'drip.sol', 'frob.t.sol', 'tune.sol']
2,['flip.sol', 'frob.sol', 'flip.t.sol', 'move.sol', 'flop.t.sol', 'heal.sol', 'flap.sol', 'drip.sol', 'frob.t.sol', 'bite.sol']
1,['flip.sol', 'frob.sol', 'flip.t.sol', 'move.sol', 'flop.t.sol', 'heal.sol', 'flap.sol', 'drip.sol', 'tune.sol', 'bite.sol']
2,['flip.sol', 'frob.sol', 'flip.t.sol', 'move.sol', 'flop.t.sol', 'heal.sol', 'flap.sol', 'frob.t.sol', 'tune.sol', 'bite.sol']
2,['flip.sol', 'frob.sol', 'flip.t.sol', 'move.sol', 'flop.t.sol', 'heal.sol', 'drip.sol', 'frob.t.sol', 'tune.sol', 'bite.sol']
2,['flip.sol', 'frob.sol', 'flip.t.sol', 'move.sol', 'flop.t.sol', 'drip.t.sol', 'heal.t.sol', 'flap.sol', 'drip.sol', 'frob.t.sol']
2,['flip.sol', 'frob.sol', 'flip.t.sol', 'move.sol', 'flop.t.sol', 'drip.t.sol', 'heal.t.sol', 'flap.sol', 'drip.sol', 'tune.sol']
2,['flip.sol', 'frob.sol', 'flip.t.sol', 'move.sol', 'flop.t.sol', 'drip.t.sol', 'heal.t.sol', 'flap.sol', 'drip.sol', 'bite.sol']
2,['flip.sol', 'frob.sol', 'flip.t.sol', 'move.sol', 'flop.t.sol', 'drip.t.sol', 'heal.t.sol', 'flap.sol', 'frob.t.sol', 'tune.sol']
1,['flip.sol', 'frob.sol', 'flip.t.sol', 'move.sol', 'flop.t.sol', 'drip.t.sol', 'heal.t.sol', 'flap.sol', 'frob.t.sol', 'bite.sol']
1,['flip.sol', 'frob.sol', 'flip.t.sol', 'move.sol', 'flop.t.sol', 'drip.t.sol', 'heal.t.sol', 'flap.sol', 'tune.sol', 'bite.sol']
1,['flip.sol', 'frob.sol', 'flip.t.sol', 'move.sol', 'flop.t.sol', 'drip.t.sol', 'heal.t.sol', 'drip.sol', 'frob.t.sol', 'tune.sol']
1,['flip.sol', 'frob.sol', 'flip.t.sol', 'move.sol', 'flop.t.sol', 'drip.t.sol', 'heal.t.sol', 'drip.sol', 'frob.t.sol', 'bite.sol']
2,['flip.sol', 'frob.sol', 'flip.t.sol', 'move.sol', 'flop.t.sol', 'drip.t.sol', 'heal.t.sol', 'drip.sol', 'tune.sol', 'bite.sol']
1,['flip.sol', 'frob.sol', 'flip.t.sol', 'move.sol', 'flop.t.sol', 'drip.t.sol', 'heal.t.sol', 'frob.t.sol', 'tune.sol', 'bite.sol']
2,['flip.sol', 'frob.sol', 'flip.t.sol', 'move.sol', 'flop.t.sol', 'drip.t.sol', 'flap.sol', 'drip.sol', 'frob.t.sol', 'tune.sol']
2,['flip.sol', 'frob.sol', 'flip.t.sol', 'move.sol', 'flop.t.sol', 'drip.t.sol', 'flap.sol', 'drip.sol', 'frob.t.sol', 'bite.sol']
1,['flip.sol', 'frob.sol', 'flip.t.sol', 'move.sol', 'flop.t.sol', 'drip.t.sol', 'flap.sol', 'drip.sol', 'tune.sol', 'bite.sol']
2,['flip.sol', 'frob.sol', 'flip.t.sol', 'move.sol', 'flop.t.sol', 'drip.t.sol', 'flap.sol', 'frob.t.sol', 'tune.sol', 'bite.sol']
2,['flip.sol', 'frob.sol', 'flip.t.sol', 'move.sol', 'flop.t.sol', 'drip.t.sol', 'drip.sol', 'frob.t.sol', 'tune.sol', 'bite.sol']
2,['flip.sol', 'frob.sol', 'flip.t.sol', 'move.sol', 'flop.t.sol', 'heal.t.sol', 'flap.sol', 'drip.sol', 'frob.t.sol', 'tune.sol']
2,['flip.sol', 'frob.sol', 'flip.t.sol', 'move.sol', 'flop.t.sol', 'heal.t.sol', 'flap.sol', 'drip.sol', 'frob.t.sol', 'bite.sol']
2,['flip.sol', 'frob.sol', 'flip.t.sol', 'move.sol', 'flop.t.sol', 'heal.t.sol', 'flap.sol', 'drip.sol', 'tune.sol', 'bite.sol']
2,['flip.sol', 'frob.sol', 'flip.t.sol', 'move.sol', 'flop.t.sol', 'heal.t.sol', 'flap.sol', 'frob.t.sol', 'tune.sol', 'bite.sol']
2,['flip.sol', 'frob.sol', 'flip.t.sol', 'move.sol', 'flop.t.sol', 'heal.t.sol', 'drip.sol', 'frob.t.sol', 'tune.sol', 'bite.sol']
2,['flip.sol', 'frob.sol', 'flip.t.sol', 'move.sol', 'flop.t.sol', 'flap.sol', 'drip.sol', 'frob.t.sol', 'tune.sol', 'bite.sol']
1,['flip.sol', 'frob.sol', 'flip.t.sol', 'move.sol', 'flap.t.sol', 'heal.sol', 'drip.t.sol', 'heal.t.sol', 'flap.sol', 'drip.sol']
2,['flip.sol', 'frob.sol', 'flip.t.sol', 'move.sol', 'flap.t.sol', 'heal.sol', 'drip.t.sol', 'heal.t.sol', 'flap.sol', 'frob.t.sol']
2,['flip.sol', 'frob.sol', 'flip.t.sol', 'move.sol', 'flap.t.sol', 'heal.sol', 'drip.t.sol', 'heal.t.sol', 'flap.sol', 'tune.sol']
1,['flip.sol', 'frob.sol', 'flip.t.sol', 'move.sol', 'flap.t.sol', 'heal.sol', 'drip.t.sol', 'heal.t.sol', 'flap.sol', 'bite.sol']
2,['flip.sol', 'frob.sol', 'flip.t.sol', 'move.sol', 'flap.t.sol', 'heal.sol', 'drip.t.sol', 'heal.t.sol', 'drip.sol', 'frob.t.sol']
1,['flip.sol', 'frob.sol', 'flip.t.sol', 'move.sol', 'flap.t.sol', 'heal.sol', 'drip.t.sol', 'heal.t.sol', 'drip.sol', 'tune.sol']
1,['flip.sol', 'frob.sol', 'flip.t.sol', 'move.sol', 'flap.t.sol', 'heal.sol', 'drip.t.sol', 'heal.t.sol', 'drip.sol', 'bite.sol']
1,['flip.sol', 'frob.sol', 'flip.t.sol', 'move.sol', 'flap.t.sol', 'heal.sol', 'drip.t.sol', 'heal.t.sol', 'frob.t.sol', 'tune.sol']
1,['flip.sol', 'frob.sol', 'flip.t.sol', 'move.sol', 'flap.t.sol', 'heal.sol', 'drip.t.sol', 'heal.t.sol', 'frob.t.sol', 'bite.sol']
1,['flip.sol', 'frob.sol', 'flip.t.sol', 'move.sol', 'flap.t.sol', 'heal.sol', 'drip.t.sol', 'heal.t.sol', 'tune.sol', 'bite.sol']
2,['flip.sol', 'frob.sol', 'flip.t.sol', 'move.sol', 'flap.t.sol', 'heal.sol', 'drip.t.sol', 'flap.sol', 'drip.sol', 'frob.t.sol']
1,['flip.sol', 'frob.sol', 'flip.t.sol', 'move.sol', 'flap.t.sol', 'heal.sol', 'drip.t.sol', 'flap.sol', 'drip.sol', 'tune.sol']
1,['flip.sol', 'frob.sol', 'flip.t.sol', 'move.sol', 'flap.t.sol', 'heal.sol', 'drip.t.sol', 'flap.sol', 'drip.sol', 'bite.sol']
2,['flip.sol', 'frob.sol', 'flip.t.sol', 'move.sol', 'flap.t.sol', 'heal.sol', 'drip.t.sol', 'flap.sol', 'frob.t.sol', 'tune.sol']
2,['flip.sol', 'frob.sol', 'flip.t.sol', 'move.sol', 'flap.t.sol', 'heal.sol', 'drip.t.sol', 'flap.sol', 'frob.t.sol', 'bite.sol']
1,['flip.sol', 'frob.sol', 'flip.t.sol', 'move.sol', 'flap.t.sol', 'heal.sol', 'drip.t.sol', 'flap.sol', 'tune.sol', 'bite.sol']
2,['flip.sol', 'frob.sol', 'flip.t.sol', 'move.sol', 'flap.t.sol', 'heal.sol', 'drip.t.sol', 'drip.sol', 'frob.t.sol', 'tune.sol']
1,['flip.sol', 'frob.sol', 'flip.t.sol', 'move.sol', 'flap.t.sol', 'heal.sol', 'drip.t.sol', 'drip.sol', 'frob.t.sol', 'bite.sol']
1,['flip.sol', 'frob.sol', 'flip.t.sol', 'move.sol', 'flap.t.sol', 'heal.sol', 'drip.t.sol', 'drip.sol', 'tune.sol', 'bite.sol']
2,['flip.sol', 'frob.sol', 'flip.t.sol', 'move.sol', 'flap.t.sol', 'heal.sol', 'drip.t.sol', 'frob.t.sol', 'tune.sol', 'bite.sol']
2,['flip.sol', 'frob.sol', 'flip.t.sol', 'move.sol', 'flap.t.sol', 'heal.sol', 'heal.t.sol', 'flap.sol', 'drip.sol', 'frob.t.sol']
2,['flip.sol', 'frob.sol', 'flip.t.sol', 'move.sol', 'flap.t.sol', 'heal.sol', 'heal.t.sol', 'flap.sol', 'drip.sol', 'tune.sol']
2,['flip.sol', 'frob.sol', 'flip.t.sol', 'move.sol', 'flap.t.sol', 'heal.sol', 'heal.t.sol', 'flap.sol', 'drip.sol', 'bite.sol']
2,['flip.sol', 'frob.sol', 'flip.t.sol', 'move.sol', 'flap.t.sol', 'heal.sol', 'heal.t.sol', 'flap.sol', 'frob.t.sol', 'tune.sol']
2,['flip.sol', 'frob.sol', 'flip.t.sol', 'move.sol', 'flap.t.sol', 'heal.sol', 'heal.t.sol', 'flap.sol', 'frob.t.sol', 'bite.sol']
2,['flip.sol', 'frob.sol', 'flip.t.sol', 'move.sol', 'flap.t.sol', 'heal.sol', 'heal.t.sol', 'flap.sol', 'tune.sol', 'bite.sol']
2,['flip.sol', 'frob.sol', 'flip.t.sol', 'move.sol', 'flap.t.sol', 'heal.sol', 'heal.t.sol', 'drip.sol', 'frob.t.sol', 'tune.sol']
2,['flip.sol', 'frob.sol', 'flip.t.sol', 'move.sol', 'flap.t.sol', 'heal.sol', 'heal.t.sol', 'drip.sol', 'frob.t.sol', 'bite.sol']
2,['flip.sol', 'frob.sol', 'flip.t.sol', 'move.sol', 'flap.t.sol', 'heal.sol', 'heal.t.sol', 'drip.sol', 'tune.sol', 'bite.sol']
2,['flip.sol', 'frob.sol', 'flip.t.sol', 'move.sol', 'flap.t.sol', 'heal.sol', 'heal.t.sol', 'frob.t.sol', 'tune.sol', 'bite.sol']
2,['flip.sol', 'frob.sol', 'flip.t.sol', 'move.sol', 'flap.t.sol', 'heal.sol', 'flap.sol', 'drip.sol', 'frob.t.sol', 'tune.sol']
2,['flip.sol', 'frob.sol', 'flip.t.sol', 'move.sol', 'flap.t.sol', 'heal.sol', 'flap.sol', 'drip.sol', 'frob.t.sol', 'bite.sol']
1,['flip.sol', 'frob.sol', 'flip.t.sol', 'move.sol', 'flap.t.sol', 'heal.sol', 'flap.sol', 'drip.sol', 'tune.sol', 'bite.sol']
2,['flip.sol', 'frob.sol', 'flip.t.sol', 'move.sol', 'flap.t.sol', 'heal.sol', 'flap.sol', 'frob.t.sol', 'tune.sol', 'bite.sol']
2,['flip.sol', 'frob.sol', 'flip.t.sol', 'move.sol', 'flap.t.sol', 'heal.sol', 'drip.sol', 'frob.t.sol', 'tune.sol', 'bite.sol']
2,['flip.sol', 'frob.sol', 'flip.t.sol', 'move.sol', 'flap.t.sol', 'drip.t.sol', 'heal.t.sol', 'flap.sol', 'drip.sol', 'frob.t.sol']
1,['flip.sol', 'frob.sol', 'flip.t.sol', 'move.sol', 'flap.t.sol', 'drip.t.sol', 'heal.t.sol', 'flap.sol', 'drip.sol', 'tune.sol']
2,['flip.sol', 'frob.sol', 'flip.t.sol', 'move.sol', 'flap.t.sol', 'drip.t.sol', 'heal.t.sol', 'flap.sol', 'drip.sol', 'bite.sol']
2,['flip.sol', 'frob.sol', 'flip.t.sol', 'move.sol', 'flap.t.sol', 'drip.t.sol', 'heal.t.sol', 'flap.sol', 'frob.t.sol', 'tune.sol']
1,['flip.sol', 'frob.sol', 'flip.t.sol', 'move.sol', 'flap.t.sol', 'drip.t.sol', 'heal.t.sol', 'flap.sol', 'frob.t.sol', 'bite.sol']
1,['flip.sol', 'frob.sol', 'flip.t.sol', 'move.sol', 'flap.t.sol', 'drip.t.sol', 'heal.t.sol', 'flap.sol', 'tune.sol', 'bite.sol']
2,['flip.sol', 'frob.sol', 'flip.t.sol', 'move.sol', 'flap.t.sol', 'drip.t.sol', 'heal.t.sol', 'drip.sol', 'frob.t.sol', 'tune.sol']
1,['flip.sol', 'frob.sol', 'flip.t.sol', 'move.sol', 'flap.t.sol', 'drip.t.sol', 'heal.t.sol', 'drip.sol', 'frob.t.sol', 'bite.sol']
1,['flip.sol', 'frob.sol', 'flip.t.sol', 'move.sol', 'flap.t.sol', 'drip.t.sol', 'heal.t.sol', 'drip.sol', 'tune.sol', 'bite.sol']
2,['flip.sol', 'frob.sol', 'flip.t.sol', 'move.sol', 'flap.t.sol', 'drip.t.sol', 'heal.t.sol', 'frob.t.sol', 'tune.sol', 'bite.sol']
2,['flip.sol', 'frob.sol', 'flip.t.sol', 'move.sol', 'flap.t.sol', 'drip.t.sol', 'flap.sol', 'drip.sol', 'frob.t.sol', 'tune.sol']
2,['flip.sol', 'frob.sol', 'flip.t.sol', 'move.sol', 'flap.t.sol', 'drip.t.sol', 'flap.sol', 'drip.sol', 'frob.t.sol', 'bite.sol']
1,['flip.sol', 'frob.sol', 'flip.t.sol', 'move.sol', 'flap.t.sol', 'drip.t.sol', 'flap.sol', 'drip.sol', 'tune.sol', 'bite.sol']
2,['flip.sol', 'frob.sol', 'flip.t.sol', 'move.sol', 'flap.t.sol', 'drip.t.sol', 'flap.sol', 'frob.t.sol', 'tune.sol', 'bite.sol']
2,['flip.sol', 'frob.sol', 'flip.t.sol', 'move.sol', 'flap.t.sol', 'drip.t.sol', 'drip.sol', 'frob.t.sol', 'tune.sol', 'bite.sol']
2,['flip.sol', 'frob.sol', 'flip.t.sol', 'move.sol', 'flap.t.sol', 'heal.t.sol', 'flap.sol', 'drip.sol', 'frob.t.sol', 'tune.sol']
2,['flip.sol', 'frob.sol', 'flip.t.sol', 'move.sol', 'flap.t.sol', 'heal.t.sol', 'flap.sol', 'drip.sol', 'frob.t.sol', 'bite.sol']
2,['flip.sol', 'frob.sol', 'flip.t.sol', 'move.sol', 'flap.t.sol', 'heal.t.sol', 'flap.sol', 'drip.sol', 'tune.sol', 'bite.sol']
2,['flip.sol', 'frob.sol', 'flip.t.sol', 'move.sol', 'flap.t.sol', 'heal.t.sol', 'flap.sol', 'frob.t.sol', 'tune.sol', 'bite.sol']
2,['flip.sol', 'frob.sol', 'flip.t.sol', 'move.sol', 'flap.t.sol', 'heal.t.sol', 'drip.sol', 'frob.t.sol', 'tune.sol', 'bite.sol']
2,['flip.sol', 'frob.sol', 'flip.t.sol', 'move.sol', 'flap.t.sol', 'flap.sol', 'drip.sol', 'frob.t.sol', 'tune.sol', 'bite.sol']
2,['flip.sol', 'frob.sol', 'flip.t.sol', 'move.sol', 'heal.sol', 'drip.t.sol', 'heal.t.sol', 'flap.sol', 'drip.sol', 'frob.t.sol']
1,['flip.sol', 'frob.sol', 'flip.t.sol', 'move.sol', 'heal.sol', 'drip.t.sol', 'heal.t.sol', 'flap.sol', 'drip.sol', 'tune.sol']
1,['flip.sol', 'frob.sol', 'flip.t.sol', 'move.sol', 'heal.sol', 'drip.t.sol', 'heal.t.sol', 'flap.sol', 'drip.sol', 'bite.sol']
1,['flip.sol', 'frob.sol', 'flip.t.sol', 'move.sol', 'heal.sol', 'drip.t.sol', 'heal.t.sol', 'flap.sol', 'frob.t.sol', 'tune.sol']
2,['flip.sol', 'frob.sol', 'flip.t.sol', 'move.sol', 'heal.sol', 'drip.t.sol', 'heal.t.sol', 'flap.sol', 'frob.t.sol', 'bite.sol']
1,['flip.sol', 'frob.sol', 'flip.t.sol', 'move.sol', 'heal.sol', 'drip.t.sol', 'heal.t.sol', 'flap.sol', 'tune.sol', 'bite.sol']
1,['flip.sol', 'frob.sol', 'flip.t.sol', 'move.sol', 'heal.sol', 'drip.t.sol', 'heal.t.sol', 'drip.sol', 'frob.t.sol', 'tune.sol']
1,['flip.sol', 'frob.sol', 'flip.t.sol', 'move.sol', 'heal.sol', 'drip.t.sol', 'heal.t.sol', 'drip.sol', 'frob.t.sol', 'bite.sol']
1,['flip.sol', 'frob.sol', 'flip.t.sol', 'move.sol', 'heal.sol', 'drip.t.sol', 'heal.t.sol', 'drip.sol', 'tune.sol', 'bite.sol']
1,['flip.sol', 'frob.sol', 'flip.t.sol', 'move.sol', 'heal.sol', 'drip.t.sol', 'heal.t.sol', 'frob.t.sol', 'tune.sol', 'bite.sol']
2,['flip.sol', 'frob.sol', 'flip.t.sol', 'move.sol', 'heal.sol', 'drip.t.sol', 'flap.sol', 'drip.sol', 'frob.t.sol', 'tune.sol']
1,['flip.sol', 'frob.sol', 'flip.t.sol', 'move.sol', 'heal.sol', 'drip.t.sol', 'flap.sol', 'drip.sol', 'frob.t.sol', 'bite.sol']
1,['flip.sol', 'frob.sol', 'flip.t.sol', 'move.sol', 'heal.sol', 'drip.t.sol', 'flap.sol', 'drip.sol', 'tune.sol', 'bite.sol']
2,['flip.sol', 'frob.sol', 'flip.t.sol', 'move.sol', 'heal.sol', 'drip.t.sol', 'flap.sol', 'frob.t.sol', 'tune.sol', 'bite.sol']
1,['flip.sol', 'frob.sol', 'flip.t.sol', 'move.sol', 'heal.sol', 'drip.t.sol', 'drip.sol', 'frob.t.sol', 'tune.sol', 'bite.sol']
2,['flip.sol', 'frob.sol', 'flip.t.sol', 'move.sol', 'heal.sol', 'heal.t.sol', 'flap.sol', 'drip.sol', 'frob.t.sol', 'tune.sol']
2,['flip.sol', 'frob.sol', 'flip.t.sol', 'move.sol', 'heal.sol', 'heal.t.sol', 'flap.sol', 'drip.sol', 'frob.t.sol', 'bite.sol']
2,['flip.sol', 'frob.sol', 'flip.t.sol', 'move.sol', 'heal.sol', 'heal.t.sol', 'flap.sol', 'drip.sol', 'tune.sol', 'bite.sol']
2,['flip.sol', 'frob.sol', 'flip.t.sol', 'move.sol', 'heal.sol', 'heal.t.sol', 'flap.sol', 'frob.t.sol', 'tune.sol', 'bite.sol']
2,['flip.sol', 'frob.sol', 'flip.t.sol', 'move.sol', 'heal.sol', 'heal.t.sol', 'drip.sol', 'frob.t.sol', 'tune.sol', 'bite.sol']
2,['flip.sol', 'frob.sol', 'flip.t.sol', 'move.sol', 'heal.sol', 'flap.sol', 'drip.sol', 'frob.t.sol', 'tune.sol', 'bite.sol']
2,['flip.sol', 'frob.sol', 'flip.t.sol', 'move.sol', 'drip.t.sol', 'heal.t.sol', 'flap.sol', 'drip.sol', 'frob.t.sol', 'tune.sol']
1,['flip.sol', 'frob.sol', 'flip.t.sol', 'move.sol', 'drip.t.sol', 'heal.t.sol', 'flap.sol', 'drip.sol', 'frob.t.sol', 'bite.sol']
2,['flip.sol', 'frob.sol', 'flip.t.sol', 'move.sol', 'drip.t.sol', 'heal.t.sol', 'flap.sol', 'drip.sol', 'tune.sol', 'bite.sol']
2,['flip.sol', 'frob.sol', 'flip.t.sol', 'move.sol', 'drip.t.sol', 'heal.t.sol', 'flap.sol', 'frob.t.sol', 'tune.sol', 'bite.sol']
1,['flip.sol', 'frob.sol', 'flip.t.sol', 'move.sol', 'drip.t.sol', 'heal.t.sol', 'drip.sol', 'frob.t.sol', 'tune.sol', 'bite.sol']
2,['flip.sol', 'frob.sol', 'flip.t.sol', 'move.sol', 'drip.t.sol', 'flap.sol', 'drip.sol', 'frob.t.sol', 'tune.sol', 'bite.sol']
2,['flip.sol', 'frob.sol', 'flip.t.sol', 'move.sol', 'heal.t.sol', 'flap.sol', 'drip.sol', 'frob.t.sol', 'tune.sol', 'bite.sol']
2,['flip.sol', 'frob.sol', 'flip.t.sol', 'flop.t.sol', 'flap.t.sol', 'heal.sol', 'drip.t.sol', 'heal.t.sol', 'flap.sol', 'drip.sol']
2,['flip.sol', 'frob.sol', 'flip.t.sol', 'flop.t.sol', 'flap.t.sol', 'heal.sol', 'drip.t.sol', 'heal.t.sol', 'flap.sol', 'frob.t.sol']
1,['flip.sol', 'frob.sol', 'flip.t.sol', 'flop.t.sol', 'flap.t.sol', 'heal.sol', 'drip.t.sol', 'heal.t.sol', 'flap.sol', 'tune.sol']
1,['flip.sol', 'frob.sol', 'flip.t.sol', 'flop.t.sol', 'flap.t.sol', 'heal.sol', 'drip.t.sol', 'heal.t.sol', 'flap.sol', 'bite.sol']
2,['flip.sol', 'frob.sol', 'flip.t.sol', 'flop.t.sol', 'flap.t.sol', 'heal.sol', 'drip.t.sol', 'heal.t.sol', 'drip.sol', 'frob.t.sol']
1,['flip.sol', 'frob.sol', 'flip.t.sol', 'flop.t.sol', 'flap.t.sol', 'heal.sol', 'drip.t.sol', 'heal.t.sol', 'drip.sol', 'tune.sol']
1,['flip.sol', 'frob.sol', 'flip.t.sol', 'flop.t.sol', 'flap.t.sol', 'heal.sol', 'drip.t.sol', 'heal.t.sol', 'drip.sol', 'bite.sol']
1,['flip.sol', 'frob.sol', 'flip.t.sol', 'flop.t.sol', 'flap.t.sol', 'heal.sol', 'drip.t.sol', 'heal.t.sol', 'frob.t.sol', 'tune.sol']
1,['flip.sol', 'frob.sol', 'flip.t.sol', 'flop.t.sol', 'flap.t.sol', 'heal.sol', 'drip.t.sol', 'heal.t.sol', 'frob.t.sol', 'bite.sol']
1,['flip.sol', 'frob.sol', 'flip.t.sol', 'flop.t.sol', 'flap.t.sol', 'heal.sol', 'drip.t.sol', 'heal.t.sol', 'tune.sol', 'bite.sol']
2,['flip.sol', 'frob.sol', 'flip.t.sol', 'flop.t.sol', 'flap.t.sol', 'heal.sol', 'drip.t.sol', 'flap.sol', 'drip.sol', 'frob.t.sol']
1,['flip.sol', 'frob.sol', 'flip.t.sol', 'flop.t.sol', 'flap.t.sol', 'heal.sol', 'drip.t.sol', 'flap.sol', 'drip.sol', 'tune.sol']
1,['flip.sol', 'frob.sol', 'flip.t.sol', 'flop.t.sol', 'flap.t.sol', 'heal.sol', 'drip.t.sol', 'flap.sol', 'drip.sol', 'bite.sol']
2,['flip.sol', 'frob.sol', 'flip.t.sol', 'flop.t.sol', 'flap.t.sol', 'heal.sol', 'drip.t.sol', 'flap.sol', 'frob.t.sol', 'tune.sol']
1,['flip.sol', 'frob.sol', 'flip.t.sol', 'flop.t.sol', 'flap.t.sol', 'heal.sol', 'drip.t.sol', 'flap.sol', 'frob.t.sol', 'bite.sol']
1,['flip.sol', 'frob.sol', 'flip.t.sol', 'flop.t.sol', 'flap.t.sol', 'heal.sol', 'drip.t.sol', 'flap.sol', 'tune.sol', 'bite.sol']
1,['flip.sol', 'frob.sol', 'flip.t.sol', 'flop.t.sol', 'flap.t.sol', 'heal.sol', 'drip.t.sol', 'drip.sol', 'frob.t.sol', 'tune.sol']
1,['flip.sol', 'frob.sol', 'flip.t.sol', 'flop.t.sol', 'flap.t.sol', 'heal.sol', 'drip.t.sol', 'drip.sol', 'frob.t.sol', 'bite.sol']
1,['flip.sol', 'frob.sol', 'flip.t.sol', 'flop.t.sol', 'flap.t.sol', 'heal.sol', 'drip.t.sol', 'drip.sol', 'tune.sol', 'bite.sol']
2,['flip.sol', 'frob.sol', 'flip.t.sol', 'flop.t.sol', 'flap.t.sol', 'heal.sol', 'drip.t.sol', 'frob.t.sol', 'tune.sol', 'bite.sol']
2,['flip.sol', 'frob.sol', 'flip.t.sol', 'flop.t.sol', 'flap.t.sol', 'heal.sol', 'heal.t.sol', 'flap.sol', 'drip.sol', 'frob.t.sol']
1,['flip.sol', 'frob.sol', 'flip.t.sol', 'flop.t.sol', 'flap.t.sol', 'heal.sol', 'heal.t.sol', 'flap.sol', 'drip.sol', 'tune.sol']
2,['flip.sol', 'frob.sol', 'flip.t.sol', 'flop.t.sol', 'flap.t.sol', 'heal.sol', 'heal.t.sol', 'flap.sol', 'drip.sol', 'bite.sol']
2,['flip.sol', 'frob.sol', 'flip.t.sol', 'flop.t.sol', 'flap.t.sol', 'heal.sol', 'heal.t.sol', 'flap.sol', 'frob.t.sol', 'tune.sol']
2,['flip.sol', 'frob.sol', 'flip.t.sol', 'flop.t.sol', 'flap.t.sol', 'heal.sol', 'heal.t.sol', 'flap.sol', 'frob.t.sol', 'bite.sol']
1,['flip.sol', 'frob.sol', 'flip.t.sol', 'flop.t.sol', 'flap.t.sol', 'heal.sol', 'heal.t.sol', 'flap.sol', 'tune.sol', 'bite.sol']
2,['flip.sol', 'frob.sol', 'flip.t.sol', 'flop.t.sol', 'flap.t.sol', 'heal.sol', 'heal.t.sol', 'drip.sol', 'frob.t.sol', 'tune.sol']
2,['flip.sol', 'frob.sol', 'flip.t.sol', 'flop.t.sol', 'flap.t.sol', 'heal.sol', 'heal.t.sol', 'drip.sol', 'frob.t.sol', 'bite.sol']
2,['flip.sol', 'frob.sol', 'flip.t.sol', 'flop.t.sol', 'flap.t.sol', 'heal.sol', 'heal.t.sol', 'drip.sol', 'tune.sol', 'bite.sol']
2,['flip.sol', 'frob.sol', 'flip.t.sol', 'flop.t.sol', 'flap.t.sol', 'heal.sol', 'heal.t.sol', 'frob.t.sol', 'tune.sol', 'bite.sol']
2,['flip.sol', 'frob.sol', 'flip.t.sol', 'flop.t.sol', 'flap.t.sol', 'heal.sol', 'flap.sol', 'drip.sol', 'frob.t.sol', 'tune.sol']
2,['flip.sol', 'frob.sol', 'flip.t.sol', 'flop.t.sol', 'flap.t.sol', 'heal.sol', 'flap.sol', 'drip.sol', 'frob.t.sol', 'bite.sol']
1,['flip.sol', 'frob.sol', 'flip.t.sol', 'flop.t.sol', 'flap.t.sol', 'heal.sol', 'flap.sol', 'drip.sol', 'tune.sol', 'bite.sol']
1,['flip.sol', 'frob.sol', 'flip.t.sol', 'flop.t.sol', 'flap.t.sol', 'heal.sol', 'flap.sol', 'frob.t.sol', 'tune.sol', 'bite.sol']
1,['flip.sol', 'frob.sol', 'flip.t.sol', 'flop.t.sol', 'flap.t.sol', 'heal.sol', 'drip.sol', 'frob.t.sol', 'tune.sol', 'bite.sol']
2,['flip.sol', 'frob.sol', 'flip.t.sol', 'flop.t.sol', 'flap.t.sol', 'drip.t.sol', 'heal.t.sol', 'flap.sol', 'drip.sol', 'frob.t.sol']
1,['flip.sol', 'frob.sol', 'flip.t.sol', 'flop.t.sol', 'flap.t.sol', 'drip.t.sol', 'heal.t.sol', 'flap.sol', 'drip.sol', 'tune.sol']
2,['flip.sol', 'frob.sol', 'flip.t.sol', 'flop.t.sol', 'flap.t.sol', 'drip.t.sol', 'heal.t.sol', 'flap.sol', 'drip.sol', 'bite.sol']
2,['flip.sol', 'frob.sol', 'flip.t.sol', 'flop.t.sol', 'flap.t.sol', 'drip.t.sol', 'heal.t.sol', 'flap.sol', 'frob.t.sol', 'tune.sol']
1,['flip.sol', 'frob.sol', 'flip.t.sol', 'flop.t.sol', 'flap.t.sol', 'drip.t.sol', 'heal.t.sol', 'flap.sol', 'frob.t.sol', 'bite.sol']
1,['flip.sol', 'frob.sol', 'flip.t.sol', 'flop.t.sol', 'flap.t.sol', 'drip.t.sol', 'heal.t.sol', 'flap.sol', 'tune.sol', 'bite.sol']
2,['flip.sol', 'frob.sol', 'flip.t.sol', 'flop.t.sol', 'flap.t.sol', 'drip.t.sol', 'heal.t.sol', 'drip.sol', 'frob.t.sol', 'tune.sol']
1,['flip.sol', 'frob.sol', 'flip.t.sol', 'flop.t.sol', 'flap.t.sol', 'drip.t.sol', 'heal.t.sol', 'drip.sol', 'frob.t.sol', 'bite.sol']
1,['flip.sol', 'frob.sol', 'flip.t.sol', 'flop.t.sol', 'flap.t.sol', 'drip.t.sol', 'heal.t.sol', 'drip.sol', 'tune.sol', 'bite.sol']
1,['flip.sol', 'frob.sol', 'flip.t.sol', 'flop.t.sol', 'flap.t.sol', 'drip.t.sol', 'heal.t.sol', 'frob.t.sol', 'tune.sol', 'bite.sol']
1,['flip.sol', 'frob.sol', 'flip.t.sol', 'flop.t.sol', 'flap.t.sol', 'drip.t.sol', 'flap.sol', 'drip.sol', 'frob.t.sol', 'tune.sol']
2,['flip.sol', 'frob.sol', 'flip.t.sol', 'flop.t.sol', 'flap.t.sol', 'drip.t.sol', 'flap.sol', 'drip.sol', 'frob.t.sol', 'bite.sol']
1,['flip.sol', 'frob.sol', 'flip.t.sol', 'flop.t.sol', 'flap.t.sol', 'drip.t.sol', 'flap.sol', 'drip.sol', 'tune.sol', 'bite.sol']
1,['flip.sol', 'frob.sol', 'flip.t.sol', 'flop.t.sol', 'flap.t.sol', 'drip.t.sol', 'flap.sol', 'frob.t.sol', 'tune.sol', 'bite.sol']
1,['flip.sol', 'frob.sol', 'flip.t.sol', 'flop.t.sol', 'flap.t.sol', 'drip.t.sol', 'drip.sol', 'frob.t.sol', 'tune.sol', 'bite.sol']
2,['flip.sol', 'frob.sol', 'flip.t.sol', 'flop.t.sol', 'flap.t.sol', 'heal.t.sol', 'flap.sol', 'drip.sol', 'frob.t.sol', 'tune.sol']
2,['flip.sol', 'frob.sol', 'flip.t.sol', 'flop.t.sol', 'flap.t.sol', 'heal.t.sol', 'flap.sol', 'drip.sol', 'frob.t.sol', 'bite.sol']
1,['flip.sol', 'frob.sol', 'flip.t.sol', 'flop.t.sol', 'flap.t.sol', 'heal.t.sol', 'flap.sol', 'drip.sol', 'tune.sol', 'bite.sol']
2,['flip.sol', 'frob.sol', 'flip.t.sol', 'flop.t.sol', 'flap.t.sol', 'heal.t.sol', 'flap.sol', 'frob.t.sol', 'tune.sol', 'bite.sol']
2,['flip.sol', 'frob.sol', 'flip.t.sol', 'flop.t.sol', 'flap.t.sol', 'heal.t.sol', 'drip.sol', 'frob.t.sol', 'tune.sol', 'bite.sol']
1,['flip.sol', 'frob.sol', 'flip.t.sol', 'flop.t.sol', 'flap.t.sol', 'flap.sol', 'drip.sol', 'frob.t.sol', 'tune.sol', 'bite.sol']
2,['flip.sol', 'frob.sol', 'flip.t.sol', 'flop.t.sol', 'heal.sol', 'drip.t.sol', 'heal.t.sol', 'flap.sol', 'drip.sol', 'frob.t.sol']
1,['flip.sol', 'frob.sol', 'flip.t.sol', 'flop.t.sol', 'heal.sol', 'drip.t.sol', 'heal.t.sol', 'flap.sol', 'drip.sol', 'tune.sol']
1,['flip.sol', 'frob.sol', 'flip.t.sol', 'flop.t.sol', 'heal.sol', 'drip.t.sol', 'heal.t.sol', 'flap.sol', 'drip.sol', 'bite.sol']
1,['flip.sol', 'frob.sol', 'flip.t.sol', 'flop.t.sol', 'heal.sol', 'drip.t.sol', 'heal.t.sol', 'flap.sol', 'frob.t.sol', 'tune.sol']
2,['flip.sol', 'frob.sol', 'flip.t.sol', 'flop.t.sol', 'heal.sol', 'drip.t.sol', 'heal.t.sol', 'flap.sol', 'frob.t.sol', 'bite.sol']
1,['flip.sol', 'frob.sol', 'flip.t.sol', 'flop.t.sol', 'heal.sol', 'drip.t.sol', 'heal.t.sol', 'flap.sol', 'tune.sol', 'bite.sol']
1,['flip.sol', 'frob.sol', 'flip.t.sol', 'flop.t.sol', 'heal.sol', 'drip.t.sol', 'heal.t.sol', 'drip.sol', 'frob.t.sol', 'tune.sol']
1,['flip.sol', 'frob.sol', 'flip.t.sol', 'flop.t.sol', 'heal.sol', 'drip.t.sol', 'heal.t.sol', 'drip.sol', 'frob.t.sol', 'bite.sol']
1,['flip.sol', 'frob.sol', 'flip.t.sol', 'flop.t.sol', 'heal.sol', 'drip.t.sol', 'heal.t.sol', 'drip.sol', 'tune.sol', 'bite.sol']
1,['flip.sol', 'frob.sol', 'flip.t.sol', 'flop.t.sol', 'heal.sol', 'drip.t.sol', 'heal.t.sol', 'frob.t.sol', 'tune.sol', 'bite.sol']
1,['flip.sol', 'frob.sol', 'flip.t.sol', 'flop.t.sol', 'heal.sol', 'drip.t.sol', 'flap.sol', 'drip.sol', 'frob.t.sol', 'tune.sol']
1,['flip.sol', 'frob.sol', 'flip.t.sol', 'flop.t.sol', 'heal.sol', 'drip.t.sol', 'flap.sol', 'drip.sol', 'frob.t.sol', 'bite.sol']
1,['flip.sol', 'frob.sol', 'flip.t.sol', 'flop.t.sol', 'heal.sol', 'drip.t.sol', 'flap.sol', 'drip.sol', 'tune.sol', 'bite.sol']
2,['flip.sol', 'frob.sol', 'flip.t.sol', 'flop.t.sol', 'heal.sol', 'drip.t.sol', 'flap.sol', 'frob.t.sol', 'tune.sol', 'bite.sol']
1,['flip.sol', 'frob.sol', 'flip.t.sol', 'flop.t.sol', 'heal.sol', 'drip.t.sol', 'drip.sol', 'frob.t.sol', 'tune.sol', 'bite.sol']
2,['flip.sol', 'frob.sol', 'flip.t.sol', 'flop.t.sol', 'heal.sol', 'heal.t.sol', 'flap.sol', 'drip.sol', 'frob.t.sol', 'tune.sol']
2,['flip.sol', 'frob.sol', 'flip.t.sol', 'flop.t.sol', 'heal.sol', 'heal.t.sol', 'flap.sol', 'drip.sol', 'frob.t.sol', 'bite.sol']
2,['flip.sol', 'frob.sol', 'flip.t.sol', 'flop.t.sol', 'heal.sol', 'heal.t.sol', 'flap.sol', 'drip.sol', 'tune.sol', 'bite.sol']
1,['flip.sol', 'frob.sol', 'flip.t.sol', 'flop.t.sol', 'heal.sol', 'heal.t.sol', 'flap.sol', 'frob.t.sol', 'tune.sol', 'bite.sol']
1,['flip.sol', 'frob.sol', 'flip.t.sol', 'flop.t.sol', 'heal.sol', 'heal.t.sol', 'drip.sol', 'frob.t.sol', 'tune.sol', 'bite.sol']
1,['flip.sol', 'frob.sol', 'flip.t.sol', 'flop.t.sol', 'heal.sol', 'flap.sol', 'drip.sol', 'frob.t.sol', 'tune.sol', 'bite.sol']
2,['flip.sol', 'frob.sol', 'flip.t.sol', 'flop.t.sol', 'drip.t.sol', 'heal.t.sol', 'flap.sol', 'drip.sol', 'frob.t.sol', 'tune.sol']
1,['flip.sol', 'frob.sol', 'flip.t.sol', 'flop.t.sol', 'drip.t.sol', 'heal.t.sol', 'flap.sol', 'drip.sol', 'frob.t.sol', 'bite.sol']
1,['flip.sol', 'frob.sol', 'flip.t.sol', 'flop.t.sol', 'drip.t.sol', 'heal.t.sol', 'flap.sol', 'drip.sol', 'tune.sol', 'bite.sol']
1,['flip.sol', 'frob.sol', 'flip.t.sol', 'flop.t.sol', 'drip.t.sol', 'heal.t.sol', 'flap.sol', 'frob.t.sol', 'tune.sol', 'bite.sol']
1,['flip.sol', 'frob.sol', 'flip.t.sol', 'flop.t.sol', 'drip.t.sol', 'heal.t.sol', 'drip.sol', 'frob.t.sol', 'tune.sol', 'bite.sol']
1,['flip.sol', 'frob.sol', 'flip.t.sol', 'flop.t.sol', 'drip.t.sol', 'flap.sol', 'drip.sol', 'frob.t.sol', 'tune.sol', 'bite.sol']
2,['flip.sol', 'frob.sol', 'flip.t.sol', 'flop.t.sol', 'heal.t.sol', 'flap.sol', 'drip.sol', 'frob.t.sol', 'tune.sol', 'bite.sol']
2,['flip.sol', 'frob.sol', 'flip.t.sol', 'flap.t.sol', 'heal.sol', 'drip.t.sol', 'heal.t.sol', 'flap.sol', 'drip.sol', 'frob.t.sol']
1,['flip.sol', 'frob.sol', 'flip.t.sol', 'flap.t.sol', 'heal.sol', 'drip.t.sol', 'heal.t.sol', 'flap.sol', 'drip.sol', 'tune.sol']
1,['flip.sol', 'frob.sol', 'flip.t.sol', 'flap.t.sol', 'heal.sol', 'drip.t.sol', 'heal.t.sol', 'flap.sol', 'drip.sol', 'bite.sol']
1,['flip.sol', 'frob.sol', 'flip.t.sol', 'flap.t.sol', 'heal.sol', 'drip.t.sol', 'heal.t.sol', 'flap.sol', 'frob.t.sol', 'tune.sol']
1,['flip.sol', 'frob.sol', 'flip.t.sol', 'flap.t.sol', 'heal.sol', 'drip.t.sol', 'heal.t.sol', 'flap.sol', 'frob.t.sol', 'bite.sol']
1,['flip.sol', 'frob.sol', 'flip.t.sol', 'flap.t.sol', 'heal.sol', 'drip.t.sol', 'heal.t.sol', 'flap.sol', 'tune.sol', 'bite.sol']
1,['flip.sol', 'frob.sol', 'flip.t.sol', 'flap.t.sol', 'heal.sol', 'drip.t.sol', 'heal.t.sol', 'drip.sol', 'frob.t.sol', 'tune.sol']
1,['flip.sol', 'frob.sol', 'flip.t.sol', 'flap.t.sol', 'heal.sol', 'drip.t.sol', 'heal.t.sol', 'drip.sol', 'frob.t.sol', 'bite.sol']
1,['flip.sol', 'frob.sol', 'flip.t.sol', 'flap.t.sol', 'heal.sol', 'drip.t.sol', 'heal.t.sol', 'drip.sol', 'tune.sol', 'bite.sol']
1,['flip.sol', 'frob.sol', 'flip.t.sol', 'flap.t.sol', 'heal.sol', 'drip.t.sol', 'heal.t.sol', 'frob.t.sol', 'tune.sol', 'bite.sol']
1,['flip.sol', 'frob.sol', 'flip.t.sol', 'flap.t.sol', 'heal.sol', 'drip.t.sol', 'flap.sol', 'drip.sol', 'frob.t.sol', 'tune.sol']
1,['flip.sol', 'frob.sol', 'flip.t.sol', 'flap.t.sol', 'heal.sol', 'drip.t.sol', 'flap.sol', 'drip.sol', 'frob.t.sol', 'bite.sol']
1,['flip.sol', 'frob.sol', 'flip.t.sol', 'flap.t.sol', 'heal.sol', 'drip.t.sol', 'flap.sol', 'drip.sol', 'tune.sol', 'bite.sol']
2,['flip.sol', 'frob.sol', 'flip.t.sol', 'flap.t.sol', 'heal.sol', 'drip.t.sol', 'flap.sol', 'frob.t.sol', 'tune.sol', 'bite.sol']
1,['flip.sol', 'frob.sol', 'flip.t.sol', 'flap.t.sol', 'heal.sol', 'drip.t.sol', 'drip.sol', 'frob.t.sol', 'tune.sol', 'bite.sol']
2,['flip.sol', 'frob.sol', 'flip.t.sol', 'flap.t.sol', 'heal.sol', 'heal.t.sol', 'flap.sol', 'drip.sol', 'frob.t.sol', 'tune.sol']
2,['flip.sol', 'frob.sol', 'flip.t.sol', 'flap.t.sol', 'heal.sol', 'heal.t.sol', 'flap.sol', 'drip.sol', 'frob.t.sol', 'bite.sol']
1,['flip.sol', 'frob.sol', 'flip.t.sol', 'flap.t.sol', 'heal.sol', 'heal.t.sol', 'flap.sol', 'drip.sol', 'tune.sol', 'bite.sol']
1,['flip.sol', 'frob.sol', 'flip.t.sol', 'flap.t.sol', 'heal.sol', 'heal.t.sol', 'flap.sol', 'frob.t.sol', 'tune.sol', 'bite.sol']
1,['flip.sol', 'frob.sol', 'flip.t.sol', 'flap.t.sol', 'heal.sol', 'heal.t.sol', 'drip.sol', 'frob.t.sol', 'tune.sol', 'bite.sol']
1,['flip.sol', 'frob.sol', 'flip.t.sol', 'flap.t.sol', 'heal.sol', 'flap.sol', 'drip.sol', 'frob.t.sol', 'tune.sol', 'bite.sol']
2,['flip.sol', 'frob.sol', 'flip.t.sol', 'flap.t.sol', 'drip.t.sol', 'heal.t.sol', 'flap.sol', 'drip.sol', 'frob.t.sol', 'tune.sol']
1,['flip.sol', 'frob.sol', 'flip.t.sol', 'flap.t.sol', 'drip.t.sol', 'heal.t.sol', 'flap.sol', 'drip.sol', 'frob.t.sol', 'bite.sol']
1,['flip.sol', 'frob.sol', 'flip.t.sol', 'flap.t.sol', 'drip.t.sol', 'heal.t.sol', 'flap.sol', 'drip.sol', 'tune.sol', 'bite.sol']
2,['flip.sol', 'frob.sol', 'flip.t.sol', 'flap.t.sol', 'drip.t.sol', 'heal.t.sol', 'flap.sol', 'frob.t.sol', 'tune.sol', 'bite.sol']
1,['flip.sol', 'frob.sol', 'flip.t.sol', 'flap.t.sol', 'drip.t.sol', 'heal.t.sol', 'drip.sol', 'frob.t.sol', 'tune.sol', 'bite.sol']
1,['flip.sol', 'frob.sol', 'flip.t.sol', 'flap.t.sol', 'drip.t.sol', 'flap.sol', 'drip.sol', 'frob.t.sol', 'tune.sol', 'bite.sol']
2,['flip.sol', 'frob.sol', 'flip.t.sol', 'flap.t.sol', 'heal.t.sol', 'flap.sol', 'drip.sol', 'frob.t.sol', 'tune.sol', 'bite.sol']
1,['flip.sol', 'frob.sol', 'flip.t.sol', 'heal.sol', 'drip.t.sol', 'heal.t.sol', 'flap.sol', 'drip.sol', 'frob.t.sol', 'tune.sol']
1,['flip.sol', 'frob.sol', 'flip.t.sol', 'heal.sol', 'drip.t.sol', 'heal.t.sol', 'flap.sol', 'drip.sol', 'frob.t.sol', 'bite.sol']
1,['flip.sol', 'frob.sol', 'flip.t.sol', 'heal.sol', 'drip.t.sol', 'heal.t.sol', 'flap.sol', 'drip.sol', 'tune.sol', 'bite.sol']
1,['flip.sol', 'frob.sol', 'flip.t.sol', 'heal.sol', 'drip.t.sol', 'heal.t.sol', 'flap.sol', 'frob.t.sol', 'tune.sol', 'bite.sol']
1,['flip.sol', 'frob.sol', 'flip.t.sol', 'heal.sol', 'drip.t.sol', 'heal.t.sol', 'drip.sol', 'frob.t.sol', 'tune.sol', 'bite.sol']
1,['flip.sol', 'frob.sol', 'flip.t.sol', 'heal.sol', 'drip.t.sol', 'flap.sol', 'drip.sol', 'frob.t.sol', 'tune.sol', 'bite.sol']
1,['flip.sol', 'frob.sol', 'flip.t.sol', 'heal.sol', 'heal.t.sol', 'flap.sol', 'drip.sol', 'frob.t.sol', 'tune.sol', 'bite.sol']
1,['flip.sol', 'frob.sol', 'flip.t.sol', 'drip.t.sol', 'heal.t.sol', 'flap.sol', 'drip.sol', 'frob.t.sol', 'tune.sol', 'bite.sol']
1,['flip.sol', 'frob.sol', 'move.sol', 'flop.t.sol', 'flap.t.sol', 'heal.sol', 'drip.t.sol', 'heal.t.sol', 'flap.sol', 'drip.sol']
2,['flip.sol', 'frob.sol', 'move.sol', 'flop.t.sol', 'flap.t.sol', 'heal.sol', 'drip.t.sol', 'heal.t.sol', 'flap.sol', 'frob.t.sol']
1,['flip.sol', 'frob.sol', 'move.sol', 'flop.t.sol', 'flap.t.sol', 'heal.sol', 'drip.t.sol', 'heal.t.sol', 'flap.sol', 'tune.sol']
1,['flip.sol', 'frob.sol', 'move.sol', 'flop.t.sol', 'flap.t.sol', 'heal.sol', 'drip.t.sol', 'heal.t.sol', 'flap.sol', 'bite.sol']
2,['flip.sol', 'frob.sol', 'move.sol', 'flop.t.sol', 'flap.t.sol', 'heal.sol', 'drip.t.sol', 'heal.t.sol', 'drip.sol', 'frob.t.sol']
1,['flip.sol', 'frob.sol', 'move.sol', 'flop.t.sol', 'flap.t.sol', 'heal.sol', 'drip.t.sol', 'heal.t.sol', 'drip.sol', 'tune.sol']
1,['flip.sol', 'frob.sol', 'move.sol', 'flop.t.sol', 'flap.t.sol', 'heal.sol', 'drip.t.sol', 'heal.t.sol', 'drip.sol', 'bite.sol']
1,['flip.sol', 'frob.sol', 'move.sol', 'flop.t.sol', 'flap.t.sol', 'heal.sol', 'drip.t.sol', 'heal.t.sol', 'frob.t.sol', 'tune.sol']
2,['flip.sol', 'frob.sol', 'move.sol', 'flop.t.sol', 'flap.t.sol', 'heal.sol', 'drip.t.sol', 'heal.t.sol', 'frob.t.sol', 'bite.sol']
1,['flip.sol', 'frob.sol', 'move.sol', 'flop.t.sol', 'flap.t.sol', 'heal.sol', 'drip.t.sol', 'heal.t.sol', 'tune.sol', 'bite.sol']
2,['flip.sol', 'frob.sol', 'move.sol', 'flop.t.sol', 'flap.t.sol', 'heal.sol', 'drip.t.sol', 'flap.sol', 'drip.sol', 'frob.t.sol']
2,['flip.sol', 'frob.sol', 'move.sol', 'flop.t.sol', 'flap.t.sol', 'heal.sol', 'drip.t.sol', 'flap.sol', 'drip.sol', 'tune.sol']
2,['flip.sol', 'frob.sol', 'move.sol', 'flop.t.sol', 'flap.t.sol', 'heal.sol', 'drip.t.sol', 'flap.sol', 'drip.sol', 'bite.sol']
2,['flip.sol', 'frob.sol', 'move.sol', 'flop.t.sol', 'flap.t.sol', 'heal.sol', 'drip.t.sol', 'flap.sol', 'frob.t.sol', 'tune.sol']
2,['flip.sol', 'frob.sol', 'move.sol', 'flop.t.sol', 'flap.t.sol', 'heal.sol', 'drip.t.sol', 'flap.sol', 'frob.t.sol', 'bite.sol']
1,['flip.sol', 'frob.sol', 'move.sol', 'flop.t.sol', 'flap.t.sol', 'heal.sol', 'drip.t.sol', 'flap.sol', 'tune.sol', 'bite.sol']
1,['flip.sol', 'frob.sol', 'move.sol', 'flop.t.sol', 'flap.t.sol', 'heal.sol', 'drip.t.sol', 'drip.sol', 'frob.t.sol', 'tune.sol']
1,['flip.sol', 'frob.sol', 'move.sol', 'flop.t.sol', 'flap.t.sol', 'heal.sol', 'drip.t.sol', 'drip.sol', 'frob.t.sol', 'bite.sol']
1,['flip.sol', 'frob.sol', 'move.sol', 'flop.t.sol', 'flap.t.sol', 'heal.sol', 'drip.t.sol', 'drip.sol', 'tune.sol', 'bite.sol']
1,['flip.sol', 'frob.sol', 'move.sol', 'flop.t.sol', 'flap.t.sol', 'heal.sol', 'drip.t.sol', 'frob.t.sol', 'tune.sol', 'bite.sol']
2,['flip.sol', 'frob.sol', 'move.sol', 'flop.t.sol', 'flap.t.sol', 'heal.sol', 'heal.t.sol', 'flap.sol', 'drip.sol', 'frob.t.sol']
2,['flip.sol', 'frob.sol', 'move.sol', 'flop.t.sol', 'flap.t.sol', 'heal.sol', 'heal.t.sol', 'flap.sol', 'drip.sol', 'tune.sol']
2,['flip.sol', 'frob.sol', 'move.sol', 'flop.t.sol', 'flap.t.sol', 'heal.sol', 'heal.t.sol', 'flap.sol', 'drip.sol', 'bite.sol']
2,['flip.sol', 'frob.sol', 'move.sol', 'flop.t.sol', 'flap.t.sol', 'heal.sol', 'heal.t.sol', 'flap.sol', 'frob.t.sol', 'tune.sol']
2,['flip.sol', 'frob.sol', 'move.sol', 'flop.t.sol', 'flap.t.sol', 'heal.sol', 'heal.t.sol', 'flap.sol', 'frob.t.sol', 'bite.sol']
2,['flip.sol', 'frob.sol', 'move.sol', 'flop.t.sol', 'flap.t.sol', 'heal.sol', 'heal.t.sol', 'flap.sol', 'tune.sol', 'bite.sol']
2,['flip.sol', 'frob.sol', 'move.sol', 'flop.t.sol', 'flap.t.sol', 'heal.sol', 'heal.t.sol', 'drip.sol', 'frob.t.sol', 'tune.sol']
2,['flip.sol', 'frob.sol', 'move.sol', 'flop.t.sol', 'flap.t.sol', 'heal.sol', 'heal.t.sol', 'drip.sol', 'frob.t.sol', 'bite.sol']
2,['flip.sol', 'frob.sol', 'move.sol', 'flop.t.sol', 'flap.t.sol', 'heal.sol', 'heal.t.sol', 'drip.sol', 'tune.sol', 'bite.sol']
2,['flip.sol', 'frob.sol', 'move.sol', 'flop.t.sol', 'flap.t.sol', 'heal.sol', 'heal.t.sol', 'frob.t.sol', 'tune.sol', 'bite.sol']
2,['flip.sol', 'frob.sol', 'move.sol', 'flop.t.sol', 'flap.t.sol', 'heal.sol', 'flap.sol', 'drip.sol', 'frob.t.sol', 'tune.sol']
2,['flip.sol', 'frob.sol', 'move.sol', 'flop.t.sol', 'flap.t.sol', 'heal.sol', 'flap.sol', 'drip.sol', 'frob.t.sol', 'bite.sol']
1,['flip.sol', 'frob.sol', 'move.sol', 'flop.t.sol', 'flap.t.sol', 'heal.sol', 'flap.sol', 'drip.sol', 'tune.sol', 'bite.sol']
2,['flip.sol', 'frob.sol', 'move.sol', 'flop.t.sol', 'flap.t.sol', 'heal.sol', 'flap.sol', 'frob.t.sol', 'tune.sol', 'bite.sol']
2,['flip.sol', 'frob.sol', 'move.sol', 'flop.t.sol', 'flap.t.sol', 'heal.sol', 'drip.sol', 'frob.t.sol', 'tune.sol', 'bite.sol']
2,['flip.sol', 'frob.sol', 'move.sol', 'flop.t.sol', 'flap.t.sol', 'drip.t.sol', 'heal.t.sol', 'flap.sol', 'drip.sol', 'frob.t.sol']
2,['flip.sol', 'frob.sol', 'move.sol', 'flop.t.sol', 'flap.t.sol', 'drip.t.sol', 'heal.t.sol', 'flap.sol', 'drip.sol', 'tune.sol']
1,['flip.sol', 'frob.sol', 'move.sol', 'flop.t.sol', 'flap.t.sol', 'drip.t.sol', 'heal.t.sol', 'flap.sol', 'drip.sol', 'bite.sol']
1,['flip.sol', 'frob.sol', 'move.sol', 'flop.t.sol', 'flap.t.sol', 'drip.t.sol', 'heal.t.sol', 'flap.sol', 'frob.t.sol', 'tune.sol']
2,['flip.sol', 'frob.sol', 'move.sol', 'flop.t.sol', 'flap.t.sol', 'drip.t.sol', 'heal.t.sol', 'flap.sol', 'frob.t.sol', 'bite.sol']
2,['flip.sol', 'frob.sol', 'move.sol', 'flop.t.sol', 'flap.t.sol', 'drip.t.sol', 'heal.t.sol', 'flap.sol', 'tune.sol', 'bite.sol']
1,['flip.sol', 'frob.sol', 'move.sol', 'flop.t.sol', 'flap.t.sol', 'drip.t.sol', 'heal.t.sol', 'drip.sol', 'frob.t.sol', 'tune.sol']
2,['flip.sol', 'frob.sol', 'move.sol', 'flop.t.sol', 'flap.t.sol', 'drip.t.sol', 'heal.t.sol', 'drip.sol', 'frob.t.sol', 'bite.sol']
1,['flip.sol', 'frob.sol', 'move.sol', 'flop.t.sol', 'flap.t.sol', 'drip.t.sol', 'heal.t.sol', 'drip.sol', 'tune.sol', 'bite.sol']
1,['flip.sol', 'frob.sol', 'move.sol', 'flop.t.sol', 'flap.t.sol', 'drip.t.sol', 'heal.t.sol', 'frob.t.sol', 'tune.sol', 'bite.sol']
1,['flip.sol', 'frob.sol', 'move.sol', 'flop.t.sol', 'flap.t.sol', 'drip.t.sol', 'flap.sol', 'drip.sol', 'frob.t.sol', 'tune.sol']
2,['flip.sol', 'frob.sol', 'move.sol', 'flop.t.sol', 'flap.t.sol', 'drip.t.sol', 'flap.sol', 'drip.sol', 'frob.t.sol', 'bite.sol']
1,['flip.sol', 'frob.sol', 'move.sol', 'flop.t.sol', 'flap.t.sol', 'drip.t.sol', 'flap.sol', 'drip.sol', 'tune.sol', 'bite.sol']
2,['flip.sol', 'frob.sol', 'move.sol', 'flop.t.sol', 'flap.t.sol', 'drip.t.sol', 'flap.sol', 'frob.t.sol', 'tune.sol', 'bite.sol']
2,['flip.sol', 'frob.sol', 'move.sol', 'flop.t.sol', 'flap.t.sol', 'drip.t.sol', 'drip.sol', 'frob.t.sol', 'tune.sol', 'bite.sol']
2,['flip.sol', 'frob.sol', 'move.sol', 'flop.t.sol', 'flap.t.sol', 'heal.t.sol', 'flap.sol', 'drip.sol', 'frob.t.sol', 'tune.sol']
2,['flip.sol', 'frob.sol', 'move.sol', 'flop.t.sol', 'flap.t.sol', 'heal.t.sol', 'flap.sol', 'drip.sol', 'frob.t.sol', 'bite.sol']
2,['flip.sol', 'frob.sol', 'move.sol', 'flop.t.sol', 'flap.t.sol', 'heal.t.sol', 'flap.sol', 'drip.sol', 'tune.sol', 'bite.sol']
2,['flip.sol', 'frob.sol', 'move.sol', 'flop.t.sol', 'flap.t.sol', 'heal.t.sol', 'flap.sol', 'frob.t.sol', 'tune.sol', 'bite.sol']
2,['flip.sol', 'frob.sol', 'move.sol', 'flop.t.sol', 'flap.t.sol', 'heal.t.sol', 'drip.sol', 'frob.t.sol', 'tune.sol', 'bite.sol']
1,['flip.sol', 'frob.sol', 'move.sol', 'flop.t.sol', 'flap.t.sol', 'flap.sol', 'drip.sol', 'frob.t.sol', 'tune.sol', 'bite.sol']
2,['flip.sol', 'frob.sol', 'move.sol', 'flop.t.sol', 'heal.sol', 'drip.t.sol', 'heal.t.sol', 'flap.sol', 'drip.sol', 'frob.t.sol']
1,['flip.sol', 'frob.sol', 'move.sol', 'flop.t.sol', 'heal.sol', 'drip.t.sol', 'heal.t.sol', 'flap.sol', 'drip.sol', 'tune.sol']
1,['flip.sol', 'frob.sol', 'move.sol', 'flop.t.sol', 'heal.sol', 'drip.t.sol', 'heal.t.sol', 'flap.sol', 'drip.sol', 'bite.sol']
1,['flip.sol', 'frob.sol', 'move.sol', 'flop.t.sol', 'heal.sol', 'drip.t.sol', 'heal.t.sol', 'flap.sol', 'frob.t.sol', 'tune.sol']
2,['flip.sol', 'frob.sol', 'move.sol', 'flop.t.sol', 'heal.sol', 'drip.t.sol', 'heal.t.sol', 'flap.sol', 'frob.t.sol', 'bite.sol']
1,['flip.sol', 'frob.sol', 'move.sol', 'flop.t.sol', 'heal.sol', 'drip.t.sol', 'heal.t.sol', 'flap.sol', 'tune.sol', 'bite.sol']
1,['flip.sol', 'frob.sol', 'move.sol', 'flop.t.sol', 'heal.sol', 'drip.t.sol', 'heal.t.sol', 'drip.sol', 'frob.t.sol', 'tune.sol']
1,['flip.sol', 'frob.sol', 'move.sol', 'flop.t.sol', 'heal.sol', 'drip.t.sol', 'heal.t.sol', 'drip.sol', 'frob.t.sol', 'bite.sol']
1,['flip.sol', 'frob.sol', 'move.sol', 'flop.t.sol', 'heal.sol', 'drip.t.sol', 'heal.t.sol', 'drip.sol', 'tune.sol', 'bite.sol']
1,['flip.sol', 'frob.sol', 'move.sol', 'flop.t.sol', 'heal.sol', 'drip.t.sol', 'heal.t.sol', 'frob.t.sol', 'tune.sol', 'bite.sol']
1,['flip.sol', 'frob.sol', 'move.sol', 'flop.t.sol', 'heal.sol', 'drip.t.sol', 'flap.sol', 'drip.sol', 'frob.t.sol', 'tune.sol']
2,['flip.sol', 'frob.sol', 'move.sol', 'flop.t.sol', 'heal.sol', 'drip.t.sol', 'flap.sol', 'drip.sol', 'frob.t.sol', 'bite.sol']
1,['flip.sol', 'frob.sol', 'move.sol', 'flop.t.sol', 'heal.sol', 'drip.t.sol', 'flap.sol', 'drip.sol', 'tune.sol', 'bite.sol']
1,['flip.sol', 'frob.sol', 'move.sol', 'flop.t.sol', 'heal.sol', 'drip.t.sol', 'flap.sol', 'frob.t.sol', 'tune.sol', 'bite.sol']
1,['flip.sol', 'frob.sol', 'move.sol', 'flop.t.sol', 'heal.sol', 'drip.t.sol', 'drip.sol', 'frob.t.sol', 'tune.sol', 'bite.sol']
2,['flip.sol', 'frob.sol', 'move.sol', 'flop.t.sol', 'heal.sol', 'heal.t.sol', 'flap.sol', 'drip.sol', 'frob.t.sol', 'tune.sol']
2,['flip.sol', 'frob.sol', 'move.sol', 'flop.t.sol', 'heal.sol', 'heal.t.sol', 'flap.sol', 'drip.sol', 'frob.t.sol', 'bite.sol']
2,['flip.sol', 'frob.sol', 'move.sol', 'flop.t.sol', 'heal.sol', 'heal.t.sol', 'flap.sol', 'drip.sol', 'tune.sol', 'bite.sol']
2,['flip.sol', 'frob.sol', 'move.sol', 'flop.t.sol', 'heal.sol', 'heal.t.sol', 'flap.sol', 'frob.t.sol', 'tune.sol', 'bite.sol']
2,['flip.sol', 'frob.sol', 'move.sol', 'flop.t.sol', 'heal.sol', 'heal.t.sol', 'drip.sol', 'frob.t.sol', 'tune.sol', 'bite.sol']
2,['flip.sol', 'frob.sol', 'move.sol', 'flop.t.sol', 'heal.sol', 'flap.sol', 'drip.sol', 'frob.t.sol', 'tune.sol', 'bite.sol']
1,['flip.sol', 'frob.sol', 'move.sol', 'flop.t.sol', 'drip.t.sol', 'heal.t.sol', 'flap.sol', 'drip.sol', 'frob.t.sol', 'tune.sol']
1,['flip.sol', 'frob.sol', 'move.sol', 'flop.t.sol', 'drip.t.sol', 'heal.t.sol', 'flap.sol', 'drip.sol', 'frob.t.sol', 'bite.sol']
1,['flip.sol', 'frob.sol', 'move.sol', 'flop.t.sol', 'drip.t.sol', 'heal.t.sol', 'flap.sol', 'drip.sol', 'tune.sol', 'bite.sol']
1,['flip.sol', 'frob.sol', 'move.sol', 'flop.t.sol', 'drip.t.sol', 'heal.t.sol', 'flap.sol', 'frob.t.sol', 'tune.sol', 'bite.sol']
1,['flip.sol', 'frob.sol', 'move.sol', 'flop.t.sol', 'drip.t.sol', 'heal.t.sol', 'drip.sol', 'frob.t.sol', 'tune.sol', 'bite.sol']
2,['flip.sol', 'frob.sol', 'move.sol', 'flop.t.sol', 'drip.t.sol', 'flap.sol', 'drip.sol', 'frob.t.sol', 'tune.sol', 'bite.sol']
2,['flip.sol', 'frob.sol', 'move.sol', 'flop.t.sol', 'heal.t.sol', 'flap.sol', 'drip.sol', 'frob.t.sol', 'tune.sol', 'bite.sol']
2,['flip.sol', 'frob.sol', 'move.sol', 'flap.t.sol', 'heal.sol', 'drip.t.sol', 'heal.t.sol', 'flap.sol', 'drip.sol', 'frob.t.sol']
1,['flip.sol', 'frob.sol', 'move.sol', 'flap.t.sol', 'heal.sol', 'drip.t.sol', 'heal.t.sol', 'flap.sol', 'drip.sol', 'tune.sol']
1,['flip.sol', 'frob.sol', 'move.sol', 'flap.t.sol', 'heal.sol', 'drip.t.sol', 'heal.t.sol', 'flap.sol', 'drip.sol', 'bite.sol']
1,['flip.sol', 'frob.sol', 'move.sol', 'flap.t.sol', 'heal.sol', 'drip.t.sol', 'heal.t.sol', 'flap.sol', 'frob.t.sol', 'tune.sol']
2,['flip.sol', 'frob.sol', 'move.sol', 'flap.t.sol', 'heal.sol', 'drip.t.sol', 'heal.t.sol', 'flap.sol', 'frob.t.sol', 'bite.sol']
1,['flip.sol', 'frob.sol', 'move.sol', 'flap.t.sol', 'heal.sol', 'drip.t.sol', 'heal.t.sol', 'flap.sol', 'tune.sol', 'bite.sol']
1,['flip.sol', 'frob.sol', 'move.sol', 'flap.t.sol', 'heal.sol', 'drip.t.sol', 'heal.t.sol', 'drip.sol', 'frob.t.sol', 'tune.sol']
1,['flip.sol', 'frob.sol', 'move.sol', 'flap.t.sol', 'heal.sol', 'drip.t.sol', 'heal.t.sol', 'drip.sol', 'frob.t.sol', 'bite.sol']
1,['flip.sol', 'frob.sol', 'move.sol', 'flap.t.sol', 'heal.sol', 'drip.t.sol', 'heal.t.sol', 'drip.sol', 'tune.sol', 'bite.sol']
1,['flip.sol', 'frob.sol', 'move.sol', 'flap.t.sol', 'heal.sol', 'drip.t.sol', 'heal.t.sol', 'frob.t.sol', 'tune.sol', 'bite.sol']
1,['flip.sol', 'frob.sol', 'move.sol', 'flap.t.sol', 'heal.sol', 'drip.t.sol', 'flap.sol', 'drip.sol', 'frob.t.sol', 'tune.sol']
2,['flip.sol', 'frob.sol', 'move.sol', 'flap.t.sol', 'heal.sol', 'drip.t.sol', 'flap.sol', 'drip.sol', 'frob.t.sol', 'bite.sol']
2,['flip.sol', 'frob.sol', 'move.sol', 'flap.t.sol', 'heal.sol', 'drip.t.sol', 'flap.sol', 'drip.sol', 'tune.sol', 'bite.sol']
1,['flip.sol', 'frob.sol', 'move.sol', 'flap.t.sol', 'heal.sol', 'drip.t.sol', 'flap.sol', 'frob.t.sol', 'tune.sol', 'bite.sol']
1,['flip.sol', 'frob.sol', 'move.sol', 'flap.t.sol', 'heal.sol', 'drip.t.sol', 'drip.sol', 'frob.t.sol', 'tune.sol', 'bite.sol']
2,['flip.sol', 'frob.sol', 'move.sol', 'flap.t.sol', 'heal.sol', 'heal.t.sol', 'flap.sol', 'drip.sol', 'frob.t.sol', 'tune.sol']
2,['flip.sol', 'frob.sol', 'move.sol', 'flap.t.sol', 'heal.sol', 'heal.t.sol', 'flap.sol', 'drip.sol', 'frob.t.sol', 'bite.sol']
2,['flip.sol', 'frob.sol', 'move.sol', 'flap.t.sol', 'heal.sol', 'heal.t.sol', 'flap.sol', 'drip.sol', 'tune.sol', 'bite.sol']
2,['flip.sol', 'frob.sol', 'move.sol', 'flap.t.sol', 'heal.sol', 'heal.t.sol', 'flap.sol', 'frob.t.sol', 'tune.sol', 'bite.sol']
2,['flip.sol', 'frob.sol', 'move.sol', 'flap.t.sol', 'heal.sol', 'heal.t.sol', 'drip.sol', 'frob.t.sol', 'tune.sol', 'bite.sol']
2,['flip.sol', 'frob.sol', 'move.sol', 'flap.t.sol', 'heal.sol', 'flap.sol', 'drip.sol', 'frob.t.sol', 'tune.sol', 'bite.sol']
1,['flip.sol', 'frob.sol', 'move.sol', 'flap.t.sol', 'drip.t.sol', 'heal.t.sol', 'flap.sol', 'drip.sol', 'frob.t.sol', 'tune.sol']
1,['flip.sol', 'frob.sol', 'move.sol', 'flap.t.sol', 'drip.t.sol', 'heal.t.sol', 'flap.sol', 'drip.sol', 'frob.t.sol', 'bite.sol']
1,['flip.sol', 'frob.sol', 'move.sol', 'flap.t.sol', 'drip.t.sol', 'heal.t.sol', 'flap.sol', 'drip.sol', 'tune.sol', 'bite.sol']
1,['flip.sol', 'frob.sol', 'move.sol', 'flap.t.sol', 'drip.t.sol', 'heal.t.sol', 'flap.sol', 'frob.t.sol', 'tune.sol', 'bite.sol']
1,['flip.sol', 'frob.sol', 'move.sol', 'flap.t.sol', 'drip.t.sol', 'heal.t.sol', 'drip.sol', 'frob.t.sol', 'tune.sol', 'bite.sol']
2,['flip.sol', 'frob.sol', 'move.sol', 'flap.t.sol', 'drip.t.sol', 'flap.sol', 'drip.sol', 'frob.t.sol', 'tune.sol', 'bite.sol']
2,['flip.sol', 'frob.sol', 'move.sol', 'flap.t.sol', 'heal.t.sol', 'flap.sol', 'drip.sol', 'frob.t.sol', 'tune.sol', 'bite.sol']
1,['flip.sol', 'frob.sol', 'move.sol', 'heal.sol', 'drip.t.sol', 'heal.t.sol', 'flap.sol', 'drip.sol', 'frob.t.sol', 'tune.sol']
1,['flip.sol', 'frob.sol', 'move.sol', 'heal.sol', 'drip.t.sol', 'heal.t.sol', 'flap.sol', 'drip.sol', 'frob.t.sol', 'bite.sol']
1,['flip.sol', 'frob.sol', 'move.sol', 'heal.sol', 'drip.t.sol', 'heal.t.sol', 'flap.sol', 'drip.sol', 'tune.sol', 'bite.sol']
1,['flip.sol', 'frob.sol', 'move.sol', 'heal.sol', 'drip.t.sol', 'heal.t.sol', 'flap.sol', 'frob.t.sol', 'tune.sol', 'bite.sol']
1,['flip.sol', 'frob.sol', 'move.sol', 'heal.sol', 'drip.t.sol', 'heal.t.sol', 'drip.sol', 'frob.t.sol', 'tune.sol', 'bite.sol']
1,['flip.sol', 'frob.sol', 'move.sol', 'heal.sol', 'drip.t.sol', 'flap.sol', 'drip.sol', 'frob.t.sol', 'tune.sol', 'bite.sol']
2,['flip.sol', 'frob.sol', 'move.sol', 'heal.sol', 'heal.t.sol', 'flap.sol', 'drip.sol', 'frob.t.sol', 'tune.sol', 'bite.sol']
1,['flip.sol', 'frob.sol', 'move.sol', 'drip.t.sol', 'heal.t.sol', 'flap.sol', 'drip.sol', 'frob.t.sol', 'tune.sol', 'bite.sol']
2,['flip.sol', 'frob.sol', 'flop.t.sol', 'flap.t.sol', 'heal.sol', 'drip.t.sol', 'heal.t.sol', 'flap.sol', 'drip.sol', 'frob.t.sol']
1,['flip.sol', 'frob.sol', 'flop.t.sol', 'flap.t.sol', 'heal.sol', 'drip.t.sol', 'heal.t.sol', 'flap.sol', 'drip.sol', 'tune.sol']
1,['flip.sol', 'frob.sol', 'flop.t.sol', 'flap.t.sol', 'heal.sol', 'drip.t.sol', 'heal.t.sol', 'flap.sol', 'drip.sol', 'bite.sol']
1,['flip.sol', 'frob.sol', 'flop.t.sol', 'flap.t.sol', 'heal.sol', 'drip.t.sol', 'heal.t.sol', 'flap.sol', 'frob.t.sol', 'tune.sol']
2,['flip.sol', 'frob.sol', 'flop.t.sol', 'flap.t.sol', 'heal.sol', 'drip.t.sol', 'heal.t.sol', 'flap.sol', 'frob.t.sol', 'bite.sol']
1,['flip.sol', 'frob.sol', 'flop.t.sol', 'flap.t.sol', 'heal.sol', 'drip.t.sol', 'heal.t.sol', 'flap.sol', 'tune.sol', 'bite.sol']
1,['flip.sol', 'frob.sol', 'flop.t.sol', 'flap.t.sol', 'heal.sol', 'drip.t.sol', 'heal.t.sol', 'drip.sol', 'frob.t.sol', 'tune.sol']
2,['flip.sol', 'frob.sol', 'flop.t.sol', 'flap.t.sol', 'heal.sol', 'drip.t.sol', 'heal.t.sol', 'drip.sol', 'frob.t.sol', 'bite.sol']
1,['flip.sol', 'frob.sol', 'flop.t.sol', 'flap.t.sol', 'heal.sol', 'drip.t.sol', 'heal.t.sol', 'drip.sol', 'tune.sol', 'bite.sol']
1,['flip.sol', 'frob.sol', 'flop.t.sol', 'flap.t.sol', 'heal.sol', 'drip.t.sol', 'heal.t.sol', 'frob.t.sol', 'tune.sol', 'bite.sol']
1,['flip.sol', 'frob.sol', 'flop.t.sol', 'flap.t.sol', 'heal.sol', 'drip.t.sol', 'flap.sol', 'drip.sol', 'frob.t.sol', 'tune.sol']
2,['flip.sol', 'frob.sol', 'flop.t.sol', 'flap.t.sol', 'heal.sol', 'drip.t.sol', 'flap.sol', 'drip.sol', 'frob.t.sol', 'bite.sol']
1,['flip.sol', 'frob.sol', 'flop.t.sol', 'flap.t.sol', 'heal.sol', 'drip.t.sol', 'flap.sol', 'drip.sol', 'tune.sol', 'bite.sol']
1,['flip.sol', 'frob.sol', 'flop.t.sol', 'flap.t.sol', 'heal.sol', 'drip.t.sol', 'flap.sol', 'frob.t.sol', 'tune.sol', 'bite.sol']
1,['flip.sol', 'frob.sol', 'flop.t.sol', 'flap.t.sol', 'heal.sol', 'drip.t.sol', 'drip.sol', 'frob.t.sol', 'tune.sol', 'bite.sol']
2,['flip.sol', 'frob.sol', 'flop.t.sol', 'flap.t.sol', 'heal.sol', 'heal.t.sol', 'flap.sol', 'drip.sol', 'frob.t.sol', 'tune.sol']
2,['flip.sol', 'frob.sol', 'flop.t.sol', 'flap.t.sol', 'heal.sol', 'heal.t.sol', 'flap.sol', 'drip.sol', 'frob.t.sol', 'bite.sol']
2,['flip.sol', 'frob.sol', 'flop.t.sol', 'flap.t.sol', 'heal.sol', 'heal.t.sol', 'flap.sol', 'drip.sol', 'tune.sol', 'bite.sol']
2,['flip.sol', 'frob.sol', 'flop.t.sol', 'flap.t.sol', 'heal.sol', 'heal.t.sol', 'flap.sol', 'frob.t.sol', 'tune.sol', 'bite.sol']
2,['flip.sol', 'frob.sol', 'flop.t.sol', 'flap.t.sol', 'heal.sol', 'heal.t.sol', 'drip.sol', 'frob.t.sol', 'tune.sol', 'bite.sol']
1,['flip.sol', 'frob.sol', 'flop.t.sol', 'flap.t.sol', 'heal.sol', 'flap.sol', 'drip.sol', 'frob.t.sol', 'tune.sol', 'bite.sol']
1,['flip.sol', 'frob.sol', 'flop.t.sol', 'flap.t.sol', 'drip.t.sol', 'heal.t.sol', 'flap.sol', 'drip.sol', 'frob.t.sol', 'tune.sol']
2,['flip.sol', 'frob.sol', 'flop.t.sol', 'flap.t.sol', 'drip.t.sol', 'heal.t.sol', 'flap.sol', 'drip.sol', 'frob.t.sol', 'bite.sol']
1,['flip.sol', 'frob.sol', 'flop.t.sol', 'flap.t.sol', 'drip.t.sol', 'heal.t.sol', 'flap.sol', 'drip.sol', 'tune.sol', 'bite.sol']
1,['flip.sol', 'frob.sol', 'flop.t.sol', 'flap.t.sol', 'drip.t.sol', 'heal.t.sol', 'flap.sol', 'frob.t.sol', 'tune.sol', 'bite.sol']
1,['flip.sol', 'frob.sol', 'flop.t.sol', 'flap.t.sol', 'drip.t.sol', 'heal.t.sol', 'drip.sol', 'frob.t.sol', 'tune.sol', 'bite.sol']
1,['flip.sol', 'frob.sol', 'flop.t.sol', 'flap.t.sol', 'drip.t.sol', 'flap.sol', 'drip.sol', 'frob.t.sol', 'tune.sol', 'bite.sol']
2,['flip.sol', 'frob.sol', 'flop.t.sol', 'flap.t.sol', 'heal.t.sol', 'flap.sol', 'drip.sol', 'frob.t.sol', 'tune.sol', 'bite.sol']
1,['flip.sol', 'frob.sol', 'flop.t.sol', 'heal.sol', 'drip.t.sol', 'heal.t.sol', 'flap.sol', 'drip.sol', 'frob.t.sol', 'tune.sol']
2,['flip.sol', 'frob.sol', 'flop.t.sol', 'heal.sol', 'drip.t.sol', 'heal.t.sol', 'flap.sol', 'drip.sol', 'frob.t.sol', 'bite.sol']
1,['flip.sol', 'frob.sol', 'flop.t.sol', 'heal.sol', 'drip.t.sol', 'heal.t.sol', 'flap.sol', 'drip.sol', 'tune.sol', 'bite.sol']
1,['flip.sol', 'frob.sol', 'flop.t.sol', 'heal.sol', 'drip.t.sol', 'heal.t.sol', 'flap.sol', 'frob.t.sol', 'tune.sol', 'bite.sol']
1,['flip.sol', 'frob.sol', 'flop.t.sol', 'heal.sol', 'drip.t.sol', 'heal.t.sol', 'drip.sol', 'frob.t.sol', 'tune.sol', 'bite.sol']
1,['flip.sol', 'frob.sol', 'flop.t.sol', 'heal.sol', 'drip.t.sol', 'flap.sol', 'drip.sol', 'frob.t.sol', 'tune.sol', 'bite.sol']
2,['flip.sol', 'frob.sol', 'flop.t.sol', 'heal.sol', 'heal.t.sol', 'flap.sol', 'drip.sol', 'frob.t.sol', 'tune.sol', 'bite.sol']
1,['flip.sol', 'frob.sol', 'flop.t.sol', 'drip.t.sol', 'heal.t.sol', 'flap.sol', 'drip.sol', 'frob.t.sol', 'tune.sol', 'bite.sol']
1,['flip.sol', 'frob.sol', 'flap.t.sol', 'heal.sol', 'drip.t.sol', 'heal.t.sol', 'flap.sol', 'drip.sol', 'frob.t.sol', 'tune.sol']
2,['flip.sol', 'frob.sol', 'flap.t.sol', 'heal.sol', 'drip.t.sol', 'heal.t.sol', 'flap.sol', 'drip.sol', 'frob.t.sol', 'bite.sol']
1,['flip.sol', 'frob.sol', 'flap.t.sol', 'heal.sol', 'drip.t.sol', 'heal.t.sol', 'flap.sol', 'drip.sol', 'tune.sol', 'bite.sol']
1,['flip.sol', 'frob.sol', 'flap.t.sol', 'heal.sol', 'drip.t.sol', 'heal.t.sol', 'flap.sol', 'frob.t.sol', 'tune.sol', 'bite.sol']
1,['flip.sol', 'frob.sol', 'flap.t.sol', 'heal.sol', 'drip.t.sol', 'heal.t.sol', 'drip.sol', 'frob.t.sol', 'tune.sol', 'bite.sol']
1,['flip.sol', 'frob.sol', 'flap.t.sol', 'heal.sol', 'drip.t.sol', 'flap.sol', 'drip.sol', 'frob.t.sol', 'tune.sol', 'bite.sol']
2,['flip.sol', 'frob.sol', 'flap.t.sol', 'heal.sol', 'heal.t.sol', 'flap.sol', 'drip.sol', 'frob.t.sol', 'tune.sol', 'bite.sol']
1,['flip.sol', 'frob.sol', 'flap.t.sol', 'drip.t.sol', 'heal.t.sol', 'flap.sol', 'drip.sol', 'frob.t.sol', 'tune.sol', 'bite.sol']
1,['flip.sol', 'frob.sol', 'heal.sol', 'drip.t.sol', 'heal.t.sol', 'flap.sol', 'drip.sol', 'frob.t.sol', 'tune.sol', 'bite.sol']
2,['flip.sol', 'flip.t.sol', 'move.sol', 'flop.t.sol', 'flap.t.sol', 'heal.sol', 'drip.t.sol', 'heal.t.sol', 'flap.sol', 'drip.sol']
2,['flip.sol', 'flip.t.sol', 'move.sol', 'flop.t.sol', 'flap.t.sol', 'heal.sol', 'drip.t.sol', 'heal.t.sol', 'flap.sol', 'frob.t.sol']
2,['flip.sol', 'flip.t.sol', 'move.sol', 'flop.t.sol', 'flap.t.sol', 'heal.sol', 'drip.t.sol', 'heal.t.sol', 'flap.sol', 'tune.sol']
2,['flip.sol', 'flip.t.sol', 'move.sol', 'flop.t.sol', 'flap.t.sol', 'heal.sol', 'drip.t.sol', 'heal.t.sol', 'flap.sol', 'bite.sol']
2,['flip.sol', 'flip.t.sol', 'move.sol', 'flop.t.sol', 'flap.t.sol', 'heal.sol', 'drip.t.sol', 'heal.t.sol', 'drip.sol', 'frob.t.sol']
1,['flip.sol', 'flip.t.sol', 'move.sol', 'flop.t.sol', 'flap.t.sol', 'heal.sol', 'drip.t.sol', 'heal.t.sol', 'drip.sol', 'tune.sol']
2,['flip.sol', 'flip.t.sol', 'move.sol', 'flop.t.sol', 'flap.t.sol', 'heal.sol', 'drip.t.sol', 'heal.t.sol', 'drip.sol', 'bite.sol']
2,['flip.sol', 'flip.t.sol', 'move.sol', 'flop.t.sol', 'flap.t.sol', 'heal.sol', 'drip.t.sol', 'heal.t.sol', 'frob.t.sol', 'tune.sol']
1,['flip.sol', 'flip.t.sol', 'move.sol', 'flop.t.sol', 'flap.t.sol', 'heal.sol', 'drip.t.sol', 'heal.t.sol', 'frob.t.sol', 'bite.sol']
1,['flip.sol', 'flip.t.sol', 'move.sol', 'flop.t.sol', 'flap.t.sol', 'heal.sol', 'drip.t.sol', 'heal.t.sol', 'tune.sol', 'bite.sol']
2,['flip.sol', 'flip.t.sol', 'move.sol', 'flop.t.sol', 'flap.t.sol', 'heal.sol', 'drip.t.sol', 'flap.sol', 'drip.sol', 'frob.t.sol']
1,['flip.sol', 'flip.t.sol', 'move.sol', 'flop.t.sol', 'flap.t.sol', 'heal.sol', 'drip.t.sol', 'flap.sol', 'drip.sol', 'tune.sol']
1,['flip.sol', 'flip.t.sol', 'move.sol', 'flop.t.sol', 'flap.t.sol', 'heal.sol', 'drip.t.sol', 'flap.sol', 'drip.sol', 'bite.sol']
2,['flip.sol', 'flip.t.sol', 'move.sol', 'flop.t.sol', 'flap.t.sol', 'heal.sol', 'drip.t.sol', 'flap.sol', 'frob.t.sol', 'tune.sol']
2,['flip.sol', 'flip.t.sol', 'move.sol', 'flop.t.sol', 'flap.t.sol', 'heal.sol', 'drip.t.sol', 'flap.sol', 'frob.t.sol', 'bite.sol']
1,['flip.sol', 'flip.t.sol', 'move.sol', 'flop.t.sol', 'flap.t.sol', 'heal.sol', 'drip.t.sol', 'flap.sol', 'tune.sol', 'bite.sol']
2,['flip.sol', 'flip.t.sol', 'move.sol', 'flop.t.sol', 'flap.t.sol', 'heal.sol', 'drip.t.sol', 'drip.sol', 'frob.t.sol', 'tune.sol']
2,['flip.sol', 'flip.t.sol', 'move.sol', 'flop.t.sol', 'flap.t.sol', 'heal.sol', 'drip.t.sol', 'drip.sol', 'frob.t.sol', 'bite.sol']
1,['flip.sol', 'flip.t.sol', 'move.sol', 'flop.t.sol', 'flap.t.sol', 'heal.sol', 'drip.t.sol', 'drip.sol', 'tune.sol', 'bite.sol']
2,['flip.sol', 'flip.t.sol', 'move.sol', 'flop.t.sol', 'flap.t.sol', 'heal.sol', 'drip.t.sol', 'frob.t.sol', 'tune.sol', 'bite.sol']
2,['flip.sol', 'flip.t.sol', 'move.sol', 'flop.t.sol', 'flap.t.sol', 'heal.sol', 'heal.t.sol', 'flap.sol', 'drip.sol', 'frob.t.sol']
2,['flip.sol', 'flip.t.sol', 'move.sol', 'flop.t.sol', 'flap.t.sol', 'heal.sol', 'heal.t.sol', 'flap.sol', 'drip.sol', 'tune.sol']
3,['flip.sol', 'flip.t.sol', 'move.sol', 'flop.t.sol', 'flap.t.sol', 'heal.sol', 'heal.t.sol', 'flap.sol', 'drip.sol', 'bite.sol']
2,['flip.sol', 'flip.t.sol', 'move.sol', 'flop.t.sol', 'flap.t.sol', 'heal.sol', 'heal.t.sol', 'flap.sol', 'frob.t.sol', 'tune.sol']
2,['flip.sol', 'flip.t.sol', 'move.sol', 'flop.t.sol', 'flap.t.sol', 'heal.sol', 'heal.t.sol', 'flap.sol', 'frob.t.sol', 'bite.sol']
1,['flip.sol', 'flip.t.sol', 'move.sol', 'flop.t.sol', 'flap.t.sol', 'heal.sol', 'heal.t.sol', 'flap.sol', 'tune.sol', 'bite.sol']
2,['flip.sol', 'flip.t.sol', 'move.sol', 'flop.t.sol', 'flap.t.sol', 'heal.sol', 'heal.t.sol', 'drip.sol', 'frob.t.sol', 'tune.sol']
2,['flip.sol', 'flip.t.sol', 'move.sol', 'flop.t.sol', 'flap.t.sol', 'heal.sol', 'heal.t.sol', 'drip.sol', 'frob.t.sol', 'bite.sol']
2,['flip.sol', 'flip.t.sol', 'move.sol', 'flop.t.sol', 'flap.t.sol', 'heal.sol', 'heal.t.sol', 'drip.sol', 'tune.sol', 'bite.sol']
2,['flip.sol', 'flip.t.sol', 'move.sol', 'flop.t.sol', 'flap.t.sol', 'heal.sol', 'heal.t.sol', 'frob.t.sol', 'tune.sol', 'bite.sol']
2,['flip.sol', 'flip.t.sol', 'move.sol', 'flop.t.sol', 'flap.t.sol', 'heal.sol', 'flap.sol', 'drip.sol', 'frob.t.sol', 'tune.sol']
2,['flip.sol', 'flip.t.sol', 'move.sol', 'flop.t.sol', 'flap.t.sol', 'heal.sol', 'flap.sol', 'drip.sol', 'frob.t.sol', 'bite.sol']
1,['flip.sol', 'flip.t.sol', 'move.sol', 'flop.t.sol', 'flap.t.sol', 'heal.sol', 'flap.sol', 'drip.sol', 'tune.sol', 'bite.sol']
2,['flip.sol', 'flip.t.sol', 'move.sol', 'flop.t.sol', 'flap.t.sol', 'heal.sol', 'flap.sol', 'frob.t.sol', 'tune.sol', 'bite.sol']
2,['flip.sol', 'flip.t.sol', 'move.sol', 'flop.t.sol', 'flap.t.sol', 'heal.sol', 'drip.sol', 'frob.t.sol', 'tune.sol', 'bite.sol']
2,['flip.sol', 'flip.t.sol', 'move.sol', 'flop.t.sol', 'flap.t.sol', 'drip.t.sol', 'heal.t.sol', 'flap.sol', 'drip.sol', 'frob.t.sol']
2,['flip.sol', 'flip.t.sol', 'move.sol', 'flop.t.sol', 'flap.t.sol', 'drip.t.sol', 'heal.t.sol', 'flap.sol', 'drip.sol', 'tune.sol']
2,['flip.sol', 'flip.t.sol', 'move.sol', 'flop.t.sol', 'flap.t.sol', 'drip.t.sol', 'heal.t.sol', 'flap.sol', 'drip.sol', 'bite.sol']
2,['flip.sol', 'flip.t.sol', 'move.sol', 'flop.t.sol', 'flap.t.sol', 'drip.t.sol', 'heal.t.sol', 'flap.sol', 'frob.t.sol', 'tune.sol']
2,['flip.sol', 'flip.t.sol', 'move.sol', 'flop.t.sol', 'flap.t.sol', 'drip.t.sol', 'heal.t.sol', 'flap.sol', 'frob.t.sol', 'bite.sol']
2,['flip.sol', 'flip.t.sol', 'move.sol', 'flop.t.sol', 'flap.t.sol', 'drip.t.sol', 'heal.t.sol', 'flap.sol', 'tune.sol', 'bite.sol']
2,['flip.sol', 'flip.t.sol', 'move.sol', 'flop.t.sol', 'flap.t.sol', 'drip.t.sol', 'heal.t.sol', 'drip.sol', 'frob.t.sol', 'tune.sol']
2,['flip.sol', 'flip.t.sol', 'move.sol', 'flop.t.sol', 'flap.t.sol', 'drip.t.sol', 'heal.t.sol', 'drip.sol', 'frob.t.sol', 'bite.sol']
2,['flip.sol', 'flip.t.sol', 'move.sol', 'flop.t.sol', 'flap.t.sol', 'drip.t.sol', 'heal.t.sol', 'drip.sol', 'tune.sol', 'bite.sol']
2,['flip.sol', 'flip.t.sol', 'move.sol', 'flop.t.sol', 'flap.t.sol', 'drip.t.sol', 'heal.t.sol', 'frob.t.sol', 'tune.sol', 'bite.sol']
2,['flip.sol', 'flip.t.sol', 'move.sol', 'flop.t.sol', 'flap.t.sol', 'drip.t.sol', 'flap.sol', 'drip.sol', 'frob.t.sol', 'tune.sol']
2,['flip.sol', 'flip.t.sol', 'move.sol', 'flop.t.sol', 'flap.t.sol', 'drip.t.sol', 'flap.sol', 'drip.sol', 'frob.t.sol', 'bite.sol']
1,['flip.sol', 'flip.t.sol', 'move.sol', 'flop.t.sol', 'flap.t.sol', 'drip.t.sol', 'flap.sol', 'drip.sol', 'tune.sol', 'bite.sol']
2,['flip.sol', 'flip.t.sol', 'move.sol', 'flop.t.sol', 'flap.t.sol', 'drip.t.sol', 'flap.sol', 'frob.t.sol', 'tune.sol', 'bite.sol']
2,['flip.sol', 'flip.t.sol', 'move.sol', 'flop.t.sol', 'flap.t.sol', 'drip.t.sol', 'drip.sol', 'frob.t.sol', 'tune.sol', 'bite.sol']
2,['flip.sol', 'flip.t.sol', 'move.sol', 'flop.t.sol', 'flap.t.sol', 'heal.t.sol', 'flap.sol', 'drip.sol', 'frob.t.sol', 'tune.sol']
2,['flip.sol', 'flip.t.sol', 'move.sol', 'flop.t.sol', 'flap.t.sol', 'heal.t.sol', 'flap.sol', 'drip.sol', 'frob.t.sol', 'bite.sol']
2,['flip.sol', 'flip.t.sol', 'move.sol', 'flop.t.sol', 'flap.t.sol', 'heal.t.sol', 'flap.sol', 'drip.sol', 'tune.sol', 'bite.sol']
2,['flip.sol', 'flip.t.sol', 'move.sol', 'flop.t.sol', 'flap.t.sol', 'heal.t.sol', 'flap.sol', 'frob.t.sol', 'tune.sol', 'bite.sol']
2,['flip.sol', 'flip.t.sol', 'move.sol', 'flop.t.sol', 'flap.t.sol', 'heal.t.sol', 'drip.sol', 'frob.t.sol', 'tune.sol', 'bite.sol']
2,['flip.sol', 'flip.t.sol', 'move.sol', 'flop.t.sol', 'flap.t.sol', 'flap.sol', 'drip.sol', 'frob.t.sol', 'tune.sol', 'bite.sol']
2,['flip.sol', 'flip.t.sol', 'move.sol', 'flop.t.sol', 'heal.sol', 'drip.t.sol', 'heal.t.sol', 'flap.sol', 'drip.sol', 'frob.t.sol']
1,['flip.sol', 'flip.t.sol', 'move.sol', 'flop.t.sol', 'heal.sol', 'drip.t.sol', 'heal.t.sol', 'flap.sol', 'drip.sol', 'tune.sol']
1,['flip.sol', 'flip.t.sol', 'move.sol', 'flop.t.sol', 'heal.sol', 'drip.t.sol', 'heal.t.sol', 'flap.sol', 'drip.sol', 'bite.sol']
2,['flip.sol', 'flip.t.sol', 'move.sol', 'flop.t.sol', 'heal.sol', 'drip.t.sol', 'heal.t.sol', 'flap.sol', 'frob.t.sol', 'tune.sol']
2,['flip.sol', 'flip.t.sol', 'move.sol', 'flop.t.sol', 'heal.sol', 'drip.t.sol', 'heal.t.sol', 'flap.sol', 'frob.t.sol', 'bite.sol']
1,['flip.sol', 'flip.t.sol', 'move.sol', 'flop.t.sol', 'heal.sol', 'drip.t.sol', 'heal.t.sol', 'flap.sol', 'tune.sol', 'bite.sol']
2,['flip.sol', 'flip.t.sol', 'move.sol', 'flop.t.sol', 'heal.sol', 'drip.t.sol', 'heal.t.sol', 'drip.sol', 'frob.t.sol', 'tune.sol']
2,['flip.sol', 'flip.t.sol', 'move.sol', 'flop.t.sol', 'heal.sol', 'drip.t.sol', 'heal.t.sol', 'drip.sol', 'frob.t.sol', 'bite.sol']
1,['flip.sol', 'flip.t.sol', 'move.sol', 'flop.t.sol', 'heal.sol', 'drip.t.sol', 'heal.t.sol', 'drip.sol', 'tune.sol', 'bite.sol']
1,['flip.sol', 'flip.t.sol', 'move.sol', 'flop.t.sol', 'heal.sol', 'drip.t.sol', 'heal.t.sol', 'frob.t.sol', 'tune.sol', 'bite.sol']
2,['flip.sol', 'flip.t.sol', 'move.sol', 'flop.t.sol', 'heal.sol', 'drip.t.sol', 'flap.sol', 'drip.sol', 'frob.t.sol', 'tune.sol']
2,['flip.sol', 'flip.t.sol', 'move.sol', 'flop.t.sol', 'heal.sol', 'drip.t.sol', 'flap.sol', 'drip.sol', 'frob.t.sol', 'bite.sol']
1,['flip.sol', 'flip.t.sol', 'move.sol', 'flop.t.sol', 'heal.sol', 'drip.t.sol', 'flap.sol', 'drip.sol', 'tune.sol', 'bite.sol']
2,['flip.sol', 'flip.t.sol', 'move.sol', 'flop.t.sol', 'heal.sol', 'drip.t.sol', 'flap.sol', 'frob.t.sol', 'tune.sol', 'bite.sol']
1,['flip.sol', 'flip.t.sol', 'move.sol', 'flop.t.sol', 'heal.sol', 'drip.t.sol', 'drip.sol', 'frob.t.sol', 'tune.sol', 'bite.sol']
2,['flip.sol', 'flip.t.sol', 'move.sol', 'flop.t.sol', 'heal.sol', 'heal.t.sol', 'flap.sol', 'drip.sol', 'frob.t.sol', 'tune.sol']
2,['flip.sol', 'flip.t.sol', 'move.sol', 'flop.t.sol', 'heal.sol', 'heal.t.sol', 'flap.sol', 'drip.sol', 'frob.t.sol', 'bite.sol']
2,['flip.sol', 'flip.t.sol', 'move.sol', 'flop.t.sol', 'heal.sol', 'heal.t.sol', 'flap.sol', 'drip.sol', 'tune.sol', 'bite.sol']
2,['flip.sol', 'flip.t.sol', 'move.sol', 'flop.t.sol', 'heal.sol', 'heal.t.sol', 'flap.sol', 'frob.t.sol', 'tune.sol', 'bite.sol']
2,['flip.sol', 'flip.t.sol', 'move.sol', 'flop.t.sol', 'heal.sol', 'heal.t.sol', 'drip.sol', 'frob.t.sol', 'tune.sol', 'bite.sol']
2,['flip.sol', 'flip.t.sol', 'move.sol', 'flop.t.sol', 'heal.sol', 'flap.sol', 'drip.sol', 'frob.t.sol', 'tune.sol', 'bite.sol']
2,['flip.sol', 'flip.t.sol', 'move.sol', 'flop.t.sol', 'drip.t.sol', 'heal.t.sol', 'flap.sol', 'drip.sol', 'frob.t.sol', 'tune.sol']
2,['flip.sol', 'flip.t.sol', 'move.sol', 'flop.t.sol', 'drip.t.sol', 'heal.t.sol', 'flap.sol', 'drip.sol', 'frob.t.sol', 'bite.sol']
2,['flip.sol', 'flip.t.sol', 'move.sol', 'flop.t.sol', 'drip.t.sol', 'heal.t.sol', 'flap.sol', 'drip.sol', 'tune.sol', 'bite.sol']
2,['flip.sol', 'flip.t.sol', 'move.sol', 'flop.t.sol', 'drip.t.sol', 'heal.t.sol', 'flap.sol', 'frob.t.sol', 'tune.sol', 'bite.sol']
1,['flip.sol', 'flip.t.sol', 'move.sol', 'flop.t.sol', 'drip.t.sol', 'heal.t.sol', 'drip.sol', 'frob.t.sol', 'tune.sol', 'bite.sol']
2,['flip.sol', 'flip.t.sol', 'move.sol', 'flop.t.sol', 'drip.t.sol', 'flap.sol', 'drip.sol', 'frob.t.sol', 'tune.sol', 'bite.sol']
2,['flip.sol', 'flip.t.sol', 'move.sol', 'flop.t.sol', 'heal.t.sol', 'flap.sol', 'drip.sol', 'frob.t.sol', 'tune.sol', 'bite.sol']
2,['flip.sol', 'flip.t.sol', 'move.sol', 'flap.t.sol', 'heal.sol', 'drip.t.sol', 'heal.t.sol', 'flap.sol', 'drip.sol', 'frob.t.sol']
1,['flip.sol', 'flip.t.sol', 'move.sol', 'flap.t.sol', 'heal.sol', 'drip.t.sol', 'heal.t.sol', 'flap.sol', 'drip.sol', 'tune.sol']
1,['flip.sol', 'flip.t.sol', 'move.sol', 'flap.t.sol', 'heal.sol', 'drip.t.sol', 'heal.t.sol', 'flap.sol', 'drip.sol', 'bite.sol']
2,['flip.sol', 'flip.t.sol', 'move.sol', 'flap.t.sol', 'heal.sol', 'drip.t.sol', 'heal.t.sol', 'flap.sol', 'frob.t.sol', 'tune.sol']
2,['flip.sol', 'flip.t.sol', 'move.sol', 'flap.t.sol', 'heal.sol', 'drip.t.sol', 'heal.t.sol', 'flap.sol', 'frob.t.sol', 'bite.sol']
1,['flip.sol', 'flip.t.sol', 'move.sol', 'flap.t.sol', 'heal.sol', 'drip.t.sol', 'heal.t.sol', 'flap.sol', 'tune.sol', 'bite.sol']
2,['flip.sol', 'flip.t.sol', 'move.sol', 'flap.t.sol', 'heal.sol', 'drip.t.sol', 'heal.t.sol', 'drip.sol', 'frob.t.sol', 'tune.sol']
1,['flip.sol', 'flip.t.sol', 'move.sol', 'flap.t.sol', 'heal.sol', 'drip.t.sol', 'heal.t.sol', 'drip.sol', 'frob.t.sol', 'bite.sol']
1,['flip.sol', 'flip.t.sol', 'move.sol', 'flap.t.sol', 'heal.sol', 'drip.t.sol', 'heal.t.sol', 'drip.sol', 'tune.sol', 'bite.sol']
1,['flip.sol', 'flip.t.sol', 'move.sol', 'flap.t.sol', 'heal.sol', 'drip.t.sol', 'heal.t.sol', 'frob.t.sol', 'tune.sol', 'bite.sol']
2,['flip.sol', 'flip.t.sol', 'move.sol', 'flap.t.sol', 'heal.sol', 'drip.t.sol', 'flap.sol', 'drip.sol', 'frob.t.sol', 'tune.sol']
2,['flip.sol', 'flip.t.sol', 'move.sol', 'flap.t.sol', 'heal.sol', 'drip.t.sol', 'flap.sol', 'drip.sol', 'frob.t.sol', 'bite.sol']
1,['flip.sol', 'flip.t.sol', 'move.sol', 'flap.t.sol', 'heal.sol', 'drip.t.sol', 'flap.sol', 'drip.sol', 'tune.sol', 'bite.sol']
2,['flip.sol', 'flip.t.sol', 'move.sol', 'flap.t.sol', 'heal.sol', 'drip.t.sol', 'flap.sol', 'frob.t.sol', 'tune.sol', 'bite.sol']
1,['flip.sol', 'flip.t.sol', 'move.sol', 'flap.t.sol', 'heal.sol', 'drip.t.sol', 'drip.sol', 'frob.t.sol', 'tune.sol', 'bite.sol']
2,['flip.sol', 'flip.t.sol', 'move.sol', 'flap.t.sol', 'heal.sol', 'heal.t.sol', 'flap.sol', 'drip.sol', 'frob.t.sol', 'tune.sol']
2,['flip.sol', 'flip.t.sol', 'move.sol', 'flap.t.sol', 'heal.sol', 'heal.t.sol', 'flap.sol', 'drip.sol', 'frob.t.sol', 'bite.sol']
2,['flip.sol', 'flip.t.sol', 'move.sol', 'flap.t.sol', 'heal.sol', 'heal.t.sol', 'flap.sol', 'drip.sol', 'tune.sol', 'bite.sol']
2,['flip.sol', 'flip.t.sol', 'move.sol', 'flap.t.sol', 'heal.sol', 'heal.t.sol', 'flap.sol', 'frob.t.sol', 'tune.sol', 'bite.sol']
2,['flip.sol', 'flip.t.sol', 'move.sol', 'flap.t.sol', 'heal.sol', 'heal.t.sol', 'drip.sol', 'frob.t.sol', 'tune.sol', 'bite.sol']
2,['flip.sol', 'flip.t.sol', 'move.sol', 'flap.t.sol', 'heal.sol', 'flap.sol', 'drip.sol', 'frob.t.sol', 'tune.sol', 'bite.sol']
2,['flip.sol', 'flip.t.sol', 'move.sol', 'flap.t.sol', 'drip.t.sol', 'heal.t.sol', 'flap.sol', 'drip.sol', 'frob.t.sol', 'tune.sol']
2,['flip.sol', 'flip.t.sol', 'move.sol', 'flap.t.sol', 'drip.t.sol', 'heal.t.sol', 'flap.sol', 'drip.sol', 'frob.t.sol', 'bite.sol']
2,['flip.sol', 'flip.t.sol', 'move.sol', 'flap.t.sol', 'drip.t.sol', 'heal.t.sol', 'flap.sol', 'drip.sol', 'tune.sol', 'bite.sol']
2,['flip.sol', 'flip.t.sol', 'move.sol', 'flap.t.sol', 'drip.t.sol', 'heal.t.sol', 'flap.sol', 'frob.t.sol', 'tune.sol', 'bite.sol']
1,['flip.sol', 'flip.t.sol', 'move.sol', 'flap.t.sol', 'drip.t.sol', 'heal.t.sol', 'drip.sol', 'frob.t.sol', 'tune.sol', 'bite.sol']
2,['flip.sol', 'flip.t.sol', 'move.sol', 'flap.t.sol', 'drip.t.sol', 'flap.sol', 'drip.sol', 'frob.t.sol', 'tune.sol', 'bite.sol']
2,['flip.sol', 'flip.t.sol', 'move.sol', 'flap.t.sol', 'heal.t.sol', 'flap.sol', 'drip.sol', 'frob.t.sol', 'tune.sol', 'bite.sol']
2,['flip.sol', 'flip.t.sol', 'move.sol', 'heal.sol', 'drip.t.sol', 'heal.t.sol', 'flap.sol', 'drip.sol', 'frob.t.sol', 'tune.sol']
2,['flip.sol', 'flip.t.sol', 'move.sol', 'heal.sol', 'drip.t.sol', 'heal.t.sol', 'flap.sol', 'drip.sol', 'frob.t.sol', 'bite.sol']
1,['flip.sol', 'flip.t.sol', 'move.sol', 'heal.sol', 'drip.t.sol', 'heal.t.sol', 'flap.sol', 'drip.sol', 'tune.sol', 'bite.sol']
1,['flip.sol', 'flip.t.sol', 'move.sol', 'heal.sol', 'drip.t.sol', 'heal.t.sol', 'flap.sol', 'frob.t.sol', 'tune.sol', 'bite.sol']
1,['flip.sol', 'flip.t.sol', 'move.sol', 'heal.sol', 'drip.t.sol', 'heal.t.sol', 'drip.sol', 'frob.t.sol', 'tune.sol', 'bite.sol']
1,['flip.sol', 'flip.t.sol', 'move.sol', 'heal.sol', 'drip.t.sol', 'flap.sol', 'drip.sol', 'frob.t.sol', 'tune.sol', 'bite.sol']
2,['flip.sol', 'flip.t.sol', 'move.sol', 'heal.sol', 'heal.t.sol', 'flap.sol', 'drip.sol', 'frob.t.sol', 'tune.sol', 'bite.sol']
1,['flip.sol', 'flip.t.sol', 'move.sol', 'drip.t.sol', 'heal.t.sol', 'flap.sol', 'drip.sol', 'frob.t.sol', 'tune.sol', 'bite.sol']
2,['flip.sol', 'flip.t.sol', 'flop.t.sol', 'flap.t.sol', 'heal.sol', 'drip.t.sol', 'heal.t.sol', 'flap.sol', 'drip.sol', 'frob.t.sol']
1,['flip.sol', 'flip.t.sol', 'flop.t.sol', 'flap.t.sol', 'heal.sol', 'drip.t.sol', 'heal.t.sol', 'flap.sol', 'drip.sol', 'tune.sol']
2,['flip.sol', 'flip.t.sol', 'flop.t.sol', 'flap.t.sol', 'heal.sol', 'drip.t.sol', 'heal.t.sol', 'flap.sol', 'drip.sol', 'bite.sol']
2,['flip.sol', 'flip.t.sol', 'flop.t.sol', 'flap.t.sol', 'heal.sol', 'drip.t.sol', 'heal.t.sol', 'flap.sol', 'frob.t.sol', 'tune.sol']
1,['flip.sol', 'flip.t.sol', 'flop.t.sol', 'flap.t.sol', 'heal.sol', 'drip.t.sol', 'heal.t.sol', 'flap.sol', 'frob.t.sol', 'bite.sol']
1,['flip.sol', 'flip.t.sol', 'flop.t.sol', 'flap.t.sol', 'heal.sol', 'drip.t.sol', 'heal.t.sol', 'flap.sol', 'tune.sol', 'bite.sol']
1,['flip.sol', 'flip.t.sol', 'flop.t.sol', 'flap.t.sol', 'heal.sol', 'drip.t.sol', 'heal.t.sol', 'drip.sol', 'frob.t.sol', 'tune.sol']
1,['flip.sol', 'flip.t.sol', 'flop.t.sol', 'flap.t.sol', 'heal.sol', 'drip.t.sol', 'heal.t.sol', 'drip.sol', 'frob.t.sol', 'bite.sol']
1,['flip.sol', 'flip.t.sol', 'flop.t.sol', 'flap.t.sol', 'heal.sol', 'drip.t.sol', 'heal.t.sol', 'drip.sol', 'tune.sol', 'bite.sol']
1,['flip.sol', 'flip.t.sol', 'flop.t.sol', 'flap.t.sol', 'heal.sol', 'drip.t.sol', 'heal.t.sol', 'frob.t.sol', 'tune.sol', 'bite.sol']
2,['flip.sol', 'flip.t.sol', 'flop.t.sol', 'flap.t.sol', 'heal.sol', 'drip.t.sol', 'flap.sol', 'drip.sol', 'frob.t.sol', 'tune.sol']
2,['flip.sol', 'flip.t.sol', 'flop.t.sol', 'flap.t.sol', 'heal.sol', 'drip.t.sol', 'flap.sol', 'drip.sol', 'frob.t.sol', 'bite.sol']
1,['flip.sol', 'flip.t.sol', 'flop.t.sol', 'flap.t.sol', 'heal.sol', 'drip.t.sol', 'flap.sol', 'drip.sol', 'tune.sol', 'bite.sol']
2,['flip.sol', 'flip.t.sol', 'flop.t.sol', 'flap.t.sol', 'heal.sol', 'drip.t.sol', 'flap.sol', 'frob.t.sol', 'tune.sol', 'bite.sol']
1,['flip.sol', 'flip.t.sol', 'flop.t.sol', 'flap.t.sol', 'heal.sol', 'drip.t.sol', 'drip.sol', 'frob.t.sol', 'tune.sol', 'bite.sol']
2,['flip.sol', 'flip.t.sol', 'flop.t.sol', 'flap.t.sol', 'heal.sol', 'heal.t.sol', 'flap.sol', 'drip.sol', 'frob.t.sol', 'tune.sol']
2,['flip.sol', 'flip.t.sol', 'flop.t.sol', 'flap.t.sol', 'heal.sol', 'heal.t.sol', 'flap.sol', 'drip.sol', 'frob.t.sol', 'bite.sol']
1,['flip.sol', 'flip.t.sol', 'flop.t.sol', 'flap.t.sol', 'heal.sol', 'heal.t.sol', 'flap.sol', 'drip.sol', 'tune.sol', 'bite.sol']
2,['flip.sol', 'flip.t.sol', 'flop.t.sol', 'flap.t.sol', 'heal.sol', 'heal.t.sol', 'flap.sol', 'frob.t.sol', 'tune.sol', 'bite.sol']
2,['flip.sol', 'flip.t.sol', 'flop.t.sol', 'flap.t.sol', 'heal.sol', 'heal.t.sol', 'drip.sol', 'frob.t.sol', 'tune.sol', 'bite.sol']
2,['flip.sol', 'flip.t.sol', 'flop.t.sol', 'flap.t.sol', 'heal.sol', 'flap.sol', 'drip.sol', 'frob.t.sol', 'tune.sol', 'bite.sol']
2,['flip.sol', 'flip.t.sol', 'flop.t.sol', 'flap.t.sol', 'drip.t.sol', 'heal.t.sol', 'flap.sol', 'drip.sol', 'frob.t.sol', 'tune.sol']
2,['flip.sol', 'flip.t.sol', 'flop.t.sol', 'flap.t.sol', 'drip.t.sol', 'heal.t.sol', 'flap.sol', 'drip.sol', 'frob.t.sol', 'bite.sol']
1,['flip.sol', 'flip.t.sol', 'flop.t.sol', 'flap.t.sol', 'drip.t.sol', 'heal.t.sol', 'flap.sol', 'drip.sol', 'tune.sol', 'bite.sol']
2,['flip.sol', 'flip.t.sol', 'flop.t.sol', 'flap.t.sol', 'drip.t.sol', 'heal.t.sol', 'flap.sol', 'frob.t.sol', 'tune.sol', 'bite.sol']
1,['flip.sol', 'flip.t.sol', 'flop.t.sol', 'flap.t.sol', 'drip.t.sol', 'heal.t.sol', 'drip.sol', 'frob.t.sol', 'tune.sol', 'bite.sol']
1,['flip.sol', 'flip.t.sol', 'flop.t.sol', 'flap.t.sol', 'drip.t.sol', 'flap.sol', 'drip.sol', 'frob.t.sol', 'tune.sol', 'bite.sol']
2,['flip.sol', 'flip.t.sol', 'flop.t.sol', 'flap.t.sol', 'heal.t.sol', 'flap.sol', 'drip.sol', 'frob.t.sol', 'tune.sol', 'bite.sol']
1,['flip.sol', 'flip.t.sol', 'flop.t.sol', 'heal.sol', 'drip.t.sol', 'heal.t.sol', 'flap.sol', 'drip.sol', 'frob.t.sol', 'tune.sol']
2,['flip.sol', 'flip.t.sol', 'flop.t.sol', 'heal.sol', 'drip.t.sol', 'heal.t.sol', 'flap.sol', 'drip.sol', 'frob.t.sol', 'bite.sol']
1,['flip.sol', 'flip.t.sol', 'flop.t.sol', 'heal.sol', 'drip.t.sol', 'heal.t.sol', 'flap.sol', 'drip.sol', 'tune.sol', 'bite.sol']
1,['flip.sol', 'flip.t.sol', 'flop.t.sol', 'heal.sol', 'drip.t.sol', 'heal.t.sol', 'flap.sol', 'frob.t.sol', 'tune.sol', 'bite.sol']
1,['flip.sol', 'flip.t.sol', 'flop.t.sol', 'heal.sol', 'drip.t.sol', 'heal.t.sol', 'drip.sol', 'frob.t.sol', 'tune.sol', 'bite.sol']
1,['flip.sol', 'flip.t.sol', 'flop.t.sol', 'heal.sol', 'drip.t.sol', 'flap.sol', 'drip.sol', 'frob.t.sol', 'tune.sol', 'bite.sol']
2,['flip.sol', 'flip.t.sol', 'flop.t.sol', 'heal.sol', 'heal.t.sol', 'flap.sol', 'drip.sol', 'frob.t.sol', 'tune.sol', 'bite.sol']
1,['flip.sol', 'flip.t.sol', 'flop.t.sol', 'drip.t.sol', 'heal.t.sol', 'flap.sol', 'drip.sol', 'frob.t.sol', 'tune.sol', 'bite.sol']
1,['flip.sol', 'flip.t.sol', 'flap.t.sol', 'heal.sol', 'drip.t.sol', 'heal.t.sol', 'flap.sol', 'drip.sol', 'frob.t.sol', 'tune.sol']
1,['flip.sol', 'flip.t.sol', 'flap.t.sol', 'heal.sol', 'drip.t.sol', 'heal.t.sol', 'flap.sol', 'drip.sol', 'frob.t.sol', 'bite.sol']
1,['flip.sol', 'flip.t.sol', 'flap.t.sol', 'heal.sol', 'drip.t.sol', 'heal.t.sol', 'flap.sol', 'drip.sol', 'tune.sol', 'bite.sol']
1,['flip.sol', 'flip.t.sol', 'flap.t.sol', 'heal.sol', 'drip.t.sol', 'heal.t.sol', 'flap.sol', 'frob.t.sol', 'tune.sol', 'bite.sol']
1,['flip.sol', 'flip.t.sol', 'flap.t.sol', 'heal.sol', 'drip.t.sol', 'heal.t.sol', 'drip.sol', 'frob.t.sol', 'tune.sol', 'bite.sol']
1,['flip.sol', 'flip.t.sol', 'flap.t.sol', 'heal.sol', 'drip.t.sol', 'flap.sol', 'drip.sol', 'frob.t.sol', 'tune.sol', 'bite.sol']
2,['flip.sol', 'flip.t.sol', 'flap.t.sol', 'heal.sol', 'heal.t.sol', 'flap.sol', 'drip.sol', 'frob.t.sol', 'tune.sol', 'bite.sol']
1,['flip.sol', 'flip.t.sol', 'flap.t.sol', 'drip.t.sol', 'heal.t.sol', 'flap.sol', 'drip.sol', 'frob.t.sol', 'tune.sol', 'bite.sol']
1,['flip.sol', 'flip.t.sol', 'heal.sol', 'drip.t.sol', 'heal.t.sol', 'flap.sol', 'drip.sol', 'frob.t.sol', 'tune.sol', 'bite.sol']
2,['flip.sol', 'move.sol', 'flop.t.sol', 'flap.t.sol', 'heal.sol', 'drip.t.sol', 'heal.t.sol', 'flap.sol', 'drip.sol', 'frob.t.sol']
1,['flip.sol', 'move.sol', 'flop.t.sol', 'flap.t.sol', 'heal.sol', 'drip.t.sol', 'heal.t.sol', 'flap.sol', 'drip.sol', 'tune.sol']
2,['flip.sol', 'move.sol', 'flop.t.sol', 'flap.t.sol', 'heal.sol', 'drip.t.sol', 'heal.t.sol', 'flap.sol', 'drip.sol', 'bite.sol']
2,['flip.sol', 'move.sol', 'flop.t.sol', 'flap.t.sol', 'heal.sol', 'drip.t.sol', 'heal.t.sol', 'flap.sol', 'frob.t.sol', 'tune.sol']
2,['flip.sol', 'move.sol', 'flop.t.sol', 'flap.t.sol', 'heal.sol', 'drip.t.sol', 'heal.t.sol', 'flap.sol', 'frob.t.sol', 'bite.sol']
1,['flip.sol', 'move.sol', 'flop.t.sol', 'flap.t.sol', 'heal.sol', 'drip.t.sol', 'heal.t.sol', 'flap.sol', 'tune.sol', 'bite.sol']
2,['flip.sol', 'move.sol', 'flop.t.sol', 'flap.t.sol', 'heal.sol', 'drip.t.sol', 'heal.t.sol', 'drip.sol', 'frob.t.sol', 'tune.sol']
2,['flip.sol', 'move.sol', 'flop.t.sol', 'flap.t.sol', 'heal.sol', 'drip.t.sol', 'heal.t.sol', 'drip.sol', 'frob.t.sol', 'bite.sol']
1,['flip.sol', 'move.sol', 'flop.t.sol', 'flap.t.sol', 'heal.sol', 'drip.t.sol', 'heal.t.sol', 'drip.sol', 'tune.sol', 'bite.sol']
2,['flip.sol', 'move.sol', 'flop.t.sol', 'flap.t.sol', 'heal.sol', 'drip.t.sol', 'heal.t.sol', 'frob.t.sol', 'tune.sol', 'bite.sol']
2,['flip.sol', 'move.sol', 'flop.t.sol', 'flap.t.sol', 'heal.sol', 'drip.t.sol', 'flap.sol', 'drip.sol', 'frob.t.sol', 'tune.sol']
2,['flip.sol', 'move.sol', 'flop.t.sol', 'flap.t.sol', 'heal.sol', 'drip.t.sol', 'flap.sol', 'drip.sol', 'frob.t.sol', 'bite.sol']
1,['flip.sol', 'move.sol', 'flop.t.sol', 'flap.t.sol', 'heal.sol', 'drip.t.sol', 'flap.sol', 'drip.sol', 'tune.sol', 'bite.sol']
1,['flip.sol', 'move.sol', 'flop.t.sol', 'flap.t.sol', 'heal.sol', 'drip.t.sol', 'flap.sol', 'frob.t.sol', 'tune.sol', 'bite.sol']
1,['flip.sol', 'move.sol', 'flop.t.sol', 'flap.t.sol', 'heal.sol', 'drip.t.sol', 'drip.sol', 'frob.t.sol', 'tune.sol', 'bite.sol']
2,['flip.sol', 'move.sol', 'flop.t.sol', 'flap.t.sol', 'heal.sol', 'heal.t.sol', 'flap.sol', 'drip.sol', 'frob.t.sol', 'tune.sol']
2,['flip.sol', 'move.sol', 'flop.t.sol', 'flap.t.sol', 'heal.sol', 'heal.t.sol', 'flap.sol', 'drip.sol', 'frob.t.sol', 'bite.sol']
2,['flip.sol', 'move.sol', 'flop.t.sol', 'flap.t.sol', 'heal.sol', 'heal.t.sol', 'flap.sol', 'drip.sol', 'tune.sol', 'bite.sol']
2,['flip.sol', 'move.sol', 'flop.t.sol', 'flap.t.sol', 'heal.sol', 'heal.t.sol', 'flap.sol', 'frob.t.sol', 'tune.sol', 'bite.sol']
2,['flip.sol', 'move.sol', 'flop.t.sol', 'flap.t.sol', 'heal.sol', 'heal.t.sol', 'drip.sol', 'frob.t.sol', 'tune.sol', 'bite.sol']
2,['flip.sol', 'move.sol', 'flop.t.sol', 'flap.t.sol', 'heal.sol', 'flap.sol', 'drip.sol', 'frob.t.sol', 'tune.sol', 'bite.sol']
2,['flip.sol', 'move.sol', 'flop.t.sol', 'flap.t.sol', 'drip.t.sol', 'heal.t.sol', 'flap.sol', 'drip.sol', 'frob.t.sol', 'tune.sol']
2,['flip.sol', 'move.sol', 'flop.t.sol', 'flap.t.sol', 'drip.t.sol', 'heal.t.sol', 'flap.sol', 'drip.sol', 'frob.t.sol', 'bite.sol']
2,['flip.sol', 'move.sol', 'flop.t.sol', 'flap.t.sol', 'drip.t.sol', 'heal.t.sol', 'flap.sol', 'drip.sol', 'tune.sol', 'bite.sol']
2,['flip.sol', 'move.sol', 'flop.t.sol', 'flap.t.sol', 'drip.t.sol', 'heal.t.sol', 'flap.sol', 'frob.t.sol', 'tune.sol', 'bite.sol']
1,['flip.sol', 'move.sol', 'flop.t.sol', 'flap.t.sol', 'drip.t.sol', 'heal.t.sol', 'drip.sol', 'frob.t.sol', 'tune.sol', 'bite.sol']
2,['flip.sol', 'move.sol', 'flop.t.sol', 'flap.t.sol', 'drip.t.sol', 'flap.sol', 'drip.sol', 'frob.t.sol', 'tune.sol', 'bite.sol']
2,['flip.sol', 'move.sol', 'flop.t.sol', 'flap.t.sol', 'heal.t.sol', 'flap.sol', 'drip.sol', 'frob.t.sol', 'tune.sol', 'bite.sol']
2,['flip.sol', 'move.sol', 'flop.t.sol', 'heal.sol', 'drip.t.sol', 'heal.t.sol', 'flap.sol', 'drip.sol', 'frob.t.sol', 'tune.sol']
2,['flip.sol', 'move.sol', 'flop.t.sol', 'heal.sol', 'drip.t.sol', 'heal.t.sol', 'flap.sol', 'drip.sol', 'frob.t.sol', 'bite.sol']
1,['flip.sol', 'move.sol', 'flop.t.sol', 'heal.sol', 'drip.t.sol', 'heal.t.sol', 'flap.sol', 'drip.sol', 'tune.sol', 'bite.sol']
1,['flip.sol', 'move.sol', 'flop.t.sol', 'heal.sol', 'drip.t.sol', 'heal.t.sol', 'flap.sol', 'frob.t.sol', 'tune.sol', 'bite.sol']
1,['flip.sol', 'move.sol', 'flop.t.sol', 'heal.sol', 'drip.t.sol', 'heal.t.sol', 'drip.sol', 'frob.t.sol', 'tune.sol', 'bite.sol']
1,['flip.sol', 'move.sol', 'flop.t.sol', 'heal.sol', 'drip.t.sol', 'flap.sol', 'drip.sol', 'frob.t.sol', 'tune.sol', 'bite.sol']
2,['flip.sol', 'move.sol', 'flop.t.sol', 'heal.sol', 'heal.t.sol', 'flap.sol', 'drip.sol', 'frob.t.sol', 'tune.sol', 'bite.sol']
1,['flip.sol', 'move.sol', 'flop.t.sol', 'drip.t.sol', 'heal.t.sol', 'flap.sol', 'drip.sol', 'frob.t.sol', 'tune.sol', 'bite.sol']
2,['flip.sol', 'move.sol', 'flap.t.sol', 'heal.sol', 'drip.t.sol', 'heal.t.sol', 'flap.sol', 'drip.sol', 'frob.t.sol', 'tune.sol']
2,['flip.sol', 'move.sol', 'flap.t.sol', 'heal.sol', 'drip.t.sol', 'heal.t.sol', 'flap.sol', 'drip.sol', 'frob.t.sol', 'bite.sol']
1,['flip.sol', 'move.sol', 'flap.t.sol', 'heal.sol', 'drip.t.sol', 'heal.t.sol', 'flap.sol', 'drip.sol', 'tune.sol', 'bite.sol']
1,['flip.sol', 'move.sol', 'flap.t.sol', 'heal.sol', 'drip.t.sol', 'heal.t.sol', 'flap.sol', 'frob.t.sol', 'tune.sol', 'bite.sol']
1,['flip.sol', 'move.sol', 'flap.t.sol', 'heal.sol', 'drip.t.sol', 'heal.t.sol', 'drip.sol', 'frob.t.sol', 'tune.sol', 'bite.sol']
1,['flip.sol', 'move.sol', 'flap.t.sol', 'heal.sol', 'drip.t.sol', 'flap.sol', 'drip.sol', 'frob.t.sol', 'tune.sol', 'bite.sol']
2,['flip.sol', 'move.sol', 'flap.t.sol', 'heal.sol', 'heal.t.sol', 'flap.sol', 'drip.sol', 'frob.t.sol', 'tune.sol', 'bite.sol']
1,['flip.sol', 'move.sol', 'flap.t.sol', 'drip.t.sol', 'heal.t.sol', 'flap.sol', 'drip.sol', 'frob.t.sol', 'tune.sol', 'bite.sol']
1,['flip.sol', 'move.sol', 'heal.sol', 'drip.t.sol', 'heal.t.sol', 'flap.sol', 'drip.sol', 'frob.t.sol', 'tune.sol', 'bite.sol']
2,['flip.sol', 'flop.t.sol', 'flap.t.sol', 'heal.sol', 'drip.t.sol', 'heal.t.sol', 'flap.sol', 'drip.sol', 'frob.t.sol', 'tune.sol']
2,['flip.sol', 'flop.t.sol', 'flap.t.sol', 'heal.sol', 'drip.t.sol', 'heal.t.sol', 'flap.sol', 'drip.sol', 'frob.t.sol', 'bite.sol']
1,['flip.sol', 'flop.t.sol', 'flap.t.sol', 'heal.sol', 'drip.t.sol', 'heal.t.sol', 'flap.sol', 'drip.sol', 'tune.sol', 'bite.sol']
2,['flip.sol', 'flop.t.sol', 'flap.t.sol', 'heal.sol', 'drip.t.sol', 'heal.t.sol', 'flap.sol', 'frob.t.sol', 'tune.sol', 'bite.sol']
2,['flip.sol', 'flop.t.sol', 'flap.t.sol', 'heal.sol', 'drip.t.sol', 'heal.t.sol', 'drip.sol', 'frob.t.sol', 'tune.sol', 'bite.sol']
1,['flip.sol', 'flop.t.sol', 'flap.t.sol', 'heal.sol', 'drip.t.sol', 'flap.sol', 'drip.sol', 'frob.t.sol', 'tune.sol', 'bite.sol']
2,['flip.sol', 'flop.t.sol', 'flap.t.sol', 'heal.sol', 'heal.t.sol', 'flap.sol', 'drip.sol', 'frob.t.sol', 'tune.sol', 'bite.sol']
2,['flip.sol', 'flop.t.sol', 'flap.t.sol', 'drip.t.sol', 'heal.t.sol', 'flap.sol', 'drip.sol', 'frob.t.sol', 'tune.sol', 'bite.sol']
1,['flip.sol', 'flop.t.sol', 'heal.sol', 'drip.t.sol', 'heal.t.sol', 'flap.sol', 'drip.sol', 'frob.t.sol', 'tune.sol', 'bite.sol']
1,['flip.sol', 'flap.t.sol', 'heal.sol', 'drip.t.sol', 'heal.t.sol', 'flap.sol', 'drip.sol', 'frob.t.sol', 'tune.sol', 'bite.sol']
1,['frob.sol', 'flip.t.sol', 'move.sol', 'flop.t.sol', 'flap.t.sol', 'heal.sol', 'drip.t.sol', 'heal.t.sol', 'flap.sol', 'drip.sol']
2,['frob.sol', 'flip.t.sol', 'move.sol', 'flop.t.sol', 'flap.t.sol', 'heal.sol', 'drip.t.sol', 'heal.t.sol', 'flap.sol', 'frob.t.sol']
1,['frob.sol', 'flip.t.sol', 'move.sol', 'flop.t.sol', 'flap.t.sol', 'heal.sol', 'drip.t.sol', 'heal.t.sol', 'flap.sol', 'tune.sol']
1,['frob.sol', 'flip.t.sol', 'move.sol', 'flop.t.sol', 'flap.t.sol', 'heal.sol', 'drip.t.sol', 'heal.t.sol', 'flap.sol', 'bite.sol']
2,['frob.sol', 'flip.t.sol', 'move.sol', 'flop.t.sol', 'flap.t.sol', 'heal.sol', 'drip.t.sol', 'heal.t.sol', 'drip.sol', 'frob.t.sol']
1,['frob.sol', 'flip.t.sol', 'move.sol', 'flop.t.sol', 'flap.t.sol', 'heal.sol', 'drip.t.sol', 'heal.t.sol', 'drip.sol', 'tune.sol']
1,['frob.sol', 'flip.t.sol', 'move.sol', 'flop.t.sol', 'flap.t.sol', 'heal.sol', 'drip.t.sol', 'heal.t.sol', 'drip.sol', 'bite.sol']
1,['frob.sol', 'flip.t.sol', 'move.sol', 'flop.t.sol', 'flap.t.sol', 'heal.sol', 'drip.t.sol', 'heal.t.sol', 'frob.t.sol', 'tune.sol']
2,['frob.sol', 'flip.t.sol', 'move.sol', 'flop.t.sol', 'flap.t.sol', 'heal.sol', 'drip.t.sol', 'heal.t.sol', 'frob.t.sol', 'bite.sol']
1,['frob.sol', 'flip.t.sol', 'move.sol', 'flop.t.sol', 'flap.t.sol', 'heal.sol', 'drip.t.sol', 'heal.t.sol', 'tune.sol', 'bite.sol']
2,['frob.sol', 'flip.t.sol', 'move.sol', 'flop.t.sol', 'flap.t.sol', 'heal.sol', 'drip.t.sol', 'flap.sol', 'drip.sol', 'frob.t.sol']
1,['frob.sol', 'flip.t.sol', 'move.sol', 'flop.t.sol', 'flap.t.sol', 'heal.sol', 'drip.t.sol', 'flap.sol', 'drip.sol', 'tune.sol']
2,['frob.sol', 'flip.t.sol', 'move.sol', 'flop.t.sol', 'flap.t.sol', 'heal.sol', 'drip.t.sol', 'flap.sol', 'drip.sol', 'bite.sol']
2,['frob.sol', 'flip.t.sol', 'move.sol', 'flop.t.sol', 'flap.t.sol', 'heal.sol', 'drip.t.sol', 'flap.sol', 'frob.t.sol', 'tune.sol']
1,['frob.sol', 'flip.t.sol', 'move.sol', 'flop.t.sol', 'flap.t.sol', 'heal.sol', 'drip.t.sol', 'flap.sol', 'frob.t.sol', 'bite.sol']
1,['frob.sol', 'flip.t.sol', 'move.sol', 'flop.t.sol', 'flap.t.sol', 'heal.sol', 'drip.t.sol', 'flap.sol', 'tune.sol', 'bite.sol']
1,['frob.sol', 'flip.t.sol', 'move.sol', 'flop.t.sol', 'flap.t.sol', 'heal.sol', 'drip.t.sol', 'drip.sol', 'frob.t.sol', 'tune.sol']
1,['frob.sol', 'flip.t.sol', 'move.sol', 'flop.t.sol', 'flap.t.sol', 'heal.sol', 'drip.t.sol', 'drip.sol', 'frob.t.sol', 'bite.sol']
1,['frob.sol', 'flip.t.sol', 'move.sol', 'flop.t.sol', 'flap.t.sol', 'heal.sol', 'drip.t.sol', 'drip.sol', 'tune.sol', 'bite.sol']
1,['frob.sol', 'flip.t.sol', 'move.sol', 'flop.t.sol', 'flap.t.sol', 'heal.sol', 'drip.t.sol', 'frob.t.sol', 'tune.sol', 'bite.sol']
2,['frob.sol', 'flip.t.sol', 'move.sol', 'flop.t.sol', 'flap.t.sol', 'heal.sol', 'heal.t.sol', 'flap.sol', 'drip.sol', 'frob.t.sol']
2,['frob.sol', 'flip.t.sol', 'move.sol', 'flop.t.sol', 'flap.t.sol', 'heal.sol', 'heal.t.sol', 'flap.sol', 'drip.sol', 'tune.sol']
2,['frob.sol', 'flip.t.sol', 'move.sol', 'flop.t.sol', 'flap.t.sol', 'heal.sol', 'heal.t.sol', 'flap.sol', 'drip.sol', 'bite.sol']
2,['frob.sol', 'flip.t.sol', 'move.sol', 'flop.t.sol', 'flap.t.sol', 'heal.sol', 'heal.t.sol', 'flap.sol', 'frob.t.sol', 'tune.sol']
2,['frob.sol', 'flip.t.sol', 'move.sol', 'flop.t.sol', 'flap.t.sol', 'heal.sol', 'heal.t.sol', 'flap.sol', 'frob.t.sol', 'bite.sol']
2,['frob.sol', 'flip.t.sol', 'move.sol', 'flop.t.sol', 'flap.t.sol', 'heal.sol', 'heal.t.sol', 'flap.sol', 'tune.sol', 'bite.sol']
2,['frob.sol', 'flip.t.sol', 'move.sol', 'flop.t.sol', 'flap.t.sol', 'heal.sol', 'heal.t.sol', 'drip.sol', 'frob.t.sol', 'tune.sol']
2,['frob.sol', 'flip.t.sol', 'move.sol', 'flop.t.sol', 'flap.t.sol', 'heal.sol', 'heal.t.sol', 'drip.sol', 'frob.t.sol', 'bite.sol']
2,['frob.sol', 'flip.t.sol', 'move.sol', 'flop.t.sol', 'flap.t.sol', 'heal.sol', 'heal.t.sol', 'drip.sol', 'tune.sol', 'bite.sol']
2,['frob.sol', 'flip.t.sol', 'move.sol', 'flop.t.sol', 'flap.t.sol', 'heal.sol', 'heal.t.sol', 'frob.t.sol', 'tune.sol', 'bite.sol']
2,['frob.sol', 'flip.t.sol', 'move.sol', 'flop.t.sol', 'flap.t.sol', 'heal.sol', 'flap.sol', 'drip.sol', 'frob.t.sol', 'tune.sol']
2,['frob.sol', 'flip.t.sol', 'move.sol', 'flop.t.sol', 'flap.t.sol', 'heal.sol', 'flap.sol', 'drip.sol', 'frob.t.sol', 'bite.sol']
1,['frob.sol', 'flip.t.sol', 'move.sol', 'flop.t.sol', 'flap.t.sol', 'heal.sol', 'flap.sol', 'drip.sol', 'tune.sol', 'bite.sol']
2,['frob.sol', 'flip.t.sol', 'move.sol', 'flop.t.sol', 'flap.t.sol', 'heal.sol', 'flap.sol', 'frob.t.sol', 'tune.sol', 'bite.sol']
2,['frob.sol', 'flip.t.sol', 'move.sol', 'flop.t.sol', 'flap.t.sol', 'heal.sol', 'drip.sol', 'frob.t.sol', 'tune.sol', 'bite.sol']
2,['frob.sol', 'flip.t.sol', 'move.sol', 'flop.t.sol', 'flap.t.sol', 'drip.t.sol', 'heal.t.sol', 'flap.sol', 'drip.sol', 'frob.t.sol']
2,['frob.sol', 'flip.t.sol', 'move.sol', 'flop.t.sol', 'flap.t.sol', 'drip.t.sol', 'heal.t.sol', 'flap.sol', 'drip.sol', 'tune.sol']
1,['frob.sol', 'flip.t.sol', 'move.sol', 'flop.t.sol', 'flap.t.sol', 'drip.t.sol', 'heal.t.sol', 'flap.sol', 'drip.sol', 'bite.sol']
2,['frob.sol', 'flip.t.sol', 'move.sol', 'flop.t.sol', 'flap.t.sol', 'drip.t.sol', 'heal.t.sol', 'flap.sol', 'frob.t.sol', 'tune.sol']
1,['frob.sol', 'flip.t.sol', 'move.sol', 'flop.t.sol', 'flap.t.sol', 'drip.t.sol', 'heal.t.sol', 'flap.sol', 'frob.t.sol', 'bite.sol']
2,['frob.sol', 'flip.t.sol', 'move.sol', 'flop.t.sol', 'flap.t.sol', 'drip.t.sol', 'heal.t.sol', 'flap.sol', 'tune.sol', 'bite.sol']
1,['frob.sol', 'flip.t.sol', 'move.sol', 'flop.t.sol', 'flap.t.sol', 'drip.t.sol', 'heal.t.sol', 'drip.sol', 'frob.t.sol', 'tune.sol']
1,['frob.sol', 'flip.t.sol', 'move.sol', 'flop.t.sol', 'flap.t.sol', 'drip.t.sol', 'heal.t.sol', 'drip.sol', 'frob.t.sol', 'bite.sol']
2,['frob.sol', 'flip.t.sol', 'move.sol', 'flop.t.sol', 'flap.t.sol', 'drip.t.sol', 'heal.t.sol', 'drip.sol', 'tune.sol', 'bite.sol']
1,['frob.sol', 'flip.t.sol', 'move.sol', 'flop.t.sol', 'flap.t.sol', 'drip.t.sol', 'heal.t.sol', 'frob.t.sol', 'tune.sol', 'bite.sol']
2,['frob.sol', 'flip.t.sol', 'move.sol', 'flop.t.sol', 'flap.t.sol', 'drip.t.sol', 'flap.sol', 'drip.sol', 'frob.t.sol', 'tune.sol']
2,['frob.sol', 'flip.t.sol', 'move.sol', 'flop.t.sol', 'flap.t.sol', 'drip.t.sol', 'flap.sol', 'drip.sol', 'frob.t.sol', 'bite.sol']
1,['frob.sol', 'flip.t.sol', 'move.sol', 'flop.t.sol', 'flap.t.sol', 'drip.t.sol', 'flap.sol', 'drip.sol', 'tune.sol', 'bite.sol']
2,['frob.sol', 'flip.t.sol', 'move.sol', 'flop.t.sol', 'flap.t.sol', 'drip.t.sol', 'flap.sol', 'frob.t.sol', 'tune.sol', 'bite.sol']
2,['frob.sol', 'flip.t.sol', 'move.sol', 'flop.t.sol', 'flap.t.sol', 'drip.t.sol', 'drip.sol', 'frob.t.sol', 'tune.sol', 'bite.sol']
2,['frob.sol', 'flip.t.sol', 'move.sol', 'flop.t.sol', 'flap.t.sol', 'heal.t.sol', 'flap.sol', 'drip.sol', 'frob.t.sol', 'tune.sol']
2,['frob.sol', 'flip.t.sol', 'move.sol', 'flop.t.sol', 'flap.t.sol', 'heal.t.sol', 'flap.sol', 'drip.sol', 'frob.t.sol', 'bite.sol']
2,['frob.sol', 'flip.t.sol', 'move.sol', 'flop.t.sol', 'flap.t.sol', 'heal.t.sol', 'flap.sol', 'drip.sol', 'tune.sol', 'bite.sol']
2,['frob.sol', 'flip.t.sol', 'move.sol', 'flop.t.sol', 'flap.t.sol', 'heal.t.sol', 'flap.sol', 'frob.t.sol', 'tune.sol', 'bite.sol']
2,['frob.sol', 'flip.t.sol', 'move.sol', 'flop.t.sol', 'flap.t.sol', 'heal.t.sol', 'drip.sol', 'frob.t.sol', 'tune.sol', 'bite.sol']
2,['frob.sol', 'flip.t.sol', 'move.sol', 'flop.t.sol', 'flap.t.sol', 'flap.sol', 'drip.sol', 'frob.t.sol', 'tune.sol', 'bite.sol']
2,['frob.sol', 'flip.t.sol', 'move.sol', 'flop.t.sol', 'heal.sol', 'drip.t.sol', 'heal.t.sol', 'flap.sol', 'drip.sol', 'frob.t.sol']
1,['frob.sol', 'flip.t.sol', 'move.sol', 'flop.t.sol', 'heal.sol', 'drip.t.sol', 'heal.t.sol', 'flap.sol', 'drip.sol', 'tune.sol']
1,['frob.sol', 'flip.t.sol', 'move.sol', 'flop.t.sol', 'heal.sol', 'drip.t.sol', 'heal.t.sol', 'flap.sol', 'drip.sol', 'bite.sol']
1,['frob.sol', 'flip.t.sol', 'move.sol', 'flop.t.sol', 'heal.sol', 'drip.t.sol', 'heal.t.sol', 'flap.sol', 'frob.t.sol', 'tune.sol']
2,['frob.sol', 'flip.t.sol', 'move.sol', 'flop.t.sol', 'heal.sol', 'drip.t.sol', 'heal.t.sol', 'flap.sol', 'frob.t.sol', 'bite.sol']
1,['frob.sol', 'flip.t.sol', 'move.sol', 'flop.t.sol', 'heal.sol', 'drip.t.sol', 'heal.t.sol', 'flap.sol', 'tune.sol', 'bite.sol']
1,['frob.sol', 'flip.t.sol', 'move.sol', 'flop.t.sol', 'heal.sol', 'drip.t.sol', 'heal.t.sol', 'drip.sol', 'frob.t.sol', 'tune.sol']
1,['frob.sol', 'flip.t.sol', 'move.sol', 'flop.t.sol', 'heal.sol', 'drip.t.sol', 'heal.t.sol', 'drip.sol', 'frob.t.sol', 'bite.sol']
1,['frob.sol', 'flip.t.sol', 'move.sol', 'flop.t.sol', 'heal.sol', 'drip.t.sol', 'heal.t.sol', 'drip.sol', 'tune.sol', 'bite.sol']
1,['frob.sol', 'flip.t.sol', 'move.sol', 'flop.t.sol', 'heal.sol', 'drip.t.sol', 'heal.t.sol', 'frob.t.sol', 'tune.sol', 'bite.sol']
1,['frob.sol', 'flip.t.sol', 'move.sol', 'flop.t.sol', 'heal.sol', 'drip.t.sol', 'flap.sol', 'drip.sol', 'frob.t.sol', 'tune.sol']
1,['frob.sol', 'flip.t.sol', 'move.sol', 'flop.t.sol', 'heal.sol', 'drip.t.sol', 'flap.sol', 'drip.sol', 'frob.t.sol', 'bite.sol']
1,['frob.sol', 'flip.t.sol', 'move.sol', 'flop.t.sol', 'heal.sol', 'drip.t.sol', 'flap.sol', 'drip.sol', 'tune.sol', 'bite.sol']
1,['frob.sol', 'flip.t.sol', 'move.sol', 'flop.t.sol', 'heal.sol', 'drip.t.sol', 'flap.sol', 'frob.t.sol', 'tune.sol', 'bite.sol']
1,['frob.sol', 'flip.t.sol', 'move.sol', 'flop.t.sol', 'heal.sol', 'drip.t.sol', 'drip.sol', 'frob.t.sol', 'tune.sol', 'bite.sol']
2,['frob.sol', 'flip.t.sol', 'move.sol', 'flop.t.sol', 'heal.sol', 'heal.t.sol', 'flap.sol', 'drip.sol', 'frob.t.sol', 'tune.sol']
2,['frob.sol', 'flip.t.sol', 'move.sol', 'flop.t.sol', 'heal.sol', 'heal.t.sol', 'flap.sol', 'drip.sol', 'frob.t.sol', 'bite.sol']
2,['frob.sol', 'flip.t.sol', 'move.sol', 'flop.t.sol', 'heal.sol', 'heal.t.sol', 'flap.sol', 'drip.sol', 'tune.sol', 'bite.sol']
2,['frob.sol', 'flip.t.sol', 'move.sol', 'flop.t.sol', 'heal.sol', 'heal.t.sol', 'flap.sol', 'frob.t.sol', 'tune.sol', 'bite.sol']
2,['frob.sol', 'flip.t.sol', 'move.sol', 'flop.t.sol', 'heal.sol', 'heal.t.sol', 'drip.sol', 'frob.t.sol', 'tune.sol', 'bite.sol']
2,['frob.sol', 'flip.t.sol', 'move.sol', 'flop.t.sol', 'heal.sol', 'flap.sol', 'drip.sol', 'frob.t.sol', 'tune.sol', 'bite.sol']
1,['frob.sol', 'flip.t.sol', 'move.sol', 'flop.t.sol', 'drip.t.sol', 'heal.t.sol', 'flap.sol', 'drip.sol', 'frob.t.sol', 'tune.sol']
1,['frob.sol', 'flip.t.sol', 'move.sol', 'flop.t.sol', 'drip.t.sol', 'heal.t.sol', 'flap.sol', 'drip.sol', 'frob.t.sol', 'bite.sol']
2,['frob.sol', 'flip.t.sol', 'move.sol', 'flop.t.sol', 'drip.t.sol', 'heal.t.sol', 'flap.sol', 'drip.sol', 'tune.sol', 'bite.sol']
1,['frob.sol', 'flip.t.sol', 'move.sol', 'flop.t.sol', 'drip.t.sol', 'heal.t.sol', 'flap.sol', 'frob.t.sol', 'tune.sol', 'bite.sol']
1,['frob.sol', 'flip.t.sol', 'move.sol', 'flop.t.sol', 'drip.t.sol', 'heal.t.sol', 'drip.sol', 'frob.t.sol', 'tune.sol', 'bite.sol']
2,['frob.sol', 'flip.t.sol', 'move.sol', 'flop.t.sol', 'drip.t.sol', 'flap.sol', 'drip.sol', 'frob.t.sol', 'tune.sol', 'bite.sol']
2,['frob.sol', 'flip.t.sol', 'move.sol', 'flop.t.sol', 'heal.t.sol', 'flap.sol', 'drip.sol', 'frob.t.sol', 'tune.sol', 'bite.sol']
2,['frob.sol', 'flip.t.sol', 'move.sol', 'flap.t.sol', 'heal.sol', 'drip.t.sol', 'heal.t.sol', 'flap.sol', 'drip.sol', 'frob.t.sol']
1,['frob.sol', 'flip.t.sol', 'move.sol', 'flap.t.sol', 'heal.sol', 'drip.t.sol', 'heal.t.sol', 'flap.sol', 'drip.sol', 'tune.sol']
1,['frob.sol', 'flip.t.sol', 'move.sol', 'flap.t.sol', 'heal.sol', 'drip.t.sol', 'heal.t.sol', 'flap.sol', 'drip.sol', 'bite.sol']
1,['frob.sol', 'flip.t.sol', 'move.sol', 'flap.t.sol', 'heal.sol', 'drip.t.sol', 'heal.t.sol', 'flap.sol', 'frob.t.sol', 'tune.sol']
2,['frob.sol', 'flip.t.sol', 'move.sol', 'flap.t.sol', 'heal.sol', 'drip.t.sol', 'heal.t.sol', 'flap.sol', 'frob.t.sol', 'bite.sol']
1,['frob.sol', 'flip.t.sol', 'move.sol', 'flap.t.sol', 'heal.sol', 'drip.t.sol', 'heal.t.sol', 'flap.sol', 'tune.sol', 'bite.sol']
1,['frob.sol', 'flip.t.sol', 'move.sol', 'flap.t.sol', 'heal.sol', 'drip.t.sol', 'heal.t.sol', 'drip.sol', 'frob.t.sol', 'tune.sol']
1,['frob.sol', 'flip.t.sol', 'move.sol', 'flap.t.sol', 'heal.sol', 'drip.t.sol', 'heal.t.sol', 'drip.sol', 'frob.t.sol', 'bite.sol']
1,['frob.sol', 'flip.t.sol', 'move.sol', 'flap.t.sol', 'heal.sol', 'drip.t.sol', 'heal.t.sol', 'drip.sol', 'tune.sol', 'bite.sol']
1,['frob.sol', 'flip.t.sol', 'move.sol', 'flap.t.sol', 'heal.sol', 'drip.t.sol', 'heal.t.sol', 'frob.t.sol', 'tune.sol', 'bite.sol']
2,['frob.sol', 'flip.t.sol', 'move.sol', 'flap.t.sol', 'heal.sol', 'drip.t.sol', 'flap.sol', 'drip.sol', 'frob.t.sol', 'tune.sol']
1,['frob.sol', 'flip.t.sol', 'move.sol', 'flap.t.sol', 'heal.sol', 'drip.t.sol', 'flap.sol', 'drip.sol', 'frob.t.sol', 'bite.sol']
1,['frob.sol', 'flip.t.sol', 'move.sol', 'flap.t.sol', 'heal.sol', 'drip.t.sol', 'flap.sol', 'drip.sol', 'tune.sol', 'bite.sol']
2,['frob.sol', 'flip.t.sol', 'move.sol', 'flap.t.sol', 'heal.sol', 'drip.t.sol', 'flap.sol', 'frob.t.sol', 'tune.sol', 'bite.sol']
1,['frob.sol', 'flip.t.sol', 'move.sol', 'flap.t.sol', 'heal.sol', 'drip.t.sol', 'drip.sol', 'frob.t.sol', 'tune.sol', 'bite.sol']
2,['frob.sol', 'flip.t.sol', 'move.sol', 'flap.t.sol', 'heal.sol', 'heal.t.sol', 'flap.sol', 'drip.sol', 'frob.t.sol', 'tune.sol']
2,['frob.sol', 'flip.t.sol', 'move.sol', 'flap.t.sol', 'heal.sol', 'heal.t.sol', 'flap.sol', 'drip.sol', 'frob.t.sol', 'bite.sol']
2,['frob.sol', 'flip.t.sol', 'move.sol', 'flap.t.sol', 'heal.sol', 'heal.t.sol', 'flap.sol', 'drip.sol', 'tune.sol', 'bite.sol']
2,['frob.sol', 'flip.t.sol', 'move.sol', 'flap.t.sol', 'heal.sol', 'heal.t.sol', 'flap.sol', 'frob.t.sol', 'tune.sol', 'bite.sol']
2,['frob.sol', 'flip.t.sol', 'move.sol', 'flap.t.sol', 'heal.sol', 'heal.t.sol', 'drip.sol', 'frob.t.sol', 'tune.sol', 'bite.sol']
2,['frob.sol', 'flip.t.sol', 'move.sol', 'flap.t.sol', 'heal.sol', 'flap.sol', 'drip.sol', 'frob.t.sol', 'tune.sol', 'bite.sol']
2,['frob.sol', 'flip.t.sol', 'move.sol', 'flap.t.sol', 'drip.t.sol', 'heal.t.sol', 'flap.sol', 'drip.sol', 'frob.t.sol', 'tune.sol']
1,['frob.sol', 'flip.t.sol', 'move.sol', 'flap.t.sol', 'drip.t.sol', 'heal.t.sol', 'flap.sol', 'drip.sol', 'frob.t.sol', 'bite.sol']
2,['frob.sol', 'flip.t.sol', 'move.sol', 'flap.t.sol', 'drip.t.sol', 'heal.t.sol', 'flap.sol', 'drip.sol', 'tune.sol', 'bite.sol']
1,['frob.sol', 'flip.t.sol', 'move.sol', 'flap.t.sol', 'drip.t.sol', 'heal.t.sol', 'flap.sol', 'frob.t.sol', 'tune.sol', 'bite.sol']
1,['frob.sol', 'flip.t.sol', 'move.sol', 'flap.t.sol', 'drip.t.sol', 'heal.t.sol', 'drip.sol', 'frob.t.sol', 'tune.sol', 'bite.sol']
2,['frob.sol', 'flip.t.sol', 'move.sol', 'flap.t.sol', 'drip.t.sol', 'flap.sol', 'drip.sol', 'frob.t.sol', 'tune.sol', 'bite.sol']
2,['frob.sol', 'flip.t.sol', 'move.sol', 'flap.t.sol', 'heal.t.sol', 'flap.sol', 'drip.sol', 'frob.t.sol', 'tune.sol', 'bite.sol']
1,['frob.sol', 'flip.t.sol', 'move.sol', 'heal.sol', 'drip.t.sol', 'heal.t.sol', 'flap.sol', 'drip.sol', 'frob.t.sol', 'tune.sol']
1,['frob.sol', 'flip.t.sol', 'move.sol', 'heal.sol', 'drip.t.sol', 'heal.t.sol', 'flap.sol', 'drip.sol', 'frob.t.sol', 'bite.sol']
1,['frob.sol', 'flip.t.sol', 'move.sol', 'heal.sol', 'drip.t.sol', 'heal.t.sol', 'flap.sol', 'drip.sol', 'tune.sol', 'bite.sol']
1,['frob.sol', 'flip.t.sol', 'move.sol', 'heal.sol', 'drip.t.sol', 'heal.t.sol', 'flap.sol', 'frob.t.sol', 'tune.sol', 'bite.sol']
1,['frob.sol', 'flip.t.sol', 'move.sol', 'heal.sol', 'drip.t.sol', 'heal.t.sol', 'drip.sol', 'frob.t.sol', 'tune.sol', 'bite.sol']
1,['frob.sol', 'flip.t.sol', 'move.sol', 'heal.sol', 'drip.t.sol', 'flap.sol', 'drip.sol', 'frob.t.sol', 'tune.sol', 'bite.sol']
2,['frob.sol', 'flip.t.sol', 'move.sol', 'heal.sol', 'heal.t.sol', 'flap.sol', 'drip.sol', 'frob.t.sol', 'tune.sol', 'bite.sol']
1,['frob.sol', 'flip.t.sol', 'move.sol', 'drip.t.sol', 'heal.t.sol', 'flap.sol', 'drip.sol', 'frob.t.sol', 'tune.sol', 'bite.sol']
2,['frob.sol', 'flip.t.sol', 'flop.t.sol', 'flap.t.sol', 'heal.sol', 'drip.t.sol', 'heal.t.sol', 'flap.sol', 'drip.sol', 'frob.t.sol']
1,['frob.sol', 'flip.t.sol', 'flop.t.sol', 'flap.t.sol', 'heal.sol', 'drip.t.sol', 'heal.t.sol', 'flap.sol', 'drip.sol', 'tune.sol']
1,['frob.sol', 'flip.t.sol', 'flop.t.sol', 'flap.t.sol', 'heal.sol', 'drip.t.sol', 'heal.t.sol', 'flap.sol', 'drip.sol', 'bite.sol']
1,['frob.sol', 'flip.t.sol', 'flop.t.sol', 'flap.t.sol', 'heal.sol', 'drip.t.sol', 'heal.t.sol', 'flap.sol', 'frob.t.sol', 'tune.sol']
1,['frob.sol', 'flip.t.sol', 'flop.t.sol', 'flap.t.sol', 'heal.sol', 'drip.t.sol', 'heal.t.sol', 'flap.sol', 'frob.t.sol', 'bite.sol']
1,['frob.sol', 'flip.t.sol', 'flop.t.sol', 'flap.t.sol', 'heal.sol', 'drip.t.sol', 'heal.t.sol', 'flap.sol', 'tune.sol', 'bite.sol']
1,['frob.sol', 'flip.t.sol', 'flop.t.sol', 'flap.t.sol', 'heal.sol', 'drip.t.sol', 'heal.t.sol', 'drip.sol', 'frob.t.sol', 'tune.sol']
1,['frob.sol', 'flip.t.sol', 'flop.t.sol', 'flap.t.sol', 'heal.sol', 'drip.t.sol', 'heal.t.sol', 'drip.sol', 'frob.t.sol', 'bite.sol']
1,['frob.sol', 'flip.t.sol', 'flop.t.sol', 'flap.t.sol', 'heal.sol', 'drip.t.sol', 'heal.t.sol', 'drip.sol', 'tune.sol', 'bite.sol']
1,['frob.sol', 'flip.t.sol', 'flop.t.sol', 'flap.t.sol', 'heal.sol', 'drip.t.sol', 'heal.t.sol', 'frob.t.sol', 'tune.sol', 'bite.sol']
1,['frob.sol', 'flip.t.sol', 'flop.t.sol', 'flap.t.sol', 'heal.sol', 'drip.t.sol', 'flap.sol', 'drip.sol', 'frob.t.sol', 'tune.sol']
1,['frob.sol', 'flip.t.sol', 'flop.t.sol', 'flap.t.sol', 'heal.sol', 'drip.t.sol', 'flap.sol', 'drip.sol', 'frob.t.sol', 'bite.sol']
1,['frob.sol', 'flip.t.sol', 'flop.t.sol', 'flap.t.sol', 'heal.sol', 'drip.t.sol', 'flap.sol', 'drip.sol', 'tune.sol', 'bite.sol']
1,['frob.sol', 'flip.t.sol', 'flop.t.sol', 'flap.t.sol', 'heal.sol', 'drip.t.sol', 'flap.sol', 'frob.t.sol', 'tune.sol', 'bite.sol']
1,['frob.sol', 'flip.t.sol', 'flop.t.sol', 'flap.t.sol', 'heal.sol', 'drip.t.sol', 'drip.sol', 'frob.t.sol', 'tune.sol', 'bite.sol']
2,['frob.sol', 'flip.t.sol', 'flop.t.sol', 'flap.t.sol', 'heal.sol', 'heal.t.sol', 'flap.sol', 'drip.sol', 'frob.t.sol', 'tune.sol']
2,['frob.sol', 'flip.t.sol', 'flop.t.sol', 'flap.t.sol', 'heal.sol', 'heal.t.sol', 'flap.sol', 'drip.sol', 'frob.t.sol', 'bite.sol']
2,['frob.sol', 'flip.t.sol', 'flop.t.sol', 'flap.t.sol', 'heal.sol', 'heal.t.sol', 'flap.sol', 'drip.sol', 'tune.sol', 'bite.sol']
2,['frob.sol', 'flip.t.sol', 'flop.t.sol', 'flap.t.sol', 'heal.sol', 'heal.t.sol', 'flap.sol', 'frob.t.sol', 'tune.sol', 'bite.sol']
1,['frob.sol', 'flip.t.sol', 'flop.t.sol', 'flap.t.sol', 'heal.sol', 'heal.t.sol', 'drip.sol', 'frob.t.sol', 'tune.sol', 'bite.sol']
1,['frob.sol', 'flip.t.sol', 'flop.t.sol', 'flap.t.sol', 'heal.sol', 'flap.sol', 'drip.sol', 'frob.t.sol', 'tune.sol', 'bite.sol']
1,['frob.sol', 'flip.t.sol', 'flop.t.sol', 'flap.t.sol', 'drip.t.sol', 'heal.t.sol', 'flap.sol', 'drip.sol', 'frob.t.sol', 'tune.sol']
1,['frob.sol', 'flip.t.sol', 'flop.t.sol', 'flap.t.sol', 'drip.t.sol', 'heal.t.sol', 'flap.sol', 'drip.sol', 'frob.t.sol', 'bite.sol']
1,['frob.sol', 'flip.t.sol', 'flop.t.sol', 'flap.t.sol', 'drip.t.sol', 'heal.t.sol', 'flap.sol', 'drip.sol', 'tune.sol', 'bite.sol']
1,['frob.sol', 'flip.t.sol', 'flop.t.sol', 'flap.t.sol', 'drip.t.sol', 'heal.t.sol', 'flap.sol', 'frob.t.sol', 'tune.sol', 'bite.sol']
1,['frob.sol', 'flip.t.sol', 'flop.t.sol', 'flap.t.sol', 'drip.t.sol', 'heal.t.sol', 'drip.sol', 'frob.t.sol', 'tune.sol', 'bite.sol']
1,['frob.sol', 'flip.t.sol', 'flop.t.sol', 'flap.t.sol', 'drip.t.sol', 'flap.sol', 'drip.sol', 'frob.t.sol', 'tune.sol', 'bite.sol']
2,['frob.sol', 'flip.t.sol', 'flop.t.sol', 'flap.t.sol', 'heal.t.sol', 'flap.sol', 'drip.sol', 'frob.t.sol', 'tune.sol', 'bite.sol']
1,['frob.sol', 'flip.t.sol', 'flop.t.sol', 'heal.sol', 'drip.t.sol', 'heal.t.sol', 'flap.sol', 'drip.sol', 'frob.t.sol', 'tune.sol']
1,['frob.sol', 'flip.t.sol', 'flop.t.sol', 'heal.sol', 'drip.t.sol', 'heal.t.sol', 'flap.sol', 'drip.sol', 'frob.t.sol', 'bite.sol']
1,['frob.sol', 'flip.t.sol', 'flop.t.sol', 'heal.sol', 'drip.t.sol', 'heal.t.sol', 'flap.sol', 'drip.sol', 'tune.sol', 'bite.sol']
1,['frob.sol', 'flip.t.sol', 'flop.t.sol', 'heal.sol', 'drip.t.sol', 'heal.t.sol', 'flap.sol', 'frob.t.sol', 'tune.sol', 'bite.sol']
1,['frob.sol', 'flip.t.sol', 'flop.t.sol', 'heal.sol', 'drip.t.sol', 'heal.t.sol', 'drip.sol', 'frob.t.sol', 'tune.sol', 'bite.sol']
1,['frob.sol', 'flip.t.sol', 'flop.t.sol', 'heal.sol', 'drip.t.sol', 'flap.sol', 'drip.sol', 'frob.t.sol', 'tune.sol', 'bite.sol']
2,['frob.sol', 'flip.t.sol', 'flop.t.sol', 'heal.sol', 'heal.t.sol', 'flap.sol', 'drip.sol', 'frob.t.sol', 'tune.sol', 'bite.sol']
1,['frob.sol', 'flip.t.sol', 'flop.t.sol', 'drip.t.sol', 'heal.t.sol', 'flap.sol', 'drip.sol', 'frob.t.sol', 'tune.sol', 'bite.sol']
1,['frob.sol', 'flip.t.sol', 'flap.t.sol', 'heal.sol', 'drip.t.sol', 'heal.t.sol', 'flap.sol', 'drip.sol', 'frob.t.sol', 'tune.sol']
1,['frob.sol', 'flip.t.sol', 'flap.t.sol', 'heal.sol', 'drip.t.sol', 'heal.t.sol', 'flap.sol', 'drip.sol', 'frob.t.sol', 'bite.sol']
1,['frob.sol', 'flip.t.sol', 'flap.t.sol', 'heal.sol', 'drip.t.sol', 'heal.t.sol', 'flap.sol', 'drip.sol', 'tune.sol', 'bite.sol']
1,['frob.sol', 'flip.t.sol', 'flap.t.sol', 'heal.sol', 'drip.t.sol', 'heal.t.sol', 'flap.sol', 'frob.t.sol', 'tune.sol', 'bite.sol']
1,['frob.sol', 'flip.t.sol', 'flap.t.sol', 'heal.sol', 'drip.t.sol', 'heal.t.sol', 'drip.sol', 'frob.t.sol', 'tune.sol', 'bite.sol']
1,['frob.sol', 'flip.t.sol', 'flap.t.sol', 'heal.sol', 'drip.t.sol', 'flap.sol', 'drip.sol', 'frob.t.sol', 'tune.sol', 'bite.sol']
2,['frob.sol', 'flip.t.sol', 'flap.t.sol', 'heal.sol', 'heal.t.sol', 'flap.sol', 'drip.sol', 'frob.t.sol', 'tune.sol', 'bite.sol']
1,['frob.sol', 'flip.t.sol', 'flap.t.sol', 'drip.t.sol', 'heal.t.sol', 'flap.sol', 'drip.sol', 'frob.t.sol', 'tune.sol', 'bite.sol']
1,['frob.sol', 'flip.t.sol', 'heal.sol', 'drip.t.sol', 'heal.t.sol', 'flap.sol', 'drip.sol', 'frob.t.sol', 'tune.sol', 'bite.sol']
2,['frob.sol', 'move.sol', 'flop.t.sol', 'flap.t.sol', 'heal.sol', 'drip.t.sol', 'heal.t.sol', 'flap.sol', 'drip.sol', 'frob.t.sol']
1,['frob.sol', 'move.sol', 'flop.t.sol', 'flap.t.sol', 'heal.sol', 'drip.t.sol', 'heal.t.sol', 'flap.sol', 'drip.sol', 'tune.sol']
1,['frob.sol', 'move.sol', 'flop.t.sol', 'flap.t.sol', 'heal.sol', 'drip.t.sol', 'heal.t.sol', 'flap.sol', 'drip.sol', 'bite.sol']
1,['frob.sol', 'move.sol', 'flop.t.sol', 'flap.t.sol', 'heal.sol', 'drip.t.sol', 'heal.t.sol', 'flap.sol', 'frob.t.sol', 'tune.sol']
2,['frob.sol', 'move.sol', 'flop.t.sol', 'flap.t.sol', 'heal.sol', 'drip.t.sol', 'heal.t.sol', 'flap.sol', 'frob.t.sol', 'bite.sol']
1,['frob.sol', 'move.sol', 'flop.t.sol', 'flap.t.sol', 'heal.sol', 'drip.t.sol', 'heal.t.sol', 'flap.sol', 'tune.sol', 'bite.sol']
1,['frob.sol', 'move.sol', 'flop.t.sol', 'flap.t.sol', 'heal.sol', 'drip.t.sol', 'heal.t.sol', 'drip.sol', 'frob.t.sol', 'tune.sol']
2,['frob.sol', 'move.sol', 'flop.t.sol', 'flap.t.sol', 'heal.sol', 'drip.t.sol', 'heal.t.sol', 'drip.sol', 'frob.t.sol', 'bite.sol']
1,['frob.sol', 'move.sol', 'flop.t.sol', 'flap.t.sol', 'heal.sol', 'drip.t.sol', 'heal.t.sol', 'drip.sol', 'tune.sol', 'bite.sol']
1,['frob.sol', 'move.sol', 'flop.t.sol', 'flap.t.sol', 'heal.sol', 'drip.t.sol', 'heal.t.sol', 'frob.t.sol', 'tune.sol', 'bite.sol']
1,['frob.sol', 'move.sol', 'flop.t.sol', 'flap.t.sol', 'heal.sol', 'drip.t.sol', 'flap.sol', 'drip.sol', 'frob.t.sol', 'tune.sol']
1,['frob.sol', 'move.sol', 'flop.t.sol', 'flap.t.sol', 'heal.sol', 'drip.t.sol', 'flap.sol', 'drip.sol', 'frob.t.sol', 'bite.sol']
1,['frob.sol', 'move.sol', 'flop.t.sol', 'flap.t.sol', 'heal.sol', 'drip.t.sol', 'flap.sol', 'drip.sol', 'tune.sol', 'bite.sol']
1,['frob.sol', 'move.sol', 'flop.t.sol', 'flap.t.sol', 'heal.sol', 'drip.t.sol', 'flap.sol', 'frob.t.sol', 'tune.sol', 'bite.sol']
1,['frob.sol', 'move.sol', 'flop.t.sol', 'flap.t.sol', 'heal.sol', 'drip.t.sol', 'drip.sol', 'frob.t.sol', 'tune.sol', 'bite.sol']
2,['frob.sol', 'move.sol', 'flop.t.sol', 'flap.t.sol', 'heal.sol', 'heal.t.sol', 'flap.sol', 'drip.sol', 'frob.t.sol', 'tune.sol']
2,['frob.sol', 'move.sol', 'flop.t.sol', 'flap.t.sol', 'heal.sol', 'heal.t.sol', 'flap.sol', 'drip.sol', 'frob.t.sol', 'bite.sol']
2,['frob.sol', 'move.sol', 'flop.t.sol', 'flap.t.sol', 'heal.sol', 'heal.t.sol', 'flap.sol', 'drip.sol', 'tune.sol', 'bite.sol']
2,['frob.sol', 'move.sol', 'flop.t.sol', 'flap.t.sol', 'heal.sol', 'heal.t.sol', 'flap.sol', 'frob.t.sol', 'tune.sol', 'bite.sol']
2,['frob.sol', 'move.sol', 'flop.t.sol', 'flap.t.sol', 'heal.sol', 'heal.t.sol', 'drip.sol', 'frob.t.sol', 'tune.sol', 'bite.sol']
2,['frob.sol', 'move.sol', 'flop.t.sol', 'flap.t.sol', 'heal.sol', 'flap.sol', 'drip.sol', 'frob.t.sol', 'tune.sol', 'bite.sol']
1,['frob.sol', 'move.sol', 'flop.t.sol', 'flap.t.sol', 'drip.t.sol', 'heal.t.sol', 'flap.sol', 'drip.sol', 'frob.t.sol', 'tune.sol']
2,['frob.sol', 'move.sol', 'flop.t.sol', 'flap.t.sol', 'drip.t.sol', 'heal.t.sol', 'flap.sol', 'drip.sol', 'frob.t.sol', 'bite.sol']
1,['frob.sol', 'move.sol', 'flop.t.sol', 'flap.t.sol', 'drip.t.sol', 'heal.t.sol', 'flap.sol', 'drip.sol', 'tune.sol', 'bite.sol']
1,['frob.sol', 'move.sol', 'flop.t.sol', 'flap.t.sol', 'drip.t.sol', 'heal.t.sol', 'flap.sol', 'frob.t.sol', 'tune.sol', 'bite.sol']
1,['frob.sol', 'move.sol', 'flop.t.sol', 'flap.t.sol', 'drip.t.sol', 'heal.t.sol', 'drip.sol', 'frob.t.sol', 'tune.sol', 'bite.sol']
2,['frob.sol', 'move.sol', 'flop.t.sol', 'flap.t.sol', 'drip.t.sol', 'flap.sol', 'drip.sol', 'frob.t.sol', 'tune.sol', 'bite.sol']
2,['frob.sol', 'move.sol', 'flop.t.sol', 'flap.t.sol', 'heal.t.sol', 'flap.sol', 'drip.sol', 'frob.t.sol', 'tune.sol', 'bite.sol']
1,['frob.sol', 'move.sol', 'flop.t.sol', 'heal.sol', 'drip.t.sol', 'heal.t.sol', 'flap.sol', 'drip.sol', 'frob.t.sol', 'tune.sol']
1,['frob.sol', 'move.sol', 'flop.t.sol', 'heal.sol', 'drip.t.sol', 'heal.t.sol', 'flap.sol', 'drip.sol', 'frob.t.sol', 'bite.sol']
1,['frob.sol', 'move.sol', 'flop.t.sol', 'heal.sol', 'drip.t.sol', 'heal.t.sol', 'flap.sol', 'drip.sol', 'tune.sol', 'bite.sol']
1,['frob.sol', 'move.sol', 'flop.t.sol', 'heal.sol', 'drip.t.sol', 'heal.t.sol', 'flap.sol', 'frob.t.sol', 'tune.sol', 'bite.sol']
1,['frob.sol', 'move.sol', 'flop.t.sol', 'heal.sol', 'drip.t.sol', 'heal.t.sol', 'drip.sol', 'frob.t.sol', 'tune.sol', 'bite.sol']
1,['frob.sol', 'move.sol', 'flop.t.sol', 'heal.sol', 'drip.t.sol', 'flap.sol', 'drip.sol', 'frob.t.sol', 'tune.sol', 'bite.sol']
2,['frob.sol', 'move.sol', 'flop.t.sol', 'heal.sol', 'heal.t.sol', 'flap.sol', 'drip.sol', 'frob.t.sol', 'tune.sol', 'bite.sol']
1,['frob.sol', 'move.sol', 'flop.t.sol', 'drip.t.sol', 'heal.t.sol', 'flap.sol', 'drip.sol', 'frob.t.sol', 'tune.sol', 'bite.sol']
1,['frob.sol', 'move.sol', 'flap.t.sol', 'heal.sol', 'drip.t.sol', 'heal.t.sol', 'flap.sol', 'drip.sol', 'frob.t.sol', 'tune.sol']
1,['frob.sol', 'move.sol', 'flap.t.sol', 'heal.sol', 'drip.t.sol', 'heal.t.sol', 'flap.sol', 'drip.sol', 'frob.t.sol', 'bite.sol']
1,['frob.sol', 'move.sol', 'flap.t.sol', 'heal.sol', 'drip.t.sol', 'heal.t.sol', 'flap.sol', 'drip.sol', 'tune.sol', 'bite.sol']
1,['frob.sol', 'move.sol', 'flap.t.sol', 'heal.sol', 'drip.t.sol', 'heal.t.sol', 'flap.sol', 'frob.t.sol', 'tune.sol', 'bite.sol']
1,['frob.sol', 'move.sol', 'flap.t.sol', 'heal.sol', 'drip.t.sol', 'heal.t.sol', 'drip.sol', 'frob.t.sol', 'tune.sol', 'bite.sol']
1,['frob.sol', 'move.sol', 'flap.t.sol', 'heal.sol', 'drip.t.sol', 'flap.sol', 'drip.sol', 'frob.t.sol', 'tune.sol', 'bite.sol']
2,['frob.sol', 'move.sol', 'flap.t.sol', 'heal.sol', 'heal.t.sol', 'flap.sol', 'drip.sol', 'frob.t.sol', 'tune.sol', 'bite.sol']
1,['frob.sol', 'move.sol', 'flap.t.sol', 'drip.t.sol', 'heal.t.sol', 'flap.sol', 'drip.sol', 'frob.t.sol', 'tune.sol', 'bite.sol']
1,['frob.sol', 'move.sol', 'heal.sol', 'drip.t.sol', 'heal.t.sol', 'flap.sol', 'drip.sol', 'frob.t.sol', 'tune.sol', 'bite.sol']
1,['frob.sol', 'flop.t.sol', 'flap.t.sol', 'heal.sol', 'drip.t.sol', 'heal.t.sol', 'flap.sol', 'drip.sol', 'frob.t.sol', 'tune.sol']
2,['frob.sol', 'flop.t.sol', 'flap.t.sol', 'heal.sol', 'drip.t.sol', 'heal.t.sol', 'flap.sol', 'drip.sol', 'frob.t.sol', 'bite.sol']
1,['frob.sol', 'flop.t.sol', 'flap.t.sol', 'heal.sol', 'drip.t.sol', 'heal.t.sol', 'flap.sol', 'drip.sol', 'tune.sol', 'bite.sol']
1,['frob.sol', 'flop.t.sol', 'flap.t.sol', 'heal.sol', 'drip.t.sol', 'heal.t.sol', 'flap.sol', 'frob.t.sol', 'tune.sol', 'bite.sol']
1,['frob.sol', 'flop.t.sol', 'flap.t.sol', 'heal.sol', 'drip.t.sol', 'heal.t.sol', 'drip.sol', 'frob.t.sol', 'tune.sol', 'bite.sol']
1,['frob.sol', 'flop.t.sol', 'flap.t.sol', 'heal.sol', 'drip.t.sol', 'flap.sol', 'drip.sol', 'frob.t.sol', 'tune.sol', 'bite.sol']
2,['frob.sol', 'flop.t.sol', 'flap.t.sol', 'heal.sol', 'heal.t.sol', 'flap.sol', 'drip.sol', 'frob.t.sol', 'tune.sol', 'bite.sol']
1,['frob.sol', 'flop.t.sol', 'flap.t.sol', 'drip.t.sol', 'heal.t.sol', 'flap.sol', 'drip.sol', 'frob.t.sol', 'tune.sol', 'bite.sol']
1,['frob.sol', 'flop.t.sol', 'heal.sol', 'drip.t.sol', 'heal.t.sol', 'flap.sol', 'drip.sol', 'frob.t.sol', 'tune.sol', 'bite.sol']
1,['frob.sol', 'flap.t.sol', 'heal.sol', 'drip.t.sol', 'heal.t.sol', 'flap.sol', 'drip.sol', 'frob.t.sol', 'tune.sol', 'bite.sol']
2,['flip.t.sol', 'move.sol', 'flop.t.sol', 'flap.t.sol', 'heal.sol', 'drip.t.sol', 'heal.t.sol', 'flap.sol', 'drip.sol', 'frob.t.sol']
1,['flip.t.sol', 'move.sol', 'flop.t.sol', 'flap.t.sol', 'heal.sol', 'drip.t.sol', 'heal.t.sol', 'flap.sol', 'drip.sol', 'tune.sol']
2,['flip.t.sol', 'move.sol', 'flop.t.sol', 'flap.t.sol', 'heal.sol', 'drip.t.sol', 'heal.t.sol', 'flap.sol', 'drip.sol', 'bite.sol']
2,['flip.t.sol', 'move.sol', 'flop.t.sol', 'flap.t.sol', 'heal.sol', 'drip.t.sol', 'heal.t.sol', 'flap.sol', 'frob.t.sol', 'tune.sol']
2,['flip.t.sol', 'move.sol', 'flop.t.sol', 'flap.t.sol', 'heal.sol', 'drip.t.sol', 'heal.t.sol', 'flap.sol', 'frob.t.sol', 'bite.sol']
1,['flip.t.sol', 'move.sol', 'flop.t.sol', 'flap.t.sol', 'heal.sol', 'drip.t.sol', 'heal.t.sol', 'flap.sol', 'tune.sol', 'bite.sol']
1,['flip.t.sol', 'move.sol', 'flop.t.sol', 'flap.t.sol', 'heal.sol', 'drip.t.sol', 'heal.t.sol', 'drip.sol', 'frob.t.sol', 'tune.sol']
2,['flip.t.sol', 'move.sol', 'flop.t.sol', 'flap.t.sol', 'heal.sol', 'drip.t.sol', 'heal.t.sol', 'drip.sol', 'frob.t.sol', 'bite.sol']
1,['flip.t.sol', 'move.sol', 'flop.t.sol', 'flap.t.sol', 'heal.sol', 'drip.t.sol', 'heal.t.sol', 'drip.sol', 'tune.sol', 'bite.sol']
1,['flip.t.sol', 'move.sol', 'flop.t.sol', 'flap.t.sol', 'heal.sol', 'drip.t.sol', 'heal.t.sol', 'frob.t.sol', 'tune.sol', 'bite.sol']
2,['flip.t.sol', 'move.sol', 'flop.t.sol', 'flap.t.sol', 'heal.sol', 'drip.t.sol', 'flap.sol', 'drip.sol', 'frob.t.sol', 'tune.sol']
2,['flip.t.sol', 'move.sol', 'flop.t.sol', 'flap.t.sol', 'heal.sol', 'drip.t.sol', 'flap.sol', 'drip.sol', 'frob.t.sol', 'bite.sol']
1,['flip.t.sol', 'move.sol', 'flop.t.sol', 'flap.t.sol', 'heal.sol', 'drip.t.sol', 'flap.sol', 'drip.sol', 'tune.sol', 'bite.sol']
2,['flip.t.sol', 'move.sol', 'flop.t.sol', 'flap.t.sol', 'heal.sol', 'drip.t.sol', 'flap.sol', 'frob.t.sol', 'tune.sol', 'bite.sol']
1,['flip.t.sol', 'move.sol', 'flop.t.sol', 'flap.t.sol', 'heal.sol', 'drip.t.sol', 'drip.sol', 'frob.t.sol', 'tune.sol', 'bite.sol']
2,['flip.t.sol', 'move.sol', 'flop.t.sol', 'flap.t.sol', 'heal.sol', 'heal.t.sol', 'flap.sol', 'drip.sol', 'frob.t.sol', 'tune.sol']
2,['flip.t.sol', 'move.sol', 'flop.t.sol', 'flap.t.sol', 'heal.sol', 'heal.t.sol', 'flap.sol', 'drip.sol', 'frob.t.sol', 'bite.sol']
2,['flip.t.sol', 'move.sol', 'flop.t.sol', 'flap.t.sol', 'heal.sol', 'heal.t.sol', 'flap.sol', 'drip.sol', 'tune.sol', 'bite.sol']
2,['flip.t.sol', 'move.sol', 'flop.t.sol', 'flap.t.sol', 'heal.sol', 'heal.t.sol', 'flap.sol', 'frob.t.sol', 'tune.sol', 'bite.sol']
2,['flip.t.sol', 'move.sol', 'flop.t.sol', 'flap.t.sol', 'heal.sol', 'heal.t.sol', 'drip.sol', 'frob.t.sol', 'tune.sol', 'bite.sol']
2,['flip.t.sol', 'move.sol', 'flop.t.sol', 'flap.t.sol', 'heal.sol', 'flap.sol', 'drip.sol', 'frob.t.sol', 'tune.sol', 'bite.sol']
2,['flip.t.sol', 'move.sol', 'flop.t.sol', 'flap.t.sol', 'drip.t.sol', 'heal.t.sol', 'flap.sol', 'drip.sol', 'frob.t.sol', 'tune.sol']
2,['flip.t.sol', 'move.sol', 'flop.t.sol', 'flap.t.sol', 'drip.t.sol', 'heal.t.sol', 'flap.sol', 'drip.sol', 'frob.t.sol', 'bite.sol']
2,['flip.t.sol', 'move.sol', 'flop.t.sol', 'flap.t.sol', 'drip.t.sol', 'heal.t.sol', 'flap.sol', 'drip.sol', 'tune.sol', 'bite.sol']
2,['flip.t.sol', 'move.sol', 'flop.t.sol', 'flap.t.sol', 'drip.t.sol', 'heal.t.sol', 'flap.sol', 'frob.t.sol', 'tune.sol', 'bite.sol']
1,['flip.t.sol', 'move.sol', 'flop.t.sol', 'flap.t.sol', 'drip.t.sol', 'heal.t.sol', 'drip.sol', 'frob.t.sol', 'tune.sol', 'bite.sol']
2,['flip.t.sol', 'move.sol', 'flop.t.sol', 'flap.t.sol', 'drip.t.sol', 'flap.sol', 'drip.sol', 'frob.t.sol', 'tune.sol', 'bite.sol']
2,['flip.t.sol', 'move.sol', 'flop.t.sol', 'flap.t.sol', 'heal.t.sol', 'flap.sol', 'drip.sol', 'frob.t.sol', 'tune.sol', 'bite.sol']
2,['flip.t.sol', 'move.sol', 'flop.t.sol', 'heal.sol', 'drip.t.sol', 'heal.t.sol', 'flap.sol', 'drip.sol', 'frob.t.sol', 'tune.sol']
2,['flip.t.sol', 'move.sol', 'flop.t.sol', 'heal.sol', 'drip.t.sol', 'heal.t.sol', 'flap.sol', 'drip.sol', 'frob.t.sol', 'bite.sol']
1,['flip.t.sol', 'move.sol', 'flop.t.sol', 'heal.sol', 'drip.t.sol', 'heal.t.sol', 'flap.sol', 'drip.sol', 'tune.sol', 'bite.sol']
1,['flip.t.sol', 'move.sol', 'flop.t.sol', 'heal.sol', 'drip.t.sol', 'heal.t.sol', 'flap.sol', 'frob.t.sol', 'tune.sol', 'bite.sol']
1,['flip.t.sol', 'move.sol', 'flop.t.sol', 'heal.sol', 'drip.t.sol', 'heal.t.sol', 'drip.sol', 'frob.t.sol', 'tune.sol', 'bite.sol']
1,['flip.t.sol', 'move.sol', 'flop.t.sol', 'heal.sol', 'drip.t.sol', 'flap.sol', 'drip.sol', 'frob.t.sol', 'tune.sol', 'bite.sol']
2,['flip.t.sol', 'move.sol', 'flop.t.sol', 'heal.sol', 'heal.t.sol', 'flap.sol', 'drip.sol', 'frob.t.sol', 'tune.sol', 'bite.sol']
1,['flip.t.sol', 'move.sol', 'flop.t.sol', 'drip.t.sol', 'heal.t.sol', 'flap.sol', 'drip.sol', 'frob.t.sol', 'tune.sol', 'bite.sol']
1,['flip.t.sol', 'move.sol', 'flap.t.sol', 'heal.sol', 'drip.t.sol', 'heal.t.sol', 'flap.sol', 'drip.sol', 'frob.t.sol', 'tune.sol']
2,['flip.t.sol', 'move.sol', 'flap.t.sol', 'heal.sol', 'drip.t.sol', 'heal.t.sol', 'flap.sol', 'drip.sol', 'frob.t.sol', 'bite.sol']
1,['flip.t.sol', 'move.sol', 'flap.t.sol', 'heal.sol', 'drip.t.sol', 'heal.t.sol', 'flap.sol', 'drip.sol', 'tune.sol', 'bite.sol']
1,['flip.t.sol', 'move.sol', 'flap.t.sol', 'heal.sol', 'drip.t.sol', 'heal.t.sol', 'flap.sol', 'frob.t.sol', 'tune.sol', 'bite.sol']
1,['flip.t.sol', 'move.sol', 'flap.t.sol', 'heal.sol', 'drip.t.sol', 'heal.t.sol', 'drip.sol', 'frob.t.sol', 'tune.sol', 'bite.sol']
1,['flip.t.sol', 'move.sol', 'flap.t.sol', 'heal.sol', 'drip.t.sol', 'flap.sol', 'drip.sol', 'frob.t.sol', 'tune.sol', 'bite.sol']
2,['flip.t.sol', 'move.sol', 'flap.t.sol', 'heal.sol', 'heal.t.sol', 'flap.sol', 'drip.sol', 'frob.t.sol', 'tune.sol', 'bite.sol']
1,['flip.t.sol', 'move.sol', 'flap.t.sol', 'drip.t.sol', 'heal.t.sol', 'flap.sol', 'drip.sol', 'frob.t.sol', 'tune.sol', 'bite.sol']
1,['flip.t.sol', 'move.sol', 'heal.sol', 'drip.t.sol', 'heal.t.sol', 'flap.sol', 'drip.sol', 'frob.t.sol', 'tune.sol', 'bite.sol']
1,['flip.t.sol', 'flop.t.sol', 'flap.t.sol', 'heal.sol', 'drip.t.sol', 'heal.t.sol', 'flap.sol', 'drip.sol', 'frob.t.sol', 'tune.sol']
1,['flip.t.sol', 'flop.t.sol', 'flap.t.sol', 'heal.sol', 'drip.t.sol', 'heal.t.sol', 'flap.sol', 'drip.sol', 'frob.t.sol', 'bite.sol']
1,['flip.t.sol', 'flop.t.sol', 'flap.t.sol', 'heal.sol', 'drip.t.sol', 'heal.t.sol', 'flap.sol', 'drip.sol', 'tune.sol', 'bite.sol']
1,['flip.t.sol', 'flop.t.sol', 'flap.t.sol', 'heal.sol', 'drip.t.sol', 'heal.t.sol', 'flap.sol', 'frob.t.sol', 'tune.sol', 'bite.sol']
1,['flip.t.sol', 'flop.t.sol', 'flap.t.sol', 'heal.sol', 'drip.t.sol', 'heal.t.sol', 'drip.sol', 'frob.t.sol', 'tune.sol', 'bite.sol']
1,['flip.t.sol', 'flop.t.sol', 'flap.t.sol', 'heal.sol', 'drip.t.sol', 'flap.sol', 'drip.sol', 'frob.t.sol', 'tune.sol', 'bite.sol']
2,['flip.t.sol', 'flop.t.sol', 'flap.t.sol', 'heal.sol', 'heal.t.sol', 'flap.sol', 'drip.sol', 'frob.t.sol', 'tune.sol', 'bite.sol']
1,['flip.t.sol', 'flop.t.sol', 'flap.t.sol', 'drip.t.sol', 'heal.t.sol', 'flap.sol', 'drip.sol', 'frob.t.sol', 'tune.sol', 'bite.sol']
1,['flip.t.sol', 'flop.t.sol', 'heal.sol', 'drip.t.sol', 'heal.t.sol', 'flap.sol', 'drip.sol', 'frob.t.sol', 'tune.sol', 'bite.sol']
1,['flip.t.sol', 'flap.t.sol', 'heal.sol', 'drip.t.sol', 'heal.t.sol', 'flap.sol', 'drip.sol', 'frob.t.sol', 'tune.sol', 'bite.sol']
2,['move.sol', 'flop.t.sol', 'flap.t.sol', 'heal.sol', 'drip.t.sol', 'heal.t.sol', 'flap.sol', 'drip.sol', 'frob.t.sol', 'tune.sol']
2,['move.sol', 'flop.t.sol', 'flap.t.sol', 'heal.sol', 'drip.t.sol', 'heal.t.sol', 'flap.sol', 'drip.sol', 'frob.t.sol', 'bite.sol']
1,['move.sol', 'flop.t.sol', 'flap.t.sol', 'heal.sol', 'drip.t.sol', 'heal.t.sol', 'flap.sol', 'drip.sol', 'tune.sol', 'bite.sol']
2,['move.sol', 'flop.t.sol', 'flap.t.sol', 'heal.sol', 'drip.t.sol', 'heal.t.sol', 'flap.sol', 'frob.t.sol', 'tune.sol', 'bite.sol']
1,['move.sol', 'flop.t.sol', 'flap.t.sol', 'heal.sol', 'drip.t.sol', 'heal.t.sol', 'drip.sol', 'frob.t.sol', 'tune.sol', 'bite.sol']
1,['move.sol', 'flop.t.sol', 'flap.t.sol', 'heal.sol', 'drip.t.sol', 'flap.sol', 'drip.sol', 'frob.t.sol', 'tune.sol', 'bite.sol']
2,['move.sol', 'flop.t.sol', 'flap.t.sol', 'heal.sol', 'heal.t.sol', 'flap.sol', 'drip.sol', 'frob.t.sol', 'tune.sol', 'bite.sol']
1,['move.sol', 'flop.t.sol', 'flap.t.sol', 'drip.t.sol', 'heal.t.sol', 'flap.sol', 'drip.sol', 'frob.t.sol', 'tune.sol', 'bite.sol']
1,['move.sol', 'flop.t.sol', 'heal.sol', 'drip.t.sol', 'heal.t.sol', 'flap.sol', 'drip.sol', 'frob.t.sol', 'tune.sol', 'bite.sol']
1,['move.sol', 'flap.t.sol', 'heal.sol', 'drip.t.sol', 'heal.t.sol', 'flap.sol', 'drip.sol', 'frob.t.sol', 'tune.sol', 'bite.sol']
2,['flop.t.sol', 'flap.t.sol', 'heal.sol', 'drip.t.sol', 'heal.t.sol', 'flap.sol', 'drip.sol', 'frob.t.sol', 'tune.sol', 'bite.sol']
