similarity,combination
4,['flop.sol', 'join.sol', 'flip.sol', 'transferFrom.sol', 'frob.sol', 'flip.t.sol', 'flop.t.sol', 'flap.t.sol']
3,['flop.sol', 'join.sol', 'flip.sol', 'transferFrom.sol', 'frob.sol', 'flip.t.sol', 'flop.t.sol', 'heal.sol']
3,['flop.sol', 'join.sol', 'flip.sol', 'transferFrom.sol', 'frob.sol', 'flip.t.sol', 'flop.t.sol', 'drip.t.sol']
4,['flop.sol', 'join.sol', 'flip.sol', 'transferFrom.sol', 'frob.sol', 'flip.t.sol', 'flop.t.sol', 'heal.t.sol']
3,['flop.sol', 'join.sol', 'flip.sol', 'transferFrom.sol', 'frob.sol', 'flip.t.sol', 'flop.t.sol', 'flap.sol']
3,['flop.sol', 'join.sol', 'flip.sol', 'transferFrom.sol', 'frob.sol', 'flip.t.sol', 'flop.t.sol', 'drip.sol']
3,['flop.sol', 'join.sol', 'flip.sol', 'transferFrom.sol', 'frob.sol', 'flip.t.sol', 'flop.t.sol', 'frob.t.sol']
2,['flop.sol', 'join.sol', 'flip.sol', 'transferFrom.sol', 'frob.sol', 'flip.t.sol', 'flop.t.sol', 'tune.sol']
3,['flop.sol', 'join.sol', 'flip.sol', 'transferFrom.sol', 'frob.sol', 'flip.t.sol', 'flop.t.sol', 'bite.sol']
3,['flop.sol', 'join.sol', 'flip.sol', 'transferFrom.sol', 'frob.sol', 'flip.t.sol', 'flap.t.sol', 'heal.sol']
3,['flop.sol', 'join.sol', 'flip.sol', 'transferFrom.sol', 'frob.sol', 'flip.t.sol', 'flap.t.sol', 'drip.t.sol']
4,['flop.sol', 'join.sol', 'flip.sol', 'transferFrom.sol', 'frob.sol', 'flip.t.sol', 'flap.t.sol', 'heal.t.sol']
4,['flop.sol', 'join.sol', 'flip.sol', 'transferFrom.sol', 'frob.sol', 'flip.t.sol', 'flap.t.sol', 'flap.sol']
3,['flop.sol', 'join.sol', 'flip.sol', 'transferFrom.sol', 'frob.sol', 'flip.t.sol', 'flap.t.sol', 'drip.sol']
3,['flop.sol', 'join.sol', 'flip.sol', 'transferFrom.sol', 'frob.sol', 'flip.t.sol', 'flap.t.sol', 'frob.t.sol']
2,['flop.sol', 'join.sol', 'flip.sol', 'transferFrom.sol', 'frob.sol', 'flip.t.sol', 'flap.t.sol', 'tune.sol']
3,['flop.sol', 'join.sol', 'flip.sol', 'transferFrom.sol', 'frob.sol', 'flip.t.sol', 'flap.t.sol', 'bite.sol']
2,['flop.sol', 'join.sol', 'flip.sol', 'transferFrom.sol', 'frob.sol', 'flip.t.sol', 'heal.sol', 'drip.t.sol']
4,['flop.sol', 'join.sol', 'flip.sol', 'transferFrom.sol', 'frob.sol', 'flip.t.sol', 'heal.sol', 'heal.t.sol']
2,['flop.sol', 'join.sol', 'flip.sol', 'transferFrom.sol', 'frob.sol', 'flip.t.sol', 'heal.sol', 'flap.sol']
2,['flop.sol', 'join.sol', 'flip.sol', 'transferFrom.sol', 'frob.sol', 'flip.t.sol', 'heal.sol', 'drip.sol']
4,['flop.sol', 'join.sol', 'flip.sol', 'transferFrom.sol', 'frob.sol', 'flip.t.sol', 'heal.sol', 'frob.t.sol']
2,['flop.sol', 'join.sol', 'flip.sol', 'transferFrom.sol', 'frob.sol', 'flip.t.sol', 'heal.sol', 'tune.sol']
2,['flop.sol', 'join.sol', 'flip.sol', 'transferFrom.sol', 'frob.sol', 'flip.t.sol', 'heal.sol', 'bite.sol']
2,['flop.sol', 'join.sol', 'flip.sol', 'transferFrom.sol', 'frob.sol', 'flip.t.sol', 'drip.t.sol', 'heal.t.sol']
2,['flop.sol', 'join.sol', 'flip.sol', 'transferFrom.sol', 'frob.sol', 'flip.t.sol', 'drip.t.sol', 'flap.sol']
4,['flop.sol', 'join.sol', 'flip.sol', 'transferFrom.sol', 'frob.sol', 'flip.t.sol', 'drip.t.sol', 'drip.sol']
3,['flop.sol', 'join.sol', 'flip.sol', 'transferFrom.sol', 'frob.sol', 'flip.t.sol', 'drip.t.sol', 'frob.t.sol']
3,['flop.sol', 'join.sol', 'flip.sol', 'transferFrom.sol', 'frob.sol', 'flip.t.sol', 'drip.t.sol', 'tune.sol']
4,['flop.sol', 'join.sol', 'flip.sol', 'transferFrom.sol', 'frob.sol', 'flip.t.sol', 'drip.t.sol', 'bite.sol']
4,['flop.sol', 'join.sol', 'flip.sol', 'transferFrom.sol', 'frob.sol', 'flip.t.sol', 'heal.t.sol', 'flap.sol']
2,['flop.sol', 'join.sol', 'flip.sol', 'transferFrom.sol', 'frob.sol', 'flip.t.sol', 'heal.t.sol', 'drip.sol']
3,['flop.sol', 'join.sol', 'flip.sol', 'transferFrom.sol', 'frob.sol', 'flip.t.sol', 'heal.t.sol', 'frob.t.sol']
3,['flop.sol', 'join.sol', 'flip.sol', 'transferFrom.sol', 'frob.sol', 'flip.t.sol', 'heal.t.sol', 'tune.sol']
3,['flop.sol', 'join.sol', 'flip.sol', 'transferFrom.sol', 'frob.sol', 'flip.t.sol', 'heal.t.sol', 'bite.sol']
5,['flop.sol', 'join.sol', 'flip.sol', 'transferFrom.sol', 'frob.sol', 'flip.t.sol', 'flap.sol', 'drip.sol']
4,['flop.sol', 'join.sol', 'flip.sol', 'transferFrom.sol', 'frob.sol', 'flip.t.sol', 'flap.sol', 'frob.t.sol']
2,['flop.sol', 'join.sol', 'flip.sol', 'transferFrom.sol', 'frob.sol', 'flip.t.sol', 'flap.sol', 'tune.sol']
2,['flop.sol', 'join.sol', 'flip.sol', 'transferFrom.sol', 'frob.sol', 'flip.t.sol', 'flap.sol', 'bite.sol']
3,['flop.sol', 'join.sol', 'flip.sol', 'transferFrom.sol', 'frob.sol', 'flip.t.sol', 'drip.sol', 'frob.t.sol']
5,['flop.sol', 'join.sol', 'flip.sol', 'transferFrom.sol', 'frob.sol', 'flip.t.sol', 'drip.sol', 'tune.sol']
4,['flop.sol', 'join.sol', 'flip.sol', 'transferFrom.sol', 'frob.sol', 'flip.t.sol', 'drip.sol', 'bite.sol']
2,['flop.sol', 'join.sol', 'flip.sol', 'transferFrom.sol', 'frob.sol', 'flip.t.sol', 'frob.t.sol', 'tune.sol']
4,['flop.sol', 'join.sol', 'flip.sol', 'transferFrom.sol', 'frob.sol', 'flip.t.sol', 'frob.t.sol', 'bite.sol']
2,['flop.sol', 'join.sol', 'flip.sol', 'transferFrom.sol', 'frob.sol', 'flip.t.sol', 'tune.sol', 'bite.sol']
3,['flop.sol', 'join.sol', 'flip.sol', 'transferFrom.sol', 'frob.sol', 'flop.t.sol', 'flap.t.sol', 'heal.sol']
6,['flop.sol', 'join.sol', 'flip.sol', 'transferFrom.sol', 'frob.sol', 'flop.t.sol', 'flap.t.sol', 'drip.t.sol']
4,['flop.sol', 'join.sol', 'flip.sol', 'transferFrom.sol', 'frob.sol', 'flop.t.sol', 'flap.t.sol', 'heal.t.sol']
5,['flop.sol', 'join.sol', 'flip.sol', 'transferFrom.sol', 'frob.sol', 'flop.t.sol', 'flap.t.sol', 'flap.sol']
6,['flop.sol', 'join.sol', 'flip.sol', 'transferFrom.sol', 'frob.sol', 'flop.t.sol', 'flap.t.sol', 'drip.sol']
4,['flop.sol', 'join.sol', 'flip.sol', 'transferFrom.sol', 'frob.sol', 'flop.t.sol', 'flap.t.sol', 'frob.t.sol']
3,['flop.sol', 'join.sol', 'flip.sol', 'transferFrom.sol', 'frob.sol', 'flop.t.sol', 'flap.t.sol', 'tune.sol']
7,['flop.sol', 'join.sol', 'flip.sol', 'transferFrom.sol', 'frob.sol', 'flop.t.sol', 'flap.t.sol', 'bite.sol']
2,['flop.sol', 'join.sol', 'flip.sol', 'transferFrom.sol', 'frob.sol', 'flop.t.sol', 'heal.sol', 'drip.t.sol']
5,['flop.sol', 'join.sol', 'flip.sol', 'transferFrom.sol', 'frob.sol', 'flop.t.sol', 'heal.sol', 'heal.t.sol']
1,['flop.sol', 'join.sol', 'flip.sol', 'transferFrom.sol', 'frob.sol', 'flop.t.sol', 'heal.sol', 'flap.sol']
2,['flop.sol', 'join.sol', 'flip.sol', 'transferFrom.sol', 'frob.sol', 'flop.t.sol', 'heal.sol', 'drip.sol']
3,['flop.sol', 'join.sol', 'flip.sol', 'transferFrom.sol', 'frob.sol', 'flop.t.sol', 'heal.sol', 'frob.t.sol']
2,['flop.sol', 'join.sol', 'flip.sol', 'transferFrom.sol', 'frob.sol', 'flop.t.sol', 'heal.sol', 'tune.sol']
3,['flop.sol', 'join.sol', 'flip.sol', 'transferFrom.sol', 'frob.sol', 'flop.t.sol', 'heal.sol', 'bite.sol']
4,['flop.sol', 'join.sol', 'flip.sol', 'transferFrom.sol', 'frob.sol', 'flop.t.sol', 'drip.t.sol', 'heal.t.sol']
5,['flop.sol', 'join.sol', 'flip.sol', 'transferFrom.sol', 'frob.sol', 'flop.t.sol', 'drip.t.sol', 'flap.sol']
2,['flop.sol', 'join.sol', 'flip.sol', 'transferFrom.sol', 'frob.sol', 'flop.t.sol', 'drip.t.sol', 'drip.sol']
2,['flop.sol', 'join.sol', 'flip.sol', 'transferFrom.sol', 'frob.sol', 'flop.t.sol', 'drip.t.sol', 'frob.t.sol']
4,['flop.sol', 'join.sol', 'flip.sol', 'transferFrom.sol', 'frob.sol', 'flop.t.sol', 'drip.t.sol', 'tune.sol']
2,['flop.sol', 'join.sol', 'flip.sol', 'transferFrom.sol', 'frob.sol', 'flop.t.sol', 'drip.t.sol', 'bite.sol']
5,['flop.sol', 'join.sol', 'flip.sol', 'transferFrom.sol', 'frob.sol', 'flop.t.sol', 'heal.t.sol', 'flap.sol']
4,['flop.sol', 'join.sol', 'flip.sol', 'transferFrom.sol', 'frob.sol', 'flop.t.sol', 'heal.t.sol', 'drip.sol']
3,['flop.sol', 'join.sol', 'flip.sol', 'transferFrom.sol', 'frob.sol', 'flop.t.sol', 'heal.t.sol', 'frob.t.sol']
3,['flop.sol', 'join.sol', 'flip.sol', 'transferFrom.sol', 'frob.sol', 'flop.t.sol', 'heal.t.sol', 'tune.sol']
5,['flop.sol', 'join.sol', 'flip.sol', 'transferFrom.sol', 'frob.sol', 'flop.t.sol', 'heal.t.sol', 'bite.sol']
5,['flop.sol', 'join.sol', 'flip.sol', 'transferFrom.sol', 'frob.sol', 'flop.t.sol', 'flap.sol', 'drip.sol']
3,['flop.sol', 'join.sol', 'flip.sol', 'transferFrom.sol', 'frob.sol', 'flop.t.sol', 'flap.sol', 'frob.t.sol']
2,['flop.sol', 'join.sol', 'flip.sol', 'transferFrom.sol', 'frob.sol', 'flop.t.sol', 'flap.sol', 'tune.sol']
5,['flop.sol', 'join.sol', 'flip.sol', 'transferFrom.sol', 'frob.sol', 'flop.t.sol', 'flap.sol', 'bite.sol']
2,['flop.sol', 'join.sol', 'flip.sol', 'transferFrom.sol', 'frob.sol', 'flop.t.sol', 'drip.sol', 'frob.t.sol']
5,['flop.sol', 'join.sol', 'flip.sol', 'transferFrom.sol', 'frob.sol', 'flop.t.sol', 'drip.sol', 'tune.sol']
4,['flop.sol', 'join.sol', 'flip.sol', 'transferFrom.sol', 'frob.sol', 'flop.t.sol', 'drip.sol', 'bite.sol']
4,['flop.sol', 'join.sol', 'flip.sol', 'transferFrom.sol', 'frob.sol', 'flop.t.sol', 'frob.t.sol', 'tune.sol']
3,['flop.sol', 'join.sol', 'flip.sol', 'transferFrom.sol', 'frob.sol', 'flop.t.sol', 'frob.t.sol', 'bite.sol']
4,['flop.sol', 'join.sol', 'flip.sol', 'transferFrom.sol', 'frob.sol', 'flop.t.sol', 'tune.sol', 'bite.sol']
2,['flop.sol', 'join.sol', 'flip.sol', 'transferFrom.sol', 'frob.sol', 'flap.t.sol', 'heal.sol', 'drip.t.sol']
5,['flop.sol', 'join.sol', 'flip.sol', 'transferFrom.sol', 'frob.sol', 'flap.t.sol', 'heal.sol', 'heal.t.sol']
2,['flop.sol', 'join.sol', 'flip.sol', 'transferFrom.sol', 'frob.sol', 'flap.t.sol', 'heal.sol', 'flap.sol']
2,['flop.sol', 'join.sol', 'flip.sol', 'transferFrom.sol', 'frob.sol', 'flap.t.sol', 'heal.sol', 'drip.sol']
3,['flop.sol', 'join.sol', 'flip.sol', 'transferFrom.sol', 'frob.sol', 'flap.t.sol', 'heal.sol', 'frob.t.sol']
2,['flop.sol', 'join.sol', 'flip.sol', 'transferFrom.sol', 'frob.sol', 'flap.t.sol', 'heal.sol', 'tune.sol']
3,['flop.sol', 'join.sol', 'flip.sol', 'transferFrom.sol', 'frob.sol', 'flap.t.sol', 'heal.sol', 'bite.sol']
4,['flop.sol', 'join.sol', 'flip.sol', 'transferFrom.sol', 'frob.sol', 'flap.t.sol', 'drip.t.sol', 'heal.t.sol']
5,['flop.sol', 'join.sol', 'flip.sol', 'transferFrom.sol', 'frob.sol', 'flap.t.sol', 'drip.t.sol', 'flap.sol']
4,['flop.sol', 'join.sol', 'flip.sol', 'transferFrom.sol', 'frob.sol', 'flap.t.sol', 'drip.t.sol', 'drip.sol']
2,['flop.sol', 'join.sol', 'flip.sol', 'transferFrom.sol', 'frob.sol', 'flap.t.sol', 'drip.t.sol', 'frob.t.sol']
4,['flop.sol', 'join.sol', 'flip.sol', 'transferFrom.sol', 'frob.sol', 'flap.t.sol', 'drip.t.sol', 'tune.sol']
2,['flop.sol', 'join.sol', 'flip.sol', 'transferFrom.sol', 'frob.sol', 'flap.t.sol', 'drip.t.sol', 'bite.sol']
5,['flop.sol', 'join.sol', 'flip.sol', 'transferFrom.sol', 'frob.sol', 'flap.t.sol', 'heal.t.sol', 'flap.sol']
4,['flop.sol', 'join.sol', 'flip.sol', 'transferFrom.sol', 'frob.sol', 'flap.t.sol', 'heal.t.sol', 'drip.sol']
3,['flop.sol', 'join.sol', 'flip.sol', 'transferFrom.sol', 'frob.sol', 'flap.t.sol', 'heal.t.sol', 'frob.t.sol']
3,['flop.sol', 'join.sol', 'flip.sol', 'transferFrom.sol', 'frob.sol', 'flap.t.sol', 'heal.t.sol', 'tune.sol']
5,['flop.sol', 'join.sol', 'flip.sol', 'transferFrom.sol', 'frob.sol', 'flap.t.sol', 'heal.t.sol', 'bite.sol']
5,['flop.sol', 'join.sol', 'flip.sol', 'transferFrom.sol', 'frob.sol', 'flap.t.sol', 'flap.sol', 'drip.sol']
3,['flop.sol', 'join.sol', 'flip.sol', 'transferFrom.sol', 'frob.sol', 'flap.t.sol', 'flap.sol', 'frob.t.sol']
2,['flop.sol', 'join.sol', 'flip.sol', 'transferFrom.sol', 'frob.sol', 'flap.t.sol', 'flap.sol', 'tune.sol']
5,['flop.sol', 'join.sol', 'flip.sol', 'transferFrom.sol', 'frob.sol', 'flap.t.sol', 'flap.sol', 'bite.sol']
2,['flop.sol', 'join.sol', 'flip.sol', 'transferFrom.sol', 'frob.sol', 'flap.t.sol', 'drip.sol', 'frob.t.sol']
5,['flop.sol', 'join.sol', 'flip.sol', 'transferFrom.sol', 'frob.sol', 'flap.t.sol', 'drip.sol', 'tune.sol']
5,['flop.sol', 'join.sol', 'flip.sol', 'transferFrom.sol', 'frob.sol', 'flap.t.sol', 'drip.sol', 'bite.sol']
4,['flop.sol', 'join.sol', 'flip.sol', 'transferFrom.sol', 'frob.sol', 'flap.t.sol', 'frob.t.sol', 'tune.sol']
3,['flop.sol', 'join.sol', 'flip.sol', 'transferFrom.sol', 'frob.sol', 'flap.t.sol', 'frob.t.sol', 'bite.sol']
4,['flop.sol', 'join.sol', 'flip.sol', 'transferFrom.sol', 'frob.sol', 'flap.t.sol', 'tune.sol', 'bite.sol']
2,['flop.sol', 'join.sol', 'flip.sol', 'transferFrom.sol', 'frob.sol', 'heal.sol', 'drip.t.sol', 'heal.t.sol']
2,['flop.sol', 'join.sol', 'flip.sol', 'transferFrom.sol', 'frob.sol', 'heal.sol', 'drip.t.sol', 'flap.sol']
2,['flop.sol', 'join.sol', 'flip.sol', 'transferFrom.sol', 'frob.sol', 'heal.sol', 'drip.t.sol', 'drip.sol']
3,['flop.sol', 'join.sol', 'flip.sol', 'transferFrom.sol', 'frob.sol', 'heal.sol', 'drip.t.sol', 'frob.t.sol']
2,['flop.sol', 'join.sol', 'flip.sol', 'transferFrom.sol', 'frob.sol', 'heal.sol', 'drip.t.sol', 'tune.sol']
2,['flop.sol', 'join.sol', 'flip.sol', 'transferFrom.sol', 'frob.sol', 'heal.sol', 'drip.t.sol', 'bite.sol']
3,['flop.sol', 'join.sol', 'flip.sol', 'transferFrom.sol', 'frob.sol', 'heal.sol', 'heal.t.sol', 'flap.sol']
2,['flop.sol', 'join.sol', 'flip.sol', 'transferFrom.sol', 'frob.sol', 'heal.sol', 'heal.t.sol', 'drip.sol']
4,['flop.sol', 'join.sol', 'flip.sol', 'transferFrom.sol', 'frob.sol', 'heal.sol', 'heal.t.sol', 'frob.t.sol']
4,['flop.sol', 'join.sol', 'flip.sol', 'transferFrom.sol', 'frob.sol', 'heal.sol', 'heal.t.sol', 'tune.sol']
3,['flop.sol', 'join.sol', 'flip.sol', 'transferFrom.sol', 'frob.sol', 'heal.sol', 'heal.t.sol', 'bite.sol']
2,['flop.sol', 'join.sol', 'flip.sol', 'transferFrom.sol', 'frob.sol', 'heal.sol', 'flap.sol', 'drip.sol']
3,['flop.sol', 'join.sol', 'flip.sol', 'transferFrom.sol', 'frob.sol', 'heal.sol', 'flap.sol', 'frob.t.sol']
2,['flop.sol', 'join.sol', 'flip.sol', 'transferFrom.sol', 'frob.sol', 'heal.sol', 'flap.sol', 'tune.sol']
3,['flop.sol', 'join.sol', 'flip.sol', 'transferFrom.sol', 'frob.sol', 'heal.sol', 'flap.sol', 'bite.sol']
2,['flop.sol', 'join.sol', 'flip.sol', 'transferFrom.sol', 'frob.sol', 'heal.sol', 'drip.sol', 'frob.t.sol']
2,['flop.sol', 'join.sol', 'flip.sol', 'transferFrom.sol', 'frob.sol', 'heal.sol', 'drip.sol', 'tune.sol']
2,['flop.sol', 'join.sol', 'flip.sol', 'transferFrom.sol', 'frob.sol', 'heal.sol', 'drip.sol', 'bite.sol']
2,['flop.sol', 'join.sol', 'flip.sol', 'transferFrom.sol', 'frob.sol', 'heal.sol', 'frob.t.sol', 'tune.sol']
3,['flop.sol', 'join.sol', 'flip.sol', 'transferFrom.sol', 'frob.sol', 'heal.sol', 'frob.t.sol', 'bite.sol']
3,['flop.sol', 'join.sol', 'flip.sol', 'transferFrom.sol', 'frob.sol', 'heal.sol', 'tune.sol', 'bite.sol']
2,['flop.sol', 'join.sol', 'flip.sol', 'transferFrom.sol', 'frob.sol', 'drip.t.sol', 'heal.t.sol', 'flap.sol']
2,['flop.sol', 'join.sol', 'flip.sol', 'transferFrom.sol', 'frob.sol', 'drip.t.sol', 'heal.t.sol', 'drip.sol']
3,['flop.sol', 'join.sol', 'flip.sol', 'transferFrom.sol', 'frob.sol', 'drip.t.sol', 'heal.t.sol', 'frob.t.sol']
3,['flop.sol', 'join.sol', 'flip.sol', 'transferFrom.sol', 'frob.sol', 'drip.t.sol', 'heal.t.sol', 'tune.sol']
2,['flop.sol', 'join.sol', 'flip.sol', 'transferFrom.sol', 'frob.sol', 'drip.t.sol', 'heal.t.sol', 'bite.sol']
5,['flop.sol', 'join.sol', 'flip.sol', 'transferFrom.sol', 'frob.sol', 'drip.t.sol', 'flap.sol', 'drip.sol']
2,['flop.sol', 'join.sol', 'flip.sol', 'transferFrom.sol', 'frob.sol', 'drip.t.sol', 'flap.sol', 'frob.t.sol']
4,['flop.sol', 'join.sol', 'flip.sol', 'transferFrom.sol', 'frob.sol', 'drip.t.sol', 'flap.sol', 'tune.sol']
2,['flop.sol', 'join.sol', 'flip.sol', 'transferFrom.sol', 'frob.sol', 'drip.t.sol', 'flap.sol', 'bite.sol']
3,['flop.sol', 'join.sol', 'flip.sol', 'transferFrom.sol', 'frob.sol', 'drip.t.sol', 'drip.sol', 'frob.t.sol']
4,['flop.sol', 'join.sol', 'flip.sol', 'transferFrom.sol', 'frob.sol', 'drip.t.sol', 'drip.sol', 'tune.sol']
2,['flop.sol', 'join.sol', 'flip.sol', 'transferFrom.sol', 'frob.sol', 'drip.t.sol', 'drip.sol', 'bite.sol']
2,['flop.sol', 'join.sol', 'flip.sol', 'transferFrom.sol', 'frob.sol', 'drip.t.sol', 'frob.t.sol', 'tune.sol']
2,['flop.sol', 'join.sol', 'flip.sol', 'transferFrom.sol', 'frob.sol', 'drip.t.sol', 'frob.t.sol', 'bite.sol']
2,['flop.sol', 'join.sol', 'flip.sol', 'transferFrom.sol', 'frob.sol', 'drip.t.sol', 'tune.sol', 'bite.sol']
2,['flop.sol', 'join.sol', 'flip.sol', 'transferFrom.sol', 'frob.sol', 'heal.t.sol', 'flap.sol', 'drip.sol']
4,['flop.sol', 'join.sol', 'flip.sol', 'transferFrom.sol', 'frob.sol', 'heal.t.sol', 'flap.sol', 'frob.t.sol']
4,['flop.sol', 'join.sol', 'flip.sol', 'transferFrom.sol', 'frob.sol', 'heal.t.sol', 'flap.sol', 'tune.sol']
3,['flop.sol', 'join.sol', 'flip.sol', 'transferFrom.sol', 'frob.sol', 'heal.t.sol', 'flap.sol', 'bite.sol']
3,['flop.sol', 'join.sol', 'flip.sol', 'transferFrom.sol', 'frob.sol', 'heal.t.sol', 'drip.sol', 'frob.t.sol']
3,['flop.sol', 'join.sol', 'flip.sol', 'transferFrom.sol', 'frob.sol', 'heal.t.sol', 'drip.sol', 'tune.sol']
2,['flop.sol', 'join.sol', 'flip.sol', 'transferFrom.sol', 'frob.sol', 'heal.t.sol', 'drip.sol', 'bite.sol']
3,['flop.sol', 'join.sol', 'flip.sol', 'transferFrom.sol', 'frob.sol', 'heal.t.sol', 'frob.t.sol', 'tune.sol']
4,['flop.sol', 'join.sol', 'flip.sol', 'transferFrom.sol', 'frob.sol', 'heal.t.sol', 'frob.t.sol', 'bite.sol']
4,['flop.sol', 'join.sol', 'flip.sol', 'transferFrom.sol', 'frob.sol', 'heal.t.sol', 'tune.sol', 'bite.sol']
2,['flop.sol', 'join.sol', 'flip.sol', 'transferFrom.sol', 'frob.sol', 'flap.sol', 'drip.sol', 'frob.t.sol']
5,['flop.sol', 'join.sol', 'flip.sol', 'transferFrom.sol', 'frob.sol', 'flap.sol', 'drip.sol', 'tune.sol']
4,['flop.sol', 'join.sol', 'flip.sol', 'transferFrom.sol', 'frob.sol', 'flap.sol', 'drip.sol', 'bite.sol']
2,['flop.sol', 'join.sol', 'flip.sol', 'transferFrom.sol', 'frob.sol', 'flap.sol', 'frob.t.sol', 'tune.sol']
3,['flop.sol', 'join.sol', 'flip.sol', 'transferFrom.sol', 'frob.sol', 'flap.sol', 'frob.t.sol', 'bite.sol']
4,['flop.sol', 'join.sol', 'flip.sol', 'transferFrom.sol', 'frob.sol', 'flap.sol', 'tune.sol', 'bite.sol']
2,['flop.sol', 'join.sol', 'flip.sol', 'transferFrom.sol', 'frob.sol', 'drip.sol', 'frob.t.sol', 'tune.sol']
2,['flop.sol', 'join.sol', 'flip.sol', 'transferFrom.sol', 'frob.sol', 'drip.sol', 'frob.t.sol', 'bite.sol']
4,['flop.sol', 'join.sol', 'flip.sol', 'transferFrom.sol', 'frob.sol', 'drip.sol', 'tune.sol', 'bite.sol']
2,['flop.sol', 'join.sol', 'flip.sol', 'transferFrom.sol', 'frob.sol', 'frob.t.sol', 'tune.sol', 'bite.sol']
3,['flop.sol', 'join.sol', 'flip.sol', 'transferFrom.sol', 'flip.t.sol', 'flop.t.sol', 'flap.t.sol', 'heal.sol']
3,['flop.sol', 'join.sol', 'flip.sol', 'transferFrom.sol', 'flip.t.sol', 'flop.t.sol', 'flap.t.sol', 'drip.t.sol']
4,['flop.sol', 'join.sol', 'flip.sol', 'transferFrom.sol', 'flip.t.sol', 'flop.t.sol', 'flap.t.sol', 'heal.t.sol']
4,['flop.sol', 'join.sol', 'flip.sol', 'transferFrom.sol', 'flip.t.sol', 'flop.t.sol', 'flap.t.sol', 'flap.sol']
4,['flop.sol', 'join.sol', 'flip.sol', 'transferFrom.sol', 'flip.t.sol', 'flop.t.sol', 'flap.t.sol', 'drip.sol']
3,['flop.sol', 'join.sol', 'flip.sol', 'transferFrom.sol', 'flip.t.sol', 'flop.t.sol', 'flap.t.sol', 'frob.t.sol']
4,['flop.sol', 'join.sol', 'flip.sol', 'transferFrom.sol', 'flip.t.sol', 'flop.t.sol', 'flap.t.sol', 'tune.sol']
3,['flop.sol', 'join.sol', 'flip.sol', 'transferFrom.sol', 'flip.t.sol', 'flop.t.sol', 'flap.t.sol', 'bite.sol']
2,['flop.sol', 'join.sol', 'flip.sol', 'transferFrom.sol', 'flip.t.sol', 'flop.t.sol', 'heal.sol', 'drip.t.sol']
4,['flop.sol', 'join.sol', 'flip.sol', 'transferFrom.sol', 'flip.t.sol', 'flop.t.sol', 'heal.sol', 'heal.t.sol']
4,['flop.sol', 'join.sol', 'flip.sol', 'transferFrom.sol', 'flip.t.sol', 'flop.t.sol', 'heal.sol', 'flap.sol']
2,['flop.sol', 'join.sol', 'flip.sol', 'transferFrom.sol', 'flip.t.sol', 'flop.t.sol', 'heal.sol', 'drip.sol']
3,['flop.sol', 'join.sol', 'flip.sol', 'transferFrom.sol', 'flip.t.sol', 'flop.t.sol', 'heal.sol', 'frob.t.sol']
2,['flop.sol', 'join.sol', 'flip.sol', 'transferFrom.sol', 'flip.t.sol', 'flop.t.sol', 'heal.sol', 'tune.sol']
2,['flop.sol', 'join.sol', 'flip.sol', 'transferFrom.sol', 'flip.t.sol', 'flop.t.sol', 'heal.sol', 'bite.sol']
3,['flop.sol', 'join.sol', 'flip.sol', 'transferFrom.sol', 'flip.t.sol', 'flop.t.sol', 'drip.t.sol', 'heal.t.sol']
3,['flop.sol', 'join.sol', 'flip.sol', 'transferFrom.sol', 'flip.t.sol', 'flop.t.sol', 'drip.t.sol', 'flap.sol']
5,['flop.sol', 'join.sol', 'flip.sol', 'transferFrom.sol', 'flip.t.sol', 'flop.t.sol', 'drip.t.sol', 'drip.sol']
2,['flop.sol', 'join.sol', 'flip.sol', 'transferFrom.sol', 'flip.t.sol', 'flop.t.sol', 'drip.t.sol', 'frob.t.sol']
2,['flop.sol', 'join.sol', 'flip.sol', 'transferFrom.sol', 'flip.t.sol', 'flop.t.sol', 'drip.t.sol', 'tune.sol']
2,['flop.sol', 'join.sol', 'flip.sol', 'transferFrom.sol', 'flip.t.sol', 'flop.t.sol', 'drip.t.sol', 'bite.sol']
4,['flop.sol', 'join.sol', 'flip.sol', 'transferFrom.sol', 'flip.t.sol', 'flop.t.sol', 'heal.t.sol', 'flap.sol']
3,['flop.sol', 'join.sol', 'flip.sol', 'transferFrom.sol', 'flip.t.sol', 'flop.t.sol', 'heal.t.sol', 'drip.sol']
3,['flop.sol', 'join.sol', 'flip.sol', 'transferFrom.sol', 'flip.t.sol', 'flop.t.sol', 'heal.t.sol', 'frob.t.sol']
3,['flop.sol', 'join.sol', 'flip.sol', 'transferFrom.sol', 'flip.t.sol', 'flop.t.sol', 'heal.t.sol', 'tune.sol']
4,['flop.sol', 'join.sol', 'flip.sol', 'transferFrom.sol', 'flip.t.sol', 'flop.t.sol', 'heal.t.sol', 'bite.sol']
3,['flop.sol', 'join.sol', 'flip.sol', 'transferFrom.sol', 'flip.t.sol', 'flop.t.sol', 'flap.sol', 'drip.sol']
4,['flop.sol', 'join.sol', 'flip.sol', 'transferFrom.sol', 'flip.t.sol', 'flop.t.sol', 'flap.sol', 'frob.t.sol']
2,['flop.sol', 'join.sol', 'flip.sol', 'transferFrom.sol', 'flip.t.sol', 'flop.t.sol', 'flap.sol', 'tune.sol']
3,['flop.sol', 'join.sol', 'flip.sol', 'transferFrom.sol', 'flip.t.sol', 'flop.t.sol', 'flap.sol', 'bite.sol']
2,['flop.sol', 'join.sol', 'flip.sol', 'transferFrom.sol', 'flip.t.sol', 'flop.t.sol', 'drip.sol', 'frob.t.sol']
2,['flop.sol', 'join.sol', 'flip.sol', 'transferFrom.sol', 'flip.t.sol', 'flop.t.sol', 'drip.sol', 'tune.sol']
3,['flop.sol', 'join.sol', 'flip.sol', 'transferFrom.sol', 'flip.t.sol', 'flop.t.sol', 'drip.sol', 'bite.sol']
3,['flop.sol', 'join.sol', 'flip.sol', 'transferFrom.sol', 'flip.t.sol', 'flop.t.sol', 'frob.t.sol', 'tune.sol']
3,['flop.sol', 'join.sol', 'flip.sol', 'transferFrom.sol', 'flip.t.sol', 'flop.t.sol', 'frob.t.sol', 'bite.sol']
2,['flop.sol', 'join.sol', 'flip.sol', 'transferFrom.sol', 'flip.t.sol', 'flop.t.sol', 'tune.sol', 'bite.sol']
2,['flop.sol', 'join.sol', 'flip.sol', 'transferFrom.sol', 'flip.t.sol', 'flap.t.sol', 'heal.sol', 'drip.t.sol']
4,['flop.sol', 'join.sol', 'flip.sol', 'transferFrom.sol', 'flip.t.sol', 'flap.t.sol', 'heal.sol', 'heal.t.sol']
4,['flop.sol', 'join.sol', 'flip.sol', 'transferFrom.sol', 'flip.t.sol', 'flap.t.sol', 'heal.sol', 'flap.sol']
3,['flop.sol', 'join.sol', 'flip.sol', 'transferFrom.sol', 'flip.t.sol', 'flap.t.sol', 'heal.sol', 'drip.sol']
3,['flop.sol', 'join.sol', 'flip.sol', 'transferFrom.sol', 'flip.t.sol', 'flap.t.sol', 'heal.sol', 'frob.t.sol']
2,['flop.sol', 'join.sol', 'flip.sol', 'transferFrom.sol', 'flip.t.sol', 'flap.t.sol', 'heal.sol', 'tune.sol']
2,['flop.sol', 'join.sol', 'flip.sol', 'transferFrom.sol', 'flip.t.sol', 'flap.t.sol', 'heal.sol', 'bite.sol']
3,['flop.sol', 'join.sol', 'flip.sol', 'transferFrom.sol', 'flip.t.sol', 'flap.t.sol', 'drip.t.sol', 'heal.t.sol']
3,['flop.sol', 'join.sol', 'flip.sol', 'transferFrom.sol', 'flip.t.sol', 'flap.t.sol', 'drip.t.sol', 'flap.sol']
5,['flop.sol', 'join.sol', 'flip.sol', 'transferFrom.sol', 'flip.t.sol', 'flap.t.sol', 'drip.t.sol', 'drip.sol']
2,['flop.sol', 'join.sol', 'flip.sol', 'transferFrom.sol', 'flip.t.sol', 'flap.t.sol', 'drip.t.sol', 'frob.t.sol']
2,['flop.sol', 'join.sol', 'flip.sol', 'transferFrom.sol', 'flip.t.sol', 'flap.t.sol', 'drip.t.sol', 'tune.sol']
2,['flop.sol', 'join.sol', 'flip.sol', 'transferFrom.sol', 'flip.t.sol', 'flap.t.sol', 'drip.t.sol', 'bite.sol']
5,['flop.sol', 'join.sol', 'flip.sol', 'transferFrom.sol', 'flip.t.sol', 'flap.t.sol', 'heal.t.sol', 'flap.sol']
3,['flop.sol', 'join.sol', 'flip.sol', 'transferFrom.sol', 'flip.t.sol', 'flap.t.sol', 'heal.t.sol', 'drip.sol']
3,['flop.sol', 'join.sol', 'flip.sol', 'transferFrom.sol', 'flip.t.sol', 'flap.t.sol', 'heal.t.sol', 'frob.t.sol']
3,['flop.sol', 'join.sol', 'flip.sol', 'transferFrom.sol', 'flip.t.sol', 'flap.t.sol', 'heal.t.sol', 'tune.sol']
4,['flop.sol', 'join.sol', 'flip.sol', 'transferFrom.sol', 'flip.t.sol', 'flap.t.sol', 'heal.t.sol', 'bite.sol']
3,['flop.sol', 'join.sol', 'flip.sol', 'transferFrom.sol', 'flip.t.sol', 'flap.t.sol', 'flap.sol', 'drip.sol']
4,['flop.sol', 'join.sol', 'flip.sol', 'transferFrom.sol', 'flip.t.sol', 'flap.t.sol', 'flap.sol', 'frob.t.sol']
2,['flop.sol', 'join.sol', 'flip.sol', 'transferFrom.sol', 'flip.t.sol', 'flap.t.sol', 'flap.sol', 'tune.sol']
3,['flop.sol', 'join.sol', 'flip.sol', 'transferFrom.sol', 'flip.t.sol', 'flap.t.sol', 'flap.sol', 'bite.sol']
2,['flop.sol', 'join.sol', 'flip.sol', 'transferFrom.sol', 'flip.t.sol', 'flap.t.sol', 'drip.sol', 'frob.t.sol']
2,['flop.sol', 'join.sol', 'flip.sol', 'transferFrom.sol', 'flip.t.sol', 'flap.t.sol', 'drip.sol', 'tune.sol']
3,['flop.sol', 'join.sol', 'flip.sol', 'transferFrom.sol', 'flip.t.sol', 'flap.t.sol', 'drip.sol', 'bite.sol']
3,['flop.sol', 'join.sol', 'flip.sol', 'transferFrom.sol', 'flip.t.sol', 'flap.t.sol', 'frob.t.sol', 'tune.sol']
3,['flop.sol', 'join.sol', 'flip.sol', 'transferFrom.sol', 'flip.t.sol', 'flap.t.sol', 'frob.t.sol', 'bite.sol']
2,['flop.sol', 'join.sol', 'flip.sol', 'transferFrom.sol', 'flip.t.sol', 'flap.t.sol', 'tune.sol', 'bite.sol']
2,['flop.sol', 'join.sol', 'flip.sol', 'transferFrom.sol', 'flip.t.sol', 'heal.sol', 'drip.t.sol', 'heal.t.sol']
2,['flop.sol', 'join.sol', 'flip.sol', 'transferFrom.sol', 'flip.t.sol', 'heal.sol', 'drip.t.sol', 'flap.sol']
2,['flop.sol', 'join.sol', 'flip.sol', 'transferFrom.sol', 'flip.t.sol', 'heal.sol', 'drip.t.sol', 'drip.sol']
5,['flop.sol', 'join.sol', 'flip.sol', 'transferFrom.sol', 'flip.t.sol', 'heal.sol', 'drip.t.sol', 'frob.t.sol']
2,['flop.sol', 'join.sol', 'flip.sol', 'transferFrom.sol', 'flip.t.sol', 'heal.sol', 'drip.t.sol', 'tune.sol']
2,['flop.sol', 'join.sol', 'flip.sol', 'transferFrom.sol', 'flip.t.sol', 'heal.sol', 'drip.t.sol', 'bite.sol']
4,['flop.sol', 'join.sol', 'flip.sol', 'transferFrom.sol', 'flip.t.sol', 'heal.sol', 'heal.t.sol', 'flap.sol']
3,['flop.sol', 'join.sol', 'flip.sol', 'transferFrom.sol', 'flip.t.sol', 'heal.sol', 'heal.t.sol', 'drip.sol']
3,['flop.sol', 'join.sol', 'flip.sol', 'transferFrom.sol', 'flip.t.sol', 'heal.sol', 'heal.t.sol', 'frob.t.sol']
3,['flop.sol', 'join.sol', 'flip.sol', 'transferFrom.sol', 'flip.t.sol', 'heal.sol', 'heal.t.sol', 'tune.sol']
3,['flop.sol', 'join.sol', 'flip.sol', 'transferFrom.sol', 'flip.t.sol', 'heal.sol', 'heal.t.sol', 'bite.sol']
2,['flop.sol', 'join.sol', 'flip.sol', 'transferFrom.sol', 'flip.t.sol', 'heal.sol', 'flap.sol', 'drip.sol']
3,['flop.sol', 'join.sol', 'flip.sol', 'transferFrom.sol', 'flip.t.sol', 'heal.sol', 'flap.sol', 'frob.t.sol']
2,['flop.sol', 'join.sol', 'flip.sol', 'transferFrom.sol', 'flip.t.sol', 'heal.sol', 'flap.sol', 'tune.sol']
2,['flop.sol', 'join.sol', 'flip.sol', 'transferFrom.sol', 'flip.t.sol', 'heal.sol', 'flap.sol', 'bite.sol']
3,['flop.sol', 'join.sol', 'flip.sol', 'transferFrom.sol', 'flip.t.sol', 'heal.sol', 'drip.sol', 'frob.t.sol']
2,['flop.sol', 'join.sol', 'flip.sol', 'transferFrom.sol', 'flip.t.sol', 'heal.sol', 'drip.sol', 'tune.sol']
2,['flop.sol', 'join.sol', 'flip.sol', 'transferFrom.sol', 'flip.t.sol', 'heal.sol', 'drip.sol', 'bite.sol']
2,['flop.sol', 'join.sol', 'flip.sol', 'transferFrom.sol', 'flip.t.sol', 'heal.sol', 'frob.t.sol', 'tune.sol']
4,['flop.sol', 'join.sol', 'flip.sol', 'transferFrom.sol', 'flip.t.sol', 'heal.sol', 'frob.t.sol', 'bite.sol']
2,['flop.sol', 'join.sol', 'flip.sol', 'transferFrom.sol', 'flip.t.sol', 'heal.sol', 'tune.sol', 'bite.sol']
2,['flop.sol', 'join.sol', 'flip.sol', 'transferFrom.sol', 'flip.t.sol', 'drip.t.sol', 'heal.t.sol', 'flap.sol']
2,['flop.sol', 'join.sol', 'flip.sol', 'transferFrom.sol', 'flip.t.sol', 'drip.t.sol', 'heal.t.sol', 'drip.sol']
2,['flop.sol', 'join.sol', 'flip.sol', 'transferFrom.sol', 'flip.t.sol', 'drip.t.sol', 'heal.t.sol', 'frob.t.sol']
2,['flop.sol', 'join.sol', 'flip.sol', 'transferFrom.sol', 'flip.t.sol', 'drip.t.sol', 'heal.t.sol', 'tune.sol']
2,['flop.sol', 'join.sol', 'flip.sol', 'transferFrom.sol', 'flip.t.sol', 'drip.t.sol', 'heal.t.sol', 'bite.sol']
4,['flop.sol', 'join.sol', 'flip.sol', 'transferFrom.sol', 'flip.t.sol', 'drip.t.sol', 'flap.sol', 'drip.sol']
3,['flop.sol', 'join.sol', 'flip.sol', 'transferFrom.sol', 'flip.t.sol', 'drip.t.sol', 'flap.sol', 'frob.t.sol']
2,['flop.sol', 'join.sol', 'flip.sol', 'transferFrom.sol', 'flip.t.sol', 'drip.t.sol', 'flap.sol', 'tune.sol']
2,['flop.sol', 'join.sol', 'flip.sol', 'transferFrom.sol', 'flip.t.sol', 'drip.t.sol', 'flap.sol', 'bite.sol']
5,['flop.sol', 'join.sol', 'flip.sol', 'transferFrom.sol', 'flip.t.sol', 'drip.t.sol', 'drip.sol', 'frob.t.sol']
4,['flop.sol', 'join.sol', 'flip.sol', 'transferFrom.sol', 'flip.t.sol', 'drip.t.sol', 'drip.sol', 'tune.sol']
4,['flop.sol', 'join.sol', 'flip.sol', 'transferFrom.sol', 'flip.t.sol', 'drip.t.sol', 'drip.sol', 'bite.sol']
2,['flop.sol', 'join.sol', 'flip.sol', 'transferFrom.sol', 'flip.t.sol', 'drip.t.sol', 'frob.t.sol', 'tune.sol']
3,['flop.sol', 'join.sol', 'flip.sol', 'transferFrom.sol', 'flip.t.sol', 'drip.t.sol', 'frob.t.sol', 'bite.sol']
2,['flop.sol', 'join.sol', 'flip.sol', 'transferFrom.sol', 'flip.t.sol', 'drip.t.sol', 'tune.sol', 'bite.sol']
3,['flop.sol', 'join.sol', 'flip.sol', 'transferFrom.sol', 'flip.t.sol', 'heal.t.sol', 'flap.sol', 'drip.sol']
3,['flop.sol', 'join.sol', 'flip.sol', 'transferFrom.sol', 'flip.t.sol', 'heal.t.sol', 'flap.sol', 'frob.t.sol']
3,['flop.sol', 'join.sol', 'flip.sol', 'transferFrom.sol', 'flip.t.sol', 'heal.t.sol', 'flap.sol', 'tune.sol']
3,['flop.sol', 'join.sol', 'flip.sol', 'transferFrom.sol', 'flip.t.sol', 'heal.t.sol', 'flap.sol', 'bite.sol']
2,['flop.sol', 'join.sol', 'flip.sol', 'transferFrom.sol', 'flip.t.sol', 'heal.t.sol', 'drip.sol', 'frob.t.sol']
2,['flop.sol', 'join.sol', 'flip.sol', 'transferFrom.sol', 'flip.t.sol', 'heal.t.sol', 'drip.sol', 'tune.sol']
2,['flop.sol', 'join.sol', 'flip.sol', 'transferFrom.sol', 'flip.t.sol', 'heal.t.sol', 'drip.sol', 'bite.sol']
3,['flop.sol', 'join.sol', 'flip.sol', 'transferFrom.sol', 'flip.t.sol', 'heal.t.sol', 'frob.t.sol', 'tune.sol']
3,['flop.sol', 'join.sol', 'flip.sol', 'transferFrom.sol', 'flip.t.sol', 'heal.t.sol', 'frob.t.sol', 'bite.sol']
3,['flop.sol', 'join.sol', 'flip.sol', 'transferFrom.sol', 'flip.t.sol', 'heal.t.sol', 'tune.sol', 'bite.sol']
4,['flop.sol', 'join.sol', 'flip.sol', 'transferFrom.sol', 'flip.t.sol', 'flap.sol', 'drip.sol', 'frob.t.sol']
2,['flop.sol', 'join.sol', 'flip.sol', 'transferFrom.sol', 'flip.t.sol', 'flap.sol', 'drip.sol', 'tune.sol']
4,['flop.sol', 'join.sol', 'flip.sol', 'transferFrom.sol', 'flip.t.sol', 'flap.sol', 'drip.sol', 'bite.sol']
3,['flop.sol', 'join.sol', 'flip.sol', 'transferFrom.sol', 'flip.t.sol', 'flap.sol', 'frob.t.sol', 'tune.sol']
3,['flop.sol', 'join.sol', 'flip.sol', 'transferFrom.sol', 'flip.t.sol', 'flap.sol', 'frob.t.sol', 'bite.sol']
2,['flop.sol', 'join.sol', 'flip.sol', 'transferFrom.sol', 'flip.t.sol', 'flap.sol', 'tune.sol', 'bite.sol']
2,['flop.sol', 'join.sol', 'flip.sol', 'transferFrom.sol', 'flip.t.sol', 'drip.sol', 'frob.t.sol', 'tune.sol']
3,['flop.sol', 'join.sol', 'flip.sol', 'transferFrom.sol', 'flip.t.sol', 'drip.sol', 'frob.t.sol', 'bite.sol']
4,['flop.sol', 'join.sol', 'flip.sol', 'transferFrom.sol', 'flip.t.sol', 'drip.sol', 'tune.sol', 'bite.sol']
2,['flop.sol', 'join.sol', 'flip.sol', 'transferFrom.sol', 'flip.t.sol', 'frob.t.sol', 'tune.sol', 'bite.sol']
3,['flop.sol', 'join.sol', 'flip.sol', 'transferFrom.sol', 'flop.t.sol', 'flap.t.sol', 'heal.sol', 'drip.t.sol']
4,['flop.sol', 'join.sol', 'flip.sol', 'transferFrom.sol', 'flop.t.sol', 'flap.t.sol', 'heal.sol', 'heal.t.sol']
3,['flop.sol', 'join.sol', 'flip.sol', 'transferFrom.sol', 'flop.t.sol', 'flap.t.sol', 'heal.sol', 'flap.sol']
3,['flop.sol', 'join.sol', 'flip.sol', 'transferFrom.sol', 'flop.t.sol', 'flap.t.sol', 'heal.sol', 'drip.sol']
4,['flop.sol', 'join.sol', 'flip.sol', 'transferFrom.sol', 'flop.t.sol', 'flap.t.sol', 'heal.sol', 'frob.t.sol']
2,['flop.sol', 'join.sol', 'flip.sol', 'transferFrom.sol', 'flop.t.sol', 'flap.t.sol', 'heal.sol', 'tune.sol']
3,['flop.sol', 'join.sol', 'flip.sol', 'transferFrom.sol', 'flop.t.sol', 'flap.t.sol', 'heal.sol', 'bite.sol']
3,['flop.sol', 'join.sol', 'flip.sol', 'transferFrom.sol', 'flop.t.sol', 'flap.t.sol', 'drip.t.sol', 'heal.t.sol']
4,['flop.sol', 'join.sol', 'flip.sol', 'transferFrom.sol', 'flop.t.sol', 'flap.t.sol', 'drip.t.sol', 'flap.sol']
4,['flop.sol', 'join.sol', 'flip.sol', 'transferFrom.sol', 'flop.t.sol', 'flap.t.sol', 'drip.t.sol', 'drip.sol']
3,['flop.sol', 'join.sol', 'flip.sol', 'transferFrom.sol', 'flop.t.sol', 'flap.t.sol', 'drip.t.sol', 'frob.t.sol']
5,['flop.sol', 'join.sol', 'flip.sol', 'transferFrom.sol', 'flop.t.sol', 'flap.t.sol', 'drip.t.sol', 'tune.sol']
2,['flop.sol', 'join.sol', 'flip.sol', 'transferFrom.sol', 'flop.t.sol', 'flap.t.sol', 'drip.t.sol', 'bite.sol']
4,['flop.sol', 'join.sol', 'flip.sol', 'transferFrom.sol', 'flop.t.sol', 'flap.t.sol', 'heal.t.sol', 'flap.sol']
3,['flop.sol', 'join.sol', 'flip.sol', 'transferFrom.sol', 'flop.t.sol', 'flap.t.sol', 'heal.t.sol', 'drip.sol']
3,['flop.sol', 'join.sol', 'flip.sol', 'transferFrom.sol', 'flop.t.sol', 'flap.t.sol', 'heal.t.sol', 'frob.t.sol']
3,['flop.sol', 'join.sol', 'flip.sol', 'transferFrom.sol', 'flop.t.sol', 'flap.t.sol', 'heal.t.sol', 'tune.sol']
4,['flop.sol', 'join.sol', 'flip.sol', 'transferFrom.sol', 'flop.t.sol', 'flap.t.sol', 'heal.t.sol', 'bite.sol']
6,['flop.sol', 'join.sol', 'flip.sol', 'transferFrom.sol', 'flop.t.sol', 'flap.t.sol', 'flap.sol', 'drip.sol']
4,['flop.sol', 'join.sol', 'flip.sol', 'transferFrom.sol', 'flop.t.sol', 'flap.t.sol', 'flap.sol', 'frob.t.sol']
3,['flop.sol', 'join.sol', 'flip.sol', 'transferFrom.sol', 'flop.t.sol', 'flap.t.sol', 'flap.sol', 'tune.sol']
4,['flop.sol', 'join.sol', 'flip.sol', 'transferFrom.sol', 'flop.t.sol', 'flap.t.sol', 'flap.sol', 'bite.sol']
3,['flop.sol', 'join.sol', 'flip.sol', 'transferFrom.sol', 'flop.t.sol', 'flap.t.sol', 'drip.sol', 'frob.t.sol']
5,['flop.sol', 'join.sol', 'flip.sol', 'transferFrom.sol', 'flop.t.sol', 'flap.t.sol', 'drip.sol', 'tune.sol']
4,['flop.sol', 'join.sol', 'flip.sol', 'transferFrom.sol', 'flop.t.sol', 'flap.t.sol', 'drip.sol', 'bite.sol']
3,['flop.sol', 'join.sol', 'flip.sol', 'transferFrom.sol', 'flop.t.sol', 'flap.t.sol', 'frob.t.sol', 'tune.sol']
4,['flop.sol', 'join.sol', 'flip.sol', 'transferFrom.sol', 'flop.t.sol', 'flap.t.sol', 'frob.t.sol', 'bite.sol']
2,['flop.sol', 'join.sol', 'flip.sol', 'transferFrom.sol', 'flop.t.sol', 'flap.t.sol', 'tune.sol', 'bite.sol']
4,['flop.sol', 'join.sol', 'flip.sol', 'transferFrom.sol', 'flop.t.sol', 'heal.sol', 'drip.t.sol', 'heal.t.sol']
2,['flop.sol', 'join.sol', 'flip.sol', 'transferFrom.sol', 'flop.t.sol', 'heal.sol', 'drip.t.sol', 'flap.sol']
2,['flop.sol', 'join.sol', 'flip.sol', 'transferFrom.sol', 'flop.t.sol', 'heal.sol', 'drip.t.sol', 'drip.sol']
2,['flop.sol', 'join.sol', 'flip.sol', 'transferFrom.sol', 'flop.t.sol', 'heal.sol', 'drip.t.sol', 'frob.t.sol']
2,['flop.sol', 'join.sol', 'flip.sol', 'transferFrom.sol', 'flop.t.sol', 'heal.sol', 'drip.t.sol', 'tune.sol']
2,['flop.sol', 'join.sol', 'flip.sol', 'transferFrom.sol', 'flop.t.sol', 'heal.sol', 'drip.t.sol', 'bite.sol']
5,['flop.sol', 'join.sol', 'flip.sol', 'transferFrom.sol', 'flop.t.sol', 'heal.sol', 'heal.t.sol', 'flap.sol']
4,['flop.sol', 'join.sol', 'flip.sol', 'transferFrom.sol', 'flop.t.sol', 'heal.sol', 'heal.t.sol', 'drip.sol']
3,['flop.sol', 'join.sol', 'flip.sol', 'transferFrom.sol', 'flop.t.sol', 'heal.sol', 'heal.t.sol', 'frob.t.sol']
3,['flop.sol', 'join.sol', 'flip.sol', 'transferFrom.sol', 'flop.t.sol', 'heal.sol', 'heal.t.sol', 'tune.sol']
5,['flop.sol', 'join.sol', 'flip.sol', 'transferFrom.sol', 'flop.t.sol', 'heal.sol', 'heal.t.sol', 'bite.sol']
2,['flop.sol', 'join.sol', 'flip.sol', 'transferFrom.sol', 'flop.t.sol', 'heal.sol', 'flap.sol', 'drip.sol']
3,['flop.sol', 'join.sol', 'flip.sol', 'transferFrom.sol', 'flop.t.sol', 'heal.sol', 'flap.sol', 'frob.t.sol']
2,['flop.sol', 'join.sol', 'flip.sol', 'transferFrom.sol', 'flop.t.sol', 'heal.sol', 'flap.sol', 'tune.sol']
1,['flop.sol', 'join.sol', 'flip.sol', 'transferFrom.sol', 'flop.t.sol', 'heal.sol', 'flap.sol', 'bite.sol']
2,['flop.sol', 'join.sol', 'flip.sol', 'transferFrom.sol', 'flop.t.sol', 'heal.sol', 'drip.sol', 'frob.t.sol']
2,['flop.sol', 'join.sol', 'flip.sol', 'transferFrom.sol', 'flop.t.sol', 'heal.sol', 'drip.sol', 'tune.sol']
2,['flop.sol', 'join.sol', 'flip.sol', 'transferFrom.sol', 'flop.t.sol', 'heal.sol', 'drip.sol', 'bite.sol']
3,['flop.sol', 'join.sol', 'flip.sol', 'transferFrom.sol', 'flop.t.sol', 'heal.sol', 'frob.t.sol', 'tune.sol']
3,['flop.sol', 'join.sol', 'flip.sol', 'transferFrom.sol', 'flop.t.sol', 'heal.sol', 'frob.t.sol', 'bite.sol']
2,['flop.sol', 'join.sol', 'flip.sol', 'transferFrom.sol', 'flop.t.sol', 'heal.sol', 'tune.sol', 'bite.sol']
4,['flop.sol', 'join.sol', 'flip.sol', 'transferFrom.sol', 'flop.t.sol', 'drip.t.sol', 'heal.t.sol', 'flap.sol']
4,['flop.sol', 'join.sol', 'flip.sol', 'transferFrom.sol', 'flop.t.sol', 'drip.t.sol', 'heal.t.sol', 'drip.sol']
2,['flop.sol', 'join.sol', 'flip.sol', 'transferFrom.sol', 'flop.t.sol', 'drip.t.sol', 'heal.t.sol', 'frob.t.sol']
2,['flop.sol', 'join.sol', 'flip.sol', 'transferFrom.sol', 'flop.t.sol', 'drip.t.sol', 'heal.t.sol', 'tune.sol']
3,['flop.sol', 'join.sol', 'flip.sol', 'transferFrom.sol', 'flop.t.sol', 'drip.t.sol', 'heal.t.sol', 'bite.sol']
4,['flop.sol', 'join.sol', 'flip.sol', 'transferFrom.sol', 'flop.t.sol', 'drip.t.sol', 'flap.sol', 'drip.sol']
2,['flop.sol', 'join.sol', 'flip.sol', 'transferFrom.sol', 'flop.t.sol', 'drip.t.sol', 'flap.sol', 'frob.t.sol']
4,['flop.sol', 'join.sol', 'flip.sol', 'transferFrom.sol', 'flop.t.sol', 'drip.t.sol', 'flap.sol', 'tune.sol']
2,['flop.sol', 'join.sol', 'flip.sol', 'transferFrom.sol', 'flop.t.sol', 'drip.t.sol', 'flap.sol', 'bite.sol']
2,['flop.sol', 'join.sol', 'flip.sol', 'transferFrom.sol', 'flop.t.sol', 'drip.t.sol', 'drip.sol', 'frob.t.sol']
4,['flop.sol', 'join.sol', 'flip.sol', 'transferFrom.sol', 'flop.t.sol', 'drip.t.sol', 'drip.sol', 'tune.sol']
2,['flop.sol', 'join.sol', 'flip.sol', 'transferFrom.sol', 'flop.t.sol', 'drip.t.sol', 'drip.sol', 'bite.sol']
2,['flop.sol', 'join.sol', 'flip.sol', 'transferFrom.sol', 'flop.t.sol', 'drip.t.sol', 'frob.t.sol', 'tune.sol']
2,['flop.sol', 'join.sol', 'flip.sol', 'transferFrom.sol', 'flop.t.sol', 'drip.t.sol', 'frob.t.sol', 'bite.sol']
2,['flop.sol', 'join.sol', 'flip.sol', 'transferFrom.sol', 'flop.t.sol', 'drip.t.sol', 'tune.sol', 'bite.sol']
4,['flop.sol', 'join.sol', 'flip.sol', 'transferFrom.sol', 'flop.t.sol', 'heal.t.sol', 'flap.sol', 'drip.sol']
3,['flop.sol', 'join.sol', 'flip.sol', 'transferFrom.sol', 'flop.t.sol', 'heal.t.sol', 'flap.sol', 'frob.t.sol']
3,['flop.sol', 'join.sol', 'flip.sol', 'transferFrom.sol', 'flop.t.sol', 'heal.t.sol', 'flap.sol', 'tune.sol']
5,['flop.sol', 'join.sol', 'flip.sol', 'transferFrom.sol', 'flop.t.sol', 'heal.t.sol', 'flap.sol', 'bite.sol']
2,['flop.sol', 'join.sol', 'flip.sol', 'transferFrom.sol', 'flop.t.sol', 'heal.t.sol', 'drip.sol', 'frob.t.sol']
2,['flop.sol', 'join.sol', 'flip.sol', 'transferFrom.sol', 'flop.t.sol', 'heal.t.sol', 'drip.sol', 'tune.sol']
4,['flop.sol', 'join.sol', 'flip.sol', 'transferFrom.sol', 'flop.t.sol', 'heal.t.sol', 'drip.sol', 'bite.sol']
3,['flop.sol', 'join.sol', 'flip.sol', 'transferFrom.sol', 'flop.t.sol', 'heal.t.sol', 'frob.t.sol', 'tune.sol']
3,['flop.sol', 'join.sol', 'flip.sol', 'transferFrom.sol', 'flop.t.sol', 'heal.t.sol', 'frob.t.sol', 'bite.sol']
3,['flop.sol', 'join.sol', 'flip.sol', 'transferFrom.sol', 'flop.t.sol', 'heal.t.sol', 'tune.sol', 'bite.sol']
2,['flop.sol', 'join.sol', 'flip.sol', 'transferFrom.sol', 'flop.t.sol', 'flap.sol', 'drip.sol', 'frob.t.sol']
4,['flop.sol', 'join.sol', 'flip.sol', 'transferFrom.sol', 'flop.t.sol', 'flap.sol', 'drip.sol', 'tune.sol']
4,['flop.sol', 'join.sol', 'flip.sol', 'transferFrom.sol', 'flop.t.sol', 'flap.sol', 'drip.sol', 'bite.sol']
3,['flop.sol', 'join.sol', 'flip.sol', 'transferFrom.sol', 'flop.t.sol', 'flap.sol', 'frob.t.sol', 'tune.sol']
3,['flop.sol', 'join.sol', 'flip.sol', 'transferFrom.sol', 'flop.t.sol', 'flap.sol', 'frob.t.sol', 'bite.sol']
2,['flop.sol', 'join.sol', 'flip.sol', 'transferFrom.sol', 'flop.t.sol', 'flap.sol', 'tune.sol', 'bite.sol']
3,['flop.sol', 'join.sol', 'flip.sol', 'transferFrom.sol', 'flop.t.sol', 'drip.sol', 'frob.t.sol', 'tune.sol']
2,['flop.sol', 'join.sol', 'flip.sol', 'transferFrom.sol', 'flop.t.sol', 'drip.sol', 'frob.t.sol', 'bite.sol']
4,['flop.sol', 'join.sol', 'flip.sol', 'transferFrom.sol', 'flop.t.sol', 'drip.sol', 'tune.sol', 'bite.sol']
3,['flop.sol', 'join.sol', 'flip.sol', 'transferFrom.sol', 'flop.t.sol', 'frob.t.sol', 'tune.sol', 'bite.sol']
4,['flop.sol', 'join.sol', 'flip.sol', 'transferFrom.sol', 'flap.t.sol', 'heal.sol', 'drip.t.sol', 'heal.t.sol']
2,['flop.sol', 'join.sol', 'flip.sol', 'transferFrom.sol', 'flap.t.sol', 'heal.sol', 'drip.t.sol', 'flap.sol']
2,['flop.sol', 'join.sol', 'flip.sol', 'transferFrom.sol', 'flap.t.sol', 'heal.sol', 'drip.t.sol', 'drip.sol']
2,['flop.sol', 'join.sol', 'flip.sol', 'transferFrom.sol', 'flap.t.sol', 'heal.sol', 'drip.t.sol', 'frob.t.sol']
1,['flop.sol', 'join.sol', 'flip.sol', 'transferFrom.sol', 'flap.t.sol', 'heal.sol', 'drip.t.sol', 'tune.sol']
2,['flop.sol', 'join.sol', 'flip.sol', 'transferFrom.sol', 'flap.t.sol', 'heal.sol', 'drip.t.sol', 'bite.sol']
5,['flop.sol', 'join.sol', 'flip.sol', 'transferFrom.sol', 'flap.t.sol', 'heal.sol', 'heal.t.sol', 'flap.sol']
4,['flop.sol', 'join.sol', 'flip.sol', 'transferFrom.sol', 'flap.t.sol', 'heal.sol', 'heal.t.sol', 'drip.sol']
3,['flop.sol', 'join.sol', 'flip.sol', 'transferFrom.sol', 'flap.t.sol', 'heal.sol', 'heal.t.sol', 'frob.t.sol']
3,['flop.sol', 'join.sol', 'flip.sol', 'transferFrom.sol', 'flap.t.sol', 'heal.sol', 'heal.t.sol', 'tune.sol']
5,['flop.sol', 'join.sol', 'flip.sol', 'transferFrom.sol', 'flap.t.sol', 'heal.sol', 'heal.t.sol', 'bite.sol']
2,['flop.sol', 'join.sol', 'flip.sol', 'transferFrom.sol', 'flap.t.sol', 'heal.sol', 'flap.sol', 'drip.sol']
3,['flop.sol', 'join.sol', 'flip.sol', 'transferFrom.sol', 'flap.t.sol', 'heal.sol', 'flap.sol', 'frob.t.sol']
2,['flop.sol', 'join.sol', 'flip.sol', 'transferFrom.sol', 'flap.t.sol', 'heal.sol', 'flap.sol', 'tune.sol']
2,['flop.sol', 'join.sol', 'flip.sol', 'transferFrom.sol', 'flap.t.sol', 'heal.sol', 'flap.sol', 'bite.sol']
2,['flop.sol', 'join.sol', 'flip.sol', 'transferFrom.sol', 'flap.t.sol', 'heal.sol', 'drip.sol', 'frob.t.sol']
2,['flop.sol', 'join.sol', 'flip.sol', 'transferFrom.sol', 'flap.t.sol', 'heal.sol', 'drip.sol', 'tune.sol']
2,['flop.sol', 'join.sol', 'flip.sol', 'transferFrom.sol', 'flap.t.sol', 'heal.sol', 'drip.sol', 'bite.sol']
3,['flop.sol', 'join.sol', 'flip.sol', 'transferFrom.sol', 'flap.t.sol', 'heal.sol', 'frob.t.sol', 'tune.sol']
3,['flop.sol', 'join.sol', 'flip.sol', 'transferFrom.sol', 'flap.t.sol', 'heal.sol', 'frob.t.sol', 'bite.sol']
2,['flop.sol', 'join.sol', 'flip.sol', 'transferFrom.sol', 'flap.t.sol', 'heal.sol', 'tune.sol', 'bite.sol']
4,['flop.sol', 'join.sol', 'flip.sol', 'transferFrom.sol', 'flap.t.sol', 'drip.t.sol', 'heal.t.sol', 'flap.sol']
4,['flop.sol', 'join.sol', 'flip.sol', 'transferFrom.sol', 'flap.t.sol', 'drip.t.sol', 'heal.t.sol', 'drip.sol']
2,['flop.sol', 'join.sol', 'flip.sol', 'transferFrom.sol', 'flap.t.sol', 'drip.t.sol', 'heal.t.sol', 'frob.t.sol']
2,['flop.sol', 'join.sol', 'flip.sol', 'transferFrom.sol', 'flap.t.sol', 'drip.t.sol', 'heal.t.sol', 'tune.sol']
3,['flop.sol', 'join.sol', 'flip.sol', 'transferFrom.sol', 'flap.t.sol', 'drip.t.sol', 'heal.t.sol', 'bite.sol']
4,['flop.sol', 'join.sol', 'flip.sol', 'transferFrom.sol', 'flap.t.sol', 'drip.t.sol', 'flap.sol', 'drip.sol']
2,['flop.sol', 'join.sol', 'flip.sol', 'transferFrom.sol', 'flap.t.sol', 'drip.t.sol', 'flap.sol', 'frob.t.sol']
4,['flop.sol', 'join.sol', 'flip.sol', 'transferFrom.sol', 'flap.t.sol', 'drip.t.sol', 'flap.sol', 'tune.sol']
4,['flop.sol', 'join.sol', 'flip.sol', 'transferFrom.sol', 'flap.t.sol', 'drip.t.sol', 'flap.sol', 'bite.sol']
2,['flop.sol', 'join.sol', 'flip.sol', 'transferFrom.sol', 'flap.t.sol', 'drip.t.sol', 'drip.sol', 'frob.t.sol']
4,['flop.sol', 'join.sol', 'flip.sol', 'transferFrom.sol', 'flap.t.sol', 'drip.t.sol', 'drip.sol', 'tune.sol']
2,['flop.sol', 'join.sol', 'flip.sol', 'transferFrom.sol', 'flap.t.sol', 'drip.t.sol', 'drip.sol', 'bite.sol']
2,['flop.sol', 'join.sol', 'flip.sol', 'transferFrom.sol', 'flap.t.sol', 'drip.t.sol', 'frob.t.sol', 'tune.sol']
2,['flop.sol', 'join.sol', 'flip.sol', 'transferFrom.sol', 'flap.t.sol', 'drip.t.sol', 'frob.t.sol', 'bite.sol']
2,['flop.sol', 'join.sol', 'flip.sol', 'transferFrom.sol', 'flap.t.sol', 'drip.t.sol', 'tune.sol', 'bite.sol']
4,['flop.sol', 'join.sol', 'flip.sol', 'transferFrom.sol', 'flap.t.sol', 'heal.t.sol', 'flap.sol', 'drip.sol']
3,['flop.sol', 'join.sol', 'flip.sol', 'transferFrom.sol', 'flap.t.sol', 'heal.t.sol', 'flap.sol', 'frob.t.sol']
3,['flop.sol', 'join.sol', 'flip.sol', 'transferFrom.sol', 'flap.t.sol', 'heal.t.sol', 'flap.sol', 'tune.sol']
5,['flop.sol', 'join.sol', 'flip.sol', 'transferFrom.sol', 'flap.t.sol', 'heal.t.sol', 'flap.sol', 'bite.sol']
2,['flop.sol', 'join.sol', 'flip.sol', 'transferFrom.sol', 'flap.t.sol', 'heal.t.sol', 'drip.sol', 'frob.t.sol']
2,['flop.sol', 'join.sol', 'flip.sol', 'transferFrom.sol', 'flap.t.sol', 'heal.t.sol', 'drip.sol', 'tune.sol']
4,['flop.sol', 'join.sol', 'flip.sol', 'transferFrom.sol', 'flap.t.sol', 'heal.t.sol', 'drip.sol', 'bite.sol']
3,['flop.sol', 'join.sol', 'flip.sol', 'transferFrom.sol', 'flap.t.sol', 'heal.t.sol', 'frob.t.sol', 'tune.sol']
3,['flop.sol', 'join.sol', 'flip.sol', 'transferFrom.sol', 'flap.t.sol', 'heal.t.sol', 'frob.t.sol', 'bite.sol']
3,['flop.sol', 'join.sol', 'flip.sol', 'transferFrom.sol', 'flap.t.sol', 'heal.t.sol', 'tune.sol', 'bite.sol']
2,['flop.sol', 'join.sol', 'flip.sol', 'transferFrom.sol', 'flap.t.sol', 'flap.sol', 'drip.sol', 'frob.t.sol']
5,['flop.sol', 'join.sol', 'flip.sol', 'transferFrom.sol', 'flap.t.sol', 'flap.sol', 'drip.sol', 'tune.sol']
4,['flop.sol', 'join.sol', 'flip.sol', 'transferFrom.sol', 'flap.t.sol', 'flap.sol', 'drip.sol', 'bite.sol']
3,['flop.sol', 'join.sol', 'flip.sol', 'transferFrom.sol', 'flap.t.sol', 'flap.sol', 'frob.t.sol', 'tune.sol']
3,['flop.sol', 'join.sol', 'flip.sol', 'transferFrom.sol', 'flap.t.sol', 'flap.sol', 'frob.t.sol', 'bite.sol']
2,['flop.sol', 'join.sol', 'flip.sol', 'transferFrom.sol', 'flap.t.sol', 'flap.sol', 'tune.sol', 'bite.sol']
3,['flop.sol', 'join.sol', 'flip.sol', 'transferFrom.sol', 'flap.t.sol', 'drip.sol', 'frob.t.sol', 'tune.sol']
2,['flop.sol', 'join.sol', 'flip.sol', 'transferFrom.sol', 'flap.t.sol', 'drip.sol', 'frob.t.sol', 'bite.sol']
4,['flop.sol', 'join.sol', 'flip.sol', 'transferFrom.sol', 'flap.t.sol', 'drip.sol', 'tune.sol', 'bite.sol']
3,['flop.sol', 'join.sol', 'flip.sol', 'transferFrom.sol', 'flap.t.sol', 'frob.t.sol', 'tune.sol', 'bite.sol']
2,['flop.sol', 'join.sol', 'flip.sol', 'transferFrom.sol', 'heal.sol', 'drip.t.sol', 'heal.t.sol', 'flap.sol']
2,['flop.sol', 'join.sol', 'flip.sol', 'transferFrom.sol', 'heal.sol', 'drip.t.sol', 'heal.t.sol', 'drip.sol']
4,['flop.sol', 'join.sol', 'flip.sol', 'transferFrom.sol', 'heal.sol', 'drip.t.sol', 'heal.t.sol', 'frob.t.sol']
3,['flop.sol', 'join.sol', 'flip.sol', 'transferFrom.sol', 'heal.sol', 'drip.t.sol', 'heal.t.sol', 'tune.sol']
2,['flop.sol', 'join.sol', 'flip.sol', 'transferFrom.sol', 'heal.sol', 'drip.t.sol', 'heal.t.sol', 'bite.sol']
2,['flop.sol', 'join.sol', 'flip.sol', 'transferFrom.sol', 'heal.sol', 'drip.t.sol', 'flap.sol', 'drip.sol']
2,['flop.sol', 'join.sol', 'flip.sol', 'transferFrom.sol', 'heal.sol', 'drip.t.sol', 'flap.sol', 'frob.t.sol']
2,['flop.sol', 'join.sol', 'flip.sol', 'transferFrom.sol', 'heal.sol', 'drip.t.sol', 'flap.sol', 'tune.sol']
2,['flop.sol', 'join.sol', 'flip.sol', 'transferFrom.sol', 'heal.sol', 'drip.t.sol', 'flap.sol', 'bite.sol']
3,['flop.sol', 'join.sol', 'flip.sol', 'transferFrom.sol', 'heal.sol', 'drip.t.sol', 'drip.sol', 'frob.t.sol']
2,['flop.sol', 'join.sol', 'flip.sol', 'transferFrom.sol', 'heal.sol', 'drip.t.sol', 'drip.sol', 'tune.sol']
2,['flop.sol', 'join.sol', 'flip.sol', 'transferFrom.sol', 'heal.sol', 'drip.t.sol', 'drip.sol', 'bite.sol']
2,['flop.sol', 'join.sol', 'flip.sol', 'transferFrom.sol', 'heal.sol', 'drip.t.sol', 'frob.t.sol', 'tune.sol']
2,['flop.sol', 'join.sol', 'flip.sol', 'transferFrom.sol', 'heal.sol', 'drip.t.sol', 'frob.t.sol', 'bite.sol']
2,['flop.sol', 'join.sol', 'flip.sol', 'transferFrom.sol', 'heal.sol', 'drip.t.sol', 'tune.sol', 'bite.sol']
2,['flop.sol', 'join.sol', 'flip.sol', 'transferFrom.sol', 'heal.sol', 'heal.t.sol', 'flap.sol', 'drip.sol']
4,['flop.sol', 'join.sol', 'flip.sol', 'transferFrom.sol', 'heal.sol', 'heal.t.sol', 'flap.sol', 'frob.t.sol']
4,['flop.sol', 'join.sol', 'flip.sol', 'transferFrom.sol', 'heal.sol', 'heal.t.sol', 'flap.sol', 'tune.sol']
3,['flop.sol', 'join.sol', 'flip.sol', 'transferFrom.sol', 'heal.sol', 'heal.t.sol', 'flap.sol', 'bite.sol']
3,['flop.sol', 'join.sol', 'flip.sol', 'transferFrom.sol', 'heal.sol', 'heal.t.sol', 'drip.sol', 'frob.t.sol']
3,['flop.sol', 'join.sol', 'flip.sol', 'transferFrom.sol', 'heal.sol', 'heal.t.sol', 'drip.sol', 'tune.sol']
2,['flop.sol', 'join.sol', 'flip.sol', 'transferFrom.sol', 'heal.sol', 'heal.t.sol', 'drip.sol', 'bite.sol']
3,['flop.sol', 'join.sol', 'flip.sol', 'transferFrom.sol', 'heal.sol', 'heal.t.sol', 'frob.t.sol', 'tune.sol']
3,['flop.sol', 'join.sol', 'flip.sol', 'transferFrom.sol', 'heal.sol', 'heal.t.sol', 'frob.t.sol', 'bite.sol']
4,['flop.sol', 'join.sol', 'flip.sol', 'transferFrom.sol', 'heal.sol', 'heal.t.sol', 'tune.sol', 'bite.sol']
2,['flop.sol', 'join.sol', 'flip.sol', 'transferFrom.sol', 'heal.sol', 'flap.sol', 'drip.sol', 'frob.t.sol']
2,['flop.sol', 'join.sol', 'flip.sol', 'transferFrom.sol', 'heal.sol', 'flap.sol', 'drip.sol', 'tune.sol']
2,['flop.sol', 'join.sol', 'flip.sol', 'transferFrom.sol', 'heal.sol', 'flap.sol', 'drip.sol', 'bite.sol']
2,['flop.sol', 'join.sol', 'flip.sol', 'transferFrom.sol', 'heal.sol', 'flap.sol', 'frob.t.sol', 'tune.sol']
3,['flop.sol', 'join.sol', 'flip.sol', 'transferFrom.sol', 'heal.sol', 'flap.sol', 'frob.t.sol', 'bite.sol']
2,['flop.sol', 'join.sol', 'flip.sol', 'transferFrom.sol', 'heal.sol', 'flap.sol', 'tune.sol', 'bite.sol']
2,['flop.sol', 'join.sol', 'flip.sol', 'transferFrom.sol', 'heal.sol', 'drip.sol', 'frob.t.sol', 'tune.sol']
2,['flop.sol', 'join.sol', 'flip.sol', 'transferFrom.sol', 'heal.sol', 'drip.sol', 'frob.t.sol', 'bite.sol']
2,['flop.sol', 'join.sol', 'flip.sol', 'transferFrom.sol', 'heal.sol', 'drip.sol', 'tune.sol', 'bite.sol']
2,['flop.sol', 'join.sol', 'flip.sol', 'transferFrom.sol', 'heal.sol', 'frob.t.sol', 'tune.sol', 'bite.sol']
2,['flop.sol', 'join.sol', 'flip.sol', 'transferFrom.sol', 'drip.t.sol', 'heal.t.sol', 'flap.sol', 'drip.sol']
3,['flop.sol', 'join.sol', 'flip.sol', 'transferFrom.sol', 'drip.t.sol', 'heal.t.sol', 'flap.sol', 'frob.t.sol']
3,['flop.sol', 'join.sol', 'flip.sol', 'transferFrom.sol', 'drip.t.sol', 'heal.t.sol', 'flap.sol', 'tune.sol']
2,['flop.sol', 'join.sol', 'flip.sol', 'transferFrom.sol', 'drip.t.sol', 'heal.t.sol', 'flap.sol', 'bite.sol']
4,['flop.sol', 'join.sol', 'flip.sol', 'transferFrom.sol', 'drip.t.sol', 'heal.t.sol', 'drip.sol', 'frob.t.sol']
3,['flop.sol', 'join.sol', 'flip.sol', 'transferFrom.sol', 'drip.t.sol', 'heal.t.sol', 'drip.sol', 'tune.sol']
2,['flop.sol', 'join.sol', 'flip.sol', 'transferFrom.sol', 'drip.t.sol', 'heal.t.sol', 'drip.sol', 'bite.sol']
3,['flop.sol', 'join.sol', 'flip.sol', 'transferFrom.sol', 'drip.t.sol', 'heal.t.sol', 'frob.t.sol', 'tune.sol']
3,['flop.sol', 'join.sol', 'flip.sol', 'transferFrom.sol', 'drip.t.sol', 'heal.t.sol', 'frob.t.sol', 'bite.sol']
3,['flop.sol', 'join.sol', 'flip.sol', 'transferFrom.sol', 'drip.t.sol', 'heal.t.sol', 'tune.sol', 'bite.sol']
2,['flop.sol', 'join.sol', 'flip.sol', 'transferFrom.sol', 'drip.t.sol', 'flap.sol', 'drip.sol', 'frob.t.sol']
4,['flop.sol', 'join.sol', 'flip.sol', 'transferFrom.sol', 'drip.t.sol', 'flap.sol', 'drip.sol', 'tune.sol']
2,['flop.sol', 'join.sol', 'flip.sol', 'transferFrom.sol', 'drip.t.sol', 'flap.sol', 'drip.sol', 'bite.sol']
2,['flop.sol', 'join.sol', 'flip.sol', 'transferFrom.sol', 'drip.t.sol', 'flap.sol', 'frob.t.sol', 'tune.sol']
2,['flop.sol', 'join.sol', 'flip.sol', 'transferFrom.sol', 'drip.t.sol', 'flap.sol', 'frob.t.sol', 'bite.sol']
4,['flop.sol', 'join.sol', 'flip.sol', 'transferFrom.sol', 'drip.t.sol', 'flap.sol', 'tune.sol', 'bite.sol']
2,['flop.sol', 'join.sol', 'flip.sol', 'transferFrom.sol', 'drip.t.sol', 'drip.sol', 'frob.t.sol', 'tune.sol']
2,['flop.sol', 'join.sol', 'flip.sol', 'transferFrom.sol', 'drip.t.sol', 'drip.sol', 'frob.t.sol', 'bite.sol']
2,['flop.sol', 'join.sol', 'flip.sol', 'transferFrom.sol', 'drip.t.sol', 'drip.sol', 'tune.sol', 'bite.sol']
1,['flop.sol', 'join.sol', 'flip.sol', 'transferFrom.sol', 'drip.t.sol', 'frob.t.sol', 'tune.sol', 'bite.sol']
3,['flop.sol', 'join.sol', 'flip.sol', 'transferFrom.sol', 'heal.t.sol', 'flap.sol', 'drip.sol', 'frob.t.sol']
3,['flop.sol', 'join.sol', 'flip.sol', 'transferFrom.sol', 'heal.t.sol', 'flap.sol', 'drip.sol', 'tune.sol']
2,['flop.sol', 'join.sol', 'flip.sol', 'transferFrom.sol', 'heal.t.sol', 'flap.sol', 'drip.sol', 'bite.sol']
3,['flop.sol', 'join.sol', 'flip.sol', 'transferFrom.sol', 'heal.t.sol', 'flap.sol', 'frob.t.sol', 'tune.sol']
4,['flop.sol', 'join.sol', 'flip.sol', 'transferFrom.sol', 'heal.t.sol', 'flap.sol', 'frob.t.sol', 'bite.sol']
4,['flop.sol', 'join.sol', 'flip.sol', 'transferFrom.sol', 'heal.t.sol', 'flap.sol', 'tune.sol', 'bite.sol']
3,['flop.sol', 'join.sol', 'flip.sol', 'transferFrom.sol', 'heal.t.sol', 'drip.sol', 'frob.t.sol', 'tune.sol']
3,['flop.sol', 'join.sol', 'flip.sol', 'transferFrom.sol', 'heal.t.sol', 'drip.sol', 'frob.t.sol', 'bite.sol']
3,['flop.sol', 'join.sol', 'flip.sol', 'transferFrom.sol', 'heal.t.sol', 'drip.sol', 'tune.sol', 'bite.sol']
3,['flop.sol', 'join.sol', 'flip.sol', 'transferFrom.sol', 'heal.t.sol', 'frob.t.sol', 'tune.sol', 'bite.sol']
2,['flop.sol', 'join.sol', 'flip.sol', 'transferFrom.sol', 'flap.sol', 'drip.sol', 'frob.t.sol', 'tune.sol']
2,['flop.sol', 'join.sol', 'flip.sol', 'transferFrom.sol', 'flap.sol', 'drip.sol', 'frob.t.sol', 'bite.sol']
4,['flop.sol', 'join.sol', 'flip.sol', 'transferFrom.sol', 'flap.sol', 'drip.sol', 'tune.sol', 'bite.sol']
2,['flop.sol', 'join.sol', 'flip.sol', 'transferFrom.sol', 'flap.sol', 'frob.t.sol', 'tune.sol', 'bite.sol']
2,['flop.sol', 'join.sol', 'flip.sol', 'transferFrom.sol', 'drip.sol', 'frob.t.sol', 'tune.sol', 'bite.sol']
3,['flop.sol', 'join.sol', 'flip.sol', 'frob.sol', 'flip.t.sol', 'flop.t.sol', 'flap.t.sol', 'heal.sol']
2,['flop.sol', 'join.sol', 'flip.sol', 'frob.sol', 'flip.t.sol', 'flop.t.sol', 'flap.t.sol', 'drip.t.sol']
4,['flop.sol', 'join.sol', 'flip.sol', 'frob.sol', 'flip.t.sol', 'flop.t.sol', 'flap.t.sol', 'heal.t.sol']
3,['flop.sol', 'join.sol', 'flip.sol', 'frob.sol', 'flip.t.sol', 'flop.t.sol', 'flap.t.sol', 'flap.sol']
3,['flop.sol', 'join.sol', 'flip.sol', 'frob.sol', 'flip.t.sol', 'flop.t.sol', 'flap.t.sol', 'drip.sol']
3,['flop.sol', 'join.sol', 'flip.sol', 'frob.sol', 'flip.t.sol', 'flop.t.sol', 'flap.t.sol', 'frob.t.sol']
2,['flop.sol', 'join.sol', 'flip.sol', 'frob.sol', 'flip.t.sol', 'flop.t.sol', 'flap.t.sol', 'tune.sol']
2,['flop.sol', 'join.sol', 'flip.sol', 'frob.sol', 'flip.t.sol', 'flop.t.sol', 'flap.t.sol', 'bite.sol']
2,['flop.sol', 'join.sol', 'flip.sol', 'frob.sol', 'flip.t.sol', 'flop.t.sol', 'heal.sol', 'drip.t.sol']
4,['flop.sol', 'join.sol', 'flip.sol', 'frob.sol', 'flip.t.sol', 'flop.t.sol', 'heal.sol', 'heal.t.sol']
3,['flop.sol', 'join.sol', 'flip.sol', 'frob.sol', 'flip.t.sol', 'flop.t.sol', 'heal.sol', 'flap.sol']
3,['flop.sol', 'join.sol', 'flip.sol', 'frob.sol', 'flip.t.sol', 'flop.t.sol', 'heal.sol', 'drip.sol']
3,['flop.sol', 'join.sol', 'flip.sol', 'frob.sol', 'flip.t.sol', 'flop.t.sol', 'heal.sol', 'frob.t.sol']
2,['flop.sol', 'join.sol', 'flip.sol', 'frob.sol', 'flip.t.sol', 'flop.t.sol', 'heal.sol', 'tune.sol']
2,['flop.sol', 'join.sol', 'flip.sol', 'frob.sol', 'flip.t.sol', 'flop.t.sol', 'heal.sol', 'bite.sol']
3,['flop.sol', 'join.sol', 'flip.sol', 'frob.sol', 'flip.t.sol', 'flop.t.sol', 'drip.t.sol', 'heal.t.sol']
3,['flop.sol', 'join.sol', 'flip.sol', 'frob.sol', 'flip.t.sol', 'flop.t.sol', 'drip.t.sol', 'flap.sol']
3,['flop.sol', 'join.sol', 'flip.sol', 'frob.sol', 'flip.t.sol', 'flop.t.sol', 'drip.t.sol', 'drip.sol']
2,['flop.sol', 'join.sol', 'flip.sol', 'frob.sol', 'flip.t.sol', 'flop.t.sol', 'drip.t.sol', 'frob.t.sol']
2,['flop.sol', 'join.sol', 'flip.sol', 'frob.sol', 'flip.t.sol', 'flop.t.sol', 'drip.t.sol', 'tune.sol']
2,['flop.sol', 'join.sol', 'flip.sol', 'frob.sol', 'flip.t.sol', 'flop.t.sol', 'drip.t.sol', 'bite.sol']
3,['flop.sol', 'join.sol', 'flip.sol', 'frob.sol', 'flip.t.sol', 'flop.t.sol', 'heal.t.sol', 'flap.sol']
4,['flop.sol', 'join.sol', 'flip.sol', 'frob.sol', 'flip.t.sol', 'flop.t.sol', 'heal.t.sol', 'drip.sol']
3,['flop.sol', 'join.sol', 'flip.sol', 'frob.sol', 'flip.t.sol', 'flop.t.sol', 'heal.t.sol', 'frob.t.sol']
2,['flop.sol', 'join.sol', 'flip.sol', 'frob.sol', 'flip.t.sol', 'flop.t.sol', 'heal.t.sol', 'tune.sol']
4,['flop.sol', 'join.sol', 'flip.sol', 'frob.sol', 'flip.t.sol', 'flop.t.sol', 'heal.t.sol', 'bite.sol']
3,['flop.sol', 'join.sol', 'flip.sol', 'frob.sol', 'flip.t.sol', 'flop.t.sol', 'flap.sol', 'drip.sol']
3,['flop.sol', 'join.sol', 'flip.sol', 'frob.sol', 'flip.t.sol', 'flop.t.sol', 'flap.sol', 'frob.t.sol']
2,['flop.sol', 'join.sol', 'flip.sol', 'frob.sol', 'flip.t.sol', 'flop.t.sol', 'flap.sol', 'tune.sol']
3,['flop.sol', 'join.sol', 'flip.sol', 'frob.sol', 'flip.t.sol', 'flop.t.sol', 'flap.sol', 'bite.sol']
3,['flop.sol', 'join.sol', 'flip.sol', 'frob.sol', 'flip.t.sol', 'flop.t.sol', 'drip.sol', 'frob.t.sol']
2,['flop.sol', 'join.sol', 'flip.sol', 'frob.sol', 'flip.t.sol', 'flop.t.sol', 'drip.sol', 'tune.sol']
3,['flop.sol', 'join.sol', 'flip.sol', 'frob.sol', 'flip.t.sol', 'flop.t.sol', 'drip.sol', 'bite.sol']
3,['flop.sol', 'join.sol', 'flip.sol', 'frob.sol', 'flip.t.sol', 'flop.t.sol', 'frob.t.sol', 'tune.sol']
3,['flop.sol', 'join.sol', 'flip.sol', 'frob.sol', 'flip.t.sol', 'flop.t.sol', 'frob.t.sol', 'bite.sol']
2,['flop.sol', 'join.sol', 'flip.sol', 'frob.sol', 'flip.t.sol', 'flop.t.sol', 'tune.sol', 'bite.sol']
2,['flop.sol', 'join.sol', 'flip.sol', 'frob.sol', 'flip.t.sol', 'flap.t.sol', 'heal.sol', 'drip.t.sol']
4,['flop.sol', 'join.sol', 'flip.sol', 'frob.sol', 'flip.t.sol', 'flap.t.sol', 'heal.sol', 'heal.t.sol']
3,['flop.sol', 'join.sol', 'flip.sol', 'frob.sol', 'flip.t.sol', 'flap.t.sol', 'heal.sol', 'flap.sol']
3,['flop.sol', 'join.sol', 'flip.sol', 'frob.sol', 'flip.t.sol', 'flap.t.sol', 'heal.sol', 'drip.sol']
3,['flop.sol', 'join.sol', 'flip.sol', 'frob.sol', 'flip.t.sol', 'flap.t.sol', 'heal.sol', 'frob.t.sol']
2,['flop.sol', 'join.sol', 'flip.sol', 'frob.sol', 'flip.t.sol', 'flap.t.sol', 'heal.sol', 'tune.sol']
3,['flop.sol', 'join.sol', 'flip.sol', 'frob.sol', 'flip.t.sol', 'flap.t.sol', 'heal.sol', 'bite.sol']
3,['flop.sol', 'join.sol', 'flip.sol', 'frob.sol', 'flip.t.sol', 'flap.t.sol', 'drip.t.sol', 'heal.t.sol']
3,['flop.sol', 'join.sol', 'flip.sol', 'frob.sol', 'flip.t.sol', 'flap.t.sol', 'drip.t.sol', 'flap.sol']
3,['flop.sol', 'join.sol', 'flip.sol', 'frob.sol', 'flip.t.sol', 'flap.t.sol', 'drip.t.sol', 'drip.sol']
2,['flop.sol', 'join.sol', 'flip.sol', 'frob.sol', 'flip.t.sol', 'flap.t.sol', 'drip.t.sol', 'frob.t.sol']
2,['flop.sol', 'join.sol', 'flip.sol', 'frob.sol', 'flip.t.sol', 'flap.t.sol', 'drip.t.sol', 'tune.sol']
2,['flop.sol', 'join.sol', 'flip.sol', 'frob.sol', 'flip.t.sol', 'flap.t.sol', 'drip.t.sol', 'bite.sol']
3,['flop.sol', 'join.sol', 'flip.sol', 'frob.sol', 'flip.t.sol', 'flap.t.sol', 'heal.t.sol', 'flap.sol']
4,['flop.sol', 'join.sol', 'flip.sol', 'frob.sol', 'flip.t.sol', 'flap.t.sol', 'heal.t.sol', 'drip.sol']
3,['flop.sol', 'join.sol', 'flip.sol', 'frob.sol', 'flip.t.sol', 'flap.t.sol', 'heal.t.sol', 'frob.t.sol']
2,['flop.sol', 'join.sol', 'flip.sol', 'frob.sol', 'flip.t.sol', 'flap.t.sol', 'heal.t.sol', 'tune.sol']
4,['flop.sol', 'join.sol', 'flip.sol', 'frob.sol', 'flip.t.sol', 'flap.t.sol', 'heal.t.sol', 'bite.sol']
3,['flop.sol', 'join.sol', 'flip.sol', 'frob.sol', 'flip.t.sol', 'flap.t.sol', 'flap.sol', 'drip.sol']
3,['flop.sol', 'join.sol', 'flip.sol', 'frob.sol', 'flip.t.sol', 'flap.t.sol', 'flap.sol', 'frob.t.sol']
2,['flop.sol', 'join.sol', 'flip.sol', 'frob.sol', 'flip.t.sol', 'flap.t.sol', 'flap.sol', 'tune.sol']
3,['flop.sol', 'join.sol', 'flip.sol', 'frob.sol', 'flip.t.sol', 'flap.t.sol', 'flap.sol', 'bite.sol']
3,['flop.sol', 'join.sol', 'flip.sol', 'frob.sol', 'flip.t.sol', 'flap.t.sol', 'drip.sol', 'frob.t.sol']
2,['flop.sol', 'join.sol', 'flip.sol', 'frob.sol', 'flip.t.sol', 'flap.t.sol', 'drip.sol', 'tune.sol']
3,['flop.sol', 'join.sol', 'flip.sol', 'frob.sol', 'flip.t.sol', 'flap.t.sol', 'drip.sol', 'bite.sol']
3,['flop.sol', 'join.sol', 'flip.sol', 'frob.sol', 'flip.t.sol', 'flap.t.sol', 'frob.t.sol', 'tune.sol']
3,['flop.sol', 'join.sol', 'flip.sol', 'frob.sol', 'flip.t.sol', 'flap.t.sol', 'frob.t.sol', 'bite.sol']
2,['flop.sol', 'join.sol', 'flip.sol', 'frob.sol', 'flip.t.sol', 'flap.t.sol', 'tune.sol', 'bite.sol']
2,['flop.sol', 'join.sol', 'flip.sol', 'frob.sol', 'flip.t.sol', 'heal.sol', 'drip.t.sol', 'heal.t.sol']
2,['flop.sol', 'join.sol', 'flip.sol', 'frob.sol', 'flip.t.sol', 'heal.sol', 'drip.t.sol', 'flap.sol']
2,['flop.sol', 'join.sol', 'flip.sol', 'frob.sol', 'flip.t.sol', 'heal.sol', 'drip.t.sol', 'drip.sol']
4,['flop.sol', 'join.sol', 'flip.sol', 'frob.sol', 'flip.t.sol', 'heal.sol', 'drip.t.sol', 'frob.t.sol']
2,['flop.sol', 'join.sol', 'flip.sol', 'frob.sol', 'flip.t.sol', 'heal.sol', 'drip.t.sol', 'tune.sol']
2,['flop.sol', 'join.sol', 'flip.sol', 'frob.sol', 'flip.t.sol', 'heal.sol', 'drip.t.sol', 'bite.sol']
3,['flop.sol', 'join.sol', 'flip.sol', 'frob.sol', 'flip.t.sol', 'heal.sol', 'heal.t.sol', 'flap.sol']
2,['flop.sol', 'join.sol', 'flip.sol', 'frob.sol', 'flip.t.sol', 'heal.sol', 'heal.t.sol', 'drip.sol']
3,['flop.sol', 'join.sol', 'flip.sol', 'frob.sol', 'flip.t.sol', 'heal.sol', 'heal.t.sol', 'frob.t.sol']
3,['flop.sol', 'join.sol', 'flip.sol', 'frob.sol', 'flip.t.sol', 'heal.sol', 'heal.t.sol', 'tune.sol']
3,['flop.sol', 'join.sol', 'flip.sol', 'frob.sol', 'flip.t.sol', 'heal.sol', 'heal.t.sol', 'bite.sol']
2,['flop.sol', 'join.sol', 'flip.sol', 'frob.sol', 'flip.t.sol', 'heal.sol', 'flap.sol', 'drip.sol']
3,['flop.sol', 'join.sol', 'flip.sol', 'frob.sol', 'flip.t.sol', 'heal.sol', 'flap.sol', 'frob.t.sol']
2,['flop.sol', 'join.sol', 'flip.sol', 'frob.sol', 'flip.t.sol', 'heal.sol', 'flap.sol', 'tune.sol']
2,['flop.sol', 'join.sol', 'flip.sol', 'frob.sol', 'flip.t.sol', 'heal.sol', 'flap.sol', 'bite.sol']
3,['flop.sol', 'join.sol', 'flip.sol', 'frob.sol', 'flip.t.sol', 'heal.sol', 'drip.sol', 'frob.t.sol']
2,['flop.sol', 'join.sol', 'flip.sol', 'frob.sol', 'flip.t.sol', 'heal.sol', 'drip.sol', 'tune.sol']
2,['flop.sol', 'join.sol', 'flip.sol', 'frob.sol', 'flip.t.sol', 'heal.sol', 'drip.sol', 'bite.sol']
2,['flop.sol', 'join.sol', 'flip.sol', 'frob.sol', 'flip.t.sol', 'heal.sol', 'frob.t.sol', 'tune.sol']
4,['flop.sol', 'join.sol', 'flip.sol', 'frob.sol', 'flip.t.sol', 'heal.sol', 'frob.t.sol', 'bite.sol']
2,['flop.sol', 'join.sol', 'flip.sol', 'frob.sol', 'flip.t.sol', 'heal.sol', 'tune.sol', 'bite.sol']
2,['flop.sol', 'join.sol', 'flip.sol', 'frob.sol', 'flip.t.sol', 'drip.t.sol', 'heal.t.sol', 'flap.sol']
2,['flop.sol', 'join.sol', 'flip.sol', 'frob.sol', 'flip.t.sol', 'drip.t.sol', 'heal.t.sol', 'drip.sol']
2,['flop.sol', 'join.sol', 'flip.sol', 'frob.sol', 'flip.t.sol', 'drip.t.sol', 'heal.t.sol', 'frob.t.sol']
2,['flop.sol', 'join.sol', 'flip.sol', 'frob.sol', 'flip.t.sol', 'drip.t.sol', 'heal.t.sol', 'tune.sol']
2,['flop.sol', 'join.sol', 'flip.sol', 'frob.sol', 'flip.t.sol', 'drip.t.sol', 'heal.t.sol', 'bite.sol']
2,['flop.sol', 'join.sol', 'flip.sol', 'frob.sol', 'flip.t.sol', 'drip.t.sol', 'flap.sol', 'drip.sol']
4,['flop.sol', 'join.sol', 'flip.sol', 'frob.sol', 'flip.t.sol', 'drip.t.sol', 'flap.sol', 'frob.t.sol']
3,['flop.sol', 'join.sol', 'flip.sol', 'frob.sol', 'flip.t.sol', 'drip.t.sol', 'flap.sol', 'tune.sol']
2,['flop.sol', 'join.sol', 'flip.sol', 'frob.sol', 'flip.t.sol', 'drip.t.sol', 'flap.sol', 'bite.sol']
5,['flop.sol', 'join.sol', 'flip.sol', 'frob.sol', 'flip.t.sol', 'drip.t.sol', 'drip.sol', 'frob.t.sol']
3,['flop.sol', 'join.sol', 'flip.sol', 'frob.sol', 'flip.t.sol', 'drip.t.sol', 'drip.sol', 'tune.sol']
2,['flop.sol', 'join.sol', 'flip.sol', 'frob.sol', 'flip.t.sol', 'drip.t.sol', 'drip.sol', 'bite.sol']
2,['flop.sol', 'join.sol', 'flip.sol', 'frob.sol', 'flip.t.sol', 'drip.t.sol', 'frob.t.sol', 'tune.sol']
4,['flop.sol', 'join.sol', 'flip.sol', 'frob.sol', 'flip.t.sol', 'drip.t.sol', 'frob.t.sol', 'bite.sol']
2,['flop.sol', 'join.sol', 'flip.sol', 'frob.sol', 'flip.t.sol', 'drip.t.sol', 'tune.sol', 'bite.sol']
3,['flop.sol', 'join.sol', 'flip.sol', 'frob.sol', 'flip.t.sol', 'heal.t.sol', 'flap.sol', 'drip.sol']
3,['flop.sol', 'join.sol', 'flip.sol', 'frob.sol', 'flip.t.sol', 'heal.t.sol', 'flap.sol', 'frob.t.sol']
2,['flop.sol', 'join.sol', 'flip.sol', 'frob.sol', 'flip.t.sol', 'heal.t.sol', 'flap.sol', 'tune.sol']
3,['flop.sol', 'join.sol', 'flip.sol', 'frob.sol', 'flip.t.sol', 'heal.t.sol', 'flap.sol', 'bite.sol']
2,['flop.sol', 'join.sol', 'flip.sol', 'frob.sol', 'flip.t.sol', 'heal.t.sol', 'drip.sol', 'frob.t.sol']
3,['flop.sol', 'join.sol', 'flip.sol', 'frob.sol', 'flip.t.sol', 'heal.t.sol', 'drip.sol', 'tune.sol']
2,['flop.sol', 'join.sol', 'flip.sol', 'frob.sol', 'flip.t.sol', 'heal.t.sol', 'drip.sol', 'bite.sol']
3,['flop.sol', 'join.sol', 'flip.sol', 'frob.sol', 'flip.t.sol', 'heal.t.sol', 'frob.t.sol', 'tune.sol']
3,['flop.sol', 'join.sol', 'flip.sol', 'frob.sol', 'flip.t.sol', 'heal.t.sol', 'frob.t.sol', 'bite.sol']
3,['flop.sol', 'join.sol', 'flip.sol', 'frob.sol', 'flip.t.sol', 'heal.t.sol', 'tune.sol', 'bite.sol']
4,['flop.sol', 'join.sol', 'flip.sol', 'frob.sol', 'flip.t.sol', 'flap.sol', 'drip.sol', 'frob.t.sol']
3,['flop.sol', 'join.sol', 'flip.sol', 'frob.sol', 'flip.t.sol', 'flap.sol', 'drip.sol', 'tune.sol']
2,['flop.sol', 'join.sol', 'flip.sol', 'frob.sol', 'flip.t.sol', 'flap.sol', 'drip.sol', 'bite.sol']
3,['flop.sol', 'join.sol', 'flip.sol', 'frob.sol', 'flip.t.sol', 'flap.sol', 'frob.t.sol', 'tune.sol']
4,['flop.sol', 'join.sol', 'flip.sol', 'frob.sol', 'flip.t.sol', 'flap.sol', 'frob.t.sol', 'bite.sol']
2,['flop.sol', 'join.sol', 'flip.sol', 'frob.sol', 'flip.t.sol', 'flap.sol', 'tune.sol', 'bite.sol']
3,['flop.sol', 'join.sol', 'flip.sol', 'frob.sol', 'flip.t.sol', 'drip.sol', 'frob.t.sol', 'tune.sol']
3,['flop.sol', 'join.sol', 'flip.sol', 'frob.sol', 'flip.t.sol', 'drip.sol', 'frob.t.sol', 'bite.sol']
2,['flop.sol', 'join.sol', 'flip.sol', 'frob.sol', 'flip.t.sol', 'drip.sol', 'tune.sol', 'bite.sol']
2,['flop.sol', 'join.sol', 'flip.sol', 'frob.sol', 'flip.t.sol', 'frob.t.sol', 'tune.sol', 'bite.sol']
2,['flop.sol', 'join.sol', 'flip.sol', 'frob.sol', 'flop.t.sol', 'flap.t.sol', 'heal.sol', 'drip.t.sol']
4,['flop.sol', 'join.sol', 'flip.sol', 'frob.sol', 'flop.t.sol', 'flap.t.sol', 'heal.sol', 'heal.t.sol']
3,['flop.sol', 'join.sol', 'flip.sol', 'frob.sol', 'flop.t.sol', 'flap.t.sol', 'heal.sol', 'flap.sol']
3,['flop.sol', 'join.sol', 'flip.sol', 'frob.sol', 'flop.t.sol', 'flap.t.sol', 'heal.sol', 'drip.sol']
4,['flop.sol', 'join.sol', 'flip.sol', 'frob.sol', 'flop.t.sol', 'flap.t.sol', 'heal.sol', 'frob.t.sol']
2,['flop.sol', 'join.sol', 'flip.sol', 'frob.sol', 'flop.t.sol', 'flap.t.sol', 'heal.sol', 'tune.sol']
2,['flop.sol', 'join.sol', 'flip.sol', 'frob.sol', 'flop.t.sol', 'flap.t.sol', 'heal.sol', 'bite.sol']
3,['flop.sol', 'join.sol', 'flip.sol', 'frob.sol', 'flop.t.sol', 'flap.t.sol', 'drip.t.sol', 'heal.t.sol']
2,['flop.sol', 'join.sol', 'flip.sol', 'frob.sol', 'flop.t.sol', 'flap.t.sol', 'drip.t.sol', 'flap.sol']
3,['flop.sol', 'join.sol', 'flip.sol', 'frob.sol', 'flop.t.sol', 'flap.t.sol', 'drip.t.sol', 'drip.sol']
3,['flop.sol', 'join.sol', 'flip.sol', 'frob.sol', 'flop.t.sol', 'flap.t.sol', 'drip.t.sol', 'frob.t.sol']
3,['flop.sol', 'join.sol', 'flip.sol', 'frob.sol', 'flop.t.sol', 'flap.t.sol', 'drip.t.sol', 'tune.sol']
2,['flop.sol', 'join.sol', 'flip.sol', 'frob.sol', 'flop.t.sol', 'flap.t.sol', 'drip.t.sol', 'bite.sol']
4,['flop.sol', 'join.sol', 'flip.sol', 'frob.sol', 'flop.t.sol', 'flap.t.sol', 'heal.t.sol', 'flap.sol']
3,['flop.sol', 'join.sol', 'flip.sol', 'frob.sol', 'flop.t.sol', 'flap.t.sol', 'heal.t.sol', 'drip.sol']
3,['flop.sol', 'join.sol', 'flip.sol', 'frob.sol', 'flop.t.sol', 'flap.t.sol', 'heal.t.sol', 'frob.t.sol']
3,['flop.sol', 'join.sol', 'flip.sol', 'frob.sol', 'flop.t.sol', 'flap.t.sol', 'heal.t.sol', 'tune.sol']
4,['flop.sol', 'join.sol', 'flip.sol', 'frob.sol', 'flop.t.sol', 'flap.t.sol', 'heal.t.sol', 'bite.sol']
3,['flop.sol', 'join.sol', 'flip.sol', 'frob.sol', 'flop.t.sol', 'flap.t.sol', 'flap.sol', 'drip.sol']
4,['flop.sol', 'join.sol', 'flip.sol', 'frob.sol', 'flop.t.sol', 'flap.t.sol', 'flap.sol', 'frob.t.sol']
3,['flop.sol', 'join.sol', 'flip.sol', 'frob.sol', 'flop.t.sol', 'flap.t.sol', 'flap.sol', 'tune.sol']
3,['flop.sol', 'join.sol', 'flip.sol', 'frob.sol', 'flop.t.sol', 'flap.t.sol', 'flap.sol', 'bite.sol']
3,['flop.sol', 'join.sol', 'flip.sol', 'frob.sol', 'flop.t.sol', 'flap.t.sol', 'drip.sol', 'frob.t.sol']
3,['flop.sol', 'join.sol', 'flip.sol', 'frob.sol', 'flop.t.sol', 'flap.t.sol', 'drip.sol', 'tune.sol']
3,['flop.sol', 'join.sol', 'flip.sol', 'frob.sol', 'flop.t.sol', 'flap.t.sol', 'drip.sol', 'bite.sol']
3,['flop.sol', 'join.sol', 'flip.sol', 'frob.sol', 'flop.t.sol', 'flap.t.sol', 'frob.t.sol', 'tune.sol']
4,['flop.sol', 'join.sol', 'flip.sol', 'frob.sol', 'flop.t.sol', 'flap.t.sol', 'frob.t.sol', 'bite.sol']
3,['flop.sol', 'join.sol', 'flip.sol', 'frob.sol', 'flop.t.sol', 'flap.t.sol', 'tune.sol', 'bite.sol']
3,['flop.sol', 'join.sol', 'flip.sol', 'frob.sol', 'flop.t.sol', 'heal.sol', 'drip.t.sol', 'heal.t.sol']
2,['flop.sol', 'join.sol', 'flip.sol', 'frob.sol', 'flop.t.sol', 'heal.sol', 'drip.t.sol', 'flap.sol']
2,['flop.sol', 'join.sol', 'flip.sol', 'frob.sol', 'flop.t.sol', 'heal.sol', 'drip.t.sol', 'drip.sol']
3,['flop.sol', 'join.sol', 'flip.sol', 'frob.sol', 'flop.t.sol', 'heal.sol', 'drip.t.sol', 'frob.t.sol']
2,['flop.sol', 'join.sol', 'flip.sol', 'frob.sol', 'flop.t.sol', 'heal.sol', 'drip.t.sol', 'tune.sol']
2,['flop.sol', 'join.sol', 'flip.sol', 'frob.sol', 'flop.t.sol', 'heal.sol', 'drip.t.sol', 'bite.sol']
5,['flop.sol', 'join.sol', 'flip.sol', 'frob.sol', 'flop.t.sol', 'heal.sol', 'heal.t.sol', 'flap.sol']
4,['flop.sol', 'join.sol', 'flip.sol', 'frob.sol', 'flop.t.sol', 'heal.sol', 'heal.t.sol', 'drip.sol']
3,['flop.sol', 'join.sol', 'flip.sol', 'frob.sol', 'flop.t.sol', 'heal.sol', 'heal.t.sol', 'frob.t.sol']
3,['flop.sol', 'join.sol', 'flip.sol', 'frob.sol', 'flop.t.sol', 'heal.sol', 'heal.t.sol', 'tune.sol']
4,['flop.sol', 'join.sol', 'flip.sol', 'frob.sol', 'flop.t.sol', 'heal.sol', 'heal.t.sol', 'bite.sol']
2,['flop.sol', 'join.sol', 'flip.sol', 'frob.sol', 'flop.t.sol', 'heal.sol', 'flap.sol', 'drip.sol']
3,['flop.sol', 'join.sol', 'flip.sol', 'frob.sol', 'flop.t.sol', 'heal.sol', 'flap.sol', 'frob.t.sol']
2,['flop.sol', 'join.sol', 'flip.sol', 'frob.sol', 'flop.t.sol', 'heal.sol', 'flap.sol', 'tune.sol']
1,['flop.sol', 'join.sol', 'flip.sol', 'frob.sol', 'flop.t.sol', 'heal.sol', 'flap.sol', 'bite.sol']
2,['flop.sol', 'join.sol', 'flip.sol', 'frob.sol', 'flop.t.sol', 'heal.sol', 'drip.sol', 'frob.t.sol']
2,['flop.sol', 'join.sol', 'flip.sol', 'frob.sol', 'flop.t.sol', 'heal.sol', 'drip.sol', 'tune.sol']
2,['flop.sol', 'join.sol', 'flip.sol', 'frob.sol', 'flop.t.sol', 'heal.sol', 'drip.sol', 'bite.sol']
3,['flop.sol', 'join.sol', 'flip.sol', 'frob.sol', 'flop.t.sol', 'heal.sol', 'frob.t.sol', 'tune.sol']
3,['flop.sol', 'join.sol', 'flip.sol', 'frob.sol', 'flop.t.sol', 'heal.sol', 'frob.t.sol', 'bite.sol']
2,['flop.sol', 'join.sol', 'flip.sol', 'frob.sol', 'flop.t.sol', 'heal.sol', 'tune.sol', 'bite.sol']
3,['flop.sol', 'join.sol', 'flip.sol', 'frob.sol', 'flop.t.sol', 'drip.t.sol', 'heal.t.sol', 'flap.sol']
3,['flop.sol', 'join.sol', 'flip.sol', 'frob.sol', 'flop.t.sol', 'drip.t.sol', 'heal.t.sol', 'drip.sol']
2,['flop.sol', 'join.sol', 'flip.sol', 'frob.sol', 'flop.t.sol', 'drip.t.sol', 'heal.t.sol', 'frob.t.sol']
2,['flop.sol', 'join.sol', 'flip.sol', 'frob.sol', 'flop.t.sol', 'drip.t.sol', 'heal.t.sol', 'tune.sol']
3,['flop.sol', 'join.sol', 'flip.sol', 'frob.sol', 'flop.t.sol', 'drip.t.sol', 'heal.t.sol', 'bite.sol']
3,['flop.sol', 'join.sol', 'flip.sol', 'frob.sol', 'flop.t.sol', 'drip.t.sol', 'flap.sol', 'drip.sol']
2,['flop.sol', 'join.sol', 'flip.sol', 'frob.sol', 'flop.t.sol', 'drip.t.sol', 'flap.sol', 'frob.t.sol']
2,['flop.sol', 'join.sol', 'flip.sol', 'frob.sol', 'flop.t.sol', 'drip.t.sol', 'flap.sol', 'tune.sol']
3,['flop.sol', 'join.sol', 'flip.sol', 'frob.sol', 'flop.t.sol', 'drip.t.sol', 'flap.sol', 'bite.sol']
3,['flop.sol', 'join.sol', 'flip.sol', 'frob.sol', 'flop.t.sol', 'drip.t.sol', 'drip.sol', 'frob.t.sol']
2,['flop.sol', 'join.sol', 'flip.sol', 'frob.sol', 'flop.t.sol', 'drip.t.sol', 'drip.sol', 'tune.sol']
3,['flop.sol', 'join.sol', 'flip.sol', 'frob.sol', 'flop.t.sol', 'drip.t.sol', 'drip.sol', 'bite.sol']
2,['flop.sol', 'join.sol', 'flip.sol', 'frob.sol', 'flop.t.sol', 'drip.t.sol', 'frob.t.sol', 'tune.sol']
2,['flop.sol', 'join.sol', 'flip.sol', 'frob.sol', 'flop.t.sol', 'drip.t.sol', 'frob.t.sol', 'bite.sol']
2,['flop.sol', 'join.sol', 'flip.sol', 'frob.sol', 'flop.t.sol', 'drip.t.sol', 'tune.sol', 'bite.sol']
4,['flop.sol', 'join.sol', 'flip.sol', 'frob.sol', 'flop.t.sol', 'heal.t.sol', 'flap.sol', 'drip.sol']
3,['flop.sol', 'join.sol', 'flip.sol', 'frob.sol', 'flop.t.sol', 'heal.t.sol', 'flap.sol', 'frob.t.sol']
3,['flop.sol', 'join.sol', 'flip.sol', 'frob.sol', 'flop.t.sol', 'heal.t.sol', 'flap.sol', 'tune.sol']
4,['flop.sol', 'join.sol', 'flip.sol', 'frob.sol', 'flop.t.sol', 'heal.t.sol', 'flap.sol', 'bite.sol']
2,['flop.sol', 'join.sol', 'flip.sol', 'frob.sol', 'flop.t.sol', 'heal.t.sol', 'drip.sol', 'frob.t.sol']
2,['flop.sol', 'join.sol', 'flip.sol', 'frob.sol', 'flop.t.sol', 'heal.t.sol', 'drip.sol', 'tune.sol']
3,['flop.sol', 'join.sol', 'flip.sol', 'frob.sol', 'flop.t.sol', 'heal.t.sol', 'drip.sol', 'bite.sol']
3,['flop.sol', 'join.sol', 'flip.sol', 'frob.sol', 'flop.t.sol', 'heal.t.sol', 'frob.t.sol', 'tune.sol']
3,['flop.sol', 'join.sol', 'flip.sol', 'frob.sol', 'flop.t.sol', 'heal.t.sol', 'frob.t.sol', 'bite.sol']
3,['flop.sol', 'join.sol', 'flip.sol', 'frob.sol', 'flop.t.sol', 'heal.t.sol', 'tune.sol', 'bite.sol']
2,['flop.sol', 'join.sol', 'flip.sol', 'frob.sol', 'flop.t.sol', 'flap.sol', 'drip.sol', 'frob.t.sol']
3,['flop.sol', 'join.sol', 'flip.sol', 'frob.sol', 'flop.t.sol', 'flap.sol', 'drip.sol', 'tune.sol']
2,['flop.sol', 'join.sol', 'flip.sol', 'frob.sol', 'flop.t.sol', 'flap.sol', 'drip.sol', 'bite.sol']
4,['flop.sol', 'join.sol', 'flip.sol', 'frob.sol', 'flop.t.sol', 'flap.sol', 'frob.t.sol', 'tune.sol']
3,['flop.sol', 'join.sol', 'flip.sol', 'frob.sol', 'flop.t.sol', 'flap.sol', 'frob.t.sol', 'bite.sol']
2,['flop.sol', 'join.sol', 'flip.sol', 'frob.sol', 'flop.t.sol', 'flap.sol', 'tune.sol', 'bite.sol']
2,['flop.sol', 'join.sol', 'flip.sol', 'frob.sol', 'flop.t.sol', 'drip.sol', 'frob.t.sol', 'tune.sol']
2,['flop.sol', 'join.sol', 'flip.sol', 'frob.sol', 'flop.t.sol', 'drip.sol', 'frob.t.sol', 'bite.sol']
3,['flop.sol', 'join.sol', 'flip.sol', 'frob.sol', 'flop.t.sol', 'drip.sol', 'tune.sol', 'bite.sol']
3,['flop.sol', 'join.sol', 'flip.sol', 'frob.sol', 'flop.t.sol', 'frob.t.sol', 'tune.sol', 'bite.sol']
3,['flop.sol', 'join.sol', 'flip.sol', 'frob.sol', 'flap.t.sol', 'heal.sol', 'drip.t.sol', 'heal.t.sol']
2,['flop.sol', 'join.sol', 'flip.sol', 'frob.sol', 'flap.t.sol', 'heal.sol', 'drip.t.sol', 'flap.sol']
2,['flop.sol', 'join.sol', 'flip.sol', 'frob.sol', 'flap.t.sol', 'heal.sol', 'drip.t.sol', 'drip.sol']
2,['flop.sol', 'join.sol', 'flip.sol', 'frob.sol', 'flap.t.sol', 'heal.sol', 'drip.t.sol', 'frob.t.sol']
2,['flop.sol', 'join.sol', 'flip.sol', 'frob.sol', 'flap.t.sol', 'heal.sol', 'drip.t.sol', 'tune.sol']
2,['flop.sol', 'join.sol', 'flip.sol', 'frob.sol', 'flap.t.sol', 'heal.sol', 'drip.t.sol', 'bite.sol']
5,['flop.sol', 'join.sol', 'flip.sol', 'frob.sol', 'flap.t.sol', 'heal.sol', 'heal.t.sol', 'flap.sol']
4,['flop.sol', 'join.sol', 'flip.sol', 'frob.sol', 'flap.t.sol', 'heal.sol', 'heal.t.sol', 'drip.sol']
3,['flop.sol', 'join.sol', 'flip.sol', 'frob.sol', 'flap.t.sol', 'heal.sol', 'heal.t.sol', 'frob.t.sol']
3,['flop.sol', 'join.sol', 'flip.sol', 'frob.sol', 'flap.t.sol', 'heal.sol', 'heal.t.sol', 'tune.sol']
4,['flop.sol', 'join.sol', 'flip.sol', 'frob.sol', 'flap.t.sol', 'heal.sol', 'heal.t.sol', 'bite.sol']
2,['flop.sol', 'join.sol', 'flip.sol', 'frob.sol', 'flap.t.sol', 'heal.sol', 'flap.sol', 'drip.sol']
3,['flop.sol', 'join.sol', 'flip.sol', 'frob.sol', 'flap.t.sol', 'heal.sol', 'flap.sol', 'frob.t.sol']
2,['flop.sol', 'join.sol', 'flip.sol', 'frob.sol', 'flap.t.sol', 'heal.sol', 'flap.sol', 'tune.sol']
2,['flop.sol', 'join.sol', 'flip.sol', 'frob.sol', 'flap.t.sol', 'heal.sol', 'flap.sol', 'bite.sol']
2,['flop.sol', 'join.sol', 'flip.sol', 'frob.sol', 'flap.t.sol', 'heal.sol', 'drip.sol', 'frob.t.sol']
2,['flop.sol', 'join.sol', 'flip.sol', 'frob.sol', 'flap.t.sol', 'heal.sol', 'drip.sol', 'tune.sol']
2,['flop.sol', 'join.sol', 'flip.sol', 'frob.sol', 'flap.t.sol', 'heal.sol', 'drip.sol', 'bite.sol']
3,['flop.sol', 'join.sol', 'flip.sol', 'frob.sol', 'flap.t.sol', 'heal.sol', 'frob.t.sol', 'tune.sol']
3,['flop.sol', 'join.sol', 'flip.sol', 'frob.sol', 'flap.t.sol', 'heal.sol', 'frob.t.sol', 'bite.sol']
2,['flop.sol', 'join.sol', 'flip.sol', 'frob.sol', 'flap.t.sol', 'heal.sol', 'tune.sol', 'bite.sol']
3,['flop.sol', 'join.sol', 'flip.sol', 'frob.sol', 'flap.t.sol', 'drip.t.sol', 'heal.t.sol', 'flap.sol']
3,['flop.sol', 'join.sol', 'flip.sol', 'frob.sol', 'flap.t.sol', 'drip.t.sol', 'heal.t.sol', 'drip.sol']
2,['flop.sol', 'join.sol', 'flip.sol', 'frob.sol', 'flap.t.sol', 'drip.t.sol', 'heal.t.sol', 'frob.t.sol']
2,['flop.sol', 'join.sol', 'flip.sol', 'frob.sol', 'flap.t.sol', 'drip.t.sol', 'heal.t.sol', 'tune.sol']
3,['flop.sol', 'join.sol', 'flip.sol', 'frob.sol', 'flap.t.sol', 'drip.t.sol', 'heal.t.sol', 'bite.sol']
2,['flop.sol', 'join.sol', 'flip.sol', 'frob.sol', 'flap.t.sol', 'drip.t.sol', 'flap.sol', 'drip.sol']
2,['flop.sol', 'join.sol', 'flip.sol', 'frob.sol', 'flap.t.sol', 'drip.t.sol', 'flap.sol', 'frob.t.sol']
2,['flop.sol', 'join.sol', 'flip.sol', 'frob.sol', 'flap.t.sol', 'drip.t.sol', 'flap.sol', 'tune.sol']
2,['flop.sol', 'join.sol', 'flip.sol', 'frob.sol', 'flap.t.sol', 'drip.t.sol', 'flap.sol', 'bite.sol']
2,['flop.sol', 'join.sol', 'flip.sol', 'frob.sol', 'flap.t.sol', 'drip.t.sol', 'drip.sol', 'frob.t.sol']
2,['flop.sol', 'join.sol', 'flip.sol', 'frob.sol', 'flap.t.sol', 'drip.t.sol', 'drip.sol', 'tune.sol']
2,['flop.sol', 'join.sol', 'flip.sol', 'frob.sol', 'flap.t.sol', 'drip.t.sol', 'drip.sol', 'bite.sol']
2,['flop.sol', 'join.sol', 'flip.sol', 'frob.sol', 'flap.t.sol', 'drip.t.sol', 'frob.t.sol', 'tune.sol']
2,['flop.sol', 'join.sol', 'flip.sol', 'frob.sol', 'flap.t.sol', 'drip.t.sol', 'frob.t.sol', 'bite.sol']
2,['flop.sol', 'join.sol', 'flip.sol', 'frob.sol', 'flap.t.sol', 'drip.t.sol', 'tune.sol', 'bite.sol']
4,['flop.sol', 'join.sol', 'flip.sol', 'frob.sol', 'flap.t.sol', 'heal.t.sol', 'flap.sol', 'drip.sol']
3,['flop.sol', 'join.sol', 'flip.sol', 'frob.sol', 'flap.t.sol', 'heal.t.sol', 'flap.sol', 'frob.t.sol']
3,['flop.sol', 'join.sol', 'flip.sol', 'frob.sol', 'flap.t.sol', 'heal.t.sol', 'flap.sol', 'tune.sol']
4,['flop.sol', 'join.sol', 'flip.sol', 'frob.sol', 'flap.t.sol', 'heal.t.sol', 'flap.sol', 'bite.sol']
2,['flop.sol', 'join.sol', 'flip.sol', 'frob.sol', 'flap.t.sol', 'heal.t.sol', 'drip.sol', 'frob.t.sol']
2,['flop.sol', 'join.sol', 'flip.sol', 'frob.sol', 'flap.t.sol', 'heal.t.sol', 'drip.sol', 'tune.sol']
3,['flop.sol', 'join.sol', 'flip.sol', 'frob.sol', 'flap.t.sol', 'heal.t.sol', 'drip.sol', 'bite.sol']
3,['flop.sol', 'join.sol', 'flip.sol', 'frob.sol', 'flap.t.sol', 'heal.t.sol', 'frob.t.sol', 'tune.sol']
3,['flop.sol', 'join.sol', 'flip.sol', 'frob.sol', 'flap.t.sol', 'heal.t.sol', 'frob.t.sol', 'bite.sol']
3,['flop.sol', 'join.sol', 'flip.sol', 'frob.sol', 'flap.t.sol', 'heal.t.sol', 'tune.sol', 'bite.sol']
4,['flop.sol', 'join.sol', 'flip.sol', 'frob.sol', 'flap.t.sol', 'flap.sol', 'drip.sol', 'frob.t.sol']
2,['flop.sol', 'join.sol', 'flip.sol', 'frob.sol', 'flap.t.sol', 'flap.sol', 'drip.sol', 'tune.sol']
3,['flop.sol', 'join.sol', 'flip.sol', 'frob.sol', 'flap.t.sol', 'flap.sol', 'drip.sol', 'bite.sol']
4,['flop.sol', 'join.sol', 'flip.sol', 'frob.sol', 'flap.t.sol', 'flap.sol', 'frob.t.sol', 'tune.sol']
3,['flop.sol', 'join.sol', 'flip.sol', 'frob.sol', 'flap.t.sol', 'flap.sol', 'frob.t.sol', 'bite.sol']
2,['flop.sol', 'join.sol', 'flip.sol', 'frob.sol', 'flap.t.sol', 'flap.sol', 'tune.sol', 'bite.sol']
2,['flop.sol', 'join.sol', 'flip.sol', 'frob.sol', 'flap.t.sol', 'drip.sol', 'frob.t.sol', 'tune.sol']
2,['flop.sol', 'join.sol', 'flip.sol', 'frob.sol', 'flap.t.sol', 'drip.sol', 'frob.t.sol', 'bite.sol']
3,['flop.sol', 'join.sol', 'flip.sol', 'frob.sol', 'flap.t.sol', 'drip.sol', 'tune.sol', 'bite.sol']
3,['flop.sol', 'join.sol', 'flip.sol', 'frob.sol', 'flap.t.sol', 'frob.t.sol', 'tune.sol', 'bite.sol']
2,['flop.sol', 'join.sol', 'flip.sol', 'frob.sol', 'heal.sol', 'drip.t.sol', 'heal.t.sol', 'flap.sol']
2,['flop.sol', 'join.sol', 'flip.sol', 'frob.sol', 'heal.sol', 'drip.t.sol', 'heal.t.sol', 'drip.sol']
4,['flop.sol', 'join.sol', 'flip.sol', 'frob.sol', 'heal.sol', 'drip.t.sol', 'heal.t.sol', 'frob.t.sol']
3,['flop.sol', 'join.sol', 'flip.sol', 'frob.sol', 'heal.sol', 'drip.t.sol', 'heal.t.sol', 'tune.sol']
2,['flop.sol', 'join.sol', 'flip.sol', 'frob.sol', 'heal.sol', 'drip.t.sol', 'heal.t.sol', 'bite.sol']
2,['flop.sol', 'join.sol', 'flip.sol', 'frob.sol', 'heal.sol', 'drip.t.sol', 'flap.sol', 'drip.sol']
2,['flop.sol', 'join.sol', 'flip.sol', 'frob.sol', 'heal.sol', 'drip.t.sol', 'flap.sol', 'frob.t.sol']
1,['flop.sol', 'join.sol', 'flip.sol', 'frob.sol', 'heal.sol', 'drip.t.sol', 'flap.sol', 'tune.sol']
2,['flop.sol', 'join.sol', 'flip.sol', 'frob.sol', 'heal.sol', 'drip.t.sol', 'flap.sol', 'bite.sol']
3,['flop.sol', 'join.sol', 'flip.sol', 'frob.sol', 'heal.sol', 'drip.t.sol', 'drip.sol', 'frob.t.sol']
2,['flop.sol', 'join.sol', 'flip.sol', 'frob.sol', 'heal.sol', 'drip.t.sol', 'drip.sol', 'tune.sol']
2,['flop.sol', 'join.sol', 'flip.sol', 'frob.sol', 'heal.sol', 'drip.t.sol', 'drip.sol', 'bite.sol']
2,['flop.sol', 'join.sol', 'flip.sol', 'frob.sol', 'heal.sol', 'drip.t.sol', 'frob.t.sol', 'tune.sol']
2,['flop.sol', 'join.sol', 'flip.sol', 'frob.sol', 'heal.sol', 'drip.t.sol', 'frob.t.sol', 'bite.sol']
2,['flop.sol', 'join.sol', 'flip.sol', 'frob.sol', 'heal.sol', 'drip.t.sol', 'tune.sol', 'bite.sol']
2,['flop.sol', 'join.sol', 'flip.sol', 'frob.sol', 'heal.sol', 'heal.t.sol', 'flap.sol', 'drip.sol']
4,['flop.sol', 'join.sol', 'flip.sol', 'frob.sol', 'heal.sol', 'heal.t.sol', 'flap.sol', 'frob.t.sol']
4,['flop.sol', 'join.sol', 'flip.sol', 'frob.sol', 'heal.sol', 'heal.t.sol', 'flap.sol', 'tune.sol']
3,['flop.sol', 'join.sol', 'flip.sol', 'frob.sol', 'heal.sol', 'heal.t.sol', 'flap.sol', 'bite.sol']
3,['flop.sol', 'join.sol', 'flip.sol', 'frob.sol', 'heal.sol', 'heal.t.sol', 'drip.sol', 'frob.t.sol']
3,['flop.sol', 'join.sol', 'flip.sol', 'frob.sol', 'heal.sol', 'heal.t.sol', 'drip.sol', 'tune.sol']
2,['flop.sol', 'join.sol', 'flip.sol', 'frob.sol', 'heal.sol', 'heal.t.sol', 'drip.sol', 'bite.sol']
3,['flop.sol', 'join.sol', 'flip.sol', 'frob.sol', 'heal.sol', 'heal.t.sol', 'frob.t.sol', 'tune.sol']
3,['flop.sol', 'join.sol', 'flip.sol', 'frob.sol', 'heal.sol', 'heal.t.sol', 'frob.t.sol', 'bite.sol']
4,['flop.sol', 'join.sol', 'flip.sol', 'frob.sol', 'heal.sol', 'heal.t.sol', 'tune.sol', 'bite.sol']
2,['flop.sol', 'join.sol', 'flip.sol', 'frob.sol', 'heal.sol', 'flap.sol', 'drip.sol', 'frob.t.sol']
2,['flop.sol', 'join.sol', 'flip.sol', 'frob.sol', 'heal.sol', 'flap.sol', 'drip.sol', 'tune.sol']
2,['flop.sol', 'join.sol', 'flip.sol', 'frob.sol', 'heal.sol', 'flap.sol', 'drip.sol', 'bite.sol']
2,['flop.sol', 'join.sol', 'flip.sol', 'frob.sol', 'heal.sol', 'flap.sol', 'frob.t.sol', 'tune.sol']
3,['flop.sol', 'join.sol', 'flip.sol', 'frob.sol', 'heal.sol', 'flap.sol', 'frob.t.sol', 'bite.sol']
2,['flop.sol', 'join.sol', 'flip.sol', 'frob.sol', 'heal.sol', 'flap.sol', 'tune.sol', 'bite.sol']
2,['flop.sol', 'join.sol', 'flip.sol', 'frob.sol', 'heal.sol', 'drip.sol', 'frob.t.sol', 'tune.sol']
2,['flop.sol', 'join.sol', 'flip.sol', 'frob.sol', 'heal.sol', 'drip.sol', 'frob.t.sol', 'bite.sol']
2,['flop.sol', 'join.sol', 'flip.sol', 'frob.sol', 'heal.sol', 'drip.sol', 'tune.sol', 'bite.sol']
2,['flop.sol', 'join.sol', 'flip.sol', 'frob.sol', 'heal.sol', 'frob.t.sol', 'tune.sol', 'bite.sol']
2,['flop.sol', 'join.sol', 'flip.sol', 'frob.sol', 'drip.t.sol', 'heal.t.sol', 'flap.sol', 'drip.sol']
3,['flop.sol', 'join.sol', 'flip.sol', 'frob.sol', 'drip.t.sol', 'heal.t.sol', 'flap.sol', 'frob.t.sol']
3,['flop.sol', 'join.sol', 'flip.sol', 'frob.sol', 'drip.t.sol', 'heal.t.sol', 'flap.sol', 'tune.sol']
2,['flop.sol', 'join.sol', 'flip.sol', 'frob.sol', 'drip.t.sol', 'heal.t.sol', 'flap.sol', 'bite.sol']
4,['flop.sol', 'join.sol', 'flip.sol', 'frob.sol', 'drip.t.sol', 'heal.t.sol', 'drip.sol', 'frob.t.sol']
3,['flop.sol', 'join.sol', 'flip.sol', 'frob.sol', 'drip.t.sol', 'heal.t.sol', 'drip.sol', 'tune.sol']
2,['flop.sol', 'join.sol', 'flip.sol', 'frob.sol', 'drip.t.sol', 'heal.t.sol', 'drip.sol', 'bite.sol']
1,['flop.sol', 'join.sol', 'flip.sol', 'frob.sol', 'drip.t.sol', 'heal.t.sol', 'frob.t.sol', 'tune.sol']
3,['flop.sol', 'join.sol', 'flip.sol', 'frob.sol', 'drip.t.sol', 'heal.t.sol', 'frob.t.sol', 'bite.sol']
3,['flop.sol', 'join.sol', 'flip.sol', 'frob.sol', 'drip.t.sol', 'heal.t.sol', 'tune.sol', 'bite.sol']
3,['flop.sol', 'join.sol', 'flip.sol', 'frob.sol', 'drip.t.sol', 'flap.sol', 'drip.sol', 'frob.t.sol']
2,['flop.sol', 'join.sol', 'flip.sol', 'frob.sol', 'drip.t.sol', 'flap.sol', 'drip.sol', 'tune.sol']
2,['flop.sol', 'join.sol', 'flip.sol', 'frob.sol', 'drip.t.sol', 'flap.sol', 'drip.sol', 'bite.sol']
2,['flop.sol', 'join.sol', 'flip.sol', 'frob.sol', 'drip.t.sol', 'flap.sol', 'frob.t.sol', 'tune.sol']
2,['flop.sol', 'join.sol', 'flip.sol', 'frob.sol', 'drip.t.sol', 'flap.sol', 'frob.t.sol', 'bite.sol']
2,['flop.sol', 'join.sol', 'flip.sol', 'frob.sol', 'drip.t.sol', 'flap.sol', 'tune.sol', 'bite.sol']
2,['flop.sol', 'join.sol', 'flip.sol', 'frob.sol', 'drip.t.sol', 'drip.sol', 'frob.t.sol', 'tune.sol']
2,['flop.sol', 'join.sol', 'flip.sol', 'frob.sol', 'drip.t.sol', 'drip.sol', 'frob.t.sol', 'bite.sol']
2,['flop.sol', 'join.sol', 'flip.sol', 'frob.sol', 'drip.t.sol', 'drip.sol', 'tune.sol', 'bite.sol']
1,['flop.sol', 'join.sol', 'flip.sol', 'frob.sol', 'drip.t.sol', 'frob.t.sol', 'tune.sol', 'bite.sol']
3,['flop.sol', 'join.sol', 'flip.sol', 'frob.sol', 'heal.t.sol', 'flap.sol', 'drip.sol', 'frob.t.sol']
3,['flop.sol', 'join.sol', 'flip.sol', 'frob.sol', 'heal.t.sol', 'flap.sol', 'drip.sol', 'tune.sol']
2,['flop.sol', 'join.sol', 'flip.sol', 'frob.sol', 'heal.t.sol', 'flap.sol', 'drip.sol', 'bite.sol']
3,['flop.sol', 'join.sol', 'flip.sol', 'frob.sol', 'heal.t.sol', 'flap.sol', 'frob.t.sol', 'tune.sol']
4,['flop.sol', 'join.sol', 'flip.sol', 'frob.sol', 'heal.t.sol', 'flap.sol', 'frob.t.sol', 'bite.sol']
4,['flop.sol', 'join.sol', 'flip.sol', 'frob.sol', 'heal.t.sol', 'flap.sol', 'tune.sol', 'bite.sol']
2,['flop.sol', 'join.sol', 'flip.sol', 'frob.sol', 'heal.t.sol', 'drip.sol', 'frob.t.sol', 'tune.sol']
3,['flop.sol', 'join.sol', 'flip.sol', 'frob.sol', 'heal.t.sol', 'drip.sol', 'frob.t.sol', 'bite.sol']
3,['flop.sol', 'join.sol', 'flip.sol', 'frob.sol', 'heal.t.sol', 'drip.sol', 'tune.sol', 'bite.sol']
2,['flop.sol', 'join.sol', 'flip.sol', 'frob.sol', 'heal.t.sol', 'frob.t.sol', 'tune.sol', 'bite.sol']
3,['flop.sol', 'join.sol', 'flip.sol', 'frob.sol', 'flap.sol', 'drip.sol', 'frob.t.sol', 'tune.sol']
2,['flop.sol', 'join.sol', 'flip.sol', 'frob.sol', 'flap.sol', 'drip.sol', 'frob.t.sol', 'bite.sol']
2,['flop.sol', 'join.sol', 'flip.sol', 'frob.sol', 'flap.sol', 'drip.sol', 'tune.sol', 'bite.sol']
2,['flop.sol', 'join.sol', 'flip.sol', 'frob.sol', 'flap.sol', 'frob.t.sol', 'tune.sol', 'bite.sol']
2,['flop.sol', 'join.sol', 'flip.sol', 'frob.sol', 'drip.sol', 'frob.t.sol', 'tune.sol', 'bite.sol']
3,['flop.sol', 'join.sol', 'flip.sol', 'flip.t.sol', 'flop.t.sol', 'flap.t.sol', 'heal.sol', 'drip.t.sol']
2,['flop.sol', 'join.sol', 'flip.sol', 'flip.t.sol', 'flop.t.sol', 'flap.t.sol', 'heal.sol', 'heal.t.sol']
3,['flop.sol', 'join.sol', 'flip.sol', 'flip.t.sol', 'flop.t.sol', 'flap.t.sol', 'heal.sol', 'flap.sol']
3,['flop.sol', 'join.sol', 'flip.sol', 'flip.t.sol', 'flop.t.sol', 'flap.t.sol', 'heal.sol', 'drip.sol']
3,['flop.sol', 'join.sol', 'flip.sol', 'flip.t.sol', 'flop.t.sol', 'flap.t.sol', 'heal.sol', 'frob.t.sol']
4,['flop.sol', 'join.sol', 'flip.sol', 'flip.t.sol', 'flop.t.sol', 'flap.t.sol', 'heal.sol', 'tune.sol']
3,['flop.sol', 'join.sol', 'flip.sol', 'flip.t.sol', 'flop.t.sol', 'flap.t.sol', 'heal.sol', 'bite.sol']
3,['flop.sol', 'join.sol', 'flip.sol', 'flip.t.sol', 'flop.t.sol', 'flap.t.sol', 'drip.t.sol', 'heal.t.sol']
3,['flop.sol', 'join.sol', 'flip.sol', 'flip.t.sol', 'flop.t.sol', 'flap.t.sol', 'drip.t.sol', 'flap.sol']
2,['flop.sol', 'join.sol', 'flip.sol', 'flip.t.sol', 'flop.t.sol', 'flap.t.sol', 'drip.t.sol', 'drip.sol']
2,['flop.sol', 'join.sol', 'flip.sol', 'flip.t.sol', 'flop.t.sol', 'flap.t.sol', 'drip.t.sol', 'frob.t.sol']
2,['flop.sol', 'join.sol', 'flip.sol', 'flip.t.sol', 'flop.t.sol', 'flap.t.sol', 'drip.t.sol', 'tune.sol']
2,['flop.sol', 'join.sol', 'flip.sol', 'flip.t.sol', 'flop.t.sol', 'flap.t.sol', 'drip.t.sol', 'bite.sol']
3,['flop.sol', 'join.sol', 'flip.sol', 'flip.t.sol', 'flop.t.sol', 'flap.t.sol', 'heal.t.sol', 'flap.sol']
4,['flop.sol', 'join.sol', 'flip.sol', 'flip.t.sol', 'flop.t.sol', 'flap.t.sol', 'heal.t.sol', 'drip.sol']
3,['flop.sol', 'join.sol', 'flip.sol', 'flip.t.sol', 'flop.t.sol', 'flap.t.sol', 'heal.t.sol', 'frob.t.sol']
2,['flop.sol', 'join.sol', 'flip.sol', 'flip.t.sol', 'flop.t.sol', 'flap.t.sol', 'heal.t.sol', 'tune.sol']
4,['flop.sol', 'join.sol', 'flip.sol', 'flip.t.sol', 'flop.t.sol', 'flap.t.sol', 'heal.t.sol', 'bite.sol']
3,['flop.sol', 'join.sol', 'flip.sol', 'flip.t.sol', 'flop.t.sol', 'flap.t.sol', 'flap.sol', 'drip.sol']
3,['flop.sol', 'join.sol', 'flip.sol', 'flip.t.sol', 'flop.t.sol', 'flap.t.sol', 'flap.sol', 'frob.t.sol']
2,['flop.sol', 'join.sol', 'flip.sol', 'flip.t.sol', 'flop.t.sol', 'flap.t.sol', 'flap.sol', 'tune.sol']
3,['flop.sol', 'join.sol', 'flip.sol', 'flip.t.sol', 'flop.t.sol', 'flap.t.sol', 'flap.sol', 'bite.sol']
3,['flop.sol', 'join.sol', 'flip.sol', 'flip.t.sol', 'flop.t.sol', 'flap.t.sol', 'drip.sol', 'frob.t.sol']
3,['flop.sol', 'join.sol', 'flip.sol', 'flip.t.sol', 'flop.t.sol', 'flap.t.sol', 'drip.sol', 'tune.sol']
2,['flop.sol', 'join.sol', 'flip.sol', 'flip.t.sol', 'flop.t.sol', 'flap.t.sol', 'drip.sol', 'bite.sol']
3,['flop.sol', 'join.sol', 'flip.sol', 'flip.t.sol', 'flop.t.sol', 'flap.t.sol', 'frob.t.sol', 'tune.sol']
3,['flop.sol', 'join.sol', 'flip.sol', 'flip.t.sol', 'flop.t.sol', 'flap.t.sol', 'frob.t.sol', 'bite.sol']
2,['flop.sol', 'join.sol', 'flip.sol', 'flip.t.sol', 'flop.t.sol', 'flap.t.sol', 'tune.sol', 'bite.sol']
3,['flop.sol', 'join.sol', 'flip.sol', 'flip.t.sol', 'flop.t.sol', 'heal.sol', 'drip.t.sol', 'heal.t.sol']
3,['flop.sol', 'join.sol', 'flip.sol', 'flip.t.sol', 'flop.t.sol', 'heal.sol', 'drip.t.sol', 'flap.sol']
2,['flop.sol', 'join.sol', 'flip.sol', 'flip.t.sol', 'flop.t.sol', 'heal.sol', 'drip.t.sol', 'drip.sol']
2,['flop.sol', 'join.sol', 'flip.sol', 'flip.t.sol', 'flop.t.sol', 'heal.sol', 'drip.t.sol', 'frob.t.sol']
1,['flop.sol', 'join.sol', 'flip.sol', 'flip.t.sol', 'flop.t.sol', 'heal.sol', 'drip.t.sol', 'tune.sol']
2,['flop.sol', 'join.sol', 'flip.sol', 'flip.t.sol', 'flop.t.sol', 'heal.sol', 'drip.t.sol', 'bite.sol']
2,['flop.sol', 'join.sol', 'flip.sol', 'flip.t.sol', 'flop.t.sol', 'heal.sol', 'heal.t.sol', 'flap.sol']
3,['flop.sol', 'join.sol', 'flip.sol', 'flip.t.sol', 'flop.t.sol', 'heal.sol', 'heal.t.sol', 'drip.sol']
3,['flop.sol', 'join.sol', 'flip.sol', 'flip.t.sol', 'flop.t.sol', 'heal.sol', 'heal.t.sol', 'frob.t.sol']
3,['flop.sol', 'join.sol', 'flip.sol', 'flip.t.sol', 'flop.t.sol', 'heal.sol', 'heal.t.sol', 'tune.sol']
4,['flop.sol', 'join.sol', 'flip.sol', 'flip.t.sol', 'flop.t.sol', 'heal.sol', 'heal.t.sol', 'bite.sol']
3,['flop.sol', 'join.sol', 'flip.sol', 'flip.t.sol', 'flop.t.sol', 'heal.sol', 'flap.sol', 'drip.sol']
3,['flop.sol', 'join.sol', 'flip.sol', 'flip.t.sol', 'flop.t.sol', 'heal.sol', 'flap.sol', 'frob.t.sol']
2,['flop.sol', 'join.sol', 'flip.sol', 'flip.t.sol', 'flop.t.sol', 'heal.sol', 'flap.sol', 'tune.sol']
3,['flop.sol', 'join.sol', 'flip.sol', 'flip.t.sol', 'flop.t.sol', 'heal.sol', 'flap.sol', 'bite.sol']
2,['flop.sol', 'join.sol', 'flip.sol', 'flip.t.sol', 'flop.t.sol', 'heal.sol', 'drip.sol', 'frob.t.sol']
2,['flop.sol', 'join.sol', 'flip.sol', 'flip.t.sol', 'flop.t.sol', 'heal.sol', 'drip.sol', 'tune.sol']
3,['flop.sol', 'join.sol', 'flip.sol', 'flip.t.sol', 'flop.t.sol', 'heal.sol', 'drip.sol', 'bite.sol']
3,['flop.sol', 'join.sol', 'flip.sol', 'flip.t.sol', 'flop.t.sol', 'heal.sol', 'frob.t.sol', 'tune.sol']
3,['flop.sol', 'join.sol', 'flip.sol', 'flip.t.sol', 'flop.t.sol', 'heal.sol', 'frob.t.sol', 'bite.sol']
2,['flop.sol', 'join.sol', 'flip.sol', 'flip.t.sol', 'flop.t.sol', 'heal.sol', 'tune.sol', 'bite.sol']
4,['flop.sol', 'join.sol', 'flip.sol', 'flip.t.sol', 'flop.t.sol', 'drip.t.sol', 'heal.t.sol', 'flap.sol']
2,['flop.sol', 'join.sol', 'flip.sol', 'flip.t.sol', 'flop.t.sol', 'drip.t.sol', 'heal.t.sol', 'drip.sol']
2,['flop.sol', 'join.sol', 'flip.sol', 'flip.t.sol', 'flop.t.sol', 'drip.t.sol', 'heal.t.sol', 'frob.t.sol']
2,['flop.sol', 'join.sol', 'flip.sol', 'flip.t.sol', 'flop.t.sol', 'drip.t.sol', 'heal.t.sol', 'tune.sol']
2,['flop.sol', 'join.sol', 'flip.sol', 'flip.t.sol', 'flop.t.sol', 'drip.t.sol', 'heal.t.sol', 'bite.sol']
3,['flop.sol', 'join.sol', 'flip.sol', 'flip.t.sol', 'flop.t.sol', 'drip.t.sol', 'flap.sol', 'drip.sol']
3,['flop.sol', 'join.sol', 'flip.sol', 'flip.t.sol', 'flop.t.sol', 'drip.t.sol', 'flap.sol', 'frob.t.sol']
2,['flop.sol', 'join.sol', 'flip.sol', 'flip.t.sol', 'flop.t.sol', 'drip.t.sol', 'flap.sol', 'tune.sol']
2,['flop.sol', 'join.sol', 'flip.sol', 'flip.t.sol', 'flop.t.sol', 'drip.t.sol', 'flap.sol', 'bite.sol']
2,['flop.sol', 'join.sol', 'flip.sol', 'flip.t.sol', 'flop.t.sol', 'drip.t.sol', 'drip.sol', 'frob.t.sol']
2,['flop.sol', 'join.sol', 'flip.sol', 'flip.t.sol', 'flop.t.sol', 'drip.t.sol', 'drip.sol', 'tune.sol']
2,['flop.sol', 'join.sol', 'flip.sol', 'flip.t.sol', 'flop.t.sol', 'drip.t.sol', 'drip.sol', 'bite.sol']
1,['flop.sol', 'join.sol', 'flip.sol', 'flip.t.sol', 'flop.t.sol', 'drip.t.sol', 'frob.t.sol', 'tune.sol']
2,['flop.sol', 'join.sol', 'flip.sol', 'flip.t.sol', 'flop.t.sol', 'drip.t.sol', 'frob.t.sol', 'bite.sol']
2,['flop.sol', 'join.sol', 'flip.sol', 'flip.t.sol', 'flop.t.sol', 'drip.t.sol', 'tune.sol', 'bite.sol']
4,['flop.sol', 'join.sol', 'flip.sol', 'flip.t.sol', 'flop.t.sol', 'heal.t.sol', 'flap.sol', 'drip.sol']
3,['flop.sol', 'join.sol', 'flip.sol', 'flip.t.sol', 'flop.t.sol', 'heal.t.sol', 'flap.sol', 'frob.t.sol']
2,['flop.sol', 'join.sol', 'flip.sol', 'flip.t.sol', 'flop.t.sol', 'heal.t.sol', 'flap.sol', 'tune.sol']
4,['flop.sol', 'join.sol', 'flip.sol', 'flip.t.sol', 'flop.t.sol', 'heal.t.sol', 'flap.sol', 'bite.sol']
2,['flop.sol', 'join.sol', 'flip.sol', 'flip.t.sol', 'flop.t.sol', 'heal.t.sol', 'drip.sol', 'frob.t.sol']
3,['flop.sol', 'join.sol', 'flip.sol', 'flip.t.sol', 'flop.t.sol', 'heal.t.sol', 'drip.sol', 'tune.sol']
2,['flop.sol', 'join.sol', 'flip.sol', 'flip.t.sol', 'flop.t.sol', 'heal.t.sol', 'drip.sol', 'bite.sol']
3,['flop.sol', 'join.sol', 'flip.sol', 'flip.t.sol', 'flop.t.sol', 'heal.t.sol', 'frob.t.sol', 'tune.sol']
3,['flop.sol', 'join.sol', 'flip.sol', 'flip.t.sol', 'flop.t.sol', 'heal.t.sol', 'frob.t.sol', 'bite.sol']
3,['flop.sol', 'join.sol', 'flip.sol', 'flip.t.sol', 'flop.t.sol', 'heal.t.sol', 'tune.sol', 'bite.sol']
3,['flop.sol', 'join.sol', 'flip.sol', 'flip.t.sol', 'flop.t.sol', 'flap.sol', 'drip.sol', 'frob.t.sol']
2,['flop.sol', 'join.sol', 'flip.sol', 'flip.t.sol', 'flop.t.sol', 'flap.sol', 'drip.sol', 'tune.sol']
3,['flop.sol', 'join.sol', 'flip.sol', 'flip.t.sol', 'flop.t.sol', 'flap.sol', 'drip.sol', 'bite.sol']
3,['flop.sol', 'join.sol', 'flip.sol', 'flip.t.sol', 'flop.t.sol', 'flap.sol', 'frob.t.sol', 'tune.sol']
3,['flop.sol', 'join.sol', 'flip.sol', 'flip.t.sol', 'flop.t.sol', 'flap.sol', 'frob.t.sol', 'bite.sol']
2,['flop.sol', 'join.sol', 'flip.sol', 'flip.t.sol', 'flop.t.sol', 'flap.sol', 'tune.sol', 'bite.sol']
3,['flop.sol', 'join.sol', 'flip.sol', 'flip.t.sol', 'flop.t.sol', 'drip.sol', 'frob.t.sol', 'tune.sol']
2,['flop.sol', 'join.sol', 'flip.sol', 'flip.t.sol', 'flop.t.sol', 'drip.sol', 'frob.t.sol', 'bite.sol']
2,['flop.sol', 'join.sol', 'flip.sol', 'flip.t.sol', 'flop.t.sol', 'drip.sol', 'tune.sol', 'bite.sol']
2,['flop.sol', 'join.sol', 'flip.sol', 'flip.t.sol', 'flop.t.sol', 'frob.t.sol', 'tune.sol', 'bite.sol']
3,['flop.sol', 'join.sol', 'flip.sol', 'flip.t.sol', 'flap.t.sol', 'heal.sol', 'drip.t.sol', 'heal.t.sol']
3,['flop.sol', 'join.sol', 'flip.sol', 'flip.t.sol', 'flap.t.sol', 'heal.sol', 'drip.t.sol', 'flap.sol']
2,['flop.sol', 'join.sol', 'flip.sol', 'flip.t.sol', 'flap.t.sol', 'heal.sol', 'drip.t.sol', 'drip.sol']
2,['flop.sol', 'join.sol', 'flip.sol', 'flip.t.sol', 'flap.t.sol', 'heal.sol', 'drip.t.sol', 'frob.t.sol']
2,['flop.sol', 'join.sol', 'flip.sol', 'flip.t.sol', 'flap.t.sol', 'heal.sol', 'drip.t.sol', 'tune.sol']
2,['flop.sol', 'join.sol', 'flip.sol', 'flip.t.sol', 'flap.t.sol', 'heal.sol', 'drip.t.sol', 'bite.sol']
2,['flop.sol', 'join.sol', 'flip.sol', 'flip.t.sol', 'flap.t.sol', 'heal.sol', 'heal.t.sol', 'flap.sol']
3,['flop.sol', 'join.sol', 'flip.sol', 'flip.t.sol', 'flap.t.sol', 'heal.sol', 'heal.t.sol', 'drip.sol']
3,['flop.sol', 'join.sol', 'flip.sol', 'flip.t.sol', 'flap.t.sol', 'heal.sol', 'heal.t.sol', 'frob.t.sol']
3,['flop.sol', 'join.sol', 'flip.sol', 'flip.t.sol', 'flap.t.sol', 'heal.sol', 'heal.t.sol', 'tune.sol']
4,['flop.sol', 'join.sol', 'flip.sol', 'flip.t.sol', 'flap.t.sol', 'heal.sol', 'heal.t.sol', 'bite.sol']
3,['flop.sol', 'join.sol', 'flip.sol', 'flip.t.sol', 'flap.t.sol', 'heal.sol', 'flap.sol', 'drip.sol']
3,['flop.sol', 'join.sol', 'flip.sol', 'flip.t.sol', 'flap.t.sol', 'heal.sol', 'flap.sol', 'frob.t.sol']
2,['flop.sol', 'join.sol', 'flip.sol', 'flip.t.sol', 'flap.t.sol', 'heal.sol', 'flap.sol', 'tune.sol']
3,['flop.sol', 'join.sol', 'flip.sol', 'flip.t.sol', 'flap.t.sol', 'heal.sol', 'flap.sol', 'bite.sol']
2,['flop.sol', 'join.sol', 'flip.sol', 'flip.t.sol', 'flap.t.sol', 'heal.sol', 'drip.sol', 'frob.t.sol']
2,['flop.sol', 'join.sol', 'flip.sol', 'flip.t.sol', 'flap.t.sol', 'heal.sol', 'drip.sol', 'tune.sol']
3,['flop.sol', 'join.sol', 'flip.sol', 'flip.t.sol', 'flap.t.sol', 'heal.sol', 'drip.sol', 'bite.sol']
3,['flop.sol', 'join.sol', 'flip.sol', 'flip.t.sol', 'flap.t.sol', 'heal.sol', 'frob.t.sol', 'tune.sol']
3,['flop.sol', 'join.sol', 'flip.sol', 'flip.t.sol', 'flap.t.sol', 'heal.sol', 'frob.t.sol', 'bite.sol']
2,['flop.sol', 'join.sol', 'flip.sol', 'flip.t.sol', 'flap.t.sol', 'heal.sol', 'tune.sol', 'bite.sol']
4,['flop.sol', 'join.sol', 'flip.sol', 'flip.t.sol', 'flap.t.sol', 'drip.t.sol', 'heal.t.sol', 'flap.sol']
2,['flop.sol', 'join.sol', 'flip.sol', 'flip.t.sol', 'flap.t.sol', 'drip.t.sol', 'heal.t.sol', 'drip.sol']
2,['flop.sol', 'join.sol', 'flip.sol', 'flip.t.sol', 'flap.t.sol', 'drip.t.sol', 'heal.t.sol', 'frob.t.sol']
1,['flop.sol', 'join.sol', 'flip.sol', 'flip.t.sol', 'flap.t.sol', 'drip.t.sol', 'heal.t.sol', 'tune.sol']
2,['flop.sol', 'join.sol', 'flip.sol', 'flip.t.sol', 'flap.t.sol', 'drip.t.sol', 'heal.t.sol', 'bite.sol']
3,['flop.sol', 'join.sol', 'flip.sol', 'flip.t.sol', 'flap.t.sol', 'drip.t.sol', 'flap.sol', 'drip.sol']
3,['flop.sol', 'join.sol', 'flip.sol', 'flip.t.sol', 'flap.t.sol', 'drip.t.sol', 'flap.sol', 'frob.t.sol']
2,['flop.sol', 'join.sol', 'flip.sol', 'flip.t.sol', 'flap.t.sol', 'drip.t.sol', 'flap.sol', 'tune.sol']
2,['flop.sol', 'join.sol', 'flip.sol', 'flip.t.sol', 'flap.t.sol', 'drip.t.sol', 'flap.sol', 'bite.sol']
2,['flop.sol', 'join.sol', 'flip.sol', 'flip.t.sol', 'flap.t.sol', 'drip.t.sol', 'drip.sol', 'frob.t.sol']
2,['flop.sol', 'join.sol', 'flip.sol', 'flip.t.sol', 'flap.t.sol', 'drip.t.sol', 'drip.sol', 'tune.sol']
2,['flop.sol', 'join.sol', 'flip.sol', 'flip.t.sol', 'flap.t.sol', 'drip.t.sol', 'drip.sol', 'bite.sol']
2,['flop.sol', 'join.sol', 'flip.sol', 'flip.t.sol', 'flap.t.sol', 'drip.t.sol', 'frob.t.sol', 'tune.sol']
2,['flop.sol', 'join.sol', 'flip.sol', 'flip.t.sol', 'flap.t.sol', 'drip.t.sol', 'frob.t.sol', 'bite.sol']
2,['flop.sol', 'join.sol', 'flip.sol', 'flip.t.sol', 'flap.t.sol', 'drip.t.sol', 'tune.sol', 'bite.sol']
4,['flop.sol', 'join.sol', 'flip.sol', 'flip.t.sol', 'flap.t.sol', 'heal.t.sol', 'flap.sol', 'drip.sol']
3,['flop.sol', 'join.sol', 'flip.sol', 'flip.t.sol', 'flap.t.sol', 'heal.t.sol', 'flap.sol', 'frob.t.sol']
2,['flop.sol', 'join.sol', 'flip.sol', 'flip.t.sol', 'flap.t.sol', 'heal.t.sol', 'flap.sol', 'tune.sol']
3,['flop.sol', 'join.sol', 'flip.sol', 'flip.t.sol', 'flap.t.sol', 'heal.t.sol', 'flap.sol', 'bite.sol']
2,['flop.sol', 'join.sol', 'flip.sol', 'flip.t.sol', 'flap.t.sol', 'heal.t.sol', 'drip.sol', 'frob.t.sol']
3,['flop.sol', 'join.sol', 'flip.sol', 'flip.t.sol', 'flap.t.sol', 'heal.t.sol', 'drip.sol', 'tune.sol']
2,['flop.sol', 'join.sol', 'flip.sol', 'flip.t.sol', 'flap.t.sol', 'heal.t.sol', 'drip.sol', 'bite.sol']
3,['flop.sol', 'join.sol', 'flip.sol', 'flip.t.sol', 'flap.t.sol', 'heal.t.sol', 'frob.t.sol', 'tune.sol']
3,['flop.sol', 'join.sol', 'flip.sol', 'flip.t.sol', 'flap.t.sol', 'heal.t.sol', 'frob.t.sol', 'bite.sol']
2,['flop.sol', 'join.sol', 'flip.sol', 'flip.t.sol', 'flap.t.sol', 'heal.t.sol', 'tune.sol', 'bite.sol']
3,['flop.sol', 'join.sol', 'flip.sol', 'flip.t.sol', 'flap.t.sol', 'flap.sol', 'drip.sol', 'frob.t.sol']
2,['flop.sol', 'join.sol', 'flip.sol', 'flip.t.sol', 'flap.t.sol', 'flap.sol', 'drip.sol', 'tune.sol']
3,['flop.sol', 'join.sol', 'flip.sol', 'flip.t.sol', 'flap.t.sol', 'flap.sol', 'drip.sol', 'bite.sol']
3,['flop.sol', 'join.sol', 'flip.sol', 'flip.t.sol', 'flap.t.sol', 'flap.sol', 'frob.t.sol', 'tune.sol']
3,['flop.sol', 'join.sol', 'flip.sol', 'flip.t.sol', 'flap.t.sol', 'flap.sol', 'frob.t.sol', 'bite.sol']
2,['flop.sol', 'join.sol', 'flip.sol', 'flip.t.sol', 'flap.t.sol', 'flap.sol', 'tune.sol', 'bite.sol']
3,['flop.sol', 'join.sol', 'flip.sol', 'flip.t.sol', 'flap.t.sol', 'drip.sol', 'frob.t.sol', 'tune.sol']
3,['flop.sol', 'join.sol', 'flip.sol', 'flip.t.sol', 'flap.t.sol', 'drip.sol', 'frob.t.sol', 'bite.sol']
2,['flop.sol', 'join.sol', 'flip.sol', 'flip.t.sol', 'flap.t.sol', 'drip.sol', 'tune.sol', 'bite.sol']
2,['flop.sol', 'join.sol', 'flip.sol', 'flip.t.sol', 'flap.t.sol', 'frob.t.sol', 'tune.sol', 'bite.sol']
2,['flop.sol', 'join.sol', 'flip.sol', 'flip.t.sol', 'heal.sol', 'drip.t.sol', 'heal.t.sol', 'flap.sol']
2,['flop.sol', 'join.sol', 'flip.sol', 'flip.t.sol', 'heal.sol', 'drip.t.sol', 'heal.t.sol', 'drip.sol']
2,['flop.sol', 'join.sol', 'flip.sol', 'flip.t.sol', 'heal.sol', 'drip.t.sol', 'heal.t.sol', 'frob.t.sol']
2,['flop.sol', 'join.sol', 'flip.sol', 'flip.t.sol', 'heal.sol', 'drip.t.sol', 'heal.t.sol', 'tune.sol']
2,['flop.sol', 'join.sol', 'flip.sol', 'flip.t.sol', 'heal.sol', 'drip.t.sol', 'heal.t.sol', 'bite.sol']
2,['flop.sol', 'join.sol', 'flip.sol', 'flip.t.sol', 'heal.sol', 'drip.t.sol', 'flap.sol', 'drip.sol']
3,['flop.sol', 'join.sol', 'flip.sol', 'flip.t.sol', 'heal.sol', 'drip.t.sol', 'flap.sol', 'frob.t.sol']
2,['flop.sol', 'join.sol', 'flip.sol', 'flip.t.sol', 'heal.sol', 'drip.t.sol', 'flap.sol', 'tune.sol']
2,['flop.sol', 'join.sol', 'flip.sol', 'flip.t.sol', 'heal.sol', 'drip.t.sol', 'flap.sol', 'bite.sol']
4,['flop.sol', 'join.sol', 'flip.sol', 'flip.t.sol', 'heal.sol', 'drip.t.sol', 'drip.sol', 'frob.t.sol']
2,['flop.sol', 'join.sol', 'flip.sol', 'flip.t.sol', 'heal.sol', 'drip.t.sol', 'drip.sol', 'tune.sol']
2,['flop.sol', 'join.sol', 'flip.sol', 'flip.t.sol', 'heal.sol', 'drip.t.sol', 'drip.sol', 'bite.sol']
1,['flop.sol', 'join.sol', 'flip.sol', 'flip.t.sol', 'heal.sol', 'drip.t.sol', 'frob.t.sol', 'tune.sol']
5,['flop.sol', 'join.sol', 'flip.sol', 'flip.t.sol', 'heal.sol', 'drip.t.sol', 'frob.t.sol', 'bite.sol']
2,['flop.sol', 'join.sol', 'flip.sol', 'flip.t.sol', 'heal.sol', 'drip.t.sol', 'tune.sol', 'bite.sol']
2,['flop.sol', 'join.sol', 'flip.sol', 'flip.t.sol', 'heal.sol', 'heal.t.sol', 'flap.sol', 'drip.sol']
3,['flop.sol', 'join.sol', 'flip.sol', 'flip.t.sol', 'heal.sol', 'heal.t.sol', 'flap.sol', 'frob.t.sol']
3,['flop.sol', 'join.sol', 'flip.sol', 'flip.t.sol', 'heal.sol', 'heal.t.sol', 'flap.sol', 'tune.sol']
3,['flop.sol', 'join.sol', 'flip.sol', 'flip.t.sol', 'heal.sol', 'heal.t.sol', 'flap.sol', 'bite.sol']
2,['flop.sol', 'join.sol', 'flip.sol', 'flip.t.sol', 'heal.sol', 'heal.t.sol', 'drip.sol', 'frob.t.sol']
2,['flop.sol', 'join.sol', 'flip.sol', 'flip.t.sol', 'heal.sol', 'heal.t.sol', 'drip.sol', 'tune.sol']
2,['flop.sol', 'join.sol', 'flip.sol', 'flip.t.sol', 'heal.sol', 'heal.t.sol', 'drip.sol', 'bite.sol']
3,['flop.sol', 'join.sol', 'flip.sol', 'flip.t.sol', 'heal.sol', 'heal.t.sol', 'frob.t.sol', 'tune.sol']
3,['flop.sol', 'join.sol', 'flip.sol', 'flip.t.sol', 'heal.sol', 'heal.t.sol', 'frob.t.sol', 'bite.sol']
3,['flop.sol', 'join.sol', 'flip.sol', 'flip.t.sol', 'heal.sol', 'heal.t.sol', 'tune.sol', 'bite.sol']
3,['flop.sol', 'join.sol', 'flip.sol', 'flip.t.sol', 'heal.sol', 'flap.sol', 'drip.sol', 'frob.t.sol']
2,['flop.sol', 'join.sol', 'flip.sol', 'flip.t.sol', 'heal.sol', 'flap.sol', 'drip.sol', 'tune.sol']
2,['flop.sol', 'join.sol', 'flip.sol', 'flip.t.sol', 'heal.sol', 'flap.sol', 'drip.sol', 'bite.sol']
2,['flop.sol', 'join.sol', 'flip.sol', 'flip.t.sol', 'heal.sol', 'flap.sol', 'frob.t.sol', 'tune.sol']
4,['flop.sol', 'join.sol', 'flip.sol', 'flip.t.sol', 'heal.sol', 'flap.sol', 'frob.t.sol', 'bite.sol']
2,['flop.sol', 'join.sol', 'flip.sol', 'flip.t.sol', 'heal.sol', 'flap.sol', 'tune.sol', 'bite.sol']
2,['flop.sol', 'join.sol', 'flip.sol', 'flip.t.sol', 'heal.sol', 'drip.sol', 'frob.t.sol', 'tune.sol']
5,['flop.sol', 'join.sol', 'flip.sol', 'flip.t.sol', 'heal.sol', 'drip.sol', 'frob.t.sol', 'bite.sol']
2,['flop.sol', 'join.sol', 'flip.sol', 'flip.t.sol', 'heal.sol', 'drip.sol', 'tune.sol', 'bite.sol']
2,['flop.sol', 'join.sol', 'flip.sol', 'flip.t.sol', 'heal.sol', 'frob.t.sol', 'tune.sol', 'bite.sol']
2,['flop.sol', 'join.sol', 'flip.sol', 'flip.t.sol', 'drip.t.sol', 'heal.t.sol', 'flap.sol', 'drip.sol']
2,['flop.sol', 'join.sol', 'flip.sol', 'flip.t.sol', 'drip.t.sol', 'heal.t.sol', 'flap.sol', 'frob.t.sol']
2,['flop.sol', 'join.sol', 'flip.sol', 'flip.t.sol', 'drip.t.sol', 'heal.t.sol', 'flap.sol', 'tune.sol']
2,['flop.sol', 'join.sol', 'flip.sol', 'flip.t.sol', 'drip.t.sol', 'heal.t.sol', 'flap.sol', 'bite.sol']
2,['flop.sol', 'join.sol', 'flip.sol', 'flip.t.sol', 'drip.t.sol', 'heal.t.sol', 'drip.sol', 'frob.t.sol']
2,['flop.sol', 'join.sol', 'flip.sol', 'flip.t.sol', 'drip.t.sol', 'heal.t.sol', 'drip.sol', 'tune.sol']
2,['flop.sol', 'join.sol', 'flip.sol', 'flip.t.sol', 'drip.t.sol', 'heal.t.sol', 'drip.sol', 'bite.sol']
1,['flop.sol', 'join.sol', 'flip.sol', 'flip.t.sol', 'drip.t.sol', 'heal.t.sol', 'frob.t.sol', 'tune.sol']
2,['flop.sol', 'join.sol', 'flip.sol', 'flip.t.sol', 'drip.t.sol', 'heal.t.sol', 'frob.t.sol', 'bite.sol']
2,['flop.sol', 'join.sol', 'flip.sol', 'flip.t.sol', 'drip.t.sol', 'heal.t.sol', 'tune.sol', 'bite.sol']
4,['flop.sol', 'join.sol', 'flip.sol', 'flip.t.sol', 'drip.t.sol', 'flap.sol', 'drip.sol', 'frob.t.sol']
2,['flop.sol', 'join.sol', 'flip.sol', 'flip.t.sol', 'drip.t.sol', 'flap.sol', 'drip.sol', 'tune.sol']
2,['flop.sol', 'join.sol', 'flip.sol', 'flip.t.sol', 'drip.t.sol', 'flap.sol', 'drip.sol', 'bite.sol']
3,['flop.sol', 'join.sol', 'flip.sol', 'flip.t.sol', 'drip.t.sol', 'flap.sol', 'frob.t.sol', 'tune.sol']
3,['flop.sol', 'join.sol', 'flip.sol', 'flip.t.sol', 'drip.t.sol', 'flap.sol', 'frob.t.sol', 'bite.sol']
2,['flop.sol', 'join.sol', 'flip.sol', 'flip.t.sol', 'drip.t.sol', 'flap.sol', 'tune.sol', 'bite.sol']
2,['flop.sol', 'join.sol', 'flip.sol', 'flip.t.sol', 'drip.t.sol', 'drip.sol', 'frob.t.sol', 'tune.sol']
4,['flop.sol', 'join.sol', 'flip.sol', 'flip.t.sol', 'drip.t.sol', 'drip.sol', 'frob.t.sol', 'bite.sol']
3,['flop.sol', 'join.sol', 'flip.sol', 'flip.t.sol', 'drip.t.sol', 'drip.sol', 'tune.sol', 'bite.sol']
1,['flop.sol', 'join.sol', 'flip.sol', 'flip.t.sol', 'drip.t.sol', 'frob.t.sol', 'tune.sol', 'bite.sol']
2,['flop.sol', 'join.sol', 'flip.sol', 'flip.t.sol', 'heal.t.sol', 'flap.sol', 'drip.sol', 'frob.t.sol']
3,['flop.sol', 'join.sol', 'flip.sol', 'flip.t.sol', 'heal.t.sol', 'flap.sol', 'drip.sol', 'tune.sol']
3,['flop.sol', 'join.sol', 'flip.sol', 'flip.t.sol', 'heal.t.sol', 'flap.sol', 'drip.sol', 'bite.sol']
3,['flop.sol', 'join.sol', 'flip.sol', 'flip.t.sol', 'heal.t.sol', 'flap.sol', 'frob.t.sol', 'tune.sol']
3,['flop.sol', 'join.sol', 'flip.sol', 'flip.t.sol', 'heal.t.sol', 'flap.sol', 'frob.t.sol', 'bite.sol']
2,['flop.sol', 'join.sol', 'flip.sol', 'flip.t.sol', 'heal.t.sol', 'flap.sol', 'tune.sol', 'bite.sol']
2,['flop.sol', 'join.sol', 'flip.sol', 'flip.t.sol', 'heal.t.sol', 'drip.sol', 'frob.t.sol', 'tune.sol']
2,['flop.sol', 'join.sol', 'flip.sol', 'flip.t.sol', 'heal.t.sol', 'drip.sol', 'frob.t.sol', 'bite.sol']
2,['flop.sol', 'join.sol', 'flip.sol', 'flip.t.sol', 'heal.t.sol', 'drip.sol', 'tune.sol', 'bite.sol']
2,['flop.sol', 'join.sol', 'flip.sol', 'flip.t.sol', 'heal.t.sol', 'frob.t.sol', 'tune.sol', 'bite.sol']
3,['flop.sol', 'join.sol', 'flip.sol', 'flip.t.sol', 'flap.sol', 'drip.sol', 'frob.t.sol', 'tune.sol']
4,['flop.sol', 'join.sol', 'flip.sol', 'flip.t.sol', 'flap.sol', 'drip.sol', 'frob.t.sol', 'bite.sol']
2,['flop.sol', 'join.sol', 'flip.sol', 'flip.t.sol', 'flap.sol', 'drip.sol', 'tune.sol', 'bite.sol']
3,['flop.sol', 'join.sol', 'flip.sol', 'flip.t.sol', 'flap.sol', 'frob.t.sol', 'tune.sol', 'bite.sol']
3,['flop.sol', 'join.sol', 'flip.sol', 'flip.t.sol', 'drip.sol', 'frob.t.sol', 'tune.sol', 'bite.sol']
3,['flop.sol', 'join.sol', 'flip.sol', 'flop.t.sol', 'flap.t.sol', 'heal.sol', 'drip.t.sol', 'heal.t.sol']
2,['flop.sol', 'join.sol', 'flip.sol', 'flop.t.sol', 'flap.t.sol', 'heal.sol', 'drip.t.sol', 'flap.sol']
2,['flop.sol', 'join.sol', 'flip.sol', 'flop.t.sol', 'flap.t.sol', 'heal.sol', 'drip.t.sol', 'drip.sol']
3,['flop.sol', 'join.sol', 'flip.sol', 'flop.t.sol', 'flap.t.sol', 'heal.sol', 'drip.t.sol', 'frob.t.sol']
2,['flop.sol', 'join.sol', 'flip.sol', 'flop.t.sol', 'flap.t.sol', 'heal.sol', 'drip.t.sol', 'tune.sol']
2,['flop.sol', 'join.sol', 'flip.sol', 'flop.t.sol', 'flap.t.sol', 'heal.sol', 'drip.t.sol', 'bite.sol']
4,['flop.sol', 'join.sol', 'flip.sol', 'flop.t.sol', 'flap.t.sol', 'heal.sol', 'heal.t.sol', 'flap.sol']
3,['flop.sol', 'join.sol', 'flip.sol', 'flop.t.sol', 'flap.t.sol', 'heal.sol', 'heal.t.sol', 'drip.sol']
3,['flop.sol', 'join.sol', 'flip.sol', 'flop.t.sol', 'flap.t.sol', 'heal.sol', 'heal.t.sol', 'frob.t.sol']
3,['flop.sol', 'join.sol', 'flip.sol', 'flop.t.sol', 'flap.t.sol', 'heal.sol', 'heal.t.sol', 'tune.sol']
4,['flop.sol', 'join.sol', 'flip.sol', 'flop.t.sol', 'flap.t.sol', 'heal.sol', 'heal.t.sol', 'bite.sol']
3,['flop.sol', 'join.sol', 'flip.sol', 'flop.t.sol', 'flap.t.sol', 'heal.sol', 'flap.sol', 'drip.sol']
4,['flop.sol', 'join.sol', 'flip.sol', 'flop.t.sol', 'flap.t.sol', 'heal.sol', 'flap.sol', 'frob.t.sol']
3,['flop.sol', 'join.sol', 'flip.sol', 'flop.t.sol', 'flap.t.sol', 'heal.sol', 'flap.sol', 'tune.sol']
2,['flop.sol', 'join.sol', 'flip.sol', 'flop.t.sol', 'flap.t.sol', 'heal.sol', 'flap.sol', 'bite.sol']
3,['flop.sol', 'join.sol', 'flip.sol', 'flop.t.sol', 'flap.t.sol', 'heal.sol', 'drip.sol', 'frob.t.sol']
3,['flop.sol', 'join.sol', 'flip.sol', 'flop.t.sol', 'flap.t.sol', 'heal.sol', 'drip.sol', 'tune.sol']
2,['flop.sol', 'join.sol', 'flip.sol', 'flop.t.sol', 'flap.t.sol', 'heal.sol', 'drip.sol', 'bite.sol']
3,['flop.sol', 'join.sol', 'flip.sol', 'flop.t.sol', 'flap.t.sol', 'heal.sol', 'frob.t.sol', 'tune.sol']
3,['flop.sol', 'join.sol', 'flip.sol', 'flop.t.sol', 'flap.t.sol', 'heal.sol', 'frob.t.sol', 'bite.sol']
2,['flop.sol', 'join.sol', 'flip.sol', 'flop.t.sol', 'flap.t.sol', 'heal.sol', 'tune.sol', 'bite.sol']
3,['flop.sol', 'join.sol', 'flip.sol', 'flop.t.sol', 'flap.t.sol', 'drip.t.sol', 'heal.t.sol', 'flap.sol']
3,['flop.sol', 'join.sol', 'flip.sol', 'flop.t.sol', 'flap.t.sol', 'drip.t.sol', 'heal.t.sol', 'drip.sol']
2,['flop.sol', 'join.sol', 'flip.sol', 'flop.t.sol', 'flap.t.sol', 'drip.t.sol', 'heal.t.sol', 'frob.t.sol']
2,['flop.sol', 'join.sol', 'flip.sol', 'flop.t.sol', 'flap.t.sol', 'drip.t.sol', 'heal.t.sol', 'tune.sol']
3,['flop.sol', 'join.sol', 'flip.sol', 'flop.t.sol', 'flap.t.sol', 'drip.t.sol', 'heal.t.sol', 'bite.sol']
3,['flop.sol', 'join.sol', 'flip.sol', 'flop.t.sol', 'flap.t.sol', 'drip.t.sol', 'flap.sol', 'drip.sol']
3,['flop.sol', 'join.sol', 'flip.sol', 'flop.t.sol', 'flap.t.sol', 'drip.t.sol', 'flap.sol', 'frob.t.sol']
3,['flop.sol', 'join.sol', 'flip.sol', 'flop.t.sol', 'flap.t.sol', 'drip.t.sol', 'flap.sol', 'tune.sol']
2,['flop.sol', 'join.sol', 'flip.sol', 'flop.t.sol', 'flap.t.sol', 'drip.t.sol', 'flap.sol', 'bite.sol']
3,['flop.sol', 'join.sol', 'flip.sol', 'flop.t.sol', 'flap.t.sol', 'drip.t.sol', 'drip.sol', 'frob.t.sol']
3,['flop.sol', 'join.sol', 'flip.sol', 'flop.t.sol', 'flap.t.sol', 'drip.t.sol', 'drip.sol', 'tune.sol']
3,['flop.sol', 'join.sol', 'flip.sol', 'flop.t.sol', 'flap.t.sol', 'drip.t.sol', 'drip.sol', 'bite.sol']
2,['flop.sol', 'join.sol', 'flip.sol', 'flop.t.sol', 'flap.t.sol', 'drip.t.sol', 'frob.t.sol', 'tune.sol']
3,['flop.sol', 'join.sol', 'flip.sol', 'flop.t.sol', 'flap.t.sol', 'drip.t.sol', 'frob.t.sol', 'bite.sol']
2,['flop.sol', 'join.sol', 'flip.sol', 'flop.t.sol', 'flap.t.sol', 'drip.t.sol', 'tune.sol', 'bite.sol']
4,['flop.sol', 'join.sol', 'flip.sol', 'flop.t.sol', 'flap.t.sol', 'heal.t.sol', 'flap.sol', 'drip.sol']
3,['flop.sol', 'join.sol', 'flip.sol', 'flop.t.sol', 'flap.t.sol', 'heal.t.sol', 'flap.sol', 'frob.t.sol']
3,['flop.sol', 'join.sol', 'flip.sol', 'flop.t.sol', 'flap.t.sol', 'heal.t.sol', 'flap.sol', 'tune.sol']
4,['flop.sol', 'join.sol', 'flip.sol', 'flop.t.sol', 'flap.t.sol', 'heal.t.sol', 'flap.sol', 'bite.sol']
2,['flop.sol', 'join.sol', 'flip.sol', 'flop.t.sol', 'flap.t.sol', 'heal.t.sol', 'drip.sol', 'frob.t.sol']
2,['flop.sol', 'join.sol', 'flip.sol', 'flop.t.sol', 'flap.t.sol', 'heal.t.sol', 'drip.sol', 'tune.sol']
3,['flop.sol', 'join.sol', 'flip.sol', 'flop.t.sol', 'flap.t.sol', 'heal.t.sol', 'drip.sol', 'bite.sol']
3,['flop.sol', 'join.sol', 'flip.sol', 'flop.t.sol', 'flap.t.sol', 'heal.t.sol', 'frob.t.sol', 'tune.sol']
3,['flop.sol', 'join.sol', 'flip.sol', 'flop.t.sol', 'flap.t.sol', 'heal.t.sol', 'frob.t.sol', 'bite.sol']
3,['flop.sol', 'join.sol', 'flip.sol', 'flop.t.sol', 'flap.t.sol', 'heal.t.sol', 'tune.sol', 'bite.sol']
4,['flop.sol', 'join.sol', 'flip.sol', 'flop.t.sol', 'flap.t.sol', 'flap.sol', 'drip.sol', 'frob.t.sol']
3,['flop.sol', 'join.sol', 'flip.sol', 'flop.t.sol', 'flap.t.sol', 'flap.sol', 'drip.sol', 'tune.sol']
2,['flop.sol', 'join.sol', 'flip.sol', 'flop.t.sol', 'flap.t.sol', 'flap.sol', 'drip.sol', 'bite.sol']
3,['flop.sol', 'join.sol', 'flip.sol', 'flop.t.sol', 'flap.t.sol', 'flap.sol', 'frob.t.sol', 'tune.sol']
4,['flop.sol', 'join.sol', 'flip.sol', 'flop.t.sol', 'flap.t.sol', 'flap.sol', 'frob.t.sol', 'bite.sol']
2,['flop.sol', 'join.sol', 'flip.sol', 'flop.t.sol', 'flap.t.sol', 'flap.sol', 'tune.sol', 'bite.sol']
2,['flop.sol', 'join.sol', 'flip.sol', 'flop.t.sol', 'flap.t.sol', 'drip.sol', 'frob.t.sol', 'tune.sol']
3,['flop.sol', 'join.sol', 'flip.sol', 'flop.t.sol', 'flap.t.sol', 'drip.sol', 'frob.t.sol', 'bite.sol']
3,['flop.sol', 'join.sol', 'flip.sol', 'flop.t.sol', 'flap.t.sol', 'drip.sol', 'tune.sol', 'bite.sol']
3,['flop.sol', 'join.sol', 'flip.sol', 'flop.t.sol', 'flap.t.sol', 'frob.t.sol', 'tune.sol', 'bite.sol']
4,['flop.sol', 'join.sol', 'flip.sol', 'flop.t.sol', 'heal.sol', 'drip.t.sol', 'heal.t.sol', 'flap.sol']
3,['flop.sol', 'join.sol', 'flip.sol', 'flop.t.sol', 'heal.sol', 'drip.t.sol', 'heal.t.sol', 'drip.sol']
2,['flop.sol', 'join.sol', 'flip.sol', 'flop.t.sol', 'heal.sol', 'drip.t.sol', 'heal.t.sol', 'frob.t.sol']
2,['flop.sol', 'join.sol', 'flip.sol', 'flop.t.sol', 'heal.sol', 'drip.t.sol', 'heal.t.sol', 'tune.sol']
3,['flop.sol', 'join.sol', 'flip.sol', 'flop.t.sol', 'heal.sol', 'drip.t.sol', 'heal.t.sol', 'bite.sol']
2,['flop.sol', 'join.sol', 'flip.sol', 'flop.t.sol', 'heal.sol', 'drip.t.sol', 'flap.sol', 'drip.sol']
2,['flop.sol', 'join.sol', 'flip.sol', 'flop.t.sol', 'heal.sol', 'drip.t.sol', 'flap.sol', 'frob.t.sol']
2,['flop.sol', 'join.sol', 'flip.sol', 'flop.t.sol', 'heal.sol', 'drip.t.sol', 'flap.sol', 'tune.sol']
2,['flop.sol', 'join.sol', 'flip.sol', 'flop.t.sol', 'heal.sol', 'drip.t.sol', 'flap.sol', 'bite.sol']
3,['flop.sol', 'join.sol', 'flip.sol', 'flop.t.sol', 'heal.sol', 'drip.t.sol', 'drip.sol', 'frob.t.sol']
2,['flop.sol', 'join.sol', 'flip.sol', 'flop.t.sol', 'heal.sol', 'drip.t.sol', 'drip.sol', 'tune.sol']
2,['flop.sol', 'join.sol', 'flip.sol', 'flop.t.sol', 'heal.sol', 'drip.t.sol', 'drip.sol', 'bite.sol']
2,['flop.sol', 'join.sol', 'flip.sol', 'flop.t.sol', 'heal.sol', 'drip.t.sol', 'frob.t.sol', 'tune.sol']
3,['flop.sol', 'join.sol', 'flip.sol', 'flop.t.sol', 'heal.sol', 'drip.t.sol', 'frob.t.sol', 'bite.sol']
1,['flop.sol', 'join.sol', 'flip.sol', 'flop.t.sol', 'heal.sol', 'drip.t.sol', 'tune.sol', 'bite.sol']
4,['flop.sol', 'join.sol', 'flip.sol', 'flop.t.sol', 'heal.sol', 'heal.t.sol', 'flap.sol', 'drip.sol']
3,['flop.sol', 'join.sol', 'flip.sol', 'flop.t.sol', 'heal.sol', 'heal.t.sol', 'flap.sol', 'frob.t.sol']
3,['flop.sol', 'join.sol', 'flip.sol', 'flop.t.sol', 'heal.sol', 'heal.t.sol', 'flap.sol', 'tune.sol']
5,['flop.sol', 'join.sol', 'flip.sol', 'flop.t.sol', 'heal.sol', 'heal.t.sol', 'flap.sol', 'bite.sol']
2,['flop.sol', 'join.sol', 'flip.sol', 'flop.t.sol', 'heal.sol', 'heal.t.sol', 'drip.sol', 'frob.t.sol']
2,['flop.sol', 'join.sol', 'flip.sol', 'flop.t.sol', 'heal.sol', 'heal.t.sol', 'drip.sol', 'tune.sol']
2,['flop.sol', 'join.sol', 'flip.sol', 'flop.t.sol', 'heal.sol', 'heal.t.sol', 'drip.sol', 'bite.sol']
3,['flop.sol', 'join.sol', 'flip.sol', 'flop.t.sol', 'heal.sol', 'heal.t.sol', 'frob.t.sol', 'tune.sol']
3,['flop.sol', 'join.sol', 'flip.sol', 'flop.t.sol', 'heal.sol', 'heal.t.sol', 'frob.t.sol', 'bite.sol']
3,['flop.sol', 'join.sol', 'flip.sol', 'flop.t.sol', 'heal.sol', 'heal.t.sol', 'tune.sol', 'bite.sol']
2,['flop.sol', 'join.sol', 'flip.sol', 'flop.t.sol', 'heal.sol', 'flap.sol', 'drip.sol', 'frob.t.sol']
2,['flop.sol', 'join.sol', 'flip.sol', 'flop.t.sol', 'heal.sol', 'flap.sol', 'drip.sol', 'tune.sol']
1,['flop.sol', 'join.sol', 'flip.sol', 'flop.t.sol', 'heal.sol', 'flap.sol', 'drip.sol', 'bite.sol']
3,['flop.sol', 'join.sol', 'flip.sol', 'flop.t.sol', 'heal.sol', 'flap.sol', 'frob.t.sol', 'tune.sol']
3,['flop.sol', 'join.sol', 'flip.sol', 'flop.t.sol', 'heal.sol', 'flap.sol', 'frob.t.sol', 'bite.sol']
2,['flop.sol', 'join.sol', 'flip.sol', 'flop.t.sol', 'heal.sol', 'flap.sol', 'tune.sol', 'bite.sol']
2,['flop.sol', 'join.sol', 'flip.sol', 'flop.t.sol', 'heal.sol', 'drip.sol', 'frob.t.sol', 'tune.sol']
2,['flop.sol', 'join.sol', 'flip.sol', 'flop.t.sol', 'heal.sol', 'drip.sol', 'frob.t.sol', 'bite.sol']
2,['flop.sol', 'join.sol', 'flip.sol', 'flop.t.sol', 'heal.sol', 'drip.sol', 'tune.sol', 'bite.sol']
3,['flop.sol', 'join.sol', 'flip.sol', 'flop.t.sol', 'heal.sol', 'frob.t.sol', 'tune.sol', 'bite.sol']
3,['flop.sol', 'join.sol', 'flip.sol', 'flop.t.sol', 'drip.t.sol', 'heal.t.sol', 'flap.sol', 'drip.sol']
2,['flop.sol', 'join.sol', 'flip.sol', 'flop.t.sol', 'drip.t.sol', 'heal.t.sol', 'flap.sol', 'frob.t.sol']
2,['flop.sol', 'join.sol', 'flip.sol', 'flop.t.sol', 'drip.t.sol', 'heal.t.sol', 'flap.sol', 'tune.sol']
3,['flop.sol', 'join.sol', 'flip.sol', 'flop.t.sol', 'drip.t.sol', 'heal.t.sol', 'flap.sol', 'bite.sol']
2,['flop.sol', 'join.sol', 'flip.sol', 'flop.t.sol', 'drip.t.sol', 'heal.t.sol', 'drip.sol', 'frob.t.sol']
2,['flop.sol', 'join.sol', 'flip.sol', 'flop.t.sol', 'drip.t.sol', 'heal.t.sol', 'drip.sol', 'tune.sol']
3,['flop.sol', 'join.sol', 'flip.sol', 'flop.t.sol', 'drip.t.sol', 'heal.t.sol', 'drip.sol', 'bite.sol']
2,['flop.sol', 'join.sol', 'flip.sol', 'flop.t.sol', 'drip.t.sol', 'heal.t.sol', 'frob.t.sol', 'tune.sol']
2,['flop.sol', 'join.sol', 'flip.sol', 'flop.t.sol', 'drip.t.sol', 'heal.t.sol', 'frob.t.sol', 'bite.sol']
2,['flop.sol', 'join.sol', 'flip.sol', 'flop.t.sol', 'drip.t.sol', 'heal.t.sol', 'tune.sol', 'bite.sol']
2,['flop.sol', 'join.sol', 'flip.sol', 'flop.t.sol', 'drip.t.sol', 'flap.sol', 'drip.sol', 'frob.t.sol']
2,['flop.sol', 'join.sol', 'flip.sol', 'flop.t.sol', 'drip.t.sol', 'flap.sol', 'drip.sol', 'tune.sol']
2,['flop.sol', 'join.sol', 'flip.sol', 'flop.t.sol', 'drip.t.sol', 'flap.sol', 'drip.sol', 'bite.sol']
2,['flop.sol', 'join.sol', 'flip.sol', 'flop.t.sol', 'drip.t.sol', 'flap.sol', 'frob.t.sol', 'tune.sol']
2,['flop.sol', 'join.sol', 'flip.sol', 'flop.t.sol', 'drip.t.sol', 'flap.sol', 'frob.t.sol', 'bite.sol']
2,['flop.sol', 'join.sol', 'flip.sol', 'flop.t.sol', 'drip.t.sol', 'flap.sol', 'tune.sol', 'bite.sol']
2,['flop.sol', 'join.sol', 'flip.sol', 'flop.t.sol', 'drip.t.sol', 'drip.sol', 'frob.t.sol', 'tune.sol']
3,['flop.sol', 'join.sol', 'flip.sol', 'flop.t.sol', 'drip.t.sol', 'drip.sol', 'frob.t.sol', 'bite.sol']
2,['flop.sol', 'join.sol', 'flip.sol', 'flop.t.sol', 'drip.t.sol', 'drip.sol', 'tune.sol', 'bite.sol']
2,['flop.sol', 'join.sol', 'flip.sol', 'flop.t.sol', 'drip.t.sol', 'frob.t.sol', 'tune.sol', 'bite.sol']
2,['flop.sol', 'join.sol', 'flip.sol', 'flop.t.sol', 'heal.t.sol', 'flap.sol', 'drip.sol', 'frob.t.sol']
3,['flop.sol', 'join.sol', 'flip.sol', 'flop.t.sol', 'heal.t.sol', 'flap.sol', 'drip.sol', 'tune.sol']
3,['flop.sol', 'join.sol', 'flip.sol', 'flop.t.sol', 'heal.t.sol', 'flap.sol', 'drip.sol', 'bite.sol']
3,['flop.sol', 'join.sol', 'flip.sol', 'flop.t.sol', 'heal.t.sol', 'flap.sol', 'frob.t.sol', 'tune.sol']
3,['flop.sol', 'join.sol', 'flip.sol', 'flop.t.sol', 'heal.t.sol', 'flap.sol', 'frob.t.sol', 'bite.sol']
3,['flop.sol', 'join.sol', 'flip.sol', 'flop.t.sol', 'heal.t.sol', 'flap.sol', 'tune.sol', 'bite.sol']
2,['flop.sol', 'join.sol', 'flip.sol', 'flop.t.sol', 'heal.t.sol', 'drip.sol', 'frob.t.sol', 'tune.sol']
2,['flop.sol', 'join.sol', 'flip.sol', 'flop.t.sol', 'heal.t.sol', 'drip.sol', 'frob.t.sol', 'bite.sol']
2,['flop.sol', 'join.sol', 'flip.sol', 'flop.t.sol', 'heal.t.sol', 'drip.sol', 'tune.sol', 'bite.sol']
3,['flop.sol', 'join.sol', 'flip.sol', 'flop.t.sol', 'heal.t.sol', 'frob.t.sol', 'tune.sol', 'bite.sol']
3,['flop.sol', 'join.sol', 'flip.sol', 'flop.t.sol', 'flap.sol', 'drip.sol', 'frob.t.sol', 'tune.sol']
2,['flop.sol', 'join.sol', 'flip.sol', 'flop.t.sol', 'flap.sol', 'drip.sol', 'frob.t.sol', 'bite.sol']
2,['flop.sol', 'join.sol', 'flip.sol', 'flop.t.sol', 'flap.sol', 'drip.sol', 'tune.sol', 'bite.sol']
3,['flop.sol', 'join.sol', 'flip.sol', 'flop.t.sol', 'flap.sol', 'frob.t.sol', 'tune.sol', 'bite.sol']
2,['flop.sol', 'join.sol', 'flip.sol', 'flop.t.sol', 'drip.sol', 'frob.t.sol', 'tune.sol', 'bite.sol']
4,['flop.sol', 'join.sol', 'flip.sol', 'flap.t.sol', 'heal.sol', 'drip.t.sol', 'heal.t.sol', 'flap.sol']
3,['flop.sol', 'join.sol', 'flip.sol', 'flap.t.sol', 'heal.sol', 'drip.t.sol', 'heal.t.sol', 'drip.sol']
2,['flop.sol', 'join.sol', 'flip.sol', 'flap.t.sol', 'heal.sol', 'drip.t.sol', 'heal.t.sol', 'frob.t.sol']
2,['flop.sol', 'join.sol', 'flip.sol', 'flap.t.sol', 'heal.sol', 'drip.t.sol', 'heal.t.sol', 'tune.sol']
2,['flop.sol', 'join.sol', 'flip.sol', 'flap.t.sol', 'heal.sol', 'drip.t.sol', 'heal.t.sol', 'bite.sol']
2,['flop.sol', 'join.sol', 'flip.sol', 'flap.t.sol', 'heal.sol', 'drip.t.sol', 'flap.sol', 'drip.sol']
2,['flop.sol', 'join.sol', 'flip.sol', 'flap.t.sol', 'heal.sol', 'drip.t.sol', 'flap.sol', 'frob.t.sol']
1,['flop.sol', 'join.sol', 'flip.sol', 'flap.t.sol', 'heal.sol', 'drip.t.sol', 'flap.sol', 'tune.sol']
2,['flop.sol', 'join.sol', 'flip.sol', 'flap.t.sol', 'heal.sol', 'drip.t.sol', 'flap.sol', 'bite.sol']
3,['flop.sol', 'join.sol', 'flip.sol', 'flap.t.sol', 'heal.sol', 'drip.t.sol', 'drip.sol', 'frob.t.sol']
2,['flop.sol', 'join.sol', 'flip.sol', 'flap.t.sol', 'heal.sol', 'drip.t.sol', 'drip.sol', 'tune.sol']
2,['flop.sol', 'join.sol', 'flip.sol', 'flap.t.sol', 'heal.sol', 'drip.t.sol', 'drip.sol', 'bite.sol']
2,['flop.sol', 'join.sol', 'flip.sol', 'flap.t.sol', 'heal.sol', 'drip.t.sol', 'frob.t.sol', 'tune.sol']
2,['flop.sol', 'join.sol', 'flip.sol', 'flap.t.sol', 'heal.sol', 'drip.t.sol', 'frob.t.sol', 'bite.sol']
1,['flop.sol', 'join.sol', 'flip.sol', 'flap.t.sol', 'heal.sol', 'drip.t.sol', 'tune.sol', 'bite.sol']
4,['flop.sol', 'join.sol', 'flip.sol', 'flap.t.sol', 'heal.sol', 'heal.t.sol', 'flap.sol', 'drip.sol']
3,['flop.sol', 'join.sol', 'flip.sol', 'flap.t.sol', 'heal.sol', 'heal.t.sol', 'flap.sol', 'frob.t.sol']
3,['flop.sol', 'join.sol', 'flip.sol', 'flap.t.sol', 'heal.sol', 'heal.t.sol', 'flap.sol', 'tune.sol']
5,['flop.sol', 'join.sol', 'flip.sol', 'flap.t.sol', 'heal.sol', 'heal.t.sol', 'flap.sol', 'bite.sol']
2,['flop.sol', 'join.sol', 'flip.sol', 'flap.t.sol', 'heal.sol', 'heal.t.sol', 'drip.sol', 'frob.t.sol']
2,['flop.sol', 'join.sol', 'flip.sol', 'flap.t.sol', 'heal.sol', 'heal.t.sol', 'drip.sol', 'tune.sol']
2,['flop.sol', 'join.sol', 'flip.sol', 'flap.t.sol', 'heal.sol', 'heal.t.sol', 'drip.sol', 'bite.sol']
3,['flop.sol', 'join.sol', 'flip.sol', 'flap.t.sol', 'heal.sol', 'heal.t.sol', 'frob.t.sol', 'tune.sol']
3,['flop.sol', 'join.sol', 'flip.sol', 'flap.t.sol', 'heal.sol', 'heal.t.sol', 'frob.t.sol', 'bite.sol']
3,['flop.sol', 'join.sol', 'flip.sol', 'flap.t.sol', 'heal.sol', 'heal.t.sol', 'tune.sol', 'bite.sol']
2,['flop.sol', 'join.sol', 'flip.sol', 'flap.t.sol', 'heal.sol', 'flap.sol', 'drip.sol', 'frob.t.sol']
2,['flop.sol', 'join.sol', 'flip.sol', 'flap.t.sol', 'heal.sol', 'flap.sol', 'drip.sol', 'tune.sol']
2,['flop.sol', 'join.sol', 'flip.sol', 'flap.t.sol', 'heal.sol', 'flap.sol', 'drip.sol', 'bite.sol']
3,['flop.sol', 'join.sol', 'flip.sol', 'flap.t.sol', 'heal.sol', 'flap.sol', 'frob.t.sol', 'tune.sol']
3,['flop.sol', 'join.sol', 'flip.sol', 'flap.t.sol', 'heal.sol', 'flap.sol', 'frob.t.sol', 'bite.sol']
2,['flop.sol', 'join.sol', 'flip.sol', 'flap.t.sol', 'heal.sol', 'flap.sol', 'tune.sol', 'bite.sol']
3,['flop.sol', 'join.sol', 'flip.sol', 'flap.t.sol', 'heal.sol', 'drip.sol', 'frob.t.sol', 'tune.sol']
2,['flop.sol', 'join.sol', 'flip.sol', 'flap.t.sol', 'heal.sol', 'drip.sol', 'frob.t.sol', 'bite.sol']
2,['flop.sol', 'join.sol', 'flip.sol', 'flap.t.sol', 'heal.sol', 'drip.sol', 'tune.sol', 'bite.sol']
3,['flop.sol', 'join.sol', 'flip.sol', 'flap.t.sol', 'heal.sol', 'frob.t.sol', 'tune.sol', 'bite.sol']
3,['flop.sol', 'join.sol', 'flip.sol', 'flap.t.sol', 'drip.t.sol', 'heal.t.sol', 'flap.sol', 'drip.sol']
2,['flop.sol', 'join.sol', 'flip.sol', 'flap.t.sol', 'drip.t.sol', 'heal.t.sol', 'flap.sol', 'frob.t.sol']
2,['flop.sol', 'join.sol', 'flip.sol', 'flap.t.sol', 'drip.t.sol', 'heal.t.sol', 'flap.sol', 'tune.sol']
3,['flop.sol', 'join.sol', 'flip.sol', 'flap.t.sol', 'drip.t.sol', 'heal.t.sol', 'flap.sol', 'bite.sol']
2,['flop.sol', 'join.sol', 'flip.sol', 'flap.t.sol', 'drip.t.sol', 'heal.t.sol', 'drip.sol', 'frob.t.sol']
2,['flop.sol', 'join.sol', 'flip.sol', 'flap.t.sol', 'drip.t.sol', 'heal.t.sol', 'drip.sol', 'tune.sol']
3,['flop.sol', 'join.sol', 'flip.sol', 'flap.t.sol', 'drip.t.sol', 'heal.t.sol', 'drip.sol', 'bite.sol']
2,['flop.sol', 'join.sol', 'flip.sol', 'flap.t.sol', 'drip.t.sol', 'heal.t.sol', 'frob.t.sol', 'tune.sol']
2,['flop.sol', 'join.sol', 'flip.sol', 'flap.t.sol', 'drip.t.sol', 'heal.t.sol', 'frob.t.sol', 'bite.sol']
2,['flop.sol', 'join.sol', 'flip.sol', 'flap.t.sol', 'drip.t.sol', 'heal.t.sol', 'tune.sol', 'bite.sol']
2,['flop.sol', 'join.sol', 'flip.sol', 'flap.t.sol', 'drip.t.sol', 'flap.sol', 'drip.sol', 'frob.t.sol']
2,['flop.sol', 'join.sol', 'flip.sol', 'flap.t.sol', 'drip.t.sol', 'flap.sol', 'drip.sol', 'tune.sol']
2,['flop.sol', 'join.sol', 'flip.sol', 'flap.t.sol', 'drip.t.sol', 'flap.sol', 'drip.sol', 'bite.sol']
2,['flop.sol', 'join.sol', 'flip.sol', 'flap.t.sol', 'drip.t.sol', 'flap.sol', 'frob.t.sol', 'tune.sol']
2,['flop.sol', 'join.sol', 'flip.sol', 'flap.t.sol', 'drip.t.sol', 'flap.sol', 'frob.t.sol', 'bite.sol']
2,['flop.sol', 'join.sol', 'flip.sol', 'flap.t.sol', 'drip.t.sol', 'flap.sol', 'tune.sol', 'bite.sol']
2,['flop.sol', 'join.sol', 'flip.sol', 'flap.t.sol', 'drip.t.sol', 'drip.sol', 'frob.t.sol', 'tune.sol']
3,['flop.sol', 'join.sol', 'flip.sol', 'flap.t.sol', 'drip.t.sol', 'drip.sol', 'frob.t.sol', 'bite.sol']
2,['flop.sol', 'join.sol', 'flip.sol', 'flap.t.sol', 'drip.t.sol', 'drip.sol', 'tune.sol', 'bite.sol']
2,['flop.sol', 'join.sol', 'flip.sol', 'flap.t.sol', 'drip.t.sol', 'frob.t.sol', 'tune.sol', 'bite.sol']
2,['flop.sol', 'join.sol', 'flip.sol', 'flap.t.sol', 'heal.t.sol', 'flap.sol', 'drip.sol', 'frob.t.sol']
3,['flop.sol', 'join.sol', 'flip.sol', 'flap.t.sol', 'heal.t.sol', 'flap.sol', 'drip.sol', 'tune.sol']
2,['flop.sol', 'join.sol', 'flip.sol', 'flap.t.sol', 'heal.t.sol', 'flap.sol', 'drip.sol', 'bite.sol']
3,['flop.sol', 'join.sol', 'flip.sol', 'flap.t.sol', 'heal.t.sol', 'flap.sol', 'frob.t.sol', 'tune.sol']
3,['flop.sol', 'join.sol', 'flip.sol', 'flap.t.sol', 'heal.t.sol', 'flap.sol', 'frob.t.sol', 'bite.sol']
3,['flop.sol', 'join.sol', 'flip.sol', 'flap.t.sol', 'heal.t.sol', 'flap.sol', 'tune.sol', 'bite.sol']
2,['flop.sol', 'join.sol', 'flip.sol', 'flap.t.sol', 'heal.t.sol', 'drip.sol', 'frob.t.sol', 'tune.sol']
2,['flop.sol', 'join.sol', 'flip.sol', 'flap.t.sol', 'heal.t.sol', 'drip.sol', 'frob.t.sol', 'bite.sol']
2,['flop.sol', 'join.sol', 'flip.sol', 'flap.t.sol', 'heal.t.sol', 'drip.sol', 'tune.sol', 'bite.sol']
3,['flop.sol', 'join.sol', 'flip.sol', 'flap.t.sol', 'heal.t.sol', 'frob.t.sol', 'tune.sol', 'bite.sol']
3,['flop.sol', 'join.sol', 'flip.sol', 'flap.t.sol', 'flap.sol', 'drip.sol', 'frob.t.sol', 'tune.sol']
2,['flop.sol', 'join.sol', 'flip.sol', 'flap.t.sol', 'flap.sol', 'drip.sol', 'frob.t.sol', 'bite.sol']
2,['flop.sol', 'join.sol', 'flip.sol', 'flap.t.sol', 'flap.sol', 'drip.sol', 'tune.sol', 'bite.sol']
3,['flop.sol', 'join.sol', 'flip.sol', 'flap.t.sol', 'flap.sol', 'frob.t.sol', 'tune.sol', 'bite.sol']
2,['flop.sol', 'join.sol', 'flip.sol', 'flap.t.sol', 'drip.sol', 'frob.t.sol', 'tune.sol', 'bite.sol']
2,['flop.sol', 'join.sol', 'flip.sol', 'heal.sol', 'drip.t.sol', 'heal.t.sol', 'flap.sol', 'drip.sol']
3,['flop.sol', 'join.sol', 'flip.sol', 'heal.sol', 'drip.t.sol', 'heal.t.sol', 'flap.sol', 'frob.t.sol']
3,['flop.sol', 'join.sol', 'flip.sol', 'heal.sol', 'drip.t.sol', 'heal.t.sol', 'flap.sol', 'tune.sol']
2,['flop.sol', 'join.sol', 'flip.sol', 'heal.sol', 'drip.t.sol', 'heal.t.sol', 'flap.sol', 'bite.sol']
4,['flop.sol', 'join.sol', 'flip.sol', 'heal.sol', 'drip.t.sol', 'heal.t.sol', 'drip.sol', 'frob.t.sol']
3,['flop.sol', 'join.sol', 'flip.sol', 'heal.sol', 'drip.t.sol', 'heal.t.sol', 'drip.sol', 'tune.sol']
2,['flop.sol', 'join.sol', 'flip.sol', 'heal.sol', 'drip.t.sol', 'heal.t.sol', 'drip.sol', 'bite.sol']
1,['flop.sol', 'join.sol', 'flip.sol', 'heal.sol', 'drip.t.sol', 'heal.t.sol', 'frob.t.sol', 'tune.sol']
4,['flop.sol', 'join.sol', 'flip.sol', 'heal.sol', 'drip.t.sol', 'heal.t.sol', 'frob.t.sol', 'bite.sol']
2,['flop.sol', 'join.sol', 'flip.sol', 'heal.sol', 'drip.t.sol', 'heal.t.sol', 'tune.sol', 'bite.sol']
3,['flop.sol', 'join.sol', 'flip.sol', 'heal.sol', 'drip.t.sol', 'flap.sol', 'drip.sol', 'frob.t.sol']
2,['flop.sol', 'join.sol', 'flip.sol', 'heal.sol', 'drip.t.sol', 'flap.sol', 'drip.sol', 'tune.sol']
2,['flop.sol', 'join.sol', 'flip.sol', 'heal.sol', 'drip.t.sol', 'flap.sol', 'drip.sol', 'bite.sol']
2,['flop.sol', 'join.sol', 'flip.sol', 'heal.sol', 'drip.t.sol', 'flap.sol', 'frob.t.sol', 'tune.sol']
2,['flop.sol', 'join.sol', 'flip.sol', 'heal.sol', 'drip.t.sol', 'flap.sol', 'frob.t.sol', 'bite.sol']
1,['flop.sol', 'join.sol', 'flip.sol', 'heal.sol', 'drip.t.sol', 'flap.sol', 'tune.sol', 'bite.sol']
2,['flop.sol', 'join.sol', 'flip.sol', 'heal.sol', 'drip.t.sol', 'drip.sol', 'frob.t.sol', 'tune.sol']
2,['flop.sol', 'join.sol', 'flip.sol', 'heal.sol', 'drip.t.sol', 'drip.sol', 'frob.t.sol', 'bite.sol']
2,['flop.sol', 'join.sol', 'flip.sol', 'heal.sol', 'drip.t.sol', 'drip.sol', 'tune.sol', 'bite.sol']
2,['flop.sol', 'join.sol', 'flip.sol', 'heal.sol', 'drip.t.sol', 'frob.t.sol', 'tune.sol', 'bite.sol']
3,['flop.sol', 'join.sol', 'flip.sol', 'heal.sol', 'heal.t.sol', 'flap.sol', 'drip.sol', 'frob.t.sol']
3,['flop.sol', 'join.sol', 'flip.sol', 'heal.sol', 'heal.t.sol', 'flap.sol', 'drip.sol', 'tune.sol']
2,['flop.sol', 'join.sol', 'flip.sol', 'heal.sol', 'heal.t.sol', 'flap.sol', 'drip.sol', 'bite.sol']
3,['flop.sol', 'join.sol', 'flip.sol', 'heal.sol', 'heal.t.sol', 'flap.sol', 'frob.t.sol', 'tune.sol']
3,['flop.sol', 'join.sol', 'flip.sol', 'heal.sol', 'heal.t.sol', 'flap.sol', 'frob.t.sol', 'bite.sol']
4,['flop.sol', 'join.sol', 'flip.sol', 'heal.sol', 'heal.t.sol', 'flap.sol', 'tune.sol', 'bite.sol']
2,['flop.sol', 'join.sol', 'flip.sol', 'heal.sol', 'heal.t.sol', 'drip.sol', 'frob.t.sol', 'tune.sol']
5,['flop.sol', 'join.sol', 'flip.sol', 'heal.sol', 'heal.t.sol', 'drip.sol', 'frob.t.sol', 'bite.sol']
3,['flop.sol', 'join.sol', 'flip.sol', 'heal.sol', 'heal.t.sol', 'drip.sol', 'tune.sol', 'bite.sol']
2,['flop.sol', 'join.sol', 'flip.sol', 'heal.sol', 'heal.t.sol', 'frob.t.sol', 'tune.sol', 'bite.sol']
2,['flop.sol', 'join.sol', 'flip.sol', 'heal.sol', 'flap.sol', 'drip.sol', 'frob.t.sol', 'tune.sol']
2,['flop.sol', 'join.sol', 'flip.sol', 'heal.sol', 'flap.sol', 'drip.sol', 'frob.t.sol', 'bite.sol']
2,['flop.sol', 'join.sol', 'flip.sol', 'heal.sol', 'flap.sol', 'drip.sol', 'tune.sol', 'bite.sol']
2,['flop.sol', 'join.sol', 'flip.sol', 'heal.sol', 'flap.sol', 'frob.t.sol', 'tune.sol', 'bite.sol']
1,['flop.sol', 'join.sol', 'flip.sol', 'heal.sol', 'drip.sol', 'frob.t.sol', 'tune.sol', 'bite.sol']
3,['flop.sol', 'join.sol', 'flip.sol', 'drip.t.sol', 'heal.t.sol', 'flap.sol', 'drip.sol', 'frob.t.sol']
3,['flop.sol', 'join.sol', 'flip.sol', 'drip.t.sol', 'heal.t.sol', 'flap.sol', 'drip.sol', 'tune.sol']
2,['flop.sol', 'join.sol', 'flip.sol', 'drip.t.sol', 'heal.t.sol', 'flap.sol', 'drip.sol', 'bite.sol']
2,['flop.sol', 'join.sol', 'flip.sol', 'drip.t.sol', 'heal.t.sol', 'flap.sol', 'frob.t.sol', 'tune.sol']
3,['flop.sol', 'join.sol', 'flip.sol', 'drip.t.sol', 'heal.t.sol', 'flap.sol', 'frob.t.sol', 'bite.sol']
2,['flop.sol', 'join.sol', 'flip.sol', 'drip.t.sol', 'heal.t.sol', 'flap.sol', 'tune.sol', 'bite.sol']
2,['flop.sol', 'join.sol', 'flip.sol', 'drip.t.sol', 'heal.t.sol', 'drip.sol', 'frob.t.sol', 'tune.sol']
4,['flop.sol', 'join.sol', 'flip.sol', 'drip.t.sol', 'heal.t.sol', 'drip.sol', 'frob.t.sol', 'bite.sol']
3,['flop.sol', 'join.sol', 'flip.sol', 'drip.t.sol', 'heal.t.sol', 'drip.sol', 'tune.sol', 'bite.sol']
1,['flop.sol', 'join.sol', 'flip.sol', 'drip.t.sol', 'heal.t.sol', 'frob.t.sol', 'tune.sol', 'bite.sol']
2,['flop.sol', 'join.sol', 'flip.sol', 'drip.t.sol', 'flap.sol', 'drip.sol', 'frob.t.sol', 'tune.sol']
2,['flop.sol', 'join.sol', 'flip.sol', 'drip.t.sol', 'flap.sol', 'drip.sol', 'frob.t.sol', 'bite.sol']
2,['flop.sol', 'join.sol', 'flip.sol', 'drip.t.sol', 'flap.sol', 'drip.sol', 'tune.sol', 'bite.sol']
1,['flop.sol', 'join.sol', 'flip.sol', 'drip.t.sol', 'flap.sol', 'frob.t.sol', 'tune.sol', 'bite.sol']
2,['flop.sol', 'join.sol', 'flip.sol', 'drip.t.sol', 'drip.sol', 'frob.t.sol', 'tune.sol', 'bite.sol']
2,['flop.sol', 'join.sol', 'flip.sol', 'heal.t.sol', 'flap.sol', 'drip.sol', 'frob.t.sol', 'tune.sol']
3,['flop.sol', 'join.sol', 'flip.sol', 'heal.t.sol', 'flap.sol', 'drip.sol', 'frob.t.sol', 'bite.sol']
3,['flop.sol', 'join.sol', 'flip.sol', 'heal.t.sol', 'flap.sol', 'drip.sol', 'tune.sol', 'bite.sol']
2,['flop.sol', 'join.sol', 'flip.sol', 'heal.t.sol', 'flap.sol', 'frob.t.sol', 'tune.sol', 'bite.sol']
1,['flop.sol', 'join.sol', 'flip.sol', 'heal.t.sol', 'drip.sol', 'frob.t.sol', 'tune.sol', 'bite.sol']
1,['flop.sol', 'join.sol', 'flip.sol', 'flap.sol', 'drip.sol', 'frob.t.sol', 'tune.sol', 'bite.sol']
3,['flop.sol', 'join.sol', 'transferFrom.sol', 'frob.sol', 'flip.t.sol', 'flop.t.sol', 'flap.t.sol', 'heal.sol']
4,['flop.sol', 'join.sol', 'transferFrom.sol', 'frob.sol', 'flip.t.sol', 'flop.t.sol', 'flap.t.sol', 'drip.t.sol']
4,['flop.sol', 'join.sol', 'transferFrom.sol', 'frob.sol', 'flip.t.sol', 'flop.t.sol', 'flap.t.sol', 'heal.t.sol']
4,['flop.sol', 'join.sol', 'transferFrom.sol', 'frob.sol', 'flip.t.sol', 'flop.t.sol', 'flap.t.sol', 'flap.sol']
4,['flop.sol', 'join.sol', 'transferFrom.sol', 'frob.sol', 'flip.t.sol', 'flop.t.sol', 'flap.t.sol', 'drip.sol']
3,['flop.sol', 'join.sol', 'transferFrom.sol', 'frob.sol', 'flip.t.sol', 'flop.t.sol', 'flap.t.sol', 'frob.t.sol']
2,['flop.sol', 'join.sol', 'transferFrom.sol', 'frob.sol', 'flip.t.sol', 'flop.t.sol', 'flap.t.sol', 'tune.sol']
3,['flop.sol', 'join.sol', 'transferFrom.sol', 'frob.sol', 'flip.t.sol', 'flop.t.sol', 'flap.t.sol', 'bite.sol']
3,['flop.sol', 'join.sol', 'transferFrom.sol', 'frob.sol', 'flip.t.sol', 'flop.t.sol', 'heal.sol', 'drip.t.sol']
4,['flop.sol', 'join.sol', 'transferFrom.sol', 'frob.sol', 'flip.t.sol', 'flop.t.sol', 'heal.sol', 'heal.t.sol']
3,['flop.sol', 'join.sol', 'transferFrom.sol', 'frob.sol', 'flip.t.sol', 'flop.t.sol', 'heal.sol', 'flap.sol']
3,['flop.sol', 'join.sol', 'transferFrom.sol', 'frob.sol', 'flip.t.sol', 'flop.t.sol', 'heal.sol', 'drip.sol']
3,['flop.sol', 'join.sol', 'transferFrom.sol', 'frob.sol', 'flip.t.sol', 'flop.t.sol', 'heal.sol', 'frob.t.sol']
2,['flop.sol', 'join.sol', 'transferFrom.sol', 'frob.sol', 'flip.t.sol', 'flop.t.sol', 'heal.sol', 'tune.sol']
3,['flop.sol', 'join.sol', 'transferFrom.sol', 'frob.sol', 'flip.t.sol', 'flop.t.sol', 'heal.sol', 'bite.sol']
3,['flop.sol', 'join.sol', 'transferFrom.sol', 'frob.sol', 'flip.t.sol', 'flop.t.sol', 'drip.t.sol', 'heal.t.sol']
4,['flop.sol', 'join.sol', 'transferFrom.sol', 'frob.sol', 'flip.t.sol', 'flop.t.sol', 'drip.t.sol', 'flap.sol']
3,['flop.sol', 'join.sol', 'transferFrom.sol', 'frob.sol', 'flip.t.sol', 'flop.t.sol', 'drip.t.sol', 'drip.sol']
2,['flop.sol', 'join.sol', 'transferFrom.sol', 'frob.sol', 'flip.t.sol', 'flop.t.sol', 'drip.t.sol', 'frob.t.sol']
2,['flop.sol', 'join.sol', 'transferFrom.sol', 'frob.sol', 'flip.t.sol', 'flop.t.sol', 'drip.t.sol', 'tune.sol']
3,['flop.sol', 'join.sol', 'transferFrom.sol', 'frob.sol', 'flip.t.sol', 'flop.t.sol', 'drip.t.sol', 'bite.sol']
4,['flop.sol', 'join.sol', 'transferFrom.sol', 'frob.sol', 'flip.t.sol', 'flop.t.sol', 'heal.t.sol', 'flap.sol']
3,['flop.sol', 'join.sol', 'transferFrom.sol', 'frob.sol', 'flip.t.sol', 'flop.t.sol', 'heal.t.sol', 'drip.sol']
3,['flop.sol', 'join.sol', 'transferFrom.sol', 'frob.sol', 'flip.t.sol', 'flop.t.sol', 'heal.t.sol', 'frob.t.sol']
3,['flop.sol', 'join.sol', 'transferFrom.sol', 'frob.sol', 'flip.t.sol', 'flop.t.sol', 'heal.t.sol', 'tune.sol']
4,['flop.sol', 'join.sol', 'transferFrom.sol', 'frob.sol', 'flip.t.sol', 'flop.t.sol', 'heal.t.sol', 'bite.sol']
5,['flop.sol', 'join.sol', 'transferFrom.sol', 'frob.sol', 'flip.t.sol', 'flop.t.sol', 'flap.sol', 'drip.sol']
3,['flop.sol', 'join.sol', 'transferFrom.sol', 'frob.sol', 'flip.t.sol', 'flop.t.sol', 'flap.sol', 'frob.t.sol']
2,['flop.sol', 'join.sol', 'transferFrom.sol', 'frob.sol', 'flip.t.sol', 'flop.t.sol', 'flap.sol', 'tune.sol']
4,['flop.sol', 'join.sol', 'transferFrom.sol', 'frob.sol', 'flip.t.sol', 'flop.t.sol', 'flap.sol', 'bite.sol']
3,['flop.sol', 'join.sol', 'transferFrom.sol', 'frob.sol', 'flip.t.sol', 'flop.t.sol', 'drip.sol', 'frob.t.sol']
2,['flop.sol', 'join.sol', 'transferFrom.sol', 'frob.sol', 'flip.t.sol', 'flop.t.sol', 'drip.sol', 'tune.sol']
5,['flop.sol', 'join.sol', 'transferFrom.sol', 'frob.sol', 'flip.t.sol', 'flop.t.sol', 'drip.sol', 'bite.sol']
3,['flop.sol', 'join.sol', 'transferFrom.sol', 'frob.sol', 'flip.t.sol', 'flop.t.sol', 'frob.t.sol', 'tune.sol']
3,['flop.sol', 'join.sol', 'transferFrom.sol', 'frob.sol', 'flip.t.sol', 'flop.t.sol', 'frob.t.sol', 'bite.sol']
2,['flop.sol', 'join.sol', 'transferFrom.sol', 'frob.sol', 'flip.t.sol', 'flop.t.sol', 'tune.sol', 'bite.sol']
3,['flop.sol', 'join.sol', 'transferFrom.sol', 'frob.sol', 'flip.t.sol', 'flap.t.sol', 'heal.sol', 'drip.t.sol']
4,['flop.sol', 'join.sol', 'transferFrom.sol', 'frob.sol', 'flip.t.sol', 'flap.t.sol', 'heal.sol', 'heal.t.sol']
3,['flop.sol', 'join.sol', 'transferFrom.sol', 'frob.sol', 'flip.t.sol', 'flap.t.sol', 'heal.sol', 'flap.sol']
3,['flop.sol', 'join.sol', 'transferFrom.sol', 'frob.sol', 'flip.t.sol', 'flap.t.sol', 'heal.sol', 'drip.sol']
3,['flop.sol', 'join.sol', 'transferFrom.sol', 'frob.sol', 'flip.t.sol', 'flap.t.sol', 'heal.sol', 'frob.t.sol']
2,['flop.sol', 'join.sol', 'transferFrom.sol', 'frob.sol', 'flip.t.sol', 'flap.t.sol', 'heal.sol', 'tune.sol']
3,['flop.sol', 'join.sol', 'transferFrom.sol', 'frob.sol', 'flip.t.sol', 'flap.t.sol', 'heal.sol', 'bite.sol']
3,['flop.sol', 'join.sol', 'transferFrom.sol', 'frob.sol', 'flip.t.sol', 'flap.t.sol', 'drip.t.sol', 'heal.t.sol']
4,['flop.sol', 'join.sol', 'transferFrom.sol', 'frob.sol', 'flip.t.sol', 'flap.t.sol', 'drip.t.sol', 'flap.sol']
5,['flop.sol', 'join.sol', 'transferFrom.sol', 'frob.sol', 'flip.t.sol', 'flap.t.sol', 'drip.t.sol', 'drip.sol']
2,['flop.sol', 'join.sol', 'transferFrom.sol', 'frob.sol', 'flip.t.sol', 'flap.t.sol', 'drip.t.sol', 'frob.t.sol']
2,['flop.sol', 'join.sol', 'transferFrom.sol', 'frob.sol', 'flip.t.sol', 'flap.t.sol', 'drip.t.sol', 'tune.sol']
2,['flop.sol', 'join.sol', 'transferFrom.sol', 'frob.sol', 'flip.t.sol', 'flap.t.sol', 'drip.t.sol', 'bite.sol']
4,['flop.sol', 'join.sol', 'transferFrom.sol', 'frob.sol', 'flip.t.sol', 'flap.t.sol', 'heal.t.sol', 'flap.sol']
3,['flop.sol', 'join.sol', 'transferFrom.sol', 'frob.sol', 'flip.t.sol', 'flap.t.sol', 'heal.t.sol', 'drip.sol']
3,['flop.sol', 'join.sol', 'transferFrom.sol', 'frob.sol', 'flip.t.sol', 'flap.t.sol', 'heal.t.sol', 'frob.t.sol']
3,['flop.sol', 'join.sol', 'transferFrom.sol', 'frob.sol', 'flip.t.sol', 'flap.t.sol', 'heal.t.sol', 'tune.sol']
4,['flop.sol', 'join.sol', 'transferFrom.sol', 'frob.sol', 'flip.t.sol', 'flap.t.sol', 'heal.t.sol', 'bite.sol']
4,['flop.sol', 'join.sol', 'transferFrom.sol', 'frob.sol', 'flip.t.sol', 'flap.t.sol', 'flap.sol', 'drip.sol']
3,['flop.sol', 'join.sol', 'transferFrom.sol', 'frob.sol', 'flip.t.sol', 'flap.t.sol', 'flap.sol', 'frob.t.sol']
2,['flop.sol', 'join.sol', 'transferFrom.sol', 'frob.sol', 'flip.t.sol', 'flap.t.sol', 'flap.sol', 'tune.sol']
4,['flop.sol', 'join.sol', 'transferFrom.sol', 'frob.sol', 'flip.t.sol', 'flap.t.sol', 'flap.sol', 'bite.sol']
2,['flop.sol', 'join.sol', 'transferFrom.sol', 'frob.sol', 'flip.t.sol', 'flap.t.sol', 'drip.sol', 'frob.t.sol']
2,['flop.sol', 'join.sol', 'transferFrom.sol', 'frob.sol', 'flip.t.sol', 'flap.t.sol', 'drip.sol', 'tune.sol']
5,['flop.sol', 'join.sol', 'transferFrom.sol', 'frob.sol', 'flip.t.sol', 'flap.t.sol', 'drip.sol', 'bite.sol']
3,['flop.sol', 'join.sol', 'transferFrom.sol', 'frob.sol', 'flip.t.sol', 'flap.t.sol', 'frob.t.sol', 'tune.sol']
3,['flop.sol', 'join.sol', 'transferFrom.sol', 'frob.sol', 'flip.t.sol', 'flap.t.sol', 'frob.t.sol', 'bite.sol']
2,['flop.sol', 'join.sol', 'transferFrom.sol', 'frob.sol', 'flip.t.sol', 'flap.t.sol', 'tune.sol', 'bite.sol']
3,['flop.sol', 'join.sol', 'transferFrom.sol', 'frob.sol', 'flip.t.sol', 'heal.sol', 'drip.t.sol', 'heal.t.sol']
2,['flop.sol', 'join.sol', 'transferFrom.sol', 'frob.sol', 'flip.t.sol', 'heal.sol', 'drip.t.sol', 'flap.sol']
2,['flop.sol', 'join.sol', 'transferFrom.sol', 'frob.sol', 'flip.t.sol', 'heal.sol', 'drip.t.sol', 'drip.sol']
5,['flop.sol', 'join.sol', 'transferFrom.sol', 'frob.sol', 'flip.t.sol', 'heal.sol', 'drip.t.sol', 'frob.t.sol']
2,['flop.sol', 'join.sol', 'transferFrom.sol', 'frob.sol', 'flip.t.sol', 'heal.sol', 'drip.t.sol', 'tune.sol']
2,['flop.sol', 'join.sol', 'transferFrom.sol', 'frob.sol', 'flip.t.sol', 'heal.sol', 'drip.t.sol', 'bite.sol']
4,['flop.sol', 'join.sol', 'transferFrom.sol', 'frob.sol', 'flip.t.sol', 'heal.sol', 'heal.t.sol', 'flap.sol']
3,['flop.sol', 'join.sol', 'transferFrom.sol', 'frob.sol', 'flip.t.sol', 'heal.sol', 'heal.t.sol', 'drip.sol']
3,['flop.sol', 'join.sol', 'transferFrom.sol', 'frob.sol', 'flip.t.sol', 'heal.sol', 'heal.t.sol', 'frob.t.sol']
3,['flop.sol', 'join.sol', 'transferFrom.sol', 'frob.sol', 'flip.t.sol', 'heal.sol', 'heal.t.sol', 'tune.sol']
4,['flop.sol', 'join.sol', 'transferFrom.sol', 'frob.sol', 'flip.t.sol', 'heal.sol', 'heal.t.sol', 'bite.sol']
2,['flop.sol', 'join.sol', 'transferFrom.sol', 'frob.sol', 'flip.t.sol', 'heal.sol', 'flap.sol', 'drip.sol']
4,['flop.sol', 'join.sol', 'transferFrom.sol', 'frob.sol', 'flip.t.sol', 'heal.sol', 'flap.sol', 'frob.t.sol']
2,['flop.sol', 'join.sol', 'transferFrom.sol', 'frob.sol', 'flip.t.sol', 'heal.sol', 'flap.sol', 'tune.sol']
2,['flop.sol', 'join.sol', 'transferFrom.sol', 'frob.sol', 'flip.t.sol', 'heal.sol', 'flap.sol', 'bite.sol']
3,['flop.sol', 'join.sol', 'transferFrom.sol', 'frob.sol', 'flip.t.sol', 'heal.sol', 'drip.sol', 'frob.t.sol']
2,['flop.sol', 'join.sol', 'transferFrom.sol', 'frob.sol', 'flip.t.sol', 'heal.sol', 'drip.sol', 'tune.sol']
2,['flop.sol', 'join.sol', 'transferFrom.sol', 'frob.sol', 'flip.t.sol', 'heal.sol', 'drip.sol', 'bite.sol']
3,['flop.sol', 'join.sol', 'transferFrom.sol', 'frob.sol', 'flip.t.sol', 'heal.sol', 'frob.t.sol', 'tune.sol']
4,['flop.sol', 'join.sol', 'transferFrom.sol', 'frob.sol', 'flip.t.sol', 'heal.sol', 'frob.t.sol', 'bite.sol']
2,['flop.sol', 'join.sol', 'transferFrom.sol', 'frob.sol', 'flip.t.sol', 'heal.sol', 'tune.sol', 'bite.sol']
3,['flop.sol', 'join.sol', 'transferFrom.sol', 'frob.sol', 'flip.t.sol', 'drip.t.sol', 'heal.t.sol', 'flap.sol']
2,['flop.sol', 'join.sol', 'transferFrom.sol', 'frob.sol', 'flip.t.sol', 'drip.t.sol', 'heal.t.sol', 'drip.sol']
2,['flop.sol', 'join.sol', 'transferFrom.sol', 'frob.sol', 'flip.t.sol', 'drip.t.sol', 'heal.t.sol', 'frob.t.sol']
2,['flop.sol', 'join.sol', 'transferFrom.sol', 'frob.sol', 'flip.t.sol', 'drip.t.sol', 'heal.t.sol', 'tune.sol']
2,['flop.sol', 'join.sol', 'transferFrom.sol', 'frob.sol', 'flip.t.sol', 'drip.t.sol', 'heal.t.sol', 'bite.sol']
4,['flop.sol', 'join.sol', 'transferFrom.sol', 'frob.sol', 'flip.t.sol', 'drip.t.sol', 'flap.sol', 'drip.sol']
3,['flop.sol', 'join.sol', 'transferFrom.sol', 'frob.sol', 'flip.t.sol', 'drip.t.sol', 'flap.sol', 'frob.t.sol']
3,['flop.sol', 'join.sol', 'transferFrom.sol', 'frob.sol', 'flip.t.sol', 'drip.t.sol', 'flap.sol', 'tune.sol']
2,['flop.sol', 'join.sol', 'transferFrom.sol', 'frob.sol', 'flip.t.sol', 'drip.t.sol', 'flap.sol', 'bite.sol']
5,['flop.sol', 'join.sol', 'transferFrom.sol', 'frob.sol', 'flip.t.sol', 'drip.t.sol', 'drip.sol', 'frob.t.sol']
5,['flop.sol', 'join.sol', 'transferFrom.sol', 'frob.sol', 'flip.t.sol', 'drip.t.sol', 'drip.sol', 'tune.sol']
2,['flop.sol', 'join.sol', 'transferFrom.sol', 'frob.sol', 'flip.t.sol', 'drip.t.sol', 'drip.sol', 'bite.sol']
2,['flop.sol', 'join.sol', 'transferFrom.sol', 'frob.sol', 'flip.t.sol', 'drip.t.sol', 'frob.t.sol', 'tune.sol']
3,['flop.sol', 'join.sol', 'transferFrom.sol', 'frob.sol', 'flip.t.sol', 'drip.t.sol', 'frob.t.sol', 'bite.sol']
3,['flop.sol', 'join.sol', 'transferFrom.sol', 'frob.sol', 'flip.t.sol', 'drip.t.sol', 'tune.sol', 'bite.sol']
3,['flop.sol', 'join.sol', 'transferFrom.sol', 'frob.sol', 'flip.t.sol', 'heal.t.sol', 'flap.sol', 'drip.sol']
3,['flop.sol', 'join.sol', 'transferFrom.sol', 'frob.sol', 'flip.t.sol', 'heal.t.sol', 'flap.sol', 'frob.t.sol']
3,['flop.sol', 'join.sol', 'transferFrom.sol', 'frob.sol', 'flip.t.sol', 'heal.t.sol', 'flap.sol', 'tune.sol']
4,['flop.sol', 'join.sol', 'transferFrom.sol', 'frob.sol', 'flip.t.sol', 'heal.t.sol', 'flap.sol', 'bite.sol']
2,['flop.sol', 'join.sol', 'transferFrom.sol', 'frob.sol', 'flip.t.sol', 'heal.t.sol', 'drip.sol', 'frob.t.sol']
2,['flop.sol', 'join.sol', 'transferFrom.sol', 'frob.sol', 'flip.t.sol', 'heal.t.sol', 'drip.sol', 'tune.sol']
2,['flop.sol', 'join.sol', 'transferFrom.sol', 'frob.sol', 'flip.t.sol', 'heal.t.sol', 'drip.sol', 'bite.sol']
3,['flop.sol', 'join.sol', 'transferFrom.sol', 'frob.sol', 'flip.t.sol', 'heal.t.sol', 'frob.t.sol', 'tune.sol']
3,['flop.sol', 'join.sol', 'transferFrom.sol', 'frob.sol', 'flip.t.sol', 'heal.t.sol', 'frob.t.sol', 'bite.sol']
3,['flop.sol', 'join.sol', 'transferFrom.sol', 'frob.sol', 'flip.t.sol', 'heal.t.sol', 'tune.sol', 'bite.sol']
3,['flop.sol', 'join.sol', 'transferFrom.sol', 'frob.sol', 'flip.t.sol', 'flap.sol', 'drip.sol', 'frob.t.sol']
3,['flop.sol', 'join.sol', 'transferFrom.sol', 'frob.sol', 'flip.t.sol', 'flap.sol', 'drip.sol', 'tune.sol']
4,['flop.sol', 'join.sol', 'transferFrom.sol', 'frob.sol', 'flip.t.sol', 'flap.sol', 'drip.sol', 'bite.sol']
3,['flop.sol', 'join.sol', 'transferFrom.sol', 'frob.sol', 'flip.t.sol', 'flap.sol', 'frob.t.sol', 'tune.sol']
4,['flop.sol', 'join.sol', 'transferFrom.sol', 'frob.sol', 'flip.t.sol', 'flap.sol', 'frob.t.sol', 'bite.sol']
2,['flop.sol', 'join.sol', 'transferFrom.sol', 'frob.sol', 'flip.t.sol', 'flap.sol', 'tune.sol', 'bite.sol']
2,['flop.sol', 'join.sol', 'transferFrom.sol', 'frob.sol', 'flip.t.sol', 'drip.sol', 'frob.t.sol', 'tune.sol']
3,['flop.sol', 'join.sol', 'transferFrom.sol', 'frob.sol', 'flip.t.sol', 'drip.sol', 'frob.t.sol', 'bite.sol']
4,['flop.sol', 'join.sol', 'transferFrom.sol', 'frob.sol', 'flip.t.sol', 'drip.sol', 'tune.sol', 'bite.sol']
2,['flop.sol', 'join.sol', 'transferFrom.sol', 'frob.sol', 'flip.t.sol', 'frob.t.sol', 'tune.sol', 'bite.sol']
3,['flop.sol', 'join.sol', 'transferFrom.sol', 'frob.sol', 'flop.t.sol', 'flap.t.sol', 'heal.sol', 'drip.t.sol']
4,['flop.sol', 'join.sol', 'transferFrom.sol', 'frob.sol', 'flop.t.sol', 'flap.t.sol', 'heal.sol', 'heal.t.sol']
3,['flop.sol', 'join.sol', 'transferFrom.sol', 'frob.sol', 'flop.t.sol', 'flap.t.sol', 'heal.sol', 'flap.sol']
3,['flop.sol', 'join.sol', 'transferFrom.sol', 'frob.sol', 'flop.t.sol', 'flap.t.sol', 'heal.sol', 'drip.sol']
4,['flop.sol', 'join.sol', 'transferFrom.sol', 'frob.sol', 'flop.t.sol', 'flap.t.sol', 'heal.sol', 'frob.t.sol']
2,['flop.sol', 'join.sol', 'transferFrom.sol', 'frob.sol', 'flop.t.sol', 'flap.t.sol', 'heal.sol', 'tune.sol']
3,['flop.sol', 'join.sol', 'transferFrom.sol', 'frob.sol', 'flop.t.sol', 'flap.t.sol', 'heal.sol', 'bite.sol']
3,['flop.sol', 'join.sol', 'transferFrom.sol', 'frob.sol', 'flop.t.sol', 'flap.t.sol', 'drip.t.sol', 'heal.t.sol']
4,['flop.sol', 'join.sol', 'transferFrom.sol', 'frob.sol', 'flop.t.sol', 'flap.t.sol', 'drip.t.sol', 'flap.sol']
4,['flop.sol', 'join.sol', 'transferFrom.sol', 'frob.sol', 'flop.t.sol', 'flap.t.sol', 'drip.t.sol', 'drip.sol']
3,['flop.sol', 'join.sol', 'transferFrom.sol', 'frob.sol', 'flop.t.sol', 'flap.t.sol', 'drip.t.sol', 'frob.t.sol']
3,['flop.sol', 'join.sol', 'transferFrom.sol', 'frob.sol', 'flop.t.sol', 'flap.t.sol', 'drip.t.sol', 'tune.sol']
4,['flop.sol', 'join.sol', 'transferFrom.sol', 'frob.sol', 'flop.t.sol', 'flap.t.sol', 'drip.t.sol', 'bite.sol']
5,['flop.sol', 'join.sol', 'transferFrom.sol', 'frob.sol', 'flop.t.sol', 'flap.t.sol', 'heal.t.sol', 'flap.sol']
3,['flop.sol', 'join.sol', 'transferFrom.sol', 'frob.sol', 'flop.t.sol', 'flap.t.sol', 'heal.t.sol', 'drip.sol']
3,['flop.sol', 'join.sol', 'transferFrom.sol', 'frob.sol', 'flop.t.sol', 'flap.t.sol', 'heal.t.sol', 'frob.t.sol']
4,['flop.sol', 'join.sol', 'transferFrom.sol', 'frob.sol', 'flop.t.sol', 'flap.t.sol', 'heal.t.sol', 'tune.sol']
4,['flop.sol', 'join.sol', 'transferFrom.sol', 'frob.sol', 'flop.t.sol', 'flap.t.sol', 'heal.t.sol', 'bite.sol']
7,['flop.sol', 'join.sol', 'transferFrom.sol', 'frob.sol', 'flop.t.sol', 'flap.t.sol', 'flap.sol', 'drip.sol']
4,['flop.sol', 'join.sol', 'transferFrom.sol', 'frob.sol', 'flop.t.sol', 'flap.t.sol', 'flap.sol', 'frob.t.sol']
3,['flop.sol', 'join.sol', 'transferFrom.sol', 'frob.sol', 'flop.t.sol', 'flap.t.sol', 'flap.sol', 'tune.sol']
3,['flop.sol', 'join.sol', 'transferFrom.sol', 'frob.sol', 'flop.t.sol', 'flap.t.sol', 'flap.sol', 'bite.sol']
3,['flop.sol', 'join.sol', 'transferFrom.sol', 'frob.sol', 'flop.t.sol', 'flap.t.sol', 'drip.sol', 'frob.t.sol']
5,['flop.sol', 'join.sol', 'transferFrom.sol', 'frob.sol', 'flop.t.sol', 'flap.t.sol', 'drip.sol', 'tune.sol']
3,['flop.sol', 'join.sol', 'transferFrom.sol', 'frob.sol', 'flop.t.sol', 'flap.t.sol', 'drip.sol', 'bite.sol']
3,['flop.sol', 'join.sol', 'transferFrom.sol', 'frob.sol', 'flop.t.sol', 'flap.t.sol', 'frob.t.sol', 'tune.sol']
4,['flop.sol', 'join.sol', 'transferFrom.sol', 'frob.sol', 'flop.t.sol', 'flap.t.sol', 'frob.t.sol', 'bite.sol']
2,['flop.sol', 'join.sol', 'transferFrom.sol', 'frob.sol', 'flop.t.sol', 'flap.t.sol', 'tune.sol', 'bite.sol']
4,['flop.sol', 'join.sol', 'transferFrom.sol', 'frob.sol', 'flop.t.sol', 'heal.sol', 'drip.t.sol', 'heal.t.sol']
2,['flop.sol', 'join.sol', 'transferFrom.sol', 'frob.sol', 'flop.t.sol', 'heal.sol', 'drip.t.sol', 'flap.sol']
2,['flop.sol', 'join.sol', 'transferFrom.sol', 'frob.sol', 'flop.t.sol', 'heal.sol', 'drip.t.sol', 'drip.sol']
2,['flop.sol', 'join.sol', 'transferFrom.sol', 'frob.sol', 'flop.t.sol', 'heal.sol', 'drip.t.sol', 'frob.t.sol']
2,['flop.sol', 'join.sol', 'transferFrom.sol', 'frob.sol', 'flop.t.sol', 'heal.sol', 'drip.t.sol', 'tune.sol']
2,['flop.sol', 'join.sol', 'transferFrom.sol', 'frob.sol', 'flop.t.sol', 'heal.sol', 'drip.t.sol', 'bite.sol']
5,['flop.sol', 'join.sol', 'transferFrom.sol', 'frob.sol', 'flop.t.sol', 'heal.sol', 'heal.t.sol', 'flap.sol']
4,['flop.sol', 'join.sol', 'transferFrom.sol', 'frob.sol', 'flop.t.sol', 'heal.sol', 'heal.t.sol', 'drip.sol']
3,['flop.sol', 'join.sol', 'transferFrom.sol', 'frob.sol', 'flop.t.sol', 'heal.sol', 'heal.t.sol', 'frob.t.sol']
3,['flop.sol', 'join.sol', 'transferFrom.sol', 'frob.sol', 'flop.t.sol', 'heal.sol', 'heal.t.sol', 'tune.sol']
5,['flop.sol', 'join.sol', 'transferFrom.sol', 'frob.sol', 'flop.t.sol', 'heal.sol', 'heal.t.sol', 'bite.sol']
3,['flop.sol', 'join.sol', 'transferFrom.sol', 'frob.sol', 'flop.t.sol', 'heal.sol', 'flap.sol', 'drip.sol']
3,['flop.sol', 'join.sol', 'transferFrom.sol', 'frob.sol', 'flop.t.sol', 'heal.sol', 'flap.sol', 'frob.t.sol']
2,['flop.sol', 'join.sol', 'transferFrom.sol', 'frob.sol', 'flop.t.sol', 'heal.sol', 'flap.sol', 'tune.sol']
1,['flop.sol', 'join.sol', 'transferFrom.sol', 'frob.sol', 'flop.t.sol', 'heal.sol', 'flap.sol', 'bite.sol']
2,['flop.sol', 'join.sol', 'transferFrom.sol', 'frob.sol', 'flop.t.sol', 'heal.sol', 'drip.sol', 'frob.t.sol']
2,['flop.sol', 'join.sol', 'transferFrom.sol', 'frob.sol', 'flop.t.sol', 'heal.sol', 'drip.sol', 'tune.sol']
2,['flop.sol', 'join.sol', 'transferFrom.sol', 'frob.sol', 'flop.t.sol', 'heal.sol', 'drip.sol', 'bite.sol']
4,['flop.sol', 'join.sol', 'transferFrom.sol', 'frob.sol', 'flop.t.sol', 'heal.sol', 'frob.t.sol', 'tune.sol']
3,['flop.sol', 'join.sol', 'transferFrom.sol', 'frob.sol', 'flop.t.sol', 'heal.sol', 'frob.t.sol', 'bite.sol']
3,['flop.sol', 'join.sol', 'transferFrom.sol', 'frob.sol', 'flop.t.sol', 'heal.sol', 'tune.sol', 'bite.sol']
4,['flop.sol', 'join.sol', 'transferFrom.sol', 'frob.sol', 'flop.t.sol', 'drip.t.sol', 'heal.t.sol', 'flap.sol']
4,['flop.sol', 'join.sol', 'transferFrom.sol', 'frob.sol', 'flop.t.sol', 'drip.t.sol', 'heal.t.sol', 'drip.sol']
2,['flop.sol', 'join.sol', 'transferFrom.sol', 'frob.sol', 'flop.t.sol', 'drip.t.sol', 'heal.t.sol', 'frob.t.sol']
2,['flop.sol', 'join.sol', 'transferFrom.sol', 'frob.sol', 'flop.t.sol', 'drip.t.sol', 'heal.t.sol', 'tune.sol']
4,['flop.sol', 'join.sol', 'transferFrom.sol', 'frob.sol', 'flop.t.sol', 'drip.t.sol', 'heal.t.sol', 'bite.sol']
2,['flop.sol', 'join.sol', 'transferFrom.sol', 'frob.sol', 'flop.t.sol', 'drip.t.sol', 'flap.sol', 'drip.sol']
2,['flop.sol', 'join.sol', 'transferFrom.sol', 'frob.sol', 'flop.t.sol', 'drip.t.sol', 'flap.sol', 'frob.t.sol']
2,['flop.sol', 'join.sol', 'transferFrom.sol', 'frob.sol', 'flop.t.sol', 'drip.t.sol', 'flap.sol', 'tune.sol']
2,['flop.sol', 'join.sol', 'transferFrom.sol', 'frob.sol', 'flop.t.sol', 'drip.t.sol', 'flap.sol', 'bite.sol']
2,['flop.sol', 'join.sol', 'transferFrom.sol', 'frob.sol', 'flop.t.sol', 'drip.t.sol', 'drip.sol', 'frob.t.sol']
2,['flop.sol', 'join.sol', 'transferFrom.sol', 'frob.sol', 'flop.t.sol', 'drip.t.sol', 'drip.sol', 'tune.sol']
2,['flop.sol', 'join.sol', 'transferFrom.sol', 'frob.sol', 'flop.t.sol', 'drip.t.sol', 'drip.sol', 'bite.sol']
3,['flop.sol', 'join.sol', 'transferFrom.sol', 'frob.sol', 'flop.t.sol', 'drip.t.sol', 'frob.t.sol', 'tune.sol']
2,['flop.sol', 'join.sol', 'transferFrom.sol', 'frob.sol', 'flop.t.sol', 'drip.t.sol', 'frob.t.sol', 'bite.sol']
2,['flop.sol', 'join.sol', 'transferFrom.sol', 'frob.sol', 'flop.t.sol', 'drip.t.sol', 'tune.sol', 'bite.sol']
4,['flop.sol', 'join.sol', 'transferFrom.sol', 'frob.sol', 'flop.t.sol', 'heal.t.sol', 'flap.sol', 'drip.sol']
3,['flop.sol', 'join.sol', 'transferFrom.sol', 'frob.sol', 'flop.t.sol', 'heal.t.sol', 'flap.sol', 'frob.t.sol']
3,['flop.sol', 'join.sol', 'transferFrom.sol', 'frob.sol', 'flop.t.sol', 'heal.t.sol', 'flap.sol', 'tune.sol']
5,['flop.sol', 'join.sol', 'transferFrom.sol', 'frob.sol', 'flop.t.sol', 'heal.t.sol', 'flap.sol', 'bite.sol']
2,['flop.sol', 'join.sol', 'transferFrom.sol', 'frob.sol', 'flop.t.sol', 'heal.t.sol', 'drip.sol', 'frob.t.sol']
2,['flop.sol', 'join.sol', 'transferFrom.sol', 'frob.sol', 'flop.t.sol', 'heal.t.sol', 'drip.sol', 'tune.sol']
4,['flop.sol', 'join.sol', 'transferFrom.sol', 'frob.sol', 'flop.t.sol', 'heal.t.sol', 'drip.sol', 'bite.sol']
3,['flop.sol', 'join.sol', 'transferFrom.sol', 'frob.sol', 'flop.t.sol', 'heal.t.sol', 'frob.t.sol', 'tune.sol']
3,['flop.sol', 'join.sol', 'transferFrom.sol', 'frob.sol', 'flop.t.sol', 'heal.t.sol', 'frob.t.sol', 'bite.sol']
3,['flop.sol', 'join.sol', 'transferFrom.sol', 'frob.sol', 'flop.t.sol', 'heal.t.sol', 'tune.sol', 'bite.sol']
3,['flop.sol', 'join.sol', 'transferFrom.sol', 'frob.sol', 'flop.t.sol', 'flap.sol', 'drip.sol', 'frob.t.sol']
5,['flop.sol', 'join.sol', 'transferFrom.sol', 'frob.sol', 'flop.t.sol', 'flap.sol', 'drip.sol', 'tune.sol']
2,['flop.sol', 'join.sol', 'transferFrom.sol', 'frob.sol', 'flop.t.sol', 'flap.sol', 'drip.sol', 'bite.sol']
4,['flop.sol', 'join.sol', 'transferFrom.sol', 'frob.sol', 'flop.t.sol', 'flap.sol', 'frob.t.sol', 'tune.sol']
3,['flop.sol', 'join.sol', 'transferFrom.sol', 'frob.sol', 'flop.t.sol', 'flap.sol', 'frob.t.sol', 'bite.sol']
3,['flop.sol', 'join.sol', 'transferFrom.sol', 'frob.sol', 'flop.t.sol', 'flap.sol', 'tune.sol', 'bite.sol']
3,['flop.sol', 'join.sol', 'transferFrom.sol', 'frob.sol', 'flop.t.sol', 'drip.sol', 'frob.t.sol', 'tune.sol']
2,['flop.sol', 'join.sol', 'transferFrom.sol', 'frob.sol', 'flop.t.sol', 'drip.sol', 'frob.t.sol', 'bite.sol']
2,['flop.sol', 'join.sol', 'transferFrom.sol', 'frob.sol', 'flop.t.sol', 'drip.sol', 'tune.sol', 'bite.sol']
4,['flop.sol', 'join.sol', 'transferFrom.sol', 'frob.sol', 'flop.t.sol', 'frob.t.sol', 'tune.sol', 'bite.sol']
4,['flop.sol', 'join.sol', 'transferFrom.sol', 'frob.sol', 'flap.t.sol', 'heal.sol', 'drip.t.sol', 'heal.t.sol']
2,['flop.sol', 'join.sol', 'transferFrom.sol', 'frob.sol', 'flap.t.sol', 'heal.sol', 'drip.t.sol', 'flap.sol']
2,['flop.sol', 'join.sol', 'transferFrom.sol', 'frob.sol', 'flap.t.sol', 'heal.sol', 'drip.t.sol', 'drip.sol']
2,['flop.sol', 'join.sol', 'transferFrom.sol', 'frob.sol', 'flap.t.sol', 'heal.sol', 'drip.t.sol', 'frob.t.sol']
2,['flop.sol', 'join.sol', 'transferFrom.sol', 'frob.sol', 'flap.t.sol', 'heal.sol', 'drip.t.sol', 'tune.sol']
2,['flop.sol', 'join.sol', 'transferFrom.sol', 'frob.sol', 'flap.t.sol', 'heal.sol', 'drip.t.sol', 'bite.sol']
5,['flop.sol', 'join.sol', 'transferFrom.sol', 'frob.sol', 'flap.t.sol', 'heal.sol', 'heal.t.sol', 'flap.sol']
4,['flop.sol', 'join.sol', 'transferFrom.sol', 'frob.sol', 'flap.t.sol', 'heal.sol', 'heal.t.sol', 'drip.sol']
3,['flop.sol', 'join.sol', 'transferFrom.sol', 'frob.sol', 'flap.t.sol', 'heal.sol', 'heal.t.sol', 'frob.t.sol']
3,['flop.sol', 'join.sol', 'transferFrom.sol', 'frob.sol', 'flap.t.sol', 'heal.sol', 'heal.t.sol', 'tune.sol']
5,['flop.sol', 'join.sol', 'transferFrom.sol', 'frob.sol', 'flap.t.sol', 'heal.sol', 'heal.t.sol', 'bite.sol']
3,['flop.sol', 'join.sol', 'transferFrom.sol', 'frob.sol', 'flap.t.sol', 'heal.sol', 'flap.sol', 'drip.sol']
3,['flop.sol', 'join.sol', 'transferFrom.sol', 'frob.sol', 'flap.t.sol', 'heal.sol', 'flap.sol', 'frob.t.sol']
2,['flop.sol', 'join.sol', 'transferFrom.sol', 'frob.sol', 'flap.t.sol', 'heal.sol', 'flap.sol', 'tune.sol']
2,['flop.sol', 'join.sol', 'transferFrom.sol', 'frob.sol', 'flap.t.sol', 'heal.sol', 'flap.sol', 'bite.sol']
2,['flop.sol', 'join.sol', 'transferFrom.sol', 'frob.sol', 'flap.t.sol', 'heal.sol', 'drip.sol', 'frob.t.sol']
2,['flop.sol', 'join.sol', 'transferFrom.sol', 'frob.sol', 'flap.t.sol', 'heal.sol', 'drip.sol', 'tune.sol']
2,['flop.sol', 'join.sol', 'transferFrom.sol', 'frob.sol', 'flap.t.sol', 'heal.sol', 'drip.sol', 'bite.sol']
4,['flop.sol', 'join.sol', 'transferFrom.sol', 'frob.sol', 'flap.t.sol', 'heal.sol', 'frob.t.sol', 'tune.sol']
3,['flop.sol', 'join.sol', 'transferFrom.sol', 'frob.sol', 'flap.t.sol', 'heal.sol', 'frob.t.sol', 'bite.sol']
2,['flop.sol', 'join.sol', 'transferFrom.sol', 'frob.sol', 'flap.t.sol', 'heal.sol', 'tune.sol', 'bite.sol']
4,['flop.sol', 'join.sol', 'transferFrom.sol', 'frob.sol', 'flap.t.sol', 'drip.t.sol', 'heal.t.sol', 'flap.sol']
4,['flop.sol', 'join.sol', 'transferFrom.sol', 'frob.sol', 'flap.t.sol', 'drip.t.sol', 'heal.t.sol', 'drip.sol']
2,['flop.sol', 'join.sol', 'transferFrom.sol', 'frob.sol', 'flap.t.sol', 'drip.t.sol', 'heal.t.sol', 'frob.t.sol']
2,['flop.sol', 'join.sol', 'transferFrom.sol', 'frob.sol', 'flap.t.sol', 'drip.t.sol', 'heal.t.sol', 'tune.sol']
4,['flop.sol', 'join.sol', 'transferFrom.sol', 'frob.sol', 'flap.t.sol', 'drip.t.sol', 'heal.t.sol', 'bite.sol']
2,['flop.sol', 'join.sol', 'transferFrom.sol', 'frob.sol', 'flap.t.sol', 'drip.t.sol', 'flap.sol', 'drip.sol']
2,['flop.sol', 'join.sol', 'transferFrom.sol', 'frob.sol', 'flap.t.sol', 'drip.t.sol', 'flap.sol', 'frob.t.sol']
2,['flop.sol', 'join.sol', 'transferFrom.sol', 'frob.sol', 'flap.t.sol', 'drip.t.sol', 'flap.sol', 'tune.sol']
2,['flop.sol', 'join.sol', 'transferFrom.sol', 'frob.sol', 'flap.t.sol', 'drip.t.sol', 'flap.sol', 'bite.sol']
2,['flop.sol', 'join.sol', 'transferFrom.sol', 'frob.sol', 'flap.t.sol', 'drip.t.sol', 'drip.sol', 'frob.t.sol']
2,['flop.sol', 'join.sol', 'transferFrom.sol', 'frob.sol', 'flap.t.sol', 'drip.t.sol', 'drip.sol', 'tune.sol']
2,['flop.sol', 'join.sol', 'transferFrom.sol', 'frob.sol', 'flap.t.sol', 'drip.t.sol', 'drip.sol', 'bite.sol']
3,['flop.sol', 'join.sol', 'transferFrom.sol', 'frob.sol', 'flap.t.sol', 'drip.t.sol', 'frob.t.sol', 'tune.sol']
2,['flop.sol', 'join.sol', 'transferFrom.sol', 'frob.sol', 'flap.t.sol', 'drip.t.sol', 'frob.t.sol', 'bite.sol']
2,['flop.sol', 'join.sol', 'transferFrom.sol', 'frob.sol', 'flap.t.sol', 'drip.t.sol', 'tune.sol', 'bite.sol']
4,['flop.sol', 'join.sol', 'transferFrom.sol', 'frob.sol', 'flap.t.sol', 'heal.t.sol', 'flap.sol', 'drip.sol']
3,['flop.sol', 'join.sol', 'transferFrom.sol', 'frob.sol', 'flap.t.sol', 'heal.t.sol', 'flap.sol', 'frob.t.sol']
3,['flop.sol', 'join.sol', 'transferFrom.sol', 'frob.sol', 'flap.t.sol', 'heal.t.sol', 'flap.sol', 'tune.sol']
5,['flop.sol', 'join.sol', 'transferFrom.sol', 'frob.sol', 'flap.t.sol', 'heal.t.sol', 'flap.sol', 'bite.sol']
2,['flop.sol', 'join.sol', 'transferFrom.sol', 'frob.sol', 'flap.t.sol', 'heal.t.sol', 'drip.sol', 'frob.t.sol']
2,['flop.sol', 'join.sol', 'transferFrom.sol', 'frob.sol', 'flap.t.sol', 'heal.t.sol', 'drip.sol', 'tune.sol']
4,['flop.sol', 'join.sol', 'transferFrom.sol', 'frob.sol', 'flap.t.sol', 'heal.t.sol', 'drip.sol', 'bite.sol']
3,['flop.sol', 'join.sol', 'transferFrom.sol', 'frob.sol', 'flap.t.sol', 'heal.t.sol', 'frob.t.sol', 'tune.sol']
3,['flop.sol', 'join.sol', 'transferFrom.sol', 'frob.sol', 'flap.t.sol', 'heal.t.sol', 'frob.t.sol', 'bite.sol']
3,['flop.sol', 'join.sol', 'transferFrom.sol', 'frob.sol', 'flap.t.sol', 'heal.t.sol', 'tune.sol', 'bite.sol']
2,['flop.sol', 'join.sol', 'transferFrom.sol', 'frob.sol', 'flap.t.sol', 'flap.sol', 'drip.sol', 'frob.t.sol']
5,['flop.sol', 'join.sol', 'transferFrom.sol', 'frob.sol', 'flap.t.sol', 'flap.sol', 'drip.sol', 'tune.sol']
2,['flop.sol', 'join.sol', 'transferFrom.sol', 'frob.sol', 'flap.t.sol', 'flap.sol', 'drip.sol', 'bite.sol']
4,['flop.sol', 'join.sol', 'transferFrom.sol', 'frob.sol', 'flap.t.sol', 'flap.sol', 'frob.t.sol', 'tune.sol']
3,['flop.sol', 'join.sol', 'transferFrom.sol', 'frob.sol', 'flap.t.sol', 'flap.sol', 'frob.t.sol', 'bite.sol']
4,['flop.sol', 'join.sol', 'transferFrom.sol', 'frob.sol', 'flap.t.sol', 'flap.sol', 'tune.sol', 'bite.sol']
3,['flop.sol', 'join.sol', 'transferFrom.sol', 'frob.sol', 'flap.t.sol', 'drip.sol', 'frob.t.sol', 'tune.sol']
2,['flop.sol', 'join.sol', 'transferFrom.sol', 'frob.sol', 'flap.t.sol', 'drip.sol', 'frob.t.sol', 'bite.sol']
2,['flop.sol', 'join.sol', 'transferFrom.sol', 'frob.sol', 'flap.t.sol', 'drip.sol', 'tune.sol', 'bite.sol']
4,['flop.sol', 'join.sol', 'transferFrom.sol', 'frob.sol', 'flap.t.sol', 'frob.t.sol', 'tune.sol', 'bite.sol']
3,['flop.sol', 'join.sol', 'transferFrom.sol', 'frob.sol', 'heal.sol', 'drip.t.sol', 'heal.t.sol', 'flap.sol']
2,['flop.sol', 'join.sol', 'transferFrom.sol', 'frob.sol', 'heal.sol', 'drip.t.sol', 'heal.t.sol', 'drip.sol']
3,['flop.sol', 'join.sol', 'transferFrom.sol', 'frob.sol', 'heal.sol', 'drip.t.sol', 'heal.t.sol', 'frob.t.sol']
3,['flop.sol', 'join.sol', 'transferFrom.sol', 'frob.sol', 'heal.sol', 'drip.t.sol', 'heal.t.sol', 'tune.sol']
2,['flop.sol', 'join.sol', 'transferFrom.sol', 'frob.sol', 'heal.sol', 'drip.t.sol', 'heal.t.sol', 'bite.sol']
2,['flop.sol', 'join.sol', 'transferFrom.sol', 'frob.sol', 'heal.sol', 'drip.t.sol', 'flap.sol', 'drip.sol']
2,['flop.sol', 'join.sol', 'transferFrom.sol', 'frob.sol', 'heal.sol', 'drip.t.sol', 'flap.sol', 'frob.t.sol']
2,['flop.sol', 'join.sol', 'transferFrom.sol', 'frob.sol', 'heal.sol', 'drip.t.sol', 'flap.sol', 'tune.sol']
2,['flop.sol', 'join.sol', 'transferFrom.sol', 'frob.sol', 'heal.sol', 'drip.t.sol', 'flap.sol', 'bite.sol']
3,['flop.sol', 'join.sol', 'transferFrom.sol', 'frob.sol', 'heal.sol', 'drip.t.sol', 'drip.sol', 'frob.t.sol']
2,['flop.sol', 'join.sol', 'transferFrom.sol', 'frob.sol', 'heal.sol', 'drip.t.sol', 'drip.sol', 'tune.sol']
2,['flop.sol', 'join.sol', 'transferFrom.sol', 'frob.sol', 'heal.sol', 'drip.t.sol', 'drip.sol', 'bite.sol']
2,['flop.sol', 'join.sol', 'transferFrom.sol', 'frob.sol', 'heal.sol', 'drip.t.sol', 'frob.t.sol', 'tune.sol']
3,['flop.sol', 'join.sol', 'transferFrom.sol', 'frob.sol', 'heal.sol', 'drip.t.sol', 'frob.t.sol', 'bite.sol']
2,['flop.sol', 'join.sol', 'transferFrom.sol', 'frob.sol', 'heal.sol', 'drip.t.sol', 'tune.sol', 'bite.sol']
3,['flop.sol', 'join.sol', 'transferFrom.sol', 'frob.sol', 'heal.sol', 'heal.t.sol', 'flap.sol', 'drip.sol']
4,['flop.sol', 'join.sol', 'transferFrom.sol', 'frob.sol', 'heal.sol', 'heal.t.sol', 'flap.sol', 'frob.t.sol']
4,['flop.sol', 'join.sol', 'transferFrom.sol', 'frob.sol', 'heal.sol', 'heal.t.sol', 'flap.sol', 'tune.sol']
4,['flop.sol', 'join.sol', 'transferFrom.sol', 'frob.sol', 'heal.sol', 'heal.t.sol', 'flap.sol', 'bite.sol']
3,['flop.sol', 'join.sol', 'transferFrom.sol', 'frob.sol', 'heal.sol', 'heal.t.sol', 'drip.sol', 'frob.t.sol']
3,['flop.sol', 'join.sol', 'transferFrom.sol', 'frob.sol', 'heal.sol', 'heal.t.sol', 'drip.sol', 'tune.sol']
2,['flop.sol', 'join.sol', 'transferFrom.sol', 'frob.sol', 'heal.sol', 'heal.t.sol', 'drip.sol', 'bite.sol']
3,['flop.sol', 'join.sol', 'transferFrom.sol', 'frob.sol', 'heal.sol', 'heal.t.sol', 'frob.t.sol', 'tune.sol']
4,['flop.sol', 'join.sol', 'transferFrom.sol', 'frob.sol', 'heal.sol', 'heal.t.sol', 'frob.t.sol', 'bite.sol']
4,['flop.sol', 'join.sol', 'transferFrom.sol', 'frob.sol', 'heal.sol', 'heal.t.sol', 'tune.sol', 'bite.sol']
2,['flop.sol', 'join.sol', 'transferFrom.sol', 'frob.sol', 'heal.sol', 'flap.sol', 'drip.sol', 'frob.t.sol']
2,['flop.sol', 'join.sol', 'transferFrom.sol', 'frob.sol', 'heal.sol', 'flap.sol', 'drip.sol', 'tune.sol']
2,['flop.sol', 'join.sol', 'transferFrom.sol', 'frob.sol', 'heal.sol', 'flap.sol', 'drip.sol', 'bite.sol']
3,['flop.sol', 'join.sol', 'transferFrom.sol', 'frob.sol', 'heal.sol', 'flap.sol', 'frob.t.sol', 'tune.sol']
3,['flop.sol', 'join.sol', 'transferFrom.sol', 'frob.sol', 'heal.sol', 'flap.sol', 'frob.t.sol', 'bite.sol']
3,['flop.sol', 'join.sol', 'transferFrom.sol', 'frob.sol', 'heal.sol', 'flap.sol', 'tune.sol', 'bite.sol']
2,['flop.sol', 'join.sol', 'transferFrom.sol', 'frob.sol', 'heal.sol', 'drip.sol', 'frob.t.sol', 'tune.sol']
2,['flop.sol', 'join.sol', 'transferFrom.sol', 'frob.sol', 'heal.sol', 'drip.sol', 'frob.t.sol', 'bite.sol']
2,['flop.sol', 'join.sol', 'transferFrom.sol', 'frob.sol', 'heal.sol', 'drip.sol', 'tune.sol', 'bite.sol']
2,['flop.sol', 'join.sol', 'transferFrom.sol', 'frob.sol', 'heal.sol', 'frob.t.sol', 'tune.sol', 'bite.sol']
2,['flop.sol', 'join.sol', 'transferFrom.sol', 'frob.sol', 'drip.t.sol', 'heal.t.sol', 'flap.sol', 'drip.sol']
3,['flop.sol', 'join.sol', 'transferFrom.sol', 'frob.sol', 'drip.t.sol', 'heal.t.sol', 'flap.sol', 'frob.t.sol']
3,['flop.sol', 'join.sol', 'transferFrom.sol', 'frob.sol', 'drip.t.sol', 'heal.t.sol', 'flap.sol', 'tune.sol']
2,['flop.sol', 'join.sol', 'transferFrom.sol', 'frob.sol', 'drip.t.sol', 'heal.t.sol', 'flap.sol', 'bite.sol']
5,['flop.sol', 'join.sol', 'transferFrom.sol', 'frob.sol', 'drip.t.sol', 'heal.t.sol', 'drip.sol', 'frob.t.sol']
3,['flop.sol', 'join.sol', 'transferFrom.sol', 'frob.sol', 'drip.t.sol', 'heal.t.sol', 'drip.sol', 'tune.sol']
2,['flop.sol', 'join.sol', 'transferFrom.sol', 'frob.sol', 'drip.t.sol', 'heal.t.sol', 'drip.sol', 'bite.sol']
3,['flop.sol', 'join.sol', 'transferFrom.sol', 'frob.sol', 'drip.t.sol', 'heal.t.sol', 'frob.t.sol', 'tune.sol']
3,['flop.sol', 'join.sol', 'transferFrom.sol', 'frob.sol', 'drip.t.sol', 'heal.t.sol', 'frob.t.sol', 'bite.sol']
3,['flop.sol', 'join.sol', 'transferFrom.sol', 'frob.sol', 'drip.t.sol', 'heal.t.sol', 'tune.sol', 'bite.sol']
2,['flop.sol', 'join.sol', 'transferFrom.sol', 'frob.sol', 'drip.t.sol', 'flap.sol', 'drip.sol', 'frob.t.sol']
2,['flop.sol', 'join.sol', 'transferFrom.sol', 'frob.sol', 'drip.t.sol', 'flap.sol', 'drip.sol', 'tune.sol']
2,['flop.sol', 'join.sol', 'transferFrom.sol', 'frob.sol', 'drip.t.sol', 'flap.sol', 'drip.sol', 'bite.sol']
2,['flop.sol', 'join.sol', 'transferFrom.sol', 'frob.sol', 'drip.t.sol', 'flap.sol', 'frob.t.sol', 'tune.sol']
2,['flop.sol', 'join.sol', 'transferFrom.sol', 'frob.sol', 'drip.t.sol', 'flap.sol', 'frob.t.sol', 'bite.sol']
2,['flop.sol', 'join.sol', 'transferFrom.sol', 'frob.sol', 'drip.t.sol', 'flap.sol', 'tune.sol', 'bite.sol']
2,['flop.sol', 'join.sol', 'transferFrom.sol', 'frob.sol', 'drip.t.sol', 'drip.sol', 'frob.t.sol', 'tune.sol']
3,['flop.sol', 'join.sol', 'transferFrom.sol', 'frob.sol', 'drip.t.sol', 'drip.sol', 'frob.t.sol', 'bite.sol']
2,['flop.sol', 'join.sol', 'transferFrom.sol', 'frob.sol', 'drip.t.sol', 'drip.sol', 'tune.sol', 'bite.sol']
2,['flop.sol', 'join.sol', 'transferFrom.sol', 'frob.sol', 'drip.t.sol', 'frob.t.sol', 'tune.sol', 'bite.sol']
3,['flop.sol', 'join.sol', 'transferFrom.sol', 'frob.sol', 'heal.t.sol', 'flap.sol', 'drip.sol', 'frob.t.sol']
3,['flop.sol', 'join.sol', 'transferFrom.sol', 'frob.sol', 'heal.t.sol', 'flap.sol', 'drip.sol', 'tune.sol']
2,['flop.sol', 'join.sol', 'transferFrom.sol', 'frob.sol', 'heal.t.sol', 'flap.sol', 'drip.sol', 'bite.sol']
3,['flop.sol', 'join.sol', 'transferFrom.sol', 'frob.sol', 'heal.t.sol', 'flap.sol', 'frob.t.sol', 'tune.sol']
4,['flop.sol', 'join.sol', 'transferFrom.sol', 'frob.sol', 'heal.t.sol', 'flap.sol', 'frob.t.sol', 'bite.sol']
4,['flop.sol', 'join.sol', 'transferFrom.sol', 'frob.sol', 'heal.t.sol', 'flap.sol', 'tune.sol', 'bite.sol']
2,['flop.sol', 'join.sol', 'transferFrom.sol', 'frob.sol', 'heal.t.sol', 'drip.sol', 'frob.t.sol', 'tune.sol']
3,['flop.sol', 'join.sol', 'transferFrom.sol', 'frob.sol', 'heal.t.sol', 'drip.sol', 'frob.t.sol', 'bite.sol']
3,['flop.sol', 'join.sol', 'transferFrom.sol', 'frob.sol', 'heal.t.sol', 'drip.sol', 'tune.sol', 'bite.sol']
3,['flop.sol', 'join.sol', 'transferFrom.sol', 'frob.sol', 'heal.t.sol', 'frob.t.sol', 'tune.sol', 'bite.sol']
2,['flop.sol', 'join.sol', 'transferFrom.sol', 'frob.sol', 'flap.sol', 'drip.sol', 'frob.t.sol', 'tune.sol']
2,['flop.sol', 'join.sol', 'transferFrom.sol', 'frob.sol', 'flap.sol', 'drip.sol', 'frob.t.sol', 'bite.sol']
2,['flop.sol', 'join.sol', 'transferFrom.sol', 'frob.sol', 'flap.sol', 'drip.sol', 'tune.sol', 'bite.sol']
2,['flop.sol', 'join.sol', 'transferFrom.sol', 'frob.sol', 'flap.sol', 'frob.t.sol', 'tune.sol', 'bite.sol']
2,['flop.sol', 'join.sol', 'transferFrom.sol', 'frob.sol', 'drip.sol', 'frob.t.sol', 'tune.sol', 'bite.sol']
3,['flop.sol', 'join.sol', 'transferFrom.sol', 'flip.t.sol', 'flop.t.sol', 'flap.t.sol', 'heal.sol', 'drip.t.sol']
4,['flop.sol', 'join.sol', 'transferFrom.sol', 'flip.t.sol', 'flop.t.sol', 'flap.t.sol', 'heal.sol', 'heal.t.sol']
3,['flop.sol', 'join.sol', 'transferFrom.sol', 'flip.t.sol', 'flop.t.sol', 'flap.t.sol', 'heal.sol', 'flap.sol']
3,['flop.sol', 'join.sol', 'transferFrom.sol', 'flip.t.sol', 'flop.t.sol', 'flap.t.sol', 'heal.sol', 'drip.sol']
3,['flop.sol', 'join.sol', 'transferFrom.sol', 'flip.t.sol', 'flop.t.sol', 'flap.t.sol', 'heal.sol', 'frob.t.sol']
3,['flop.sol', 'join.sol', 'transferFrom.sol', 'flip.t.sol', 'flop.t.sol', 'flap.t.sol', 'heal.sol', 'tune.sol']
3,['flop.sol', 'join.sol', 'transferFrom.sol', 'flip.t.sol', 'flop.t.sol', 'flap.t.sol', 'heal.sol', 'bite.sol']
2,['flop.sol', 'join.sol', 'transferFrom.sol', 'flip.t.sol', 'flop.t.sol', 'flap.t.sol', 'drip.t.sol', 'heal.t.sol']
4,['flop.sol', 'join.sol', 'transferFrom.sol', 'flip.t.sol', 'flop.t.sol', 'flap.t.sol', 'drip.t.sol', 'flap.sol']
4,['flop.sol', 'join.sol', 'transferFrom.sol', 'flip.t.sol', 'flop.t.sol', 'flap.t.sol', 'drip.t.sol', 'drip.sol']
2,['flop.sol', 'join.sol', 'transferFrom.sol', 'flip.t.sol', 'flop.t.sol', 'flap.t.sol', 'drip.t.sol', 'frob.t.sol']
2,['flop.sol', 'join.sol', 'transferFrom.sol', 'flip.t.sol', 'flop.t.sol', 'flap.t.sol', 'drip.t.sol', 'tune.sol']
3,['flop.sol', 'join.sol', 'transferFrom.sol', 'flip.t.sol', 'flop.t.sol', 'flap.t.sol', 'drip.t.sol', 'bite.sol']
4,['flop.sol', 'join.sol', 'transferFrom.sol', 'flip.t.sol', 'flop.t.sol', 'flap.t.sol', 'heal.t.sol', 'flap.sol']
3,['flop.sol', 'join.sol', 'transferFrom.sol', 'flip.t.sol', 'flop.t.sol', 'flap.t.sol', 'heal.t.sol', 'drip.sol']
3,['flop.sol', 'join.sol', 'transferFrom.sol', 'flip.t.sol', 'flop.t.sol', 'flap.t.sol', 'heal.t.sol', 'frob.t.sol']
3,['flop.sol', 'join.sol', 'transferFrom.sol', 'flip.t.sol', 'flop.t.sol', 'flap.t.sol', 'heal.t.sol', 'tune.sol']
4,['flop.sol', 'join.sol', 'transferFrom.sol', 'flip.t.sol', 'flop.t.sol', 'flap.t.sol', 'heal.t.sol', 'bite.sol']
4,['flop.sol', 'join.sol', 'transferFrom.sol', 'flip.t.sol', 'flop.t.sol', 'flap.t.sol', 'flap.sol', 'drip.sol']
3,['flop.sol', 'join.sol', 'transferFrom.sol', 'flip.t.sol', 'flop.t.sol', 'flap.t.sol', 'flap.sol', 'frob.t.sol']
4,['flop.sol', 'join.sol', 'transferFrom.sol', 'flip.t.sol', 'flop.t.sol', 'flap.t.sol', 'flap.sol', 'tune.sol']
3,['flop.sol', 'join.sol', 'transferFrom.sol', 'flip.t.sol', 'flop.t.sol', 'flap.t.sol', 'flap.sol', 'bite.sol']
2,['flop.sol', 'join.sol', 'transferFrom.sol', 'flip.t.sol', 'flop.t.sol', 'flap.t.sol', 'drip.sol', 'frob.t.sol']
4,['flop.sol', 'join.sol', 'transferFrom.sol', 'flip.t.sol', 'flop.t.sol', 'flap.t.sol', 'drip.sol', 'tune.sol']
3,['flop.sol', 'join.sol', 'transferFrom.sol', 'flip.t.sol', 'flop.t.sol', 'flap.t.sol', 'drip.sol', 'bite.sol']
3,['flop.sol', 'join.sol', 'transferFrom.sol', 'flip.t.sol', 'flop.t.sol', 'flap.t.sol', 'frob.t.sol', 'tune.sol']
3,['flop.sol', 'join.sol', 'transferFrom.sol', 'flip.t.sol', 'flop.t.sol', 'flap.t.sol', 'frob.t.sol', 'bite.sol']
2,['flop.sol', 'join.sol', 'transferFrom.sol', 'flip.t.sol', 'flop.t.sol', 'flap.t.sol', 'tune.sol', 'bite.sol']
3,['flop.sol', 'join.sol', 'transferFrom.sol', 'flip.t.sol', 'flop.t.sol', 'heal.sol', 'drip.t.sol', 'heal.t.sol']
3,['flop.sol', 'join.sol', 'transferFrom.sol', 'flip.t.sol', 'flop.t.sol', 'heal.sol', 'drip.t.sol', 'flap.sol']
4,['flop.sol', 'join.sol', 'transferFrom.sol', 'flip.t.sol', 'flop.t.sol', 'heal.sol', 'drip.t.sol', 'drip.sol']
2,['flop.sol', 'join.sol', 'transferFrom.sol', 'flip.t.sol', 'flop.t.sol', 'heal.sol', 'drip.t.sol', 'frob.t.sol']
1,['flop.sol', 'join.sol', 'transferFrom.sol', 'flip.t.sol', 'flop.t.sol', 'heal.sol', 'drip.t.sol', 'tune.sol']
2,['flop.sol', 'join.sol', 'transferFrom.sol', 'flip.t.sol', 'flop.t.sol', 'heal.sol', 'drip.t.sol', 'bite.sol']
4,['flop.sol', 'join.sol', 'transferFrom.sol', 'flip.t.sol', 'flop.t.sol', 'heal.sol', 'heal.t.sol', 'flap.sol']
3,['flop.sol', 'join.sol', 'transferFrom.sol', 'flip.t.sol', 'flop.t.sol', 'heal.sol', 'heal.t.sol', 'drip.sol']
3,['flop.sol', 'join.sol', 'transferFrom.sol', 'flip.t.sol', 'flop.t.sol', 'heal.sol', 'heal.t.sol', 'frob.t.sol']
3,['flop.sol', 'join.sol', 'transferFrom.sol', 'flip.t.sol', 'flop.t.sol', 'heal.sol', 'heal.t.sol', 'tune.sol']
4,['flop.sol', 'join.sol', 'transferFrom.sol', 'flip.t.sol', 'flop.t.sol', 'heal.sol', 'heal.t.sol', 'bite.sol']
3,['flop.sol', 'join.sol', 'transferFrom.sol', 'flip.t.sol', 'flop.t.sol', 'heal.sol', 'flap.sol', 'drip.sol']
3,['flop.sol', 'join.sol', 'transferFrom.sol', 'flip.t.sol', 'flop.t.sol', 'heal.sol', 'flap.sol', 'frob.t.sol']
2,['flop.sol', 'join.sol', 'transferFrom.sol', 'flip.t.sol', 'flop.t.sol', 'heal.sol', 'flap.sol', 'tune.sol']
3,['flop.sol', 'join.sol', 'transferFrom.sol', 'flip.t.sol', 'flop.t.sol', 'heal.sol', 'flap.sol', 'bite.sol']
2,['flop.sol', 'join.sol', 'transferFrom.sol', 'flip.t.sol', 'flop.t.sol', 'heal.sol', 'drip.sol', 'frob.t.sol']
2,['flop.sol', 'join.sol', 'transferFrom.sol', 'flip.t.sol', 'flop.t.sol', 'heal.sol', 'drip.sol', 'tune.sol']
2,['flop.sol', 'join.sol', 'transferFrom.sol', 'flip.t.sol', 'flop.t.sol', 'heal.sol', 'drip.sol', 'bite.sol']
3,['flop.sol', 'join.sol', 'transferFrom.sol', 'flip.t.sol', 'flop.t.sol', 'heal.sol', 'frob.t.sol', 'tune.sol']
3,['flop.sol', 'join.sol', 'transferFrom.sol', 'flip.t.sol', 'flop.t.sol', 'heal.sol', 'frob.t.sol', 'bite.sol']
2,['flop.sol', 'join.sol', 'transferFrom.sol', 'flip.t.sol', 'flop.t.sol', 'heal.sol', 'tune.sol', 'bite.sol']
3,['flop.sol', 'join.sol', 'transferFrom.sol', 'flip.t.sol', 'flop.t.sol', 'drip.t.sol', 'heal.t.sol', 'flap.sol']
3,['flop.sol', 'join.sol', 'transferFrom.sol', 'flip.t.sol', 'flop.t.sol', 'drip.t.sol', 'heal.t.sol', 'drip.sol']
2,['flop.sol', 'join.sol', 'transferFrom.sol', 'flip.t.sol', 'flop.t.sol', 'drip.t.sol', 'heal.t.sol', 'frob.t.sol']
2,['flop.sol', 'join.sol', 'transferFrom.sol', 'flip.t.sol', 'flop.t.sol', 'drip.t.sol', 'heal.t.sol', 'tune.sol']
3,['flop.sol', 'join.sol', 'transferFrom.sol', 'flip.t.sol', 'flop.t.sol', 'drip.t.sol', 'heal.t.sol', 'bite.sol']
5,['flop.sol', 'join.sol', 'transferFrom.sol', 'flip.t.sol', 'flop.t.sol', 'drip.t.sol', 'flap.sol', 'drip.sol']
2,['flop.sol', 'join.sol', 'transferFrom.sol', 'flip.t.sol', 'flop.t.sol', 'drip.t.sol', 'flap.sol', 'frob.t.sol']
2,['flop.sol', 'join.sol', 'transferFrom.sol', 'flip.t.sol', 'flop.t.sol', 'drip.t.sol', 'flap.sol', 'tune.sol']
2,['flop.sol', 'join.sol', 'transferFrom.sol', 'flip.t.sol', 'flop.t.sol', 'drip.t.sol', 'flap.sol', 'bite.sol']
2,['flop.sol', 'join.sol', 'transferFrom.sol', 'flip.t.sol', 'flop.t.sol', 'drip.t.sol', 'drip.sol', 'frob.t.sol']
4,['flop.sol', 'join.sol', 'transferFrom.sol', 'flip.t.sol', 'flop.t.sol', 'drip.t.sol', 'drip.sol', 'tune.sol']
3,['flop.sol', 'join.sol', 'transferFrom.sol', 'flip.t.sol', 'flop.t.sol', 'drip.t.sol', 'drip.sol', 'bite.sol']
2,['flop.sol', 'join.sol', 'transferFrom.sol', 'flip.t.sol', 'flop.t.sol', 'drip.t.sol', 'frob.t.sol', 'tune.sol']
2,['flop.sol', 'join.sol', 'transferFrom.sol', 'flip.t.sol', 'flop.t.sol', 'drip.t.sol', 'frob.t.sol', 'bite.sol']
1,['flop.sol', 'join.sol', 'transferFrom.sol', 'flip.t.sol', 'flop.t.sol', 'drip.t.sol', 'tune.sol', 'bite.sol']
3,['flop.sol', 'join.sol', 'transferFrom.sol', 'flip.t.sol', 'flop.t.sol', 'heal.t.sol', 'flap.sol', 'drip.sol']
3,['flop.sol', 'join.sol', 'transferFrom.sol', 'flip.t.sol', 'flop.t.sol', 'heal.t.sol', 'flap.sol', 'frob.t.sol']
3,['flop.sol', 'join.sol', 'transferFrom.sol', 'flip.t.sol', 'flop.t.sol', 'heal.t.sol', 'flap.sol', 'tune.sol']
4,['flop.sol', 'join.sol', 'transferFrom.sol', 'flip.t.sol', 'flop.t.sol', 'heal.t.sol', 'flap.sol', 'bite.sol']
2,['flop.sol', 'join.sol', 'transferFrom.sol', 'flip.t.sol', 'flop.t.sol', 'heal.t.sol', 'drip.sol', 'frob.t.sol']
2,['flop.sol', 'join.sol', 'transferFrom.sol', 'flip.t.sol', 'flop.t.sol', 'heal.t.sol', 'drip.sol', 'tune.sol']
3,['flop.sol', 'join.sol', 'transferFrom.sol', 'flip.t.sol', 'flop.t.sol', 'heal.t.sol', 'drip.sol', 'bite.sol']
3,['flop.sol', 'join.sol', 'transferFrom.sol', 'flip.t.sol', 'flop.t.sol', 'heal.t.sol', 'frob.t.sol', 'tune.sol']
3,['flop.sol', 'join.sol', 'transferFrom.sol', 'flip.t.sol', 'flop.t.sol', 'heal.t.sol', 'frob.t.sol', 'bite.sol']
3,['flop.sol', 'join.sol', 'transferFrom.sol', 'flip.t.sol', 'flop.t.sol', 'heal.t.sol', 'tune.sol', 'bite.sol']
2,['flop.sol', 'join.sol', 'transferFrom.sol', 'flip.t.sol', 'flop.t.sol', 'flap.sol', 'drip.sol', 'frob.t.sol']
2,['flop.sol', 'join.sol', 'transferFrom.sol', 'flip.t.sol', 'flop.t.sol', 'flap.sol', 'drip.sol', 'tune.sol']
3,['flop.sol', 'join.sol', 'transferFrom.sol', 'flip.t.sol', 'flop.t.sol', 'flap.sol', 'drip.sol', 'bite.sol']
3,['flop.sol', 'join.sol', 'transferFrom.sol', 'flip.t.sol', 'flop.t.sol', 'flap.sol', 'frob.t.sol', 'tune.sol']
3,['flop.sol', 'join.sol', 'transferFrom.sol', 'flip.t.sol', 'flop.t.sol', 'flap.sol', 'frob.t.sol', 'bite.sol']
2,['flop.sol', 'join.sol', 'transferFrom.sol', 'flip.t.sol', 'flop.t.sol', 'flap.sol', 'tune.sol', 'bite.sol']
2,['flop.sol', 'join.sol', 'transferFrom.sol', 'flip.t.sol', 'flop.t.sol', 'drip.sol', 'frob.t.sol', 'tune.sol']
2,['flop.sol', 'join.sol', 'transferFrom.sol', 'flip.t.sol', 'flop.t.sol', 'drip.sol', 'frob.t.sol', 'bite.sol']
2,['flop.sol', 'join.sol', 'transferFrom.sol', 'flip.t.sol', 'flop.t.sol', 'drip.sol', 'tune.sol', 'bite.sol']
3,['flop.sol', 'join.sol', 'transferFrom.sol', 'flip.t.sol', 'flop.t.sol', 'frob.t.sol', 'tune.sol', 'bite.sol']
3,['flop.sol', 'join.sol', 'transferFrom.sol', 'flip.t.sol', 'flap.t.sol', 'heal.sol', 'drip.t.sol', 'heal.t.sol']
3,['flop.sol', 'join.sol', 'transferFrom.sol', 'flip.t.sol', 'flap.t.sol', 'heal.sol', 'drip.t.sol', 'flap.sol']
4,['flop.sol', 'join.sol', 'transferFrom.sol', 'flip.t.sol', 'flap.t.sol', 'heal.sol', 'drip.t.sol', 'drip.sol']
2,['flop.sol', 'join.sol', 'transferFrom.sol', 'flip.t.sol', 'flap.t.sol', 'heal.sol', 'drip.t.sol', 'frob.t.sol']
1,['flop.sol', 'join.sol', 'transferFrom.sol', 'flip.t.sol', 'flap.t.sol', 'heal.sol', 'drip.t.sol', 'tune.sol']
2,['flop.sol', 'join.sol', 'transferFrom.sol', 'flip.t.sol', 'flap.t.sol', 'heal.sol', 'drip.t.sol', 'bite.sol']
4,['flop.sol', 'join.sol', 'transferFrom.sol', 'flip.t.sol', 'flap.t.sol', 'heal.sol', 'heal.t.sol', 'flap.sol']
3,['flop.sol', 'join.sol', 'transferFrom.sol', 'flip.t.sol', 'flap.t.sol', 'heal.sol', 'heal.t.sol', 'drip.sol']
3,['flop.sol', 'join.sol', 'transferFrom.sol', 'flip.t.sol', 'flap.t.sol', 'heal.sol', 'heal.t.sol', 'frob.t.sol']
3,['flop.sol', 'join.sol', 'transferFrom.sol', 'flip.t.sol', 'flap.t.sol', 'heal.sol', 'heal.t.sol', 'tune.sol']
4,['flop.sol', 'join.sol', 'transferFrom.sol', 'flip.t.sol', 'flap.t.sol', 'heal.sol', 'heal.t.sol', 'bite.sol']
3,['flop.sol', 'join.sol', 'transferFrom.sol', 'flip.t.sol', 'flap.t.sol', 'heal.sol', 'flap.sol', 'drip.sol']
3,['flop.sol', 'join.sol', 'transferFrom.sol', 'flip.t.sol', 'flap.t.sol', 'heal.sol', 'flap.sol', 'frob.t.sol']
2,['flop.sol', 'join.sol', 'transferFrom.sol', 'flip.t.sol', 'flap.t.sol', 'heal.sol', 'flap.sol', 'tune.sol']
3,['flop.sol', 'join.sol', 'transferFrom.sol', 'flip.t.sol', 'flap.t.sol', 'heal.sol', 'flap.sol', 'bite.sol']
2,['flop.sol', 'join.sol', 'transferFrom.sol', 'flip.t.sol', 'flap.t.sol', 'heal.sol', 'drip.sol', 'frob.t.sol']
2,['flop.sol', 'join.sol', 'transferFrom.sol', 'flip.t.sol', 'flap.t.sol', 'heal.sol', 'drip.sol', 'tune.sol']
3,['flop.sol', 'join.sol', 'transferFrom.sol', 'flip.t.sol', 'flap.t.sol', 'heal.sol', 'drip.sol', 'bite.sol']
3,['flop.sol', 'join.sol', 'transferFrom.sol', 'flip.t.sol', 'flap.t.sol', 'heal.sol', 'frob.t.sol', 'tune.sol']
3,['flop.sol', 'join.sol', 'transferFrom.sol', 'flip.t.sol', 'flap.t.sol', 'heal.sol', 'frob.t.sol', 'bite.sol']
2,['flop.sol', 'join.sol', 'transferFrom.sol', 'flip.t.sol', 'flap.t.sol', 'heal.sol', 'tune.sol', 'bite.sol']
3,['flop.sol', 'join.sol', 'transferFrom.sol', 'flip.t.sol', 'flap.t.sol', 'drip.t.sol', 'heal.t.sol', 'flap.sol']
3,['flop.sol', 'join.sol', 'transferFrom.sol', 'flip.t.sol', 'flap.t.sol', 'drip.t.sol', 'heal.t.sol', 'drip.sol']
2,['flop.sol', 'join.sol', 'transferFrom.sol', 'flip.t.sol', 'flap.t.sol', 'drip.t.sol', 'heal.t.sol', 'frob.t.sol']
2,['flop.sol', 'join.sol', 'transferFrom.sol', 'flip.t.sol', 'flap.t.sol', 'drip.t.sol', 'heal.t.sol', 'tune.sol']
3,['flop.sol', 'join.sol', 'transferFrom.sol', 'flip.t.sol', 'flap.t.sol', 'drip.t.sol', 'heal.t.sol', 'bite.sol']
4,['flop.sol', 'join.sol', 'transferFrom.sol', 'flip.t.sol', 'flap.t.sol', 'drip.t.sol', 'flap.sol', 'drip.sol']
2,['flop.sol', 'join.sol', 'transferFrom.sol', 'flip.t.sol', 'flap.t.sol', 'drip.t.sol', 'flap.sol', 'frob.t.sol']
2,['flop.sol', 'join.sol', 'transferFrom.sol', 'flip.t.sol', 'flap.t.sol', 'drip.t.sol', 'flap.sol', 'tune.sol']
2,['flop.sol', 'join.sol', 'transferFrom.sol', 'flip.t.sol', 'flap.t.sol', 'drip.t.sol', 'flap.sol', 'bite.sol']
2,['flop.sol', 'join.sol', 'transferFrom.sol', 'flip.t.sol', 'flap.t.sol', 'drip.t.sol', 'drip.sol', 'frob.t.sol']
4,['flop.sol', 'join.sol', 'transferFrom.sol', 'flip.t.sol', 'flap.t.sol', 'drip.t.sol', 'drip.sol', 'tune.sol']
3,['flop.sol', 'join.sol', 'transferFrom.sol', 'flip.t.sol', 'flap.t.sol', 'drip.t.sol', 'drip.sol', 'bite.sol']
2,['flop.sol', 'join.sol', 'transferFrom.sol', 'flip.t.sol', 'flap.t.sol', 'drip.t.sol', 'frob.t.sol', 'tune.sol']
2,['flop.sol', 'join.sol', 'transferFrom.sol', 'flip.t.sol', 'flap.t.sol', 'drip.t.sol', 'frob.t.sol', 'bite.sol']
1,['flop.sol', 'join.sol', 'transferFrom.sol', 'flip.t.sol', 'flap.t.sol', 'drip.t.sol', 'tune.sol', 'bite.sol']
3,['flop.sol', 'join.sol', 'transferFrom.sol', 'flip.t.sol', 'flap.t.sol', 'heal.t.sol', 'flap.sol', 'drip.sol']
3,['flop.sol', 'join.sol', 'transferFrom.sol', 'flip.t.sol', 'flap.t.sol', 'heal.t.sol', 'flap.sol', 'frob.t.sol']
3,['flop.sol', 'join.sol', 'transferFrom.sol', 'flip.t.sol', 'flap.t.sol', 'heal.t.sol', 'flap.sol', 'tune.sol']
4,['flop.sol', 'join.sol', 'transferFrom.sol', 'flip.t.sol', 'flap.t.sol', 'heal.t.sol', 'flap.sol', 'bite.sol']
2,['flop.sol', 'join.sol', 'transferFrom.sol', 'flip.t.sol', 'flap.t.sol', 'heal.t.sol', 'drip.sol', 'frob.t.sol']
2,['flop.sol', 'join.sol', 'transferFrom.sol', 'flip.t.sol', 'flap.t.sol', 'heal.t.sol', 'drip.sol', 'tune.sol']
3,['flop.sol', 'join.sol', 'transferFrom.sol', 'flip.t.sol', 'flap.t.sol', 'heal.t.sol', 'drip.sol', 'bite.sol']
3,['flop.sol', 'join.sol', 'transferFrom.sol', 'flip.t.sol', 'flap.t.sol', 'heal.t.sol', 'frob.t.sol', 'tune.sol']
3,['flop.sol', 'join.sol', 'transferFrom.sol', 'flip.t.sol', 'flap.t.sol', 'heal.t.sol', 'frob.t.sol', 'bite.sol']
3,['flop.sol', 'join.sol', 'transferFrom.sol', 'flip.t.sol', 'flap.t.sol', 'heal.t.sol', 'tune.sol', 'bite.sol']
2,['flop.sol', 'join.sol', 'transferFrom.sol', 'flip.t.sol', 'flap.t.sol', 'flap.sol', 'drip.sol', 'frob.t.sol']
2,['flop.sol', 'join.sol', 'transferFrom.sol', 'flip.t.sol', 'flap.t.sol', 'flap.sol', 'drip.sol', 'tune.sol']
3,['flop.sol', 'join.sol', 'transferFrom.sol', 'flip.t.sol', 'flap.t.sol', 'flap.sol', 'drip.sol', 'bite.sol']
3,['flop.sol', 'join.sol', 'transferFrom.sol', 'flip.t.sol', 'flap.t.sol', 'flap.sol', 'frob.t.sol', 'tune.sol']
3,['flop.sol', 'join.sol', 'transferFrom.sol', 'flip.t.sol', 'flap.t.sol', 'flap.sol', 'frob.t.sol', 'bite.sol']
2,['flop.sol', 'join.sol', 'transferFrom.sol', 'flip.t.sol', 'flap.t.sol', 'flap.sol', 'tune.sol', 'bite.sol']
2,['flop.sol', 'join.sol', 'transferFrom.sol', 'flip.t.sol', 'flap.t.sol', 'drip.sol', 'frob.t.sol', 'tune.sol']
2,['flop.sol', 'join.sol', 'transferFrom.sol', 'flip.t.sol', 'flap.t.sol', 'drip.sol', 'frob.t.sol', 'bite.sol']
2,['flop.sol', 'join.sol', 'transferFrom.sol', 'flip.t.sol', 'flap.t.sol', 'drip.sol', 'tune.sol', 'bite.sol']
3,['flop.sol', 'join.sol', 'transferFrom.sol', 'flip.t.sol', 'flap.t.sol', 'frob.t.sol', 'tune.sol', 'bite.sol']
3,['flop.sol', 'join.sol', 'transferFrom.sol', 'flip.t.sol', 'heal.sol', 'drip.t.sol', 'heal.t.sol', 'flap.sol']
4,['flop.sol', 'join.sol', 'transferFrom.sol', 'flip.t.sol', 'heal.sol', 'drip.t.sol', 'heal.t.sol', 'drip.sol']
2,['flop.sol', 'join.sol', 'transferFrom.sol', 'flip.t.sol', 'heal.sol', 'drip.t.sol', 'heal.t.sol', 'frob.t.sol']
2,['flop.sol', 'join.sol', 'transferFrom.sol', 'flip.t.sol', 'heal.sol', 'drip.t.sol', 'heal.t.sol', 'tune.sol']
2,['flop.sol', 'join.sol', 'transferFrom.sol', 'flip.t.sol', 'heal.sol', 'drip.t.sol', 'heal.t.sol', 'bite.sol']
2,['flop.sol', 'join.sol', 'transferFrom.sol', 'flip.t.sol', 'heal.sol', 'drip.t.sol', 'flap.sol', 'drip.sol']
3,['flop.sol', 'join.sol', 'transferFrom.sol', 'flip.t.sol', 'heal.sol', 'drip.t.sol', 'flap.sol', 'frob.t.sol']
2,['flop.sol', 'join.sol', 'transferFrom.sol', 'flip.t.sol', 'heal.sol', 'drip.t.sol', 'flap.sol', 'tune.sol']
2,['flop.sol', 'join.sol', 'transferFrom.sol', 'flip.t.sol', 'heal.sol', 'drip.t.sol', 'flap.sol', 'bite.sol']
5,['flop.sol', 'join.sol', 'transferFrom.sol', 'flip.t.sol', 'heal.sol', 'drip.t.sol', 'drip.sol', 'frob.t.sol']
2,['flop.sol', 'join.sol', 'transferFrom.sol', 'flip.t.sol', 'heal.sol', 'drip.t.sol', 'drip.sol', 'tune.sol']
2,['flop.sol', 'join.sol', 'transferFrom.sol', 'flip.t.sol', 'heal.sol', 'drip.t.sol', 'drip.sol', 'bite.sol']
3,['flop.sol', 'join.sol', 'transferFrom.sol', 'flip.t.sol', 'heal.sol', 'drip.t.sol', 'frob.t.sol', 'tune.sol']
4,['flop.sol', 'join.sol', 'transferFrom.sol', 'flip.t.sol', 'heal.sol', 'drip.t.sol', 'frob.t.sol', 'bite.sol']
2,['flop.sol', 'join.sol', 'transferFrom.sol', 'flip.t.sol', 'heal.sol', 'drip.t.sol', 'tune.sol', 'bite.sol']
3,['flop.sol', 'join.sol', 'transferFrom.sol', 'flip.t.sol', 'heal.sol', 'heal.t.sol', 'flap.sol', 'drip.sol']
3,['flop.sol', 'join.sol', 'transferFrom.sol', 'flip.t.sol', 'heal.sol', 'heal.t.sol', 'flap.sol', 'frob.t.sol']
3,['flop.sol', 'join.sol', 'transferFrom.sol', 'flip.t.sol', 'heal.sol', 'heal.t.sol', 'flap.sol', 'tune.sol']
4,['flop.sol', 'join.sol', 'transferFrom.sol', 'flip.t.sol', 'heal.sol', 'heal.t.sol', 'flap.sol', 'bite.sol']
2,['flop.sol', 'join.sol', 'transferFrom.sol', 'flip.t.sol', 'heal.sol', 'heal.t.sol', 'drip.sol', 'frob.t.sol']
2,['flop.sol', 'join.sol', 'transferFrom.sol', 'flip.t.sol', 'heal.sol', 'heal.t.sol', 'drip.sol', 'tune.sol']
3,['flop.sol', 'join.sol', 'transferFrom.sol', 'flip.t.sol', 'heal.sol', 'heal.t.sol', 'drip.sol', 'bite.sol']
3,['flop.sol', 'join.sol', 'transferFrom.sol', 'flip.t.sol', 'heal.sol', 'heal.t.sol', 'frob.t.sol', 'tune.sol']
3,['flop.sol', 'join.sol', 'transferFrom.sol', 'flip.t.sol', 'heal.sol', 'heal.t.sol', 'frob.t.sol', 'bite.sol']
3,['flop.sol', 'join.sol', 'transferFrom.sol', 'flip.t.sol', 'heal.sol', 'heal.t.sol', 'tune.sol', 'bite.sol']
3,['flop.sol', 'join.sol', 'transferFrom.sol', 'flip.t.sol', 'heal.sol', 'flap.sol', 'drip.sol', 'frob.t.sol']
2,['flop.sol', 'join.sol', 'transferFrom.sol', 'flip.t.sol', 'heal.sol', 'flap.sol', 'drip.sol', 'tune.sol']
2,['flop.sol', 'join.sol', 'transferFrom.sol', 'flip.t.sol', 'heal.sol', 'flap.sol', 'drip.sol', 'bite.sol']
3,['flop.sol', 'join.sol', 'transferFrom.sol', 'flip.t.sol', 'heal.sol', 'flap.sol', 'frob.t.sol', 'tune.sol']
3,['flop.sol', 'join.sol', 'transferFrom.sol', 'flip.t.sol', 'heal.sol', 'flap.sol', 'frob.t.sol', 'bite.sol']
2,['flop.sol', 'join.sol', 'transferFrom.sol', 'flip.t.sol', 'heal.sol', 'flap.sol', 'tune.sol', 'bite.sol']
2,['flop.sol', 'join.sol', 'transferFrom.sol', 'flip.t.sol', 'heal.sol', 'drip.sol', 'frob.t.sol', 'tune.sol']
6,['flop.sol', 'join.sol', 'transferFrom.sol', 'flip.t.sol', 'heal.sol', 'drip.sol', 'frob.t.sol', 'bite.sol']
2,['flop.sol', 'join.sol', 'transferFrom.sol', 'flip.t.sol', 'heal.sol', 'drip.sol', 'tune.sol', 'bite.sol']
3,['flop.sol', 'join.sol', 'transferFrom.sol', 'flip.t.sol', 'heal.sol', 'frob.t.sol', 'tune.sol', 'bite.sol']
3,['flop.sol', 'join.sol', 'transferFrom.sol', 'flip.t.sol', 'drip.t.sol', 'heal.t.sol', 'flap.sol', 'drip.sol']
2,['flop.sol', 'join.sol', 'transferFrom.sol', 'flip.t.sol', 'drip.t.sol', 'heal.t.sol', 'flap.sol', 'frob.t.sol']
2,['flop.sol', 'join.sol', 'transferFrom.sol', 'flip.t.sol', 'drip.t.sol', 'heal.t.sol', 'flap.sol', 'tune.sol']
2,['flop.sol', 'join.sol', 'transferFrom.sol', 'flip.t.sol', 'drip.t.sol', 'heal.t.sol', 'flap.sol', 'bite.sol']
2,['flop.sol', 'join.sol', 'transferFrom.sol', 'flip.t.sol', 'drip.t.sol', 'heal.t.sol', 'drip.sol', 'frob.t.sol']
2,['flop.sol', 'join.sol', 'transferFrom.sol', 'flip.t.sol', 'drip.t.sol', 'heal.t.sol', 'drip.sol', 'tune.sol']
2,['flop.sol', 'join.sol', 'transferFrom.sol', 'flip.t.sol', 'drip.t.sol', 'heal.t.sol', 'drip.sol', 'bite.sol']
2,['flop.sol', 'join.sol', 'transferFrom.sol', 'flip.t.sol', 'drip.t.sol', 'heal.t.sol', 'frob.t.sol', 'tune.sol']
2,['flop.sol', 'join.sol', 'transferFrom.sol', 'flip.t.sol', 'drip.t.sol', 'heal.t.sol', 'frob.t.sol', 'bite.sol']
2,['flop.sol', 'join.sol', 'transferFrom.sol', 'flip.t.sol', 'drip.t.sol', 'heal.t.sol', 'tune.sol', 'bite.sol']
3,['flop.sol', 'join.sol', 'transferFrom.sol', 'flip.t.sol', 'drip.t.sol', 'flap.sol', 'drip.sol', 'frob.t.sol']
5,['flop.sol', 'join.sol', 'transferFrom.sol', 'flip.t.sol', 'drip.t.sol', 'flap.sol', 'drip.sol', 'tune.sol']
2,['flop.sol', 'join.sol', 'transferFrom.sol', 'flip.t.sol', 'drip.t.sol', 'flap.sol', 'drip.sol', 'bite.sol']
3,['flop.sol', 'join.sol', 'transferFrom.sol', 'flip.t.sol', 'drip.t.sol', 'flap.sol', 'frob.t.sol', 'tune.sol']
3,['flop.sol', 'join.sol', 'transferFrom.sol', 'flip.t.sol', 'drip.t.sol', 'flap.sol', 'frob.t.sol', 'bite.sol']
2,['flop.sol', 'join.sol', 'transferFrom.sol', 'flip.t.sol', 'drip.t.sol', 'flap.sol', 'tune.sol', 'bite.sol']
2,['flop.sol', 'join.sol', 'transferFrom.sol', 'flip.t.sol', 'drip.t.sol', 'drip.sol', 'frob.t.sol', 'tune.sol']
5,['flop.sol', 'join.sol', 'transferFrom.sol', 'flip.t.sol', 'drip.t.sol', 'drip.sol', 'frob.t.sol', 'bite.sol']
3,['flop.sol', 'join.sol', 'transferFrom.sol', 'flip.t.sol', 'drip.t.sol', 'drip.sol', 'tune.sol', 'bite.sol']
2,['flop.sol', 'join.sol', 'transferFrom.sol', 'flip.t.sol', 'drip.t.sol', 'frob.t.sol', 'tune.sol', 'bite.sol']
2,['flop.sol', 'join.sol', 'transferFrom.sol', 'flip.t.sol', 'heal.t.sol', 'flap.sol', 'drip.sol', 'frob.t.sol']
2,['flop.sol', 'join.sol', 'transferFrom.sol', 'flip.t.sol', 'heal.t.sol', 'flap.sol', 'drip.sol', 'tune.sol']
3,['flop.sol', 'join.sol', 'transferFrom.sol', 'flip.t.sol', 'heal.t.sol', 'flap.sol', 'drip.sol', 'bite.sol']
3,['flop.sol', 'join.sol', 'transferFrom.sol', 'flip.t.sol', 'heal.t.sol', 'flap.sol', 'frob.t.sol', 'tune.sol']
3,['flop.sol', 'join.sol', 'transferFrom.sol', 'flip.t.sol', 'heal.t.sol', 'flap.sol', 'frob.t.sol', 'bite.sol']
3,['flop.sol', 'join.sol', 'transferFrom.sol', 'flip.t.sol', 'heal.t.sol', 'flap.sol', 'tune.sol', 'bite.sol']
2,['flop.sol', 'join.sol', 'transferFrom.sol', 'flip.t.sol', 'heal.t.sol', 'drip.sol', 'frob.t.sol', 'tune.sol']
2,['flop.sol', 'join.sol', 'transferFrom.sol', 'flip.t.sol', 'heal.t.sol', 'drip.sol', 'frob.t.sol', 'bite.sol']
2,['flop.sol', 'join.sol', 'transferFrom.sol', 'flip.t.sol', 'heal.t.sol', 'drip.sol', 'tune.sol', 'bite.sol']
3,['flop.sol', 'join.sol', 'transferFrom.sol', 'flip.t.sol', 'heal.t.sol', 'frob.t.sol', 'tune.sol', 'bite.sol']
2,['flop.sol', 'join.sol', 'transferFrom.sol', 'flip.t.sol', 'flap.sol', 'drip.sol', 'frob.t.sol', 'tune.sol']
3,['flop.sol', 'join.sol', 'transferFrom.sol', 'flip.t.sol', 'flap.sol', 'drip.sol', 'frob.t.sol', 'bite.sol']
2,['flop.sol', 'join.sol', 'transferFrom.sol', 'flip.t.sol', 'flap.sol', 'drip.sol', 'tune.sol', 'bite.sol']
2,['flop.sol', 'join.sol', 'transferFrom.sol', 'flip.t.sol', 'flap.sol', 'frob.t.sol', 'tune.sol', 'bite.sol']
2,['flop.sol', 'join.sol', 'transferFrom.sol', 'flip.t.sol', 'drip.sol', 'frob.t.sol', 'tune.sol', 'bite.sol']
3,['flop.sol', 'join.sol', 'transferFrom.sol', 'flop.t.sol', 'flap.t.sol', 'heal.sol', 'drip.t.sol', 'heal.t.sol']
3,['flop.sol', 'join.sol', 'transferFrom.sol', 'flop.t.sol', 'flap.t.sol', 'heal.sol', 'drip.t.sol', 'flap.sol']
3,['flop.sol', 'join.sol', 'transferFrom.sol', 'flop.t.sol', 'flap.t.sol', 'heal.sol', 'drip.t.sol', 'drip.sol']
3,['flop.sol', 'join.sol', 'transferFrom.sol', 'flop.t.sol', 'flap.t.sol', 'heal.sol', 'drip.t.sol', 'frob.t.sol']
2,['flop.sol', 'join.sol', 'transferFrom.sol', 'flop.t.sol', 'flap.t.sol', 'heal.sol', 'drip.t.sol', 'tune.sol']
3,['flop.sol', 'join.sol', 'transferFrom.sol', 'flop.t.sol', 'flap.t.sol', 'heal.sol', 'drip.t.sol', 'bite.sol']
4,['flop.sol', 'join.sol', 'transferFrom.sol', 'flop.t.sol', 'flap.t.sol', 'heal.sol', 'heal.t.sol', 'flap.sol']
3,['flop.sol', 'join.sol', 'transferFrom.sol', 'flop.t.sol', 'flap.t.sol', 'heal.sol', 'heal.t.sol', 'drip.sol']
3,['flop.sol', 'join.sol', 'transferFrom.sol', 'flop.t.sol', 'flap.t.sol', 'heal.sol', 'heal.t.sol', 'frob.t.sol']
3,['flop.sol', 'join.sol', 'transferFrom.sol', 'flop.t.sol', 'flap.t.sol', 'heal.sol', 'heal.t.sol', 'tune.sol']
4,['flop.sol', 'join.sol', 'transferFrom.sol', 'flop.t.sol', 'flap.t.sol', 'heal.sol', 'heal.t.sol', 'bite.sol']
3,['flop.sol', 'join.sol', 'transferFrom.sol', 'flop.t.sol', 'flap.t.sol', 'heal.sol', 'flap.sol', 'drip.sol']
4,['flop.sol', 'join.sol', 'transferFrom.sol', 'flop.t.sol', 'flap.t.sol', 'heal.sol', 'flap.sol', 'frob.t.sol']
2,['flop.sol', 'join.sol', 'transferFrom.sol', 'flop.t.sol', 'flap.t.sol', 'heal.sol', 'flap.sol', 'tune.sol']
3,['flop.sol', 'join.sol', 'transferFrom.sol', 'flop.t.sol', 'flap.t.sol', 'heal.sol', 'flap.sol', 'bite.sol']
3,['flop.sol', 'join.sol', 'transferFrom.sol', 'flop.t.sol', 'flap.t.sol', 'heal.sol', 'drip.sol', 'frob.t.sol']
2,['flop.sol', 'join.sol', 'transferFrom.sol', 'flop.t.sol', 'flap.t.sol', 'heal.sol', 'drip.sol', 'tune.sol']
3,['flop.sol', 'join.sol', 'transferFrom.sol', 'flop.t.sol', 'flap.t.sol', 'heal.sol', 'drip.sol', 'bite.sol']
3,['flop.sol', 'join.sol', 'transferFrom.sol', 'flop.t.sol', 'flap.t.sol', 'heal.sol', 'frob.t.sol', 'tune.sol']
4,['flop.sol', 'join.sol', 'transferFrom.sol', 'flop.t.sol', 'flap.t.sol', 'heal.sol', 'frob.t.sol', 'bite.sol']
2,['flop.sol', 'join.sol', 'transferFrom.sol', 'flop.t.sol', 'flap.t.sol', 'heal.sol', 'tune.sol', 'bite.sol']
3,['flop.sol', 'join.sol', 'transferFrom.sol', 'flop.t.sol', 'flap.t.sol', 'drip.t.sol', 'heal.t.sol', 'flap.sol']
3,['flop.sol', 'join.sol', 'transferFrom.sol', 'flop.t.sol', 'flap.t.sol', 'drip.t.sol', 'heal.t.sol', 'drip.sol']
2,['flop.sol', 'join.sol', 'transferFrom.sol', 'flop.t.sol', 'flap.t.sol', 'drip.t.sol', 'heal.t.sol', 'frob.t.sol']
3,['flop.sol', 'join.sol', 'transferFrom.sol', 'flop.t.sol', 'flap.t.sol', 'drip.t.sol', 'heal.t.sol', 'tune.sol']
3,['flop.sol', 'join.sol', 'transferFrom.sol', 'flop.t.sol', 'flap.t.sol', 'drip.t.sol', 'heal.t.sol', 'bite.sol']
4,['flop.sol', 'join.sol', 'transferFrom.sol', 'flop.t.sol', 'flap.t.sol', 'drip.t.sol', 'flap.sol', 'drip.sol']
3,['flop.sol', 'join.sol', 'transferFrom.sol', 'flop.t.sol', 'flap.t.sol', 'drip.t.sol', 'flap.sol', 'frob.t.sol']
3,['flop.sol', 'join.sol', 'transferFrom.sol', 'flop.t.sol', 'flap.t.sol', 'drip.t.sol', 'flap.sol', 'tune.sol']
3,['flop.sol', 'join.sol', 'transferFrom.sol', 'flop.t.sol', 'flap.t.sol', 'drip.t.sol', 'flap.sol', 'bite.sol']
3,['flop.sol', 'join.sol', 'transferFrom.sol', 'flop.t.sol', 'flap.t.sol', 'drip.t.sol', 'drip.sol', 'frob.t.sol']
3,['flop.sol', 'join.sol', 'transferFrom.sol', 'flop.t.sol', 'flap.t.sol', 'drip.t.sol', 'drip.sol', 'tune.sol']
2,['flop.sol', 'join.sol', 'transferFrom.sol', 'flop.t.sol', 'flap.t.sol', 'drip.t.sol', 'drip.sol', 'bite.sol']
3,['flop.sol', 'join.sol', 'transferFrom.sol', 'flop.t.sol', 'flap.t.sol', 'drip.t.sol', 'frob.t.sol', 'tune.sol']
3,['flop.sol', 'join.sol', 'transferFrom.sol', 'flop.t.sol', 'flap.t.sol', 'drip.t.sol', 'frob.t.sol', 'bite.sol']
3,['flop.sol', 'join.sol', 'transferFrom.sol', 'flop.t.sol', 'flap.t.sol', 'drip.t.sol', 'tune.sol', 'bite.sol']
3,['flop.sol', 'join.sol', 'transferFrom.sol', 'flop.t.sol', 'flap.t.sol', 'heal.t.sol', 'flap.sol', 'drip.sol']
3,['flop.sol', 'join.sol', 'transferFrom.sol', 'flop.t.sol', 'flap.t.sol', 'heal.t.sol', 'flap.sol', 'frob.t.sol']
4,['flop.sol', 'join.sol', 'transferFrom.sol', 'flop.t.sol', 'flap.t.sol', 'heal.t.sol', 'flap.sol', 'tune.sol']
4,['flop.sol', 'join.sol', 'transferFrom.sol', 'flop.t.sol', 'flap.t.sol', 'heal.t.sol', 'flap.sol', 'bite.sol']
2,['flop.sol', 'join.sol', 'transferFrom.sol', 'flop.t.sol', 'flap.t.sol', 'heal.t.sol', 'drip.sol', 'frob.t.sol']
3,['flop.sol', 'join.sol', 'transferFrom.sol', 'flop.t.sol', 'flap.t.sol', 'heal.t.sol', 'drip.sol', 'tune.sol']
3,['flop.sol', 'join.sol', 'transferFrom.sol', 'flop.t.sol', 'flap.t.sol', 'heal.t.sol', 'drip.sol', 'bite.sol']
3,['flop.sol', 'join.sol', 'transferFrom.sol', 'flop.t.sol', 'flap.t.sol', 'heal.t.sol', 'frob.t.sol', 'tune.sol']
3,['flop.sol', 'join.sol', 'transferFrom.sol', 'flop.t.sol', 'flap.t.sol', 'heal.t.sol', 'frob.t.sol', 'bite.sol']
3,['flop.sol', 'join.sol', 'transferFrom.sol', 'flop.t.sol', 'flap.t.sol', 'heal.t.sol', 'tune.sol', 'bite.sol']
3,['flop.sol', 'join.sol', 'transferFrom.sol', 'flop.t.sol', 'flap.t.sol', 'flap.sol', 'drip.sol', 'frob.t.sol']
5,['flop.sol', 'join.sol', 'transferFrom.sol', 'flop.t.sol', 'flap.t.sol', 'flap.sol', 'drip.sol', 'tune.sol']
3,['flop.sol', 'join.sol', 'transferFrom.sol', 'flop.t.sol', 'flap.t.sol', 'flap.sol', 'drip.sol', 'bite.sol']
3,['flop.sol', 'join.sol', 'transferFrom.sol', 'flop.t.sol', 'flap.t.sol', 'flap.sol', 'frob.t.sol', 'tune.sol']
4,['flop.sol', 'join.sol', 'transferFrom.sol', 'flop.t.sol', 'flap.t.sol', 'flap.sol', 'frob.t.sol', 'bite.sol']
3,['flop.sol', 'join.sol', 'transferFrom.sol', 'flop.t.sol', 'flap.t.sol', 'flap.sol', 'tune.sol', 'bite.sol']
2,['flop.sol', 'join.sol', 'transferFrom.sol', 'flop.t.sol', 'flap.t.sol', 'drip.sol', 'frob.t.sol', 'tune.sol']
3,['flop.sol', 'join.sol', 'transferFrom.sol', 'flop.t.sol', 'flap.t.sol', 'drip.sol', 'frob.t.sol', 'bite.sol']
3,['flop.sol', 'join.sol', 'transferFrom.sol', 'flop.t.sol', 'flap.t.sol', 'drip.sol', 'tune.sol', 'bite.sol']
3,['flop.sol', 'join.sol', 'transferFrom.sol', 'flop.t.sol', 'flap.t.sol', 'frob.t.sol', 'tune.sol', 'bite.sol']
4,['flop.sol', 'join.sol', 'transferFrom.sol', 'flop.t.sol', 'heal.sol', 'drip.t.sol', 'heal.t.sol', 'flap.sol']
4,['flop.sol', 'join.sol', 'transferFrom.sol', 'flop.t.sol', 'heal.sol', 'drip.t.sol', 'heal.t.sol', 'drip.sol']
2,['flop.sol', 'join.sol', 'transferFrom.sol', 'flop.t.sol', 'heal.sol', 'drip.t.sol', 'heal.t.sol', 'frob.t.sol']
2,['flop.sol', 'join.sol', 'transferFrom.sol', 'flop.t.sol', 'heal.sol', 'drip.t.sol', 'heal.t.sol', 'tune.sol']
4,['flop.sol', 'join.sol', 'transferFrom.sol', 'flop.t.sol', 'heal.sol', 'drip.t.sol', 'heal.t.sol', 'bite.sol']
2,['flop.sol', 'join.sol', 'transferFrom.sol', 'flop.t.sol', 'heal.sol', 'drip.t.sol', 'flap.sol', 'drip.sol']
2,['flop.sol', 'join.sol', 'transferFrom.sol', 'flop.t.sol', 'heal.sol', 'drip.t.sol', 'flap.sol', 'frob.t.sol']
2,['flop.sol', 'join.sol', 'transferFrom.sol', 'flop.t.sol', 'heal.sol', 'drip.t.sol', 'flap.sol', 'tune.sol']
2,['flop.sol', 'join.sol', 'transferFrom.sol', 'flop.t.sol', 'heal.sol', 'drip.t.sol', 'flap.sol', 'bite.sol']
3,['flop.sol', 'join.sol', 'transferFrom.sol', 'flop.t.sol', 'heal.sol', 'drip.t.sol', 'drip.sol', 'frob.t.sol']
2,['flop.sol', 'join.sol', 'transferFrom.sol', 'flop.t.sol', 'heal.sol', 'drip.t.sol', 'drip.sol', 'tune.sol']
2,['flop.sol', 'join.sol', 'transferFrom.sol', 'flop.t.sol', 'heal.sol', 'drip.t.sol', 'drip.sol', 'bite.sol']
2,['flop.sol', 'join.sol', 'transferFrom.sol', 'flop.t.sol', 'heal.sol', 'drip.t.sol', 'frob.t.sol', 'tune.sol']
3,['flop.sol', 'join.sol', 'transferFrom.sol', 'flop.t.sol', 'heal.sol', 'drip.t.sol', 'frob.t.sol', 'bite.sol']
2,['flop.sol', 'join.sol', 'transferFrom.sol', 'flop.t.sol', 'heal.sol', 'drip.t.sol', 'tune.sol', 'bite.sol']
4,['flop.sol', 'join.sol', 'transferFrom.sol', 'flop.t.sol', 'heal.sol', 'heal.t.sol', 'flap.sol', 'drip.sol']
3,['flop.sol', 'join.sol', 'transferFrom.sol', 'flop.t.sol', 'heal.sol', 'heal.t.sol', 'flap.sol', 'frob.t.sol']
3,['flop.sol', 'join.sol', 'transferFrom.sol', 'flop.t.sol', 'heal.sol', 'heal.t.sol', 'flap.sol', 'tune.sol']
5,['flop.sol', 'join.sol', 'transferFrom.sol', 'flop.t.sol', 'heal.sol', 'heal.t.sol', 'flap.sol', 'bite.sol']
2,['flop.sol', 'join.sol', 'transferFrom.sol', 'flop.t.sol', 'heal.sol', 'heal.t.sol', 'drip.sol', 'frob.t.sol']
2,['flop.sol', 'join.sol', 'transferFrom.sol', 'flop.t.sol', 'heal.sol', 'heal.t.sol', 'drip.sol', 'tune.sol']
4,['flop.sol', 'join.sol', 'transferFrom.sol', 'flop.t.sol', 'heal.sol', 'heal.t.sol', 'drip.sol', 'bite.sol']
3,['flop.sol', 'join.sol', 'transferFrom.sol', 'flop.t.sol', 'heal.sol', 'heal.t.sol', 'frob.t.sol', 'tune.sol']
3,['flop.sol', 'join.sol', 'transferFrom.sol', 'flop.t.sol', 'heal.sol', 'heal.t.sol', 'frob.t.sol', 'bite.sol']
3,['flop.sol', 'join.sol', 'transferFrom.sol', 'flop.t.sol', 'heal.sol', 'heal.t.sol', 'tune.sol', 'bite.sol']
2,['flop.sol', 'join.sol', 'transferFrom.sol', 'flop.t.sol', 'heal.sol', 'flap.sol', 'drip.sol', 'frob.t.sol']
2,['flop.sol', 'join.sol', 'transferFrom.sol', 'flop.t.sol', 'heal.sol', 'flap.sol', 'drip.sol', 'tune.sol']
2,['flop.sol', 'join.sol', 'transferFrom.sol', 'flop.t.sol', 'heal.sol', 'flap.sol', 'drip.sol', 'bite.sol']
3,['flop.sol', 'join.sol', 'transferFrom.sol', 'flop.t.sol', 'heal.sol', 'flap.sol', 'frob.t.sol', 'tune.sol']
3,['flop.sol', 'join.sol', 'transferFrom.sol', 'flop.t.sol', 'heal.sol', 'flap.sol', 'frob.t.sol', 'bite.sol']
2,['flop.sol', 'join.sol', 'transferFrom.sol', 'flop.t.sol', 'heal.sol', 'flap.sol', 'tune.sol', 'bite.sol']
3,['flop.sol', 'join.sol', 'transferFrom.sol', 'flop.t.sol', 'heal.sol', 'drip.sol', 'frob.t.sol', 'tune.sol']
2,['flop.sol', 'join.sol', 'transferFrom.sol', 'flop.t.sol', 'heal.sol', 'drip.sol', 'frob.t.sol', 'bite.sol']
2,['flop.sol', 'join.sol', 'transferFrom.sol', 'flop.t.sol', 'heal.sol', 'drip.sol', 'tune.sol', 'bite.sol']
3,['flop.sol', 'join.sol', 'transferFrom.sol', 'flop.t.sol', 'heal.sol', 'frob.t.sol', 'tune.sol', 'bite.sol']
4,['flop.sol', 'join.sol', 'transferFrom.sol', 'flop.t.sol', 'drip.t.sol', 'heal.t.sol', 'flap.sol', 'drip.sol']
2,['flop.sol', 'join.sol', 'transferFrom.sol', 'flop.t.sol', 'drip.t.sol', 'heal.t.sol', 'flap.sol', 'frob.t.sol']
2,['flop.sol', 'join.sol', 'transferFrom.sol', 'flop.t.sol', 'drip.t.sol', 'heal.t.sol', 'flap.sol', 'tune.sol']
4,['flop.sol', 'join.sol', 'transferFrom.sol', 'flop.t.sol', 'drip.t.sol', 'heal.t.sol', 'flap.sol', 'bite.sol']
2,['flop.sol', 'join.sol', 'transferFrom.sol', 'flop.t.sol', 'drip.t.sol', 'heal.t.sol', 'drip.sol', 'frob.t.sol']
2,['flop.sol', 'join.sol', 'transferFrom.sol', 'flop.t.sol', 'drip.t.sol', 'heal.t.sol', 'drip.sol', 'tune.sol']
4,['flop.sol', 'join.sol', 'transferFrom.sol', 'flop.t.sol', 'drip.t.sol', 'heal.t.sol', 'drip.sol', 'bite.sol']
2,['flop.sol', 'join.sol', 'transferFrom.sol', 'flop.t.sol', 'drip.t.sol', 'heal.t.sol', 'frob.t.sol', 'tune.sol']
2,['flop.sol', 'join.sol', 'transferFrom.sol', 'flop.t.sol', 'drip.t.sol', 'heal.t.sol', 'frob.t.sol', 'bite.sol']
2,['flop.sol', 'join.sol', 'transferFrom.sol', 'flop.t.sol', 'drip.t.sol', 'heal.t.sol', 'tune.sol', 'bite.sol']
2,['flop.sol', 'join.sol', 'transferFrom.sol', 'flop.t.sol', 'drip.t.sol', 'flap.sol', 'drip.sol', 'frob.t.sol']
2,['flop.sol', 'join.sol', 'transferFrom.sol', 'flop.t.sol', 'drip.t.sol', 'flap.sol', 'drip.sol', 'tune.sol']
2,['flop.sol', 'join.sol', 'transferFrom.sol', 'flop.t.sol', 'drip.t.sol', 'flap.sol', 'drip.sol', 'bite.sol']
2,['flop.sol', 'join.sol', 'transferFrom.sol', 'flop.t.sol', 'drip.t.sol', 'flap.sol', 'frob.t.sol', 'tune.sol']
2,['flop.sol', 'join.sol', 'transferFrom.sol', 'flop.t.sol', 'drip.t.sol', 'flap.sol', 'frob.t.sol', 'bite.sol']
2,['flop.sol', 'join.sol', 'transferFrom.sol', 'flop.t.sol', 'drip.t.sol', 'flap.sol', 'tune.sol', 'bite.sol']
3,['flop.sol', 'join.sol', 'transferFrom.sol', 'flop.t.sol', 'drip.t.sol', 'drip.sol', 'frob.t.sol', 'tune.sol']
3,['flop.sol', 'join.sol', 'transferFrom.sol', 'flop.t.sol', 'drip.t.sol', 'drip.sol', 'frob.t.sol', 'bite.sol']
2,['flop.sol', 'join.sol', 'transferFrom.sol', 'flop.t.sol', 'drip.t.sol', 'drip.sol', 'tune.sol', 'bite.sol']
3,['flop.sol', 'join.sol', 'transferFrom.sol', 'flop.t.sol', 'drip.t.sol', 'frob.t.sol', 'tune.sol', 'bite.sol']
2,['flop.sol', 'join.sol', 'transferFrom.sol', 'flop.t.sol', 'heal.t.sol', 'flap.sol', 'drip.sol', 'frob.t.sol']
2,['flop.sol', 'join.sol', 'transferFrom.sol', 'flop.t.sol', 'heal.t.sol', 'flap.sol', 'drip.sol', 'tune.sol']
4,['flop.sol', 'join.sol', 'transferFrom.sol', 'flop.t.sol', 'heal.t.sol', 'flap.sol', 'drip.sol', 'bite.sol']
3,['flop.sol', 'join.sol', 'transferFrom.sol', 'flop.t.sol', 'heal.t.sol', 'flap.sol', 'frob.t.sol', 'tune.sol']
3,['flop.sol', 'join.sol', 'transferFrom.sol', 'flop.t.sol', 'heal.t.sol', 'flap.sol', 'frob.t.sol', 'bite.sol']
3,['flop.sol', 'join.sol', 'transferFrom.sol', 'flop.t.sol', 'heal.t.sol', 'flap.sol', 'tune.sol', 'bite.sol']
2,['flop.sol', 'join.sol', 'transferFrom.sol', 'flop.t.sol', 'heal.t.sol', 'drip.sol', 'frob.t.sol', 'tune.sol']
2,['flop.sol', 'join.sol', 'transferFrom.sol', 'flop.t.sol', 'heal.t.sol', 'drip.sol', 'frob.t.sol', 'bite.sol']
2,['flop.sol', 'join.sol', 'transferFrom.sol', 'flop.t.sol', 'heal.t.sol', 'drip.sol', 'tune.sol', 'bite.sol']
3,['flop.sol', 'join.sol', 'transferFrom.sol', 'flop.t.sol', 'heal.t.sol', 'frob.t.sol', 'tune.sol', 'bite.sol']
3,['flop.sol', 'join.sol', 'transferFrom.sol', 'flop.t.sol', 'flap.sol', 'drip.sol', 'frob.t.sol', 'tune.sol']
2,['flop.sol', 'join.sol', 'transferFrom.sol', 'flop.t.sol', 'flap.sol', 'drip.sol', 'frob.t.sol', 'bite.sol']
2,['flop.sol', 'join.sol', 'transferFrom.sol', 'flop.t.sol', 'flap.sol', 'drip.sol', 'tune.sol', 'bite.sol']
3,['flop.sol', 'join.sol', 'transferFrom.sol', 'flop.t.sol', 'flap.sol', 'frob.t.sol', 'tune.sol', 'bite.sol']
3,['flop.sol', 'join.sol', 'transferFrom.sol', 'flop.t.sol', 'drip.sol', 'frob.t.sol', 'tune.sol', 'bite.sol']
4,['flop.sol', 'join.sol', 'transferFrom.sol', 'flap.t.sol', 'heal.sol', 'drip.t.sol', 'heal.t.sol', 'flap.sol']
4,['flop.sol', 'join.sol', 'transferFrom.sol', 'flap.t.sol', 'heal.sol', 'drip.t.sol', 'heal.t.sol', 'drip.sol']
2,['flop.sol', 'join.sol', 'transferFrom.sol', 'flap.t.sol', 'heal.sol', 'drip.t.sol', 'heal.t.sol', 'frob.t.sol']
2,['flop.sol', 'join.sol', 'transferFrom.sol', 'flap.t.sol', 'heal.sol', 'drip.t.sol', 'heal.t.sol', 'tune.sol']
4,['flop.sol', 'join.sol', 'transferFrom.sol', 'flap.t.sol', 'heal.sol', 'drip.t.sol', 'heal.t.sol', 'bite.sol']
2,['flop.sol', 'join.sol', 'transferFrom.sol', 'flap.t.sol', 'heal.sol', 'drip.t.sol', 'flap.sol', 'drip.sol']
2,['flop.sol', 'join.sol', 'transferFrom.sol', 'flap.t.sol', 'heal.sol', 'drip.t.sol', 'flap.sol', 'frob.t.sol']
2,['flop.sol', 'join.sol', 'transferFrom.sol', 'flap.t.sol', 'heal.sol', 'drip.t.sol', 'flap.sol', 'tune.sol']
2,['flop.sol', 'join.sol', 'transferFrom.sol', 'flap.t.sol', 'heal.sol', 'drip.t.sol', 'flap.sol', 'bite.sol']
3,['flop.sol', 'join.sol', 'transferFrom.sol', 'flap.t.sol', 'heal.sol', 'drip.t.sol', 'drip.sol', 'frob.t.sol']
2,['flop.sol', 'join.sol', 'transferFrom.sol', 'flap.t.sol', 'heal.sol', 'drip.t.sol', 'drip.sol', 'tune.sol']
2,['flop.sol', 'join.sol', 'transferFrom.sol', 'flap.t.sol', 'heal.sol', 'drip.t.sol', 'drip.sol', 'bite.sol']
2,['flop.sol', 'join.sol', 'transferFrom.sol', 'flap.t.sol', 'heal.sol', 'drip.t.sol', 'frob.t.sol', 'tune.sol']
3,['flop.sol', 'join.sol', 'transferFrom.sol', 'flap.t.sol', 'heal.sol', 'drip.t.sol', 'frob.t.sol', 'bite.sol']
2,['flop.sol', 'join.sol', 'transferFrom.sol', 'flap.t.sol', 'heal.sol', 'drip.t.sol', 'tune.sol', 'bite.sol']
4,['flop.sol', 'join.sol', 'transferFrom.sol', 'flap.t.sol', 'heal.sol', 'heal.t.sol', 'flap.sol', 'drip.sol']
3,['flop.sol', 'join.sol', 'transferFrom.sol', 'flap.t.sol', 'heal.sol', 'heal.t.sol', 'flap.sol', 'frob.t.sol']
3,['flop.sol', 'join.sol', 'transferFrom.sol', 'flap.t.sol', 'heal.sol', 'heal.t.sol', 'flap.sol', 'tune.sol']
5,['flop.sol', 'join.sol', 'transferFrom.sol', 'flap.t.sol', 'heal.sol', 'heal.t.sol', 'flap.sol', 'bite.sol']
2,['flop.sol', 'join.sol', 'transferFrom.sol', 'flap.t.sol', 'heal.sol', 'heal.t.sol', 'drip.sol', 'frob.t.sol']
2,['flop.sol', 'join.sol', 'transferFrom.sol', 'flap.t.sol', 'heal.sol', 'heal.t.sol', 'drip.sol', 'tune.sol']
4,['flop.sol', 'join.sol', 'transferFrom.sol', 'flap.t.sol', 'heal.sol', 'heal.t.sol', 'drip.sol', 'bite.sol']
3,['flop.sol', 'join.sol', 'transferFrom.sol', 'flap.t.sol', 'heal.sol', 'heal.t.sol', 'frob.t.sol', 'tune.sol']
3,['flop.sol', 'join.sol', 'transferFrom.sol', 'flap.t.sol', 'heal.sol', 'heal.t.sol', 'frob.t.sol', 'bite.sol']
3,['flop.sol', 'join.sol', 'transferFrom.sol', 'flap.t.sol', 'heal.sol', 'heal.t.sol', 'tune.sol', 'bite.sol']
2,['flop.sol', 'join.sol', 'transferFrom.sol', 'flap.t.sol', 'heal.sol', 'flap.sol', 'drip.sol', 'frob.t.sol']
2,['flop.sol', 'join.sol', 'transferFrom.sol', 'flap.t.sol', 'heal.sol', 'flap.sol', 'drip.sol', 'tune.sol']
2,['flop.sol', 'join.sol', 'transferFrom.sol', 'flap.t.sol', 'heal.sol', 'flap.sol', 'drip.sol', 'bite.sol']
3,['flop.sol', 'join.sol', 'transferFrom.sol', 'flap.t.sol', 'heal.sol', 'flap.sol', 'frob.t.sol', 'tune.sol']
3,['flop.sol', 'join.sol', 'transferFrom.sol', 'flap.t.sol', 'heal.sol', 'flap.sol', 'frob.t.sol', 'bite.sol']
2,['flop.sol', 'join.sol', 'transferFrom.sol', 'flap.t.sol', 'heal.sol', 'flap.sol', 'tune.sol', 'bite.sol']
3,['flop.sol', 'join.sol', 'transferFrom.sol', 'flap.t.sol', 'heal.sol', 'drip.sol', 'frob.t.sol', 'tune.sol']
2,['flop.sol', 'join.sol', 'transferFrom.sol', 'flap.t.sol', 'heal.sol', 'drip.sol', 'frob.t.sol', 'bite.sol']
2,['flop.sol', 'join.sol', 'transferFrom.sol', 'flap.t.sol', 'heal.sol', 'drip.sol', 'tune.sol', 'bite.sol']
3,['flop.sol', 'join.sol', 'transferFrom.sol', 'flap.t.sol', 'heal.sol', 'frob.t.sol', 'tune.sol', 'bite.sol']
4,['flop.sol', 'join.sol', 'transferFrom.sol', 'flap.t.sol', 'drip.t.sol', 'heal.t.sol', 'flap.sol', 'drip.sol']
2,['flop.sol', 'join.sol', 'transferFrom.sol', 'flap.t.sol', 'drip.t.sol', 'heal.t.sol', 'flap.sol', 'frob.t.sol']
2,['flop.sol', 'join.sol', 'transferFrom.sol', 'flap.t.sol', 'drip.t.sol', 'heal.t.sol', 'flap.sol', 'tune.sol']
4,['flop.sol', 'join.sol', 'transferFrom.sol', 'flap.t.sol', 'drip.t.sol', 'heal.t.sol', 'flap.sol', 'bite.sol']
2,['flop.sol', 'join.sol', 'transferFrom.sol', 'flap.t.sol', 'drip.t.sol', 'heal.t.sol', 'drip.sol', 'frob.t.sol']
2,['flop.sol', 'join.sol', 'transferFrom.sol', 'flap.t.sol', 'drip.t.sol', 'heal.t.sol', 'drip.sol', 'tune.sol']
4,['flop.sol', 'join.sol', 'transferFrom.sol', 'flap.t.sol', 'drip.t.sol', 'heal.t.sol', 'drip.sol', 'bite.sol']
2,['flop.sol', 'join.sol', 'transferFrom.sol', 'flap.t.sol', 'drip.t.sol', 'heal.t.sol', 'frob.t.sol', 'tune.sol']
2,['flop.sol', 'join.sol', 'transferFrom.sol', 'flap.t.sol', 'drip.t.sol', 'heal.t.sol', 'frob.t.sol', 'bite.sol']
2,['flop.sol', 'join.sol', 'transferFrom.sol', 'flap.t.sol', 'drip.t.sol', 'heal.t.sol', 'tune.sol', 'bite.sol']
2,['flop.sol', 'join.sol', 'transferFrom.sol', 'flap.t.sol', 'drip.t.sol', 'flap.sol', 'drip.sol', 'frob.t.sol']
2,['flop.sol', 'join.sol', 'transferFrom.sol', 'flap.t.sol', 'drip.t.sol', 'flap.sol', 'drip.sol', 'tune.sol']
2,['flop.sol', 'join.sol', 'transferFrom.sol', 'flap.t.sol', 'drip.t.sol', 'flap.sol', 'drip.sol', 'bite.sol']
2,['flop.sol', 'join.sol', 'transferFrom.sol', 'flap.t.sol', 'drip.t.sol', 'flap.sol', 'frob.t.sol', 'tune.sol']
2,['flop.sol', 'join.sol', 'transferFrom.sol', 'flap.t.sol', 'drip.t.sol', 'flap.sol', 'frob.t.sol', 'bite.sol']
2,['flop.sol', 'join.sol', 'transferFrom.sol', 'flap.t.sol', 'drip.t.sol', 'flap.sol', 'tune.sol', 'bite.sol']
3,['flop.sol', 'join.sol', 'transferFrom.sol', 'flap.t.sol', 'drip.t.sol', 'drip.sol', 'frob.t.sol', 'tune.sol']
3,['flop.sol', 'join.sol', 'transferFrom.sol', 'flap.t.sol', 'drip.t.sol', 'drip.sol', 'frob.t.sol', 'bite.sol']
2,['flop.sol', 'join.sol', 'transferFrom.sol', 'flap.t.sol', 'drip.t.sol', 'drip.sol', 'tune.sol', 'bite.sol']
3,['flop.sol', 'join.sol', 'transferFrom.sol', 'flap.t.sol', 'drip.t.sol', 'frob.t.sol', 'tune.sol', 'bite.sol']
2,['flop.sol', 'join.sol', 'transferFrom.sol', 'flap.t.sol', 'heal.t.sol', 'flap.sol', 'drip.sol', 'frob.t.sol']
2,['flop.sol', 'join.sol', 'transferFrom.sol', 'flap.t.sol', 'heal.t.sol', 'flap.sol', 'drip.sol', 'tune.sol']
4,['flop.sol', 'join.sol', 'transferFrom.sol', 'flap.t.sol', 'heal.t.sol', 'flap.sol', 'drip.sol', 'bite.sol']
3,['flop.sol', 'join.sol', 'transferFrom.sol', 'flap.t.sol', 'heal.t.sol', 'flap.sol', 'frob.t.sol', 'tune.sol']
3,['flop.sol', 'join.sol', 'transferFrom.sol', 'flap.t.sol', 'heal.t.sol', 'flap.sol', 'frob.t.sol', 'bite.sol']
3,['flop.sol', 'join.sol', 'transferFrom.sol', 'flap.t.sol', 'heal.t.sol', 'flap.sol', 'tune.sol', 'bite.sol']
2,['flop.sol', 'join.sol', 'transferFrom.sol', 'flap.t.sol', 'heal.t.sol', 'drip.sol', 'frob.t.sol', 'tune.sol']
2,['flop.sol', 'join.sol', 'transferFrom.sol', 'flap.t.sol', 'heal.t.sol', 'drip.sol', 'frob.t.sol', 'bite.sol']
2,['flop.sol', 'join.sol', 'transferFrom.sol', 'flap.t.sol', 'heal.t.sol', 'drip.sol', 'tune.sol', 'bite.sol']
3,['flop.sol', 'join.sol', 'transferFrom.sol', 'flap.t.sol', 'heal.t.sol', 'frob.t.sol', 'tune.sol', 'bite.sol']
3,['flop.sol', 'join.sol', 'transferFrom.sol', 'flap.t.sol', 'flap.sol', 'drip.sol', 'frob.t.sol', 'tune.sol']
2,['flop.sol', 'join.sol', 'transferFrom.sol', 'flap.t.sol', 'flap.sol', 'drip.sol', 'frob.t.sol', 'bite.sol']
4,['flop.sol', 'join.sol', 'transferFrom.sol', 'flap.t.sol', 'flap.sol', 'drip.sol', 'tune.sol', 'bite.sol']
3,['flop.sol', 'join.sol', 'transferFrom.sol', 'flap.t.sol', 'flap.sol', 'frob.t.sol', 'tune.sol', 'bite.sol']
3,['flop.sol', 'join.sol', 'transferFrom.sol', 'flap.t.sol', 'drip.sol', 'frob.t.sol', 'tune.sol', 'bite.sol']
2,['flop.sol', 'join.sol', 'transferFrom.sol', 'heal.sol', 'drip.t.sol', 'heal.t.sol', 'flap.sol', 'drip.sol']
3,['flop.sol', 'join.sol', 'transferFrom.sol', 'heal.sol', 'drip.t.sol', 'heal.t.sol', 'flap.sol', 'frob.t.sol']
3,['flop.sol', 'join.sol', 'transferFrom.sol', 'heal.sol', 'drip.t.sol', 'heal.t.sol', 'flap.sol', 'tune.sol']
2,['flop.sol', 'join.sol', 'transferFrom.sol', 'heal.sol', 'drip.t.sol', 'heal.t.sol', 'flap.sol', 'bite.sol']
4,['flop.sol', 'join.sol', 'transferFrom.sol', 'heal.sol', 'drip.t.sol', 'heal.t.sol', 'drip.sol', 'frob.t.sol']
3,['flop.sol', 'join.sol', 'transferFrom.sol', 'heal.sol', 'drip.t.sol', 'heal.t.sol', 'drip.sol', 'tune.sol']
2,['flop.sol', 'join.sol', 'transferFrom.sol', 'heal.sol', 'drip.t.sol', 'heal.t.sol', 'drip.sol', 'bite.sol']
3,['flop.sol', 'join.sol', 'transferFrom.sol', 'heal.sol', 'drip.t.sol', 'heal.t.sol', 'frob.t.sol', 'tune.sol']
4,['flop.sol', 'join.sol', 'transferFrom.sol', 'heal.sol', 'drip.t.sol', 'heal.t.sol', 'frob.t.sol', 'bite.sol']
3,['flop.sol', 'join.sol', 'transferFrom.sol', 'heal.sol', 'drip.t.sol', 'heal.t.sol', 'tune.sol', 'bite.sol']
3,['flop.sol', 'join.sol', 'transferFrom.sol', 'heal.sol', 'drip.t.sol', 'flap.sol', 'drip.sol', 'frob.t.sol']
2,['flop.sol', 'join.sol', 'transferFrom.sol', 'heal.sol', 'drip.t.sol', 'flap.sol', 'drip.sol', 'tune.sol']
2,['flop.sol', 'join.sol', 'transferFrom.sol', 'heal.sol', 'drip.t.sol', 'flap.sol', 'drip.sol', 'bite.sol']
2,['flop.sol', 'join.sol', 'transferFrom.sol', 'heal.sol', 'drip.t.sol', 'flap.sol', 'frob.t.sol', 'tune.sol']
2,['flop.sol', 'join.sol', 'transferFrom.sol', 'heal.sol', 'drip.t.sol', 'flap.sol', 'frob.t.sol', 'bite.sol']
2,['flop.sol', 'join.sol', 'transferFrom.sol', 'heal.sol', 'drip.t.sol', 'flap.sol', 'tune.sol', 'bite.sol']
2,['flop.sol', 'join.sol', 'transferFrom.sol', 'heal.sol', 'drip.t.sol', 'drip.sol', 'frob.t.sol', 'tune.sol']
3,['flop.sol', 'join.sol', 'transferFrom.sol', 'heal.sol', 'drip.t.sol', 'drip.sol', 'frob.t.sol', 'bite.sol']
2,['flop.sol', 'join.sol', 'transferFrom.sol', 'heal.sol', 'drip.t.sol', 'drip.sol', 'tune.sol', 'bite.sol']
2,['flop.sol', 'join.sol', 'transferFrom.sol', 'heal.sol', 'drip.t.sol', 'frob.t.sol', 'tune.sol', 'bite.sol']
3,['flop.sol', 'join.sol', 'transferFrom.sol', 'heal.sol', 'heal.t.sol', 'flap.sol', 'drip.sol', 'frob.t.sol']
3,['flop.sol', 'join.sol', 'transferFrom.sol', 'heal.sol', 'heal.t.sol', 'flap.sol', 'drip.sol', 'tune.sol']
2,['flop.sol', 'join.sol', 'transferFrom.sol', 'heal.sol', 'heal.t.sol', 'flap.sol', 'drip.sol', 'bite.sol']
4,['flop.sol', 'join.sol', 'transferFrom.sol', 'heal.sol', 'heal.t.sol', 'flap.sol', 'frob.t.sol', 'tune.sol']
4,['flop.sol', 'join.sol', 'transferFrom.sol', 'heal.sol', 'heal.t.sol', 'flap.sol', 'frob.t.sol', 'bite.sol']
4,['flop.sol', 'join.sol', 'transferFrom.sol', 'heal.sol', 'heal.t.sol', 'flap.sol', 'tune.sol', 'bite.sol']
3,['flop.sol', 'join.sol', 'transferFrom.sol', 'heal.sol', 'heal.t.sol', 'drip.sol', 'frob.t.sol', 'tune.sol']
3,['flop.sol', 'join.sol', 'transferFrom.sol', 'heal.sol', 'heal.t.sol', 'drip.sol', 'frob.t.sol', 'bite.sol']
3,['flop.sol', 'join.sol', 'transferFrom.sol', 'heal.sol', 'heal.t.sol', 'drip.sol', 'tune.sol', 'bite.sol']
3,['flop.sol', 'join.sol', 'transferFrom.sol', 'heal.sol', 'heal.t.sol', 'frob.t.sol', 'tune.sol', 'bite.sol']
2,['flop.sol', 'join.sol', 'transferFrom.sol', 'heal.sol', 'flap.sol', 'drip.sol', 'frob.t.sol', 'tune.sol']
2,['flop.sol', 'join.sol', 'transferFrom.sol', 'heal.sol', 'flap.sol', 'drip.sol', 'frob.t.sol', 'bite.sol']
2,['flop.sol', 'join.sol', 'transferFrom.sol', 'heal.sol', 'flap.sol', 'drip.sol', 'tune.sol', 'bite.sol']
2,['flop.sol', 'join.sol', 'transferFrom.sol', 'heal.sol', 'flap.sol', 'frob.t.sol', 'tune.sol', 'bite.sol']
2,['flop.sol', 'join.sol', 'transferFrom.sol', 'heal.sol', 'drip.sol', 'frob.t.sol', 'tune.sol', 'bite.sol']
3,['flop.sol', 'join.sol', 'transferFrom.sol', 'drip.t.sol', 'heal.t.sol', 'flap.sol', 'drip.sol', 'frob.t.sol']
3,['flop.sol', 'join.sol', 'transferFrom.sol', 'drip.t.sol', 'heal.t.sol', 'flap.sol', 'drip.sol', 'tune.sol']
2,['flop.sol', 'join.sol', 'transferFrom.sol', 'drip.t.sol', 'heal.t.sol', 'flap.sol', 'drip.sol', 'bite.sol']
3,['flop.sol', 'join.sol', 'transferFrom.sol', 'drip.t.sol', 'heal.t.sol', 'flap.sol', 'frob.t.sol', 'tune.sol']
3,['flop.sol', 'join.sol', 'transferFrom.sol', 'drip.t.sol', 'heal.t.sol', 'flap.sol', 'frob.t.sol', 'bite.sol']
3,['flop.sol', 'join.sol', 'transferFrom.sol', 'drip.t.sol', 'heal.t.sol', 'flap.sol', 'tune.sol', 'bite.sol']
3,['flop.sol', 'join.sol', 'transferFrom.sol', 'drip.t.sol', 'heal.t.sol', 'drip.sol', 'frob.t.sol', 'tune.sol']
4,['flop.sol', 'join.sol', 'transferFrom.sol', 'drip.t.sol', 'heal.t.sol', 'drip.sol', 'frob.t.sol', 'bite.sol']
3,['flop.sol', 'join.sol', 'transferFrom.sol', 'drip.t.sol', 'heal.t.sol', 'drip.sol', 'tune.sol', 'bite.sol']
2,['flop.sol', 'join.sol', 'transferFrom.sol', 'drip.t.sol', 'heal.t.sol', 'frob.t.sol', 'tune.sol', 'bite.sol']
2,['flop.sol', 'join.sol', 'transferFrom.sol', 'drip.t.sol', 'flap.sol', 'drip.sol', 'frob.t.sol', 'tune.sol']
2,['flop.sol', 'join.sol', 'transferFrom.sol', 'drip.t.sol', 'flap.sol', 'drip.sol', 'frob.t.sol', 'bite.sol']
2,['flop.sol', 'join.sol', 'transferFrom.sol', 'drip.t.sol', 'flap.sol', 'drip.sol', 'tune.sol', 'bite.sol']
2,['flop.sol', 'join.sol', 'transferFrom.sol', 'drip.t.sol', 'flap.sol', 'frob.t.sol', 'tune.sol', 'bite.sol']
2,['flop.sol', 'join.sol', 'transferFrom.sol', 'drip.t.sol', 'drip.sol', 'frob.t.sol', 'tune.sol', 'bite.sol']
3,['flop.sol', 'join.sol', 'transferFrom.sol', 'heal.t.sol', 'flap.sol', 'drip.sol', 'frob.t.sol', 'tune.sol']
3,['flop.sol', 'join.sol', 'transferFrom.sol', 'heal.t.sol', 'flap.sol', 'drip.sol', 'frob.t.sol', 'bite.sol']
3,['flop.sol', 'join.sol', 'transferFrom.sol', 'heal.t.sol', 'flap.sol', 'drip.sol', 'tune.sol', 'bite.sol']
3,['flop.sol', 'join.sol', 'transferFrom.sol', 'heal.t.sol', 'flap.sol', 'frob.t.sol', 'tune.sol', 'bite.sol']
2,['flop.sol', 'join.sol', 'transferFrom.sol', 'heal.t.sol', 'drip.sol', 'frob.t.sol', 'tune.sol', 'bite.sol']
2,['flop.sol', 'join.sol', 'transferFrom.sol', 'flap.sol', 'drip.sol', 'frob.t.sol', 'tune.sol', 'bite.sol']
3,['flop.sol', 'join.sol', 'frob.sol', 'flip.t.sol', 'flop.t.sol', 'flap.t.sol', 'heal.sol', 'drip.t.sol']
2,['flop.sol', 'join.sol', 'frob.sol', 'flip.t.sol', 'flop.t.sol', 'flap.t.sol', 'heal.sol', 'heal.t.sol']
3,['flop.sol', 'join.sol', 'frob.sol', 'flip.t.sol', 'flop.t.sol', 'flap.t.sol', 'heal.sol', 'flap.sol']
3,['flop.sol', 'join.sol', 'frob.sol', 'flip.t.sol', 'flop.t.sol', 'flap.t.sol', 'heal.sol', 'drip.sol']
3,['flop.sol', 'join.sol', 'frob.sol', 'flip.t.sol', 'flop.t.sol', 'flap.t.sol', 'heal.sol', 'frob.t.sol']
3,['flop.sol', 'join.sol', 'frob.sol', 'flip.t.sol', 'flop.t.sol', 'flap.t.sol', 'heal.sol', 'tune.sol']
3,['flop.sol', 'join.sol', 'frob.sol', 'flip.t.sol', 'flop.t.sol', 'flap.t.sol', 'heal.sol', 'bite.sol']
3,['flop.sol', 'join.sol', 'frob.sol', 'flip.t.sol', 'flop.t.sol', 'flap.t.sol', 'drip.t.sol', 'heal.t.sol']
3,['flop.sol', 'join.sol', 'frob.sol', 'flip.t.sol', 'flop.t.sol', 'flap.t.sol', 'drip.t.sol', 'flap.sol']
3,['flop.sol', 'join.sol', 'frob.sol', 'flip.t.sol', 'flop.t.sol', 'flap.t.sol', 'drip.t.sol', 'drip.sol']
2,['flop.sol', 'join.sol', 'frob.sol', 'flip.t.sol', 'flop.t.sol', 'flap.t.sol', 'drip.t.sol', 'frob.t.sol']
2,['flop.sol', 'join.sol', 'frob.sol', 'flip.t.sol', 'flop.t.sol', 'flap.t.sol', 'drip.t.sol', 'tune.sol']
3,['flop.sol', 'join.sol', 'frob.sol', 'flip.t.sol', 'flop.t.sol', 'flap.t.sol', 'drip.t.sol', 'bite.sol']
3,['flop.sol', 'join.sol', 'frob.sol', 'flip.t.sol', 'flop.t.sol', 'flap.t.sol', 'heal.t.sol', 'flap.sol']
3,['flop.sol', 'join.sol', 'frob.sol', 'flip.t.sol', 'flop.t.sol', 'flap.t.sol', 'heal.t.sol', 'drip.sol']
3,['flop.sol', 'join.sol', 'frob.sol', 'flip.t.sol', 'flop.t.sol', 'flap.t.sol', 'heal.t.sol', 'frob.t.sol']
3,['flop.sol', 'join.sol', 'frob.sol', 'flip.t.sol', 'flop.t.sol', 'flap.t.sol', 'heal.t.sol', 'tune.sol']
4,['flop.sol', 'join.sol', 'frob.sol', 'flip.t.sol', 'flop.t.sol', 'flap.t.sol', 'heal.t.sol', 'bite.sol']
3,['flop.sol', 'join.sol', 'frob.sol', 'flip.t.sol', 'flop.t.sol', 'flap.t.sol', 'flap.sol', 'drip.sol']
3,['flop.sol', 'join.sol', 'frob.sol', 'flip.t.sol', 'flop.t.sol', 'flap.t.sol', 'flap.sol', 'frob.t.sol']
2,['flop.sol', 'join.sol', 'frob.sol', 'flip.t.sol', 'flop.t.sol', 'flap.t.sol', 'flap.sol', 'tune.sol']
3,['flop.sol', 'join.sol', 'frob.sol', 'flip.t.sol', 'flop.t.sol', 'flap.t.sol', 'flap.sol', 'bite.sol']
2,['flop.sol', 'join.sol', 'frob.sol', 'flip.t.sol', 'flop.t.sol', 'flap.t.sol', 'drip.sol', 'frob.t.sol']
4,['flop.sol', 'join.sol', 'frob.sol', 'flip.t.sol', 'flop.t.sol', 'flap.t.sol', 'drip.sol', 'tune.sol']
3,['flop.sol', 'join.sol', 'frob.sol', 'flip.t.sol', 'flop.t.sol', 'flap.t.sol', 'drip.sol', 'bite.sol']
3,['flop.sol', 'join.sol', 'frob.sol', 'flip.t.sol', 'flop.t.sol', 'flap.t.sol', 'frob.t.sol', 'tune.sol']
3,['flop.sol', 'join.sol', 'frob.sol', 'flip.t.sol', 'flop.t.sol', 'flap.t.sol', 'frob.t.sol', 'bite.sol']
2,['flop.sol', 'join.sol', 'frob.sol', 'flip.t.sol', 'flop.t.sol', 'flap.t.sol', 'tune.sol', 'bite.sol']
3,['flop.sol', 'join.sol', 'frob.sol', 'flip.t.sol', 'flop.t.sol', 'heal.sol', 'drip.t.sol', 'heal.t.sol']
2,['flop.sol', 'join.sol', 'frob.sol', 'flip.t.sol', 'flop.t.sol', 'heal.sol', 'drip.t.sol', 'flap.sol']
2,['flop.sol', 'join.sol', 'frob.sol', 'flip.t.sol', 'flop.t.sol', 'heal.sol', 'drip.t.sol', 'drip.sol']
2,['flop.sol', 'join.sol', 'frob.sol', 'flip.t.sol', 'flop.t.sol', 'heal.sol', 'drip.t.sol', 'frob.t.sol']
1,['flop.sol', 'join.sol', 'frob.sol', 'flip.t.sol', 'flop.t.sol', 'heal.sol', 'drip.t.sol', 'tune.sol']
2,['flop.sol', 'join.sol', 'frob.sol', 'flip.t.sol', 'flop.t.sol', 'heal.sol', 'drip.t.sol', 'bite.sol']
4,['flop.sol', 'join.sol', 'frob.sol', 'flip.t.sol', 'flop.t.sol', 'heal.sol', 'heal.t.sol', 'flap.sol']
3,['flop.sol', 'join.sol', 'frob.sol', 'flip.t.sol', 'flop.t.sol', 'heal.sol', 'heal.t.sol', 'drip.sol']
3,['flop.sol', 'join.sol', 'frob.sol', 'flip.t.sol', 'flop.t.sol', 'heal.sol', 'heal.t.sol', 'frob.t.sol']
3,['flop.sol', 'join.sol', 'frob.sol', 'flip.t.sol', 'flop.t.sol', 'heal.sol', 'heal.t.sol', 'tune.sol']
4,['flop.sol', 'join.sol', 'frob.sol', 'flip.t.sol', 'flop.t.sol', 'heal.sol', 'heal.t.sol', 'bite.sol']
4,['flop.sol', 'join.sol', 'frob.sol', 'flip.t.sol', 'flop.t.sol', 'heal.sol', 'flap.sol', 'drip.sol']
3,['flop.sol', 'join.sol', 'frob.sol', 'flip.t.sol', 'flop.t.sol', 'heal.sol', 'flap.sol', 'frob.t.sol']
2,['flop.sol', 'join.sol', 'frob.sol', 'flip.t.sol', 'flop.t.sol', 'heal.sol', 'flap.sol', 'tune.sol']
2,['flop.sol', 'join.sol', 'frob.sol', 'flip.t.sol', 'flop.t.sol', 'heal.sol', 'flap.sol', 'bite.sol']
2,['flop.sol', 'join.sol', 'frob.sol', 'flip.t.sol', 'flop.t.sol', 'heal.sol', 'drip.sol', 'frob.t.sol']
2,['flop.sol', 'join.sol', 'frob.sol', 'flip.t.sol', 'flop.t.sol', 'heal.sol', 'drip.sol', 'tune.sol']
3,['flop.sol', 'join.sol', 'frob.sol', 'flip.t.sol', 'flop.t.sol', 'heal.sol', 'drip.sol', 'bite.sol']
3,['flop.sol', 'join.sol', 'frob.sol', 'flip.t.sol', 'flop.t.sol', 'heal.sol', 'frob.t.sol', 'tune.sol']
3,['flop.sol', 'join.sol', 'frob.sol', 'flip.t.sol', 'flop.t.sol', 'heal.sol', 'frob.t.sol', 'bite.sol']
2,['flop.sol', 'join.sol', 'frob.sol', 'flip.t.sol', 'flop.t.sol', 'heal.sol', 'tune.sol', 'bite.sol']
3,['flop.sol', 'join.sol', 'frob.sol', 'flip.t.sol', 'flop.t.sol', 'drip.t.sol', 'heal.t.sol', 'flap.sol']
3,['flop.sol', 'join.sol', 'frob.sol', 'flip.t.sol', 'flop.t.sol', 'drip.t.sol', 'heal.t.sol', 'drip.sol']
2,['flop.sol', 'join.sol', 'frob.sol', 'flip.t.sol', 'flop.t.sol', 'drip.t.sol', 'heal.t.sol', 'frob.t.sol']
2,['flop.sol', 'join.sol', 'frob.sol', 'flip.t.sol', 'flop.t.sol', 'drip.t.sol', 'heal.t.sol', 'tune.sol']
3,['flop.sol', 'join.sol', 'frob.sol', 'flip.t.sol', 'flop.t.sol', 'drip.t.sol', 'heal.t.sol', 'bite.sol']
3,['flop.sol', 'join.sol', 'frob.sol', 'flip.t.sol', 'flop.t.sol', 'drip.t.sol', 'flap.sol', 'drip.sol']
2,['flop.sol', 'join.sol', 'frob.sol', 'flip.t.sol', 'flop.t.sol', 'drip.t.sol', 'flap.sol', 'frob.t.sol']
2,['flop.sol', 'join.sol', 'frob.sol', 'flip.t.sol', 'flop.t.sol', 'drip.t.sol', 'flap.sol', 'tune.sol']
2,['flop.sol', 'join.sol', 'frob.sol', 'flip.t.sol', 'flop.t.sol', 'drip.t.sol', 'flap.sol', 'bite.sol']
2,['flop.sol', 'join.sol', 'frob.sol', 'flip.t.sol', 'flop.t.sol', 'drip.t.sol', 'drip.sol', 'frob.t.sol']
2,['flop.sol', 'join.sol', 'frob.sol', 'flip.t.sol', 'flop.t.sol', 'drip.t.sol', 'drip.sol', 'tune.sol']
3,['flop.sol', 'join.sol', 'frob.sol', 'flip.t.sol', 'flop.t.sol', 'drip.t.sol', 'drip.sol', 'bite.sol']
2,['flop.sol', 'join.sol', 'frob.sol', 'flip.t.sol', 'flop.t.sol', 'drip.t.sol', 'frob.t.sol', 'tune.sol']
2,['flop.sol', 'join.sol', 'frob.sol', 'flip.t.sol', 'flop.t.sol', 'drip.t.sol', 'frob.t.sol', 'bite.sol']
2,['flop.sol', 'join.sol', 'frob.sol', 'flip.t.sol', 'flop.t.sol', 'drip.t.sol', 'tune.sol', 'bite.sol']
3,['flop.sol', 'join.sol', 'frob.sol', 'flip.t.sol', 'flop.t.sol', 'heal.t.sol', 'flap.sol', 'drip.sol']
3,['flop.sol', 'join.sol', 'frob.sol', 'flip.t.sol', 'flop.t.sol', 'heal.t.sol', 'flap.sol', 'frob.t.sol']
3,['flop.sol', 'join.sol', 'frob.sol', 'flip.t.sol', 'flop.t.sol', 'heal.t.sol', 'flap.sol', 'tune.sol']
4,['flop.sol', 'join.sol', 'frob.sol', 'flip.t.sol', 'flop.t.sol', 'heal.t.sol', 'flap.sol', 'bite.sol']
2,['flop.sol', 'join.sol', 'frob.sol', 'flip.t.sol', 'flop.t.sol', 'heal.t.sol', 'drip.sol', 'frob.t.sol']
2,['flop.sol', 'join.sol', 'frob.sol', 'flip.t.sol', 'flop.t.sol', 'heal.t.sol', 'drip.sol', 'tune.sol']
3,['flop.sol', 'join.sol', 'frob.sol', 'flip.t.sol', 'flop.t.sol', 'heal.t.sol', 'drip.sol', 'bite.sol']
3,['flop.sol', 'join.sol', 'frob.sol', 'flip.t.sol', 'flop.t.sol', 'heal.t.sol', 'frob.t.sol', 'tune.sol']
3,['flop.sol', 'join.sol', 'frob.sol', 'flip.t.sol', 'flop.t.sol', 'heal.t.sol', 'frob.t.sol', 'bite.sol']
3,['flop.sol', 'join.sol', 'frob.sol', 'flip.t.sol', 'flop.t.sol', 'heal.t.sol', 'tune.sol', 'bite.sol']
2,['flop.sol', 'join.sol', 'frob.sol', 'flip.t.sol', 'flop.t.sol', 'flap.sol', 'drip.sol', 'frob.t.sol']
2,['flop.sol', 'join.sol', 'frob.sol', 'flip.t.sol', 'flop.t.sol', 'flap.sol', 'drip.sol', 'tune.sol']
3,['flop.sol', 'join.sol', 'frob.sol', 'flip.t.sol', 'flop.t.sol', 'flap.sol', 'drip.sol', 'bite.sol']
3,['flop.sol', 'join.sol', 'frob.sol', 'flip.t.sol', 'flop.t.sol', 'flap.sol', 'frob.t.sol', 'tune.sol']
3,['flop.sol', 'join.sol', 'frob.sol', 'flip.t.sol', 'flop.t.sol', 'flap.sol', 'frob.t.sol', 'bite.sol']
2,['flop.sol', 'join.sol', 'frob.sol', 'flip.t.sol', 'flop.t.sol', 'flap.sol', 'tune.sol', 'bite.sol']
2,['flop.sol', 'join.sol', 'frob.sol', 'flip.t.sol', 'flop.t.sol', 'drip.sol', 'frob.t.sol', 'tune.sol']
2,['flop.sol', 'join.sol', 'frob.sol', 'flip.t.sol', 'flop.t.sol', 'drip.sol', 'frob.t.sol', 'bite.sol']
2,['flop.sol', 'join.sol', 'frob.sol', 'flip.t.sol', 'flop.t.sol', 'drip.sol', 'tune.sol', 'bite.sol']
3,['flop.sol', 'join.sol', 'frob.sol', 'flip.t.sol', 'flop.t.sol', 'frob.t.sol', 'tune.sol', 'bite.sol']
3,['flop.sol', 'join.sol', 'frob.sol', 'flip.t.sol', 'flap.t.sol', 'heal.sol', 'drip.t.sol', 'heal.t.sol']
2,['flop.sol', 'join.sol', 'frob.sol', 'flip.t.sol', 'flap.t.sol', 'heal.sol', 'drip.t.sol', 'flap.sol']
2,['flop.sol', 'join.sol', 'frob.sol', 'flip.t.sol', 'flap.t.sol', 'heal.sol', 'drip.t.sol', 'drip.sol']
2,['flop.sol', 'join.sol', 'frob.sol', 'flip.t.sol', 'flap.t.sol', 'heal.sol', 'drip.t.sol', 'frob.t.sol']
1,['flop.sol', 'join.sol', 'frob.sol', 'flip.t.sol', 'flap.t.sol', 'heal.sol', 'drip.t.sol', 'tune.sol']
2,['flop.sol', 'join.sol', 'frob.sol', 'flip.t.sol', 'flap.t.sol', 'heal.sol', 'drip.t.sol', 'bite.sol']
3,['flop.sol', 'join.sol', 'frob.sol', 'flip.t.sol', 'flap.t.sol', 'heal.sol', 'heal.t.sol', 'flap.sol']
3,['flop.sol', 'join.sol', 'frob.sol', 'flip.t.sol', 'flap.t.sol', 'heal.sol', 'heal.t.sol', 'drip.sol']
3,['flop.sol', 'join.sol', 'frob.sol', 'flip.t.sol', 'flap.t.sol', 'heal.sol', 'heal.t.sol', 'frob.t.sol']
3,['flop.sol', 'join.sol', 'frob.sol', 'flip.t.sol', 'flap.t.sol', 'heal.sol', 'heal.t.sol', 'tune.sol']
4,['flop.sol', 'join.sol', 'frob.sol', 'flip.t.sol', 'flap.t.sol', 'heal.sol', 'heal.t.sol', 'bite.sol']
4,['flop.sol', 'join.sol', 'frob.sol', 'flip.t.sol', 'flap.t.sol', 'heal.sol', 'flap.sol', 'drip.sol']
3,['flop.sol', 'join.sol', 'frob.sol', 'flip.t.sol', 'flap.t.sol', 'heal.sol', 'flap.sol', 'frob.t.sol']
2,['flop.sol', 'join.sol', 'frob.sol', 'flip.t.sol', 'flap.t.sol', 'heal.sol', 'flap.sol', 'tune.sol']
2,['flop.sol', 'join.sol', 'frob.sol', 'flip.t.sol', 'flap.t.sol', 'heal.sol', 'flap.sol', 'bite.sol']
2,['flop.sol', 'join.sol', 'frob.sol', 'flip.t.sol', 'flap.t.sol', 'heal.sol', 'drip.sol', 'frob.t.sol']
2,['flop.sol', 'join.sol', 'frob.sol', 'flip.t.sol', 'flap.t.sol', 'heal.sol', 'drip.sol', 'tune.sol']
2,['flop.sol', 'join.sol', 'frob.sol', 'flip.t.sol', 'flap.t.sol', 'heal.sol', 'drip.sol', 'bite.sol']
3,['flop.sol', 'join.sol', 'frob.sol', 'flip.t.sol', 'flap.t.sol', 'heal.sol', 'frob.t.sol', 'tune.sol']
3,['flop.sol', 'join.sol', 'frob.sol', 'flip.t.sol', 'flap.t.sol', 'heal.sol', 'frob.t.sol', 'bite.sol']
2,['flop.sol', 'join.sol', 'frob.sol', 'flip.t.sol', 'flap.t.sol', 'heal.sol', 'tune.sol', 'bite.sol']
3,['flop.sol', 'join.sol', 'frob.sol', 'flip.t.sol', 'flap.t.sol', 'drip.t.sol', 'heal.t.sol', 'flap.sol']
3,['flop.sol', 'join.sol', 'frob.sol', 'flip.t.sol', 'flap.t.sol', 'drip.t.sol', 'heal.t.sol', 'drip.sol']
2,['flop.sol', 'join.sol', 'frob.sol', 'flip.t.sol', 'flap.t.sol', 'drip.t.sol', 'heal.t.sol', 'frob.t.sol']
2,['flop.sol', 'join.sol', 'frob.sol', 'flip.t.sol', 'flap.t.sol', 'drip.t.sol', 'heal.t.sol', 'tune.sol']
3,['flop.sol', 'join.sol', 'frob.sol', 'flip.t.sol', 'flap.t.sol', 'drip.t.sol', 'heal.t.sol', 'bite.sol']
3,['flop.sol', 'join.sol', 'frob.sol', 'flip.t.sol', 'flap.t.sol', 'drip.t.sol', 'flap.sol', 'drip.sol']
2,['flop.sol', 'join.sol', 'frob.sol', 'flip.t.sol', 'flap.t.sol', 'drip.t.sol', 'flap.sol', 'frob.t.sol']
2,['flop.sol', 'join.sol', 'frob.sol', 'flip.t.sol', 'flap.t.sol', 'drip.t.sol', 'flap.sol', 'tune.sol']
2,['flop.sol', 'join.sol', 'frob.sol', 'flip.t.sol', 'flap.t.sol', 'drip.t.sol', 'flap.sol', 'bite.sol']
2,['flop.sol', 'join.sol', 'frob.sol', 'flip.t.sol', 'flap.t.sol', 'drip.t.sol', 'drip.sol', 'frob.t.sol']
2,['flop.sol', 'join.sol', 'frob.sol', 'flip.t.sol', 'flap.t.sol', 'drip.t.sol', 'drip.sol', 'tune.sol']
3,['flop.sol', 'join.sol', 'frob.sol', 'flip.t.sol', 'flap.t.sol', 'drip.t.sol', 'drip.sol', 'bite.sol']
2,['flop.sol', 'join.sol', 'frob.sol', 'flip.t.sol', 'flap.t.sol', 'drip.t.sol', 'frob.t.sol', 'tune.sol']
2,['flop.sol', 'join.sol', 'frob.sol', 'flip.t.sol', 'flap.t.sol', 'drip.t.sol', 'frob.t.sol', 'bite.sol']
2,['flop.sol', 'join.sol', 'frob.sol', 'flip.t.sol', 'flap.t.sol', 'drip.t.sol', 'tune.sol', 'bite.sol']
3,['flop.sol', 'join.sol', 'frob.sol', 'flip.t.sol', 'flap.t.sol', 'heal.t.sol', 'flap.sol', 'drip.sol']
3,['flop.sol', 'join.sol', 'frob.sol', 'flip.t.sol', 'flap.t.sol', 'heal.t.sol', 'flap.sol', 'frob.t.sol']
2,['flop.sol', 'join.sol', 'frob.sol', 'flip.t.sol', 'flap.t.sol', 'heal.t.sol', 'flap.sol', 'tune.sol']
4,['flop.sol', 'join.sol', 'frob.sol', 'flip.t.sol', 'flap.t.sol', 'heal.t.sol', 'flap.sol', 'bite.sol']
2,['flop.sol', 'join.sol', 'frob.sol', 'flip.t.sol', 'flap.t.sol', 'heal.t.sol', 'drip.sol', 'frob.t.sol']
2,['flop.sol', 'join.sol', 'frob.sol', 'flip.t.sol', 'flap.t.sol', 'heal.t.sol', 'drip.sol', 'tune.sol']
3,['flop.sol', 'join.sol', 'frob.sol', 'flip.t.sol', 'flap.t.sol', 'heal.t.sol', 'drip.sol', 'bite.sol']
3,['flop.sol', 'join.sol', 'frob.sol', 'flip.t.sol', 'flap.t.sol', 'heal.t.sol', 'frob.t.sol', 'tune.sol']
3,['flop.sol', 'join.sol', 'frob.sol', 'flip.t.sol', 'flap.t.sol', 'heal.t.sol', 'frob.t.sol', 'bite.sol']
3,['flop.sol', 'join.sol', 'frob.sol', 'flip.t.sol', 'flap.t.sol', 'heal.t.sol', 'tune.sol', 'bite.sol']
4,['flop.sol', 'join.sol', 'frob.sol', 'flip.t.sol', 'flap.t.sol', 'flap.sol', 'drip.sol', 'frob.t.sol']
2,['flop.sol', 'join.sol', 'frob.sol', 'flip.t.sol', 'flap.t.sol', 'flap.sol', 'drip.sol', 'tune.sol']
3,['flop.sol', 'join.sol', 'frob.sol', 'flip.t.sol', 'flap.t.sol', 'flap.sol', 'drip.sol', 'bite.sol']
3,['flop.sol', 'join.sol', 'frob.sol', 'flip.t.sol', 'flap.t.sol', 'flap.sol', 'frob.t.sol', 'tune.sol']
3,['flop.sol', 'join.sol', 'frob.sol', 'flip.t.sol', 'flap.t.sol', 'flap.sol', 'frob.t.sol', 'bite.sol']
2,['flop.sol', 'join.sol', 'frob.sol', 'flip.t.sol', 'flap.t.sol', 'flap.sol', 'tune.sol', 'bite.sol']
2,['flop.sol', 'join.sol', 'frob.sol', 'flip.t.sol', 'flap.t.sol', 'drip.sol', 'frob.t.sol', 'tune.sol']
2,['flop.sol', 'join.sol', 'frob.sol', 'flip.t.sol', 'flap.t.sol', 'drip.sol', 'frob.t.sol', 'bite.sol']
2,['flop.sol', 'join.sol', 'frob.sol', 'flip.t.sol', 'flap.t.sol', 'drip.sol', 'tune.sol', 'bite.sol']
3,['flop.sol', 'join.sol', 'frob.sol', 'flip.t.sol', 'flap.t.sol', 'frob.t.sol', 'tune.sol', 'bite.sol']
2,['flop.sol', 'join.sol', 'frob.sol', 'flip.t.sol', 'heal.sol', 'drip.t.sol', 'heal.t.sol', 'flap.sol']
2,['flop.sol', 'join.sol', 'frob.sol', 'flip.t.sol', 'heal.sol', 'drip.t.sol', 'heal.t.sol', 'drip.sol']
2,['flop.sol', 'join.sol', 'frob.sol', 'flip.t.sol', 'heal.sol', 'drip.t.sol', 'heal.t.sol', 'frob.t.sol']
2,['flop.sol', 'join.sol', 'frob.sol', 'flip.t.sol', 'heal.sol', 'drip.t.sol', 'heal.t.sol', 'tune.sol']
2,['flop.sol', 'join.sol', 'frob.sol', 'flip.t.sol', 'heal.sol', 'drip.t.sol', 'heal.t.sol', 'bite.sol']
2,['flop.sol', 'join.sol', 'frob.sol', 'flip.t.sol', 'heal.sol', 'drip.t.sol', 'flap.sol', 'drip.sol']
3,['flop.sol', 'join.sol', 'frob.sol', 'flip.t.sol', 'heal.sol', 'drip.t.sol', 'flap.sol', 'frob.t.sol']
2,['flop.sol', 'join.sol', 'frob.sol', 'flip.t.sol', 'heal.sol', 'drip.t.sol', 'flap.sol', 'tune.sol']
2,['flop.sol', 'join.sol', 'frob.sol', 'flip.t.sol', 'heal.sol', 'drip.t.sol', 'flap.sol', 'bite.sol']
4,['flop.sol', 'join.sol', 'frob.sol', 'flip.t.sol', 'heal.sol', 'drip.t.sol', 'drip.sol', 'frob.t.sol']
2,['flop.sol', 'join.sol', 'frob.sol', 'flip.t.sol', 'heal.sol', 'drip.t.sol', 'drip.sol', 'tune.sol']
2,['flop.sol', 'join.sol', 'frob.sol', 'flip.t.sol', 'heal.sol', 'drip.t.sol', 'drip.sol', 'bite.sol']
2,['flop.sol', 'join.sol', 'frob.sol', 'flip.t.sol', 'heal.sol', 'drip.t.sol', 'frob.t.sol', 'tune.sol']
5,['flop.sol', 'join.sol', 'frob.sol', 'flip.t.sol', 'heal.sol', 'drip.t.sol', 'frob.t.sol', 'bite.sol']
2,['flop.sol', 'join.sol', 'frob.sol', 'flip.t.sol', 'heal.sol', 'drip.t.sol', 'tune.sol', 'bite.sol']
3,['flop.sol', 'join.sol', 'frob.sol', 'flip.t.sol', 'heal.sol', 'heal.t.sol', 'flap.sol', 'drip.sol']
3,['flop.sol', 'join.sol', 'frob.sol', 'flip.t.sol', 'heal.sol', 'heal.t.sol', 'flap.sol', 'frob.t.sol']
3,['flop.sol', 'join.sol', 'frob.sol', 'flip.t.sol', 'heal.sol', 'heal.t.sol', 'flap.sol', 'tune.sol']
3,['flop.sol', 'join.sol', 'frob.sol', 'flip.t.sol', 'heal.sol', 'heal.t.sol', 'flap.sol', 'bite.sol']
2,['flop.sol', 'join.sol', 'frob.sol', 'flip.t.sol', 'heal.sol', 'heal.t.sol', 'drip.sol', 'frob.t.sol']
2,['flop.sol', 'join.sol', 'frob.sol', 'flip.t.sol', 'heal.sol', 'heal.t.sol', 'drip.sol', 'tune.sol']
2,['flop.sol', 'join.sol', 'frob.sol', 'flip.t.sol', 'heal.sol', 'heal.t.sol', 'drip.sol', 'bite.sol']
3,['flop.sol', 'join.sol', 'frob.sol', 'flip.t.sol', 'heal.sol', 'heal.t.sol', 'frob.t.sol', 'tune.sol']
3,['flop.sol', 'join.sol', 'frob.sol', 'flip.t.sol', 'heal.sol', 'heal.t.sol', 'frob.t.sol', 'bite.sol']
3,['flop.sol', 'join.sol', 'frob.sol', 'flip.t.sol', 'heal.sol', 'heal.t.sol', 'tune.sol', 'bite.sol']
3,['flop.sol', 'join.sol', 'frob.sol', 'flip.t.sol', 'heal.sol', 'flap.sol', 'drip.sol', 'frob.t.sol']
3,['flop.sol', 'join.sol', 'frob.sol', 'flip.t.sol', 'heal.sol', 'flap.sol', 'drip.sol', 'tune.sol']
2,['flop.sol', 'join.sol', 'frob.sol', 'flip.t.sol', 'heal.sol', 'flap.sol', 'drip.sol', 'bite.sol']
3,['flop.sol', 'join.sol', 'frob.sol', 'flip.t.sol', 'heal.sol', 'flap.sol', 'frob.t.sol', 'tune.sol']
4,['flop.sol', 'join.sol', 'frob.sol', 'flip.t.sol', 'heal.sol', 'flap.sol', 'frob.t.sol', 'bite.sol']
2,['flop.sol', 'join.sol', 'frob.sol', 'flip.t.sol', 'heal.sol', 'flap.sol', 'tune.sol', 'bite.sol']
2,['flop.sol', 'join.sol', 'frob.sol', 'flip.t.sol', 'heal.sol', 'drip.sol', 'frob.t.sol', 'tune.sol']
5,['flop.sol', 'join.sol', 'frob.sol', 'flip.t.sol', 'heal.sol', 'drip.sol', 'frob.t.sol', 'bite.sol']
2,['flop.sol', 'join.sol', 'frob.sol', 'flip.t.sol', 'heal.sol', 'drip.sol', 'tune.sol', 'bite.sol']
2,['flop.sol', 'join.sol', 'frob.sol', 'flip.t.sol', 'heal.sol', 'frob.t.sol', 'tune.sol', 'bite.sol']
2,['flop.sol', 'join.sol', 'frob.sol', 'flip.t.sol', 'drip.t.sol', 'heal.t.sol', 'flap.sol', 'drip.sol']
2,['flop.sol', 'join.sol', 'frob.sol', 'flip.t.sol', 'drip.t.sol', 'heal.t.sol', 'flap.sol', 'frob.t.sol']
2,['flop.sol', 'join.sol', 'frob.sol', 'flip.t.sol', 'drip.t.sol', 'heal.t.sol', 'flap.sol', 'tune.sol']
2,['flop.sol', 'join.sol', 'frob.sol', 'flip.t.sol', 'drip.t.sol', 'heal.t.sol', 'flap.sol', 'bite.sol']
2,['flop.sol', 'join.sol', 'frob.sol', 'flip.t.sol', 'drip.t.sol', 'heal.t.sol', 'drip.sol', 'frob.t.sol']
2,['flop.sol', 'join.sol', 'frob.sol', 'flip.t.sol', 'drip.t.sol', 'heal.t.sol', 'drip.sol', 'tune.sol']
2,['flop.sol', 'join.sol', 'frob.sol', 'flip.t.sol', 'drip.t.sol', 'heal.t.sol', 'drip.sol', 'bite.sol']
2,['flop.sol', 'join.sol', 'frob.sol', 'flip.t.sol', 'drip.t.sol', 'heal.t.sol', 'frob.t.sol', 'tune.sol']
2,['flop.sol', 'join.sol', 'frob.sol', 'flip.t.sol', 'drip.t.sol', 'heal.t.sol', 'frob.t.sol', 'bite.sol']
2,['flop.sol', 'join.sol', 'frob.sol', 'flip.t.sol', 'drip.t.sol', 'heal.t.sol', 'tune.sol', 'bite.sol']
3,['flop.sol', 'join.sol', 'frob.sol', 'flip.t.sol', 'drip.t.sol', 'flap.sol', 'drip.sol', 'frob.t.sol']
3,['flop.sol', 'join.sol', 'frob.sol', 'flip.t.sol', 'drip.t.sol', 'flap.sol', 'drip.sol', 'tune.sol']
2,['flop.sol', 'join.sol', 'frob.sol', 'flip.t.sol', 'drip.t.sol', 'flap.sol', 'drip.sol', 'bite.sol']
2,['flop.sol', 'join.sol', 'frob.sol', 'flip.t.sol', 'drip.t.sol', 'flap.sol', 'frob.t.sol', 'tune.sol']
3,['flop.sol', 'join.sol', 'frob.sol', 'flip.t.sol', 'drip.t.sol', 'flap.sol', 'frob.t.sol', 'bite.sol']
2,['flop.sol', 'join.sol', 'frob.sol', 'flip.t.sol', 'drip.t.sol', 'flap.sol', 'tune.sol', 'bite.sol']
2,['flop.sol', 'join.sol', 'frob.sol', 'flip.t.sol', 'drip.t.sol', 'drip.sol', 'frob.t.sol', 'tune.sol']
5,['flop.sol', 'join.sol', 'frob.sol', 'flip.t.sol', 'drip.t.sol', 'drip.sol', 'frob.t.sol', 'bite.sol']
3,['flop.sol', 'join.sol', 'frob.sol', 'flip.t.sol', 'drip.t.sol', 'drip.sol', 'tune.sol', 'bite.sol']
2,['flop.sol', 'join.sol', 'frob.sol', 'flip.t.sol', 'drip.t.sol', 'frob.t.sol', 'tune.sol', 'bite.sol']
2,['flop.sol', 'join.sol', 'frob.sol', 'flip.t.sol', 'heal.t.sol', 'flap.sol', 'drip.sol', 'frob.t.sol']
2,['flop.sol', 'join.sol', 'frob.sol', 'flip.t.sol', 'heal.t.sol', 'flap.sol', 'drip.sol', 'tune.sol']
2,['flop.sol', 'join.sol', 'frob.sol', 'flip.t.sol', 'heal.t.sol', 'flap.sol', 'drip.sol', 'bite.sol']
3,['flop.sol', 'join.sol', 'frob.sol', 'flip.t.sol', 'heal.t.sol', 'flap.sol', 'frob.t.sol', 'tune.sol']
3,['flop.sol', 'join.sol', 'frob.sol', 'flip.t.sol', 'heal.t.sol', 'flap.sol', 'frob.t.sol', 'bite.sol']
3,['flop.sol', 'join.sol', 'frob.sol', 'flip.t.sol', 'heal.t.sol', 'flap.sol', 'tune.sol', 'bite.sol']
2,['flop.sol', 'join.sol', 'frob.sol', 'flip.t.sol', 'heal.t.sol', 'drip.sol', 'frob.t.sol', 'tune.sol']
2,['flop.sol', 'join.sol', 'frob.sol', 'flip.t.sol', 'heal.t.sol', 'drip.sol', 'frob.t.sol', 'bite.sol']
2,['flop.sol', 'join.sol', 'frob.sol', 'flip.t.sol', 'heal.t.sol', 'drip.sol', 'tune.sol', 'bite.sol']
3,['flop.sol', 'join.sol', 'frob.sol', 'flip.t.sol', 'heal.t.sol', 'frob.t.sol', 'tune.sol', 'bite.sol']
3,['flop.sol', 'join.sol', 'frob.sol', 'flip.t.sol', 'flap.sol', 'drip.sol', 'frob.t.sol', 'tune.sol']
3,['flop.sol', 'join.sol', 'frob.sol', 'flip.t.sol', 'flap.sol', 'drip.sol', 'frob.t.sol', 'bite.sol']
2,['flop.sol', 'join.sol', 'frob.sol', 'flip.t.sol', 'flap.sol', 'drip.sol', 'tune.sol', 'bite.sol']
2,['flop.sol', 'join.sol', 'frob.sol', 'flip.t.sol', 'flap.sol', 'frob.t.sol', 'tune.sol', 'bite.sol']
2,['flop.sol', 'join.sol', 'frob.sol', 'flip.t.sol', 'drip.sol', 'frob.t.sol', 'tune.sol', 'bite.sol']
3,['flop.sol', 'join.sol', 'frob.sol', 'flop.t.sol', 'flap.t.sol', 'heal.sol', 'drip.t.sol', 'heal.t.sol']
3,['flop.sol', 'join.sol', 'frob.sol', 'flop.t.sol', 'flap.t.sol', 'heal.sol', 'drip.t.sol', 'flap.sol']
3,['flop.sol', 'join.sol', 'frob.sol', 'flop.t.sol', 'flap.t.sol', 'heal.sol', 'drip.t.sol', 'drip.sol']
3,['flop.sol', 'join.sol', 'frob.sol', 'flop.t.sol', 'flap.t.sol', 'heal.sol', 'drip.t.sol', 'frob.t.sol']
2,['flop.sol', 'join.sol', 'frob.sol', 'flop.t.sol', 'flap.t.sol', 'heal.sol', 'drip.t.sol', 'tune.sol']
2,['flop.sol', 'join.sol', 'frob.sol', 'flop.t.sol', 'flap.t.sol', 'heal.sol', 'drip.t.sol', 'bite.sol']
4,['flop.sol', 'join.sol', 'frob.sol', 'flop.t.sol', 'flap.t.sol', 'heal.sol', 'heal.t.sol', 'flap.sol']
3,['flop.sol', 'join.sol', 'frob.sol', 'flop.t.sol', 'flap.t.sol', 'heal.sol', 'heal.t.sol', 'drip.sol']
3,['flop.sol', 'join.sol', 'frob.sol', 'flop.t.sol', 'flap.t.sol', 'heal.sol', 'heal.t.sol', 'frob.t.sol']
3,['flop.sol', 'join.sol', 'frob.sol', 'flop.t.sol', 'flap.t.sol', 'heal.sol', 'heal.t.sol', 'tune.sol']
4,['flop.sol', 'join.sol', 'frob.sol', 'flop.t.sol', 'flap.t.sol', 'heal.sol', 'heal.t.sol', 'bite.sol']
3,['flop.sol', 'join.sol', 'frob.sol', 'flop.t.sol', 'flap.t.sol', 'heal.sol', 'flap.sol', 'drip.sol']
4,['flop.sol', 'join.sol', 'frob.sol', 'flop.t.sol', 'flap.t.sol', 'heal.sol', 'flap.sol', 'frob.t.sol']
2,['flop.sol', 'join.sol', 'frob.sol', 'flop.t.sol', 'flap.t.sol', 'heal.sol', 'flap.sol', 'tune.sol']
3,['flop.sol', 'join.sol', 'frob.sol', 'flop.t.sol', 'flap.t.sol', 'heal.sol', 'flap.sol', 'bite.sol']
3,['flop.sol', 'join.sol', 'frob.sol', 'flop.t.sol', 'flap.t.sol', 'heal.sol', 'drip.sol', 'frob.t.sol']
2,['flop.sol', 'join.sol', 'frob.sol', 'flop.t.sol', 'flap.t.sol', 'heal.sol', 'drip.sol', 'tune.sol']
3,['flop.sol', 'join.sol', 'frob.sol', 'flop.t.sol', 'flap.t.sol', 'heal.sol', 'drip.sol', 'bite.sol']
3,['flop.sol', 'join.sol', 'frob.sol', 'flop.t.sol', 'flap.t.sol', 'heal.sol', 'frob.t.sol', 'tune.sol']
4,['flop.sol', 'join.sol', 'frob.sol', 'flop.t.sol', 'flap.t.sol', 'heal.sol', 'frob.t.sol', 'bite.sol']
2,['flop.sol', 'join.sol', 'frob.sol', 'flop.t.sol', 'flap.t.sol', 'heal.sol', 'tune.sol', 'bite.sol']
3,['flop.sol', 'join.sol', 'frob.sol', 'flop.t.sol', 'flap.t.sol', 'drip.t.sol', 'heal.t.sol', 'flap.sol']
3,['flop.sol', 'join.sol', 'frob.sol', 'flop.t.sol', 'flap.t.sol', 'drip.t.sol', 'heal.t.sol', 'drip.sol']
2,['flop.sol', 'join.sol', 'frob.sol', 'flop.t.sol', 'flap.t.sol', 'drip.t.sol', 'heal.t.sol', 'frob.t.sol']
2,['flop.sol', 'join.sol', 'frob.sol', 'flop.t.sol', 'flap.t.sol', 'drip.t.sol', 'heal.t.sol', 'tune.sol']
3,['flop.sol', 'join.sol', 'frob.sol', 'flop.t.sol', 'flap.t.sol', 'drip.t.sol', 'heal.t.sol', 'bite.sol']
4,['flop.sol', 'join.sol', 'frob.sol', 'flop.t.sol', 'flap.t.sol', 'drip.t.sol', 'flap.sol', 'drip.sol']
3,['flop.sol', 'join.sol', 'frob.sol', 'flop.t.sol', 'flap.t.sol', 'drip.t.sol', 'flap.sol', 'frob.t.sol']
3,['flop.sol', 'join.sol', 'frob.sol', 'flop.t.sol', 'flap.t.sol', 'drip.t.sol', 'flap.sol', 'tune.sol']
2,['flop.sol', 'join.sol', 'frob.sol', 'flop.t.sol', 'flap.t.sol', 'drip.t.sol', 'flap.sol', 'bite.sol']
3,['flop.sol', 'join.sol', 'frob.sol', 'flop.t.sol', 'flap.t.sol', 'drip.t.sol', 'drip.sol', 'frob.t.sol']
3,['flop.sol', 'join.sol', 'frob.sol', 'flop.t.sol', 'flap.t.sol', 'drip.t.sol', 'drip.sol', 'tune.sol']
2,['flop.sol', 'join.sol', 'frob.sol', 'flop.t.sol', 'flap.t.sol', 'drip.t.sol', 'drip.sol', 'bite.sol']
2,['flop.sol', 'join.sol', 'frob.sol', 'flop.t.sol', 'flap.t.sol', 'drip.t.sol', 'frob.t.sol', 'tune.sol']
3,['flop.sol', 'join.sol', 'frob.sol', 'flop.t.sol', 'flap.t.sol', 'drip.t.sol', 'frob.t.sol', 'bite.sol']
2,['flop.sol', 'join.sol', 'frob.sol', 'flop.t.sol', 'flap.t.sol', 'drip.t.sol', 'tune.sol', 'bite.sol']
3,['flop.sol', 'join.sol', 'frob.sol', 'flop.t.sol', 'flap.t.sol', 'heal.t.sol', 'flap.sol', 'drip.sol']
3,['flop.sol', 'join.sol', 'frob.sol', 'flop.t.sol', 'flap.t.sol', 'heal.t.sol', 'flap.sol', 'frob.t.sol']
4,['flop.sol', 'join.sol', 'frob.sol', 'flop.t.sol', 'flap.t.sol', 'heal.t.sol', 'flap.sol', 'tune.sol']
4,['flop.sol', 'join.sol', 'frob.sol', 'flop.t.sol', 'flap.t.sol', 'heal.t.sol', 'flap.sol', 'bite.sol']
2,['flop.sol', 'join.sol', 'frob.sol', 'flop.t.sol', 'flap.t.sol', 'heal.t.sol', 'drip.sol', 'frob.t.sol']
2,['flop.sol', 'join.sol', 'frob.sol', 'flop.t.sol', 'flap.t.sol', 'heal.t.sol', 'drip.sol', 'tune.sol']
3,['flop.sol', 'join.sol', 'frob.sol', 'flop.t.sol', 'flap.t.sol', 'heal.t.sol', 'drip.sol', 'bite.sol']
3,['flop.sol', 'join.sol', 'frob.sol', 'flop.t.sol', 'flap.t.sol', 'heal.t.sol', 'frob.t.sol', 'tune.sol']
3,['flop.sol', 'join.sol', 'frob.sol', 'flop.t.sol', 'flap.t.sol', 'heal.t.sol', 'frob.t.sol', 'bite.sol']
3,['flop.sol', 'join.sol', 'frob.sol', 'flop.t.sol', 'flap.t.sol', 'heal.t.sol', 'tune.sol', 'bite.sol']
3,['flop.sol', 'join.sol', 'frob.sol', 'flop.t.sol', 'flap.t.sol', 'flap.sol', 'drip.sol', 'frob.t.sol']
3,['flop.sol', 'join.sol', 'frob.sol', 'flop.t.sol', 'flap.t.sol', 'flap.sol', 'drip.sol', 'tune.sol']
3,['flop.sol', 'join.sol', 'frob.sol', 'flop.t.sol', 'flap.t.sol', 'flap.sol', 'drip.sol', 'bite.sol']
3,['flop.sol', 'join.sol', 'frob.sol', 'flop.t.sol', 'flap.t.sol', 'flap.sol', 'frob.t.sol', 'tune.sol']
4,['flop.sol', 'join.sol', 'frob.sol', 'flop.t.sol', 'flap.t.sol', 'flap.sol', 'frob.t.sol', 'bite.sol']
3,['flop.sol', 'join.sol', 'frob.sol', 'flop.t.sol', 'flap.t.sol', 'flap.sol', 'tune.sol', 'bite.sol']
2,['flop.sol', 'join.sol', 'frob.sol', 'flop.t.sol', 'flap.t.sol', 'drip.sol', 'frob.t.sol', 'tune.sol']
3,['flop.sol', 'join.sol', 'frob.sol', 'flop.t.sol', 'flap.t.sol', 'drip.sol', 'frob.t.sol', 'bite.sol']
3,['flop.sol', 'join.sol', 'frob.sol', 'flop.t.sol', 'flap.t.sol', 'drip.sol', 'tune.sol', 'bite.sol']
3,['flop.sol', 'join.sol', 'frob.sol', 'flop.t.sol', 'flap.t.sol', 'frob.t.sol', 'tune.sol', 'bite.sol']
4,['flop.sol', 'join.sol', 'frob.sol', 'flop.t.sol', 'heal.sol', 'drip.t.sol', 'heal.t.sol', 'flap.sol']
4,['flop.sol', 'join.sol', 'frob.sol', 'flop.t.sol', 'heal.sol', 'drip.t.sol', 'heal.t.sol', 'drip.sol']
2,['flop.sol', 'join.sol', 'frob.sol', 'flop.t.sol', 'heal.sol', 'drip.t.sol', 'heal.t.sol', 'frob.t.sol']
2,['flop.sol', 'join.sol', 'frob.sol', 'flop.t.sol', 'heal.sol', 'drip.t.sol', 'heal.t.sol', 'tune.sol']
3,['flop.sol', 'join.sol', 'frob.sol', 'flop.t.sol', 'heal.sol', 'drip.t.sol', 'heal.t.sol', 'bite.sol']
2,['flop.sol', 'join.sol', 'frob.sol', 'flop.t.sol', 'heal.sol', 'drip.t.sol', 'flap.sol', 'drip.sol']
2,['flop.sol', 'join.sol', 'frob.sol', 'flop.t.sol', 'heal.sol', 'drip.t.sol', 'flap.sol', 'frob.t.sol']
2,['flop.sol', 'join.sol', 'frob.sol', 'flop.t.sol', 'heal.sol', 'drip.t.sol', 'flap.sol', 'tune.sol']
2,['flop.sol', 'join.sol', 'frob.sol', 'flop.t.sol', 'heal.sol', 'drip.t.sol', 'flap.sol', 'bite.sol']
3,['flop.sol', 'join.sol', 'frob.sol', 'flop.t.sol', 'heal.sol', 'drip.t.sol', 'drip.sol', 'frob.t.sol']
2,['flop.sol', 'join.sol', 'frob.sol', 'flop.t.sol', 'heal.sol', 'drip.t.sol', 'drip.sol', 'tune.sol']
2,['flop.sol', 'join.sol', 'frob.sol', 'flop.t.sol', 'heal.sol', 'drip.t.sol', 'drip.sol', 'bite.sol']
3,['flop.sol', 'join.sol', 'frob.sol', 'flop.t.sol', 'heal.sol', 'drip.t.sol', 'frob.t.sol', 'tune.sol']
3,['flop.sol', 'join.sol', 'frob.sol', 'flop.t.sol', 'heal.sol', 'drip.t.sol', 'frob.t.sol', 'bite.sol']
2,['flop.sol', 'join.sol', 'frob.sol', 'flop.t.sol', 'heal.sol', 'drip.t.sol', 'tune.sol', 'bite.sol']
4,['flop.sol', 'join.sol', 'frob.sol', 'flop.t.sol', 'heal.sol', 'heal.t.sol', 'flap.sol', 'drip.sol']
3,['flop.sol', 'join.sol', 'frob.sol', 'flop.t.sol', 'heal.sol', 'heal.t.sol', 'flap.sol', 'frob.t.sol']
3,['flop.sol', 'join.sol', 'frob.sol', 'flop.t.sol', 'heal.sol', 'heal.t.sol', 'flap.sol', 'tune.sol']
5,['flop.sol', 'join.sol', 'frob.sol', 'flop.t.sol', 'heal.sol', 'heal.t.sol', 'flap.sol', 'bite.sol']
2,['flop.sol', 'join.sol', 'frob.sol', 'flop.t.sol', 'heal.sol', 'heal.t.sol', 'drip.sol', 'frob.t.sol']
2,['flop.sol', 'join.sol', 'frob.sol', 'flop.t.sol', 'heal.sol', 'heal.t.sol', 'drip.sol', 'tune.sol']
4,['flop.sol', 'join.sol', 'frob.sol', 'flop.t.sol', 'heal.sol', 'heal.t.sol', 'drip.sol', 'bite.sol']
3,['flop.sol', 'join.sol', 'frob.sol', 'flop.t.sol', 'heal.sol', 'heal.t.sol', 'frob.t.sol', 'tune.sol']
3,['flop.sol', 'join.sol', 'frob.sol', 'flop.t.sol', 'heal.sol', 'heal.t.sol', 'frob.t.sol', 'bite.sol']
3,['flop.sol', 'join.sol', 'frob.sol', 'flop.t.sol', 'heal.sol', 'heal.t.sol', 'tune.sol', 'bite.sol']
2,['flop.sol', 'join.sol', 'frob.sol', 'flop.t.sol', 'heal.sol', 'flap.sol', 'drip.sol', 'frob.t.sol']
2,['flop.sol', 'join.sol', 'frob.sol', 'flop.t.sol', 'heal.sol', 'flap.sol', 'drip.sol', 'tune.sol']
2,['flop.sol', 'join.sol', 'frob.sol', 'flop.t.sol', 'heal.sol', 'flap.sol', 'drip.sol', 'bite.sol']
4,['flop.sol', 'join.sol', 'frob.sol', 'flop.t.sol', 'heal.sol', 'flap.sol', 'frob.t.sol', 'tune.sol']
3,['flop.sol', 'join.sol', 'frob.sol', 'flop.t.sol', 'heal.sol', 'flap.sol', 'frob.t.sol', 'bite.sol']
2,['flop.sol', 'join.sol', 'frob.sol', 'flop.t.sol', 'heal.sol', 'flap.sol', 'tune.sol', 'bite.sol']
3,['flop.sol', 'join.sol', 'frob.sol', 'flop.t.sol', 'heal.sol', 'drip.sol', 'frob.t.sol', 'tune.sol']
2,['flop.sol', 'join.sol', 'frob.sol', 'flop.t.sol', 'heal.sol', 'drip.sol', 'frob.t.sol', 'bite.sol']
2,['flop.sol', 'join.sol', 'frob.sol', 'flop.t.sol', 'heal.sol', 'drip.sol', 'tune.sol', 'bite.sol']
3,['flop.sol', 'join.sol', 'frob.sol', 'flop.t.sol', 'heal.sol', 'frob.t.sol', 'tune.sol', 'bite.sol']
4,['flop.sol', 'join.sol', 'frob.sol', 'flop.t.sol', 'drip.t.sol', 'heal.t.sol', 'flap.sol', 'drip.sol']
2,['flop.sol', 'join.sol', 'frob.sol', 'flop.t.sol', 'drip.t.sol', 'heal.t.sol', 'flap.sol', 'frob.t.sol']
2,['flop.sol', 'join.sol', 'frob.sol', 'flop.t.sol', 'drip.t.sol', 'heal.t.sol', 'flap.sol', 'tune.sol']
3,['flop.sol', 'join.sol', 'frob.sol', 'flop.t.sol', 'drip.t.sol', 'heal.t.sol', 'flap.sol', 'bite.sol']
2,['flop.sol', 'join.sol', 'frob.sol', 'flop.t.sol', 'drip.t.sol', 'heal.t.sol', 'drip.sol', 'frob.t.sol']
2,['flop.sol', 'join.sol', 'frob.sol', 'flop.t.sol', 'drip.t.sol', 'heal.t.sol', 'drip.sol', 'tune.sol']
3,['flop.sol', 'join.sol', 'frob.sol', 'flop.t.sol', 'drip.t.sol', 'heal.t.sol', 'drip.sol', 'bite.sol']
2,['flop.sol', 'join.sol', 'frob.sol', 'flop.t.sol', 'drip.t.sol', 'heal.t.sol', 'frob.t.sol', 'tune.sol']
2,['flop.sol', 'join.sol', 'frob.sol', 'flop.t.sol', 'drip.t.sol', 'heal.t.sol', 'frob.t.sol', 'bite.sol']
2,['flop.sol', 'join.sol', 'frob.sol', 'flop.t.sol', 'drip.t.sol', 'heal.t.sol', 'tune.sol', 'bite.sol']
2,['flop.sol', 'join.sol', 'frob.sol', 'flop.t.sol', 'drip.t.sol', 'flap.sol', 'drip.sol', 'frob.t.sol']
3,['flop.sol', 'join.sol', 'frob.sol', 'flop.t.sol', 'drip.t.sol', 'flap.sol', 'drip.sol', 'tune.sol']
2,['flop.sol', 'join.sol', 'frob.sol', 'flop.t.sol', 'drip.t.sol', 'flap.sol', 'drip.sol', 'bite.sol']
3,['flop.sol', 'join.sol', 'frob.sol', 'flop.t.sol', 'drip.t.sol', 'flap.sol', 'frob.t.sol', 'tune.sol']
2,['flop.sol', 'join.sol', 'frob.sol', 'flop.t.sol', 'drip.t.sol', 'flap.sol', 'frob.t.sol', 'bite.sol']
2,['flop.sol', 'join.sol', 'frob.sol', 'flop.t.sol', 'drip.t.sol', 'flap.sol', 'tune.sol', 'bite.sol']
2,['flop.sol', 'join.sol', 'frob.sol', 'flop.t.sol', 'drip.t.sol', 'drip.sol', 'frob.t.sol', 'tune.sol']
3,['flop.sol', 'join.sol', 'frob.sol', 'flop.t.sol', 'drip.t.sol', 'drip.sol', 'frob.t.sol', 'bite.sol']
2,['flop.sol', 'join.sol', 'frob.sol', 'flop.t.sol', 'drip.t.sol', 'drip.sol', 'tune.sol', 'bite.sol']
2,['flop.sol', 'join.sol', 'frob.sol', 'flop.t.sol', 'drip.t.sol', 'frob.t.sol', 'tune.sol', 'bite.sol']
2,['flop.sol', 'join.sol', 'frob.sol', 'flop.t.sol', 'heal.t.sol', 'flap.sol', 'drip.sol', 'frob.t.sol']
2,['flop.sol', 'join.sol', 'frob.sol', 'flop.t.sol', 'heal.t.sol', 'flap.sol', 'drip.sol', 'tune.sol']
4,['flop.sol', 'join.sol', 'frob.sol', 'flop.t.sol', 'heal.t.sol', 'flap.sol', 'drip.sol', 'bite.sol']
3,['flop.sol', 'join.sol', 'frob.sol', 'flop.t.sol', 'heal.t.sol', 'flap.sol', 'frob.t.sol', 'tune.sol']
3,['flop.sol', 'join.sol', 'frob.sol', 'flop.t.sol', 'heal.t.sol', 'flap.sol', 'frob.t.sol', 'bite.sol']
3,['flop.sol', 'join.sol', 'frob.sol', 'flop.t.sol', 'heal.t.sol', 'flap.sol', 'tune.sol', 'bite.sol']
2,['flop.sol', 'join.sol', 'frob.sol', 'flop.t.sol', 'heal.t.sol', 'drip.sol', 'frob.t.sol', 'tune.sol']
2,['flop.sol', 'join.sol', 'frob.sol', 'flop.t.sol', 'heal.t.sol', 'drip.sol', 'frob.t.sol', 'bite.sol']
2,['flop.sol', 'join.sol', 'frob.sol', 'flop.t.sol', 'heal.t.sol', 'drip.sol', 'tune.sol', 'bite.sol']
3,['flop.sol', 'join.sol', 'frob.sol', 'flop.t.sol', 'heal.t.sol', 'frob.t.sol', 'tune.sol', 'bite.sol']
3,['flop.sol', 'join.sol', 'frob.sol', 'flop.t.sol', 'flap.sol', 'drip.sol', 'frob.t.sol', 'tune.sol']
2,['flop.sol', 'join.sol', 'frob.sol', 'flop.t.sol', 'flap.sol', 'drip.sol', 'frob.t.sol', 'bite.sol']
3,['flop.sol', 'join.sol', 'frob.sol', 'flop.t.sol', 'flap.sol', 'drip.sol', 'tune.sol', 'bite.sol']
4,['flop.sol', 'join.sol', 'frob.sol', 'flop.t.sol', 'flap.sol', 'frob.t.sol', 'tune.sol', 'bite.sol']
2,['flop.sol', 'join.sol', 'frob.sol', 'flop.t.sol', 'drip.sol', 'frob.t.sol', 'tune.sol', 'bite.sol']
4,['flop.sol', 'join.sol', 'frob.sol', 'flap.t.sol', 'heal.sol', 'drip.t.sol', 'heal.t.sol', 'flap.sol']
4,['flop.sol', 'join.sol', 'frob.sol', 'flap.t.sol', 'heal.sol', 'drip.t.sol', 'heal.t.sol', 'drip.sol']
2,['flop.sol', 'join.sol', 'frob.sol', 'flap.t.sol', 'heal.sol', 'drip.t.sol', 'heal.t.sol', 'frob.t.sol']
2,['flop.sol', 'join.sol', 'frob.sol', 'flap.t.sol', 'heal.sol', 'drip.t.sol', 'heal.t.sol', 'tune.sol']
2,['flop.sol', 'join.sol', 'frob.sol', 'flap.t.sol', 'heal.sol', 'drip.t.sol', 'heal.t.sol', 'bite.sol']
2,['flop.sol', 'join.sol', 'frob.sol', 'flap.t.sol', 'heal.sol', 'drip.t.sol', 'flap.sol', 'drip.sol']
2,['flop.sol', 'join.sol', 'frob.sol', 'flap.t.sol', 'heal.sol', 'drip.t.sol', 'flap.sol', 'frob.t.sol']
2,['flop.sol', 'join.sol', 'frob.sol', 'flap.t.sol', 'heal.sol', 'drip.t.sol', 'flap.sol', 'tune.sol']
2,['flop.sol', 'join.sol', 'frob.sol', 'flap.t.sol', 'heal.sol', 'drip.t.sol', 'flap.sol', 'bite.sol']
3,['flop.sol', 'join.sol', 'frob.sol', 'flap.t.sol', 'heal.sol', 'drip.t.sol', 'drip.sol', 'frob.t.sol']
2,['flop.sol', 'join.sol', 'frob.sol', 'flap.t.sol', 'heal.sol', 'drip.t.sol', 'drip.sol', 'tune.sol']
2,['flop.sol', 'join.sol', 'frob.sol', 'flap.t.sol', 'heal.sol', 'drip.t.sol', 'drip.sol', 'bite.sol']
3,['flop.sol', 'join.sol', 'frob.sol', 'flap.t.sol', 'heal.sol', 'drip.t.sol', 'frob.t.sol', 'tune.sol']
3,['flop.sol', 'join.sol', 'frob.sol', 'flap.t.sol', 'heal.sol', 'drip.t.sol', 'frob.t.sol', 'bite.sol']
1,['flop.sol', 'join.sol', 'frob.sol', 'flap.t.sol', 'heal.sol', 'drip.t.sol', 'tune.sol', 'bite.sol']
4,['flop.sol', 'join.sol', 'frob.sol', 'flap.t.sol', 'heal.sol', 'heal.t.sol', 'flap.sol', 'drip.sol']
3,['flop.sol', 'join.sol', 'frob.sol', 'flap.t.sol', 'heal.sol', 'heal.t.sol', 'flap.sol', 'frob.t.sol']
3,['flop.sol', 'join.sol', 'frob.sol', 'flap.t.sol', 'heal.sol', 'heal.t.sol', 'flap.sol', 'tune.sol']
5,['flop.sol', 'join.sol', 'frob.sol', 'flap.t.sol', 'heal.sol', 'heal.t.sol', 'flap.sol', 'bite.sol']
2,['flop.sol', 'join.sol', 'frob.sol', 'flap.t.sol', 'heal.sol', 'heal.t.sol', 'drip.sol', 'frob.t.sol']
2,['flop.sol', 'join.sol', 'frob.sol', 'flap.t.sol', 'heal.sol', 'heal.t.sol', 'drip.sol', 'tune.sol']
4,['flop.sol', 'join.sol', 'frob.sol', 'flap.t.sol', 'heal.sol', 'heal.t.sol', 'drip.sol', 'bite.sol']
3,['flop.sol', 'join.sol', 'frob.sol', 'flap.t.sol', 'heal.sol', 'heal.t.sol', 'frob.t.sol', 'tune.sol']
3,['flop.sol', 'join.sol', 'frob.sol', 'flap.t.sol', 'heal.sol', 'heal.t.sol', 'frob.t.sol', 'bite.sol']
3,['flop.sol', 'join.sol', 'frob.sol', 'flap.t.sol', 'heal.sol', 'heal.t.sol', 'tune.sol', 'bite.sol']
2,['flop.sol', 'join.sol', 'frob.sol', 'flap.t.sol', 'heal.sol', 'flap.sol', 'drip.sol', 'frob.t.sol']
2,['flop.sol', 'join.sol', 'frob.sol', 'flap.t.sol', 'heal.sol', 'flap.sol', 'drip.sol', 'tune.sol']
2,['flop.sol', 'join.sol', 'frob.sol', 'flap.t.sol', 'heal.sol', 'flap.sol', 'drip.sol', 'bite.sol']
4,['flop.sol', 'join.sol', 'frob.sol', 'flap.t.sol', 'heal.sol', 'flap.sol', 'frob.t.sol', 'tune.sol']
3,['flop.sol', 'join.sol', 'frob.sol', 'flap.t.sol', 'heal.sol', 'flap.sol', 'frob.t.sol', 'bite.sol']
2,['flop.sol', 'join.sol', 'frob.sol', 'flap.t.sol', 'heal.sol', 'flap.sol', 'tune.sol', 'bite.sol']
3,['flop.sol', 'join.sol', 'frob.sol', 'flap.t.sol', 'heal.sol', 'drip.sol', 'frob.t.sol', 'tune.sol']
2,['flop.sol', 'join.sol', 'frob.sol', 'flap.t.sol', 'heal.sol', 'drip.sol', 'frob.t.sol', 'bite.sol']
2,['flop.sol', 'join.sol', 'frob.sol', 'flap.t.sol', 'heal.sol', 'drip.sol', 'tune.sol', 'bite.sol']
3,['flop.sol', 'join.sol', 'frob.sol', 'flap.t.sol', 'heal.sol', 'frob.t.sol', 'tune.sol', 'bite.sol']
4,['flop.sol', 'join.sol', 'frob.sol', 'flap.t.sol', 'drip.t.sol', 'heal.t.sol', 'flap.sol', 'drip.sol']
2,['flop.sol', 'join.sol', 'frob.sol', 'flap.t.sol', 'drip.t.sol', 'heal.t.sol', 'flap.sol', 'frob.t.sol']
2,['flop.sol', 'join.sol', 'frob.sol', 'flap.t.sol', 'drip.t.sol', 'heal.t.sol', 'flap.sol', 'tune.sol']
3,['flop.sol', 'join.sol', 'frob.sol', 'flap.t.sol', 'drip.t.sol', 'heal.t.sol', 'flap.sol', 'bite.sol']
2,['flop.sol', 'join.sol', 'frob.sol', 'flap.t.sol', 'drip.t.sol', 'heal.t.sol', 'drip.sol', 'frob.t.sol']
2,['flop.sol', 'join.sol', 'frob.sol', 'flap.t.sol', 'drip.t.sol', 'heal.t.sol', 'drip.sol', 'tune.sol']
3,['flop.sol', 'join.sol', 'frob.sol', 'flap.t.sol', 'drip.t.sol', 'heal.t.sol', 'drip.sol', 'bite.sol']
2,['flop.sol', 'join.sol', 'frob.sol', 'flap.t.sol', 'drip.t.sol', 'heal.t.sol', 'frob.t.sol', 'tune.sol']
2,['flop.sol', 'join.sol', 'frob.sol', 'flap.t.sol', 'drip.t.sol', 'heal.t.sol', 'frob.t.sol', 'bite.sol']
2,['flop.sol', 'join.sol', 'frob.sol', 'flap.t.sol', 'drip.t.sol', 'heal.t.sol', 'tune.sol', 'bite.sol']
2,['flop.sol', 'join.sol', 'frob.sol', 'flap.t.sol', 'drip.t.sol', 'flap.sol', 'drip.sol', 'frob.t.sol']
3,['flop.sol', 'join.sol', 'frob.sol', 'flap.t.sol', 'drip.t.sol', 'flap.sol', 'drip.sol', 'tune.sol']
3,['flop.sol', 'join.sol', 'frob.sol', 'flap.t.sol', 'drip.t.sol', 'flap.sol', 'drip.sol', 'bite.sol']
3,['flop.sol', 'join.sol', 'frob.sol', 'flap.t.sol', 'drip.t.sol', 'flap.sol', 'frob.t.sol', 'tune.sol']
2,['flop.sol', 'join.sol', 'frob.sol', 'flap.t.sol', 'drip.t.sol', 'flap.sol', 'frob.t.sol', 'bite.sol']
2,['flop.sol', 'join.sol', 'frob.sol', 'flap.t.sol', 'drip.t.sol', 'flap.sol', 'tune.sol', 'bite.sol']
2,['flop.sol', 'join.sol', 'frob.sol', 'flap.t.sol', 'drip.t.sol', 'drip.sol', 'frob.t.sol', 'tune.sol']
3,['flop.sol', 'join.sol', 'frob.sol', 'flap.t.sol', 'drip.t.sol', 'drip.sol', 'frob.t.sol', 'bite.sol']
2,['flop.sol', 'join.sol', 'frob.sol', 'flap.t.sol', 'drip.t.sol', 'drip.sol', 'tune.sol', 'bite.sol']
2,['flop.sol', 'join.sol', 'frob.sol', 'flap.t.sol', 'drip.t.sol', 'frob.t.sol', 'tune.sol', 'bite.sol']
2,['flop.sol', 'join.sol', 'frob.sol', 'flap.t.sol', 'heal.t.sol', 'flap.sol', 'drip.sol', 'frob.t.sol']
2,['flop.sol', 'join.sol', 'frob.sol', 'flap.t.sol', 'heal.t.sol', 'flap.sol', 'drip.sol', 'tune.sol']
4,['flop.sol', 'join.sol', 'frob.sol', 'flap.t.sol', 'heal.t.sol', 'flap.sol', 'drip.sol', 'bite.sol']
3,['flop.sol', 'join.sol', 'frob.sol', 'flap.t.sol', 'heal.t.sol', 'flap.sol', 'frob.t.sol', 'tune.sol']
3,['flop.sol', 'join.sol', 'frob.sol', 'flap.t.sol', 'heal.t.sol', 'flap.sol', 'frob.t.sol', 'bite.sol']
3,['flop.sol', 'join.sol', 'frob.sol', 'flap.t.sol', 'heal.t.sol', 'flap.sol', 'tune.sol', 'bite.sol']
2,['flop.sol', 'join.sol', 'frob.sol', 'flap.t.sol', 'heal.t.sol', 'drip.sol', 'frob.t.sol', 'tune.sol']
2,['flop.sol', 'join.sol', 'frob.sol', 'flap.t.sol', 'heal.t.sol', 'drip.sol', 'frob.t.sol', 'bite.sol']
2,['flop.sol', 'join.sol', 'frob.sol', 'flap.t.sol', 'heal.t.sol', 'drip.sol', 'tune.sol', 'bite.sol']
3,['flop.sol', 'join.sol', 'frob.sol', 'flap.t.sol', 'heal.t.sol', 'frob.t.sol', 'tune.sol', 'bite.sol']
3,['flop.sol', 'join.sol', 'frob.sol', 'flap.t.sol', 'flap.sol', 'drip.sol', 'frob.t.sol', 'tune.sol']
2,['flop.sol', 'join.sol', 'frob.sol', 'flap.t.sol', 'flap.sol', 'drip.sol', 'frob.t.sol', 'bite.sol']
3,['flop.sol', 'join.sol', 'frob.sol', 'flap.t.sol', 'flap.sol', 'drip.sol', 'tune.sol', 'bite.sol']
4,['flop.sol', 'join.sol', 'frob.sol', 'flap.t.sol', 'flap.sol', 'frob.t.sol', 'tune.sol', 'bite.sol']
2,['flop.sol', 'join.sol', 'frob.sol', 'flap.t.sol', 'drip.sol', 'frob.t.sol', 'tune.sol', 'bite.sol']
2,['flop.sol', 'join.sol', 'frob.sol', 'heal.sol', 'drip.t.sol', 'heal.t.sol', 'flap.sol', 'drip.sol']
3,['flop.sol', 'join.sol', 'frob.sol', 'heal.sol', 'drip.t.sol', 'heal.t.sol', 'flap.sol', 'frob.t.sol']
3,['flop.sol', 'join.sol', 'frob.sol', 'heal.sol', 'drip.t.sol', 'heal.t.sol', 'flap.sol', 'tune.sol']
2,['flop.sol', 'join.sol', 'frob.sol', 'heal.sol', 'drip.t.sol', 'heal.t.sol', 'flap.sol', 'bite.sol']
4,['flop.sol', 'join.sol', 'frob.sol', 'heal.sol', 'drip.t.sol', 'heal.t.sol', 'drip.sol', 'frob.t.sol']
3,['flop.sol', 'join.sol', 'frob.sol', 'heal.sol', 'drip.t.sol', 'heal.t.sol', 'drip.sol', 'tune.sol']
2,['flop.sol', 'join.sol', 'frob.sol', 'heal.sol', 'drip.t.sol', 'heal.t.sol', 'drip.sol', 'bite.sol']
2,['flop.sol', 'join.sol', 'frob.sol', 'heal.sol', 'drip.t.sol', 'heal.t.sol', 'frob.t.sol', 'tune.sol']
5,['flop.sol', 'join.sol', 'frob.sol', 'heal.sol', 'drip.t.sol', 'heal.t.sol', 'frob.t.sol', 'bite.sol']
3,['flop.sol', 'join.sol', 'frob.sol', 'heal.sol', 'drip.t.sol', 'heal.t.sol', 'tune.sol', 'bite.sol']
3,['flop.sol', 'join.sol', 'frob.sol', 'heal.sol', 'drip.t.sol', 'flap.sol', 'drip.sol', 'frob.t.sol']
2,['flop.sol', 'join.sol', 'frob.sol', 'heal.sol', 'drip.t.sol', 'flap.sol', 'drip.sol', 'tune.sol']
2,['flop.sol', 'join.sol', 'frob.sol', 'heal.sol', 'drip.t.sol', 'flap.sol', 'drip.sol', 'bite.sol']
2,['flop.sol', 'join.sol', 'frob.sol', 'heal.sol', 'drip.t.sol', 'flap.sol', 'frob.t.sol', 'tune.sol']
2,['flop.sol', 'join.sol', 'frob.sol', 'heal.sol', 'drip.t.sol', 'flap.sol', 'frob.t.sol', 'bite.sol']
1,['flop.sol', 'join.sol', 'frob.sol', 'heal.sol', 'drip.t.sol', 'flap.sol', 'tune.sol', 'bite.sol']
2,['flop.sol', 'join.sol', 'frob.sol', 'heal.sol', 'drip.t.sol', 'drip.sol', 'frob.t.sol', 'tune.sol']
3,['flop.sol', 'join.sol', 'frob.sol', 'heal.sol', 'drip.t.sol', 'drip.sol', 'frob.t.sol', 'bite.sol']
2,['flop.sol', 'join.sol', 'frob.sol', 'heal.sol', 'drip.t.sol', 'drip.sol', 'tune.sol', 'bite.sol']
2,['flop.sol', 'join.sol', 'frob.sol', 'heal.sol', 'drip.t.sol', 'frob.t.sol', 'tune.sol', 'bite.sol']
3,['flop.sol', 'join.sol', 'frob.sol', 'heal.sol', 'heal.t.sol', 'flap.sol', 'drip.sol', 'frob.t.sol']
3,['flop.sol', 'join.sol', 'frob.sol', 'heal.sol', 'heal.t.sol', 'flap.sol', 'drip.sol', 'tune.sol']
2,['flop.sol', 'join.sol', 'frob.sol', 'heal.sol', 'heal.t.sol', 'flap.sol', 'drip.sol', 'bite.sol']
3,['flop.sol', 'join.sol', 'frob.sol', 'heal.sol', 'heal.t.sol', 'flap.sol', 'frob.t.sol', 'tune.sol']
4,['flop.sol', 'join.sol', 'frob.sol', 'heal.sol', 'heal.t.sol', 'flap.sol', 'frob.t.sol', 'bite.sol']
4,['flop.sol', 'join.sol', 'frob.sol', 'heal.sol', 'heal.t.sol', 'flap.sol', 'tune.sol', 'bite.sol']
2,['flop.sol', 'join.sol', 'frob.sol', 'heal.sol', 'heal.t.sol', 'drip.sol', 'frob.t.sol', 'tune.sol']
3,['flop.sol', 'join.sol', 'frob.sol', 'heal.sol', 'heal.t.sol', 'drip.sol', 'frob.t.sol', 'bite.sol']
3,['flop.sol', 'join.sol', 'frob.sol', 'heal.sol', 'heal.t.sol', 'drip.sol', 'tune.sol', 'bite.sol']
3,['flop.sol', 'join.sol', 'frob.sol', 'heal.sol', 'heal.t.sol', 'frob.t.sol', 'tune.sol', 'bite.sol']
2,['flop.sol', 'join.sol', 'frob.sol', 'heal.sol', 'flap.sol', 'drip.sol', 'frob.t.sol', 'tune.sol']
2,['flop.sol', 'join.sol', 'frob.sol', 'heal.sol', 'flap.sol', 'drip.sol', 'frob.t.sol', 'bite.sol']
2,['flop.sol', 'join.sol', 'frob.sol', 'heal.sol', 'flap.sol', 'drip.sol', 'tune.sol', 'bite.sol']
2,['flop.sol', 'join.sol', 'frob.sol', 'heal.sol', 'flap.sol', 'frob.t.sol', 'tune.sol', 'bite.sol']
2,['flop.sol', 'join.sol', 'frob.sol', 'heal.sol', 'drip.sol', 'frob.t.sol', 'tune.sol', 'bite.sol']
3,['flop.sol', 'join.sol', 'frob.sol', 'drip.t.sol', 'heal.t.sol', 'flap.sol', 'drip.sol', 'frob.t.sol']
3,['flop.sol', 'join.sol', 'frob.sol', 'drip.t.sol', 'heal.t.sol', 'flap.sol', 'drip.sol', 'tune.sol']
2,['flop.sol', 'join.sol', 'frob.sol', 'drip.t.sol', 'heal.t.sol', 'flap.sol', 'drip.sol', 'bite.sol']
2,['flop.sol', 'join.sol', 'frob.sol', 'drip.t.sol', 'heal.t.sol', 'flap.sol', 'frob.t.sol', 'tune.sol']
3,['flop.sol', 'join.sol', 'frob.sol', 'drip.t.sol', 'heal.t.sol', 'flap.sol', 'frob.t.sol', 'bite.sol']
3,['flop.sol', 'join.sol', 'frob.sol', 'drip.t.sol', 'heal.t.sol', 'flap.sol', 'tune.sol', 'bite.sol']
2,['flop.sol', 'join.sol', 'frob.sol', 'drip.t.sol', 'heal.t.sol', 'drip.sol', 'frob.t.sol', 'tune.sol']
5,['flop.sol', 'join.sol', 'frob.sol', 'drip.t.sol', 'heal.t.sol', 'drip.sol', 'frob.t.sol', 'bite.sol']
3,['flop.sol', 'join.sol', 'frob.sol', 'drip.t.sol', 'heal.t.sol', 'drip.sol', 'tune.sol', 'bite.sol']
2,['flop.sol', 'join.sol', 'frob.sol', 'drip.t.sol', 'heal.t.sol', 'frob.t.sol', 'tune.sol', 'bite.sol']
2,['flop.sol', 'join.sol', 'frob.sol', 'drip.t.sol', 'flap.sol', 'drip.sol', 'frob.t.sol', 'tune.sol']
2,['flop.sol', 'join.sol', 'frob.sol', 'drip.t.sol', 'flap.sol', 'drip.sol', 'frob.t.sol', 'bite.sol']
2,['flop.sol', 'join.sol', 'frob.sol', 'drip.t.sol', 'flap.sol', 'drip.sol', 'tune.sol', 'bite.sol']
2,['flop.sol', 'join.sol', 'frob.sol', 'drip.t.sol', 'flap.sol', 'frob.t.sol', 'tune.sol', 'bite.sol']
2,['flop.sol', 'join.sol', 'frob.sol', 'drip.t.sol', 'drip.sol', 'frob.t.sol', 'tune.sol', 'bite.sol']
2,['flop.sol', 'join.sol', 'frob.sol', 'heal.t.sol', 'flap.sol', 'drip.sol', 'frob.t.sol', 'tune.sol']
3,['flop.sol', 'join.sol', 'frob.sol', 'heal.t.sol', 'flap.sol', 'drip.sol', 'frob.t.sol', 'bite.sol']
3,['flop.sol', 'join.sol', 'frob.sol', 'heal.t.sol', 'flap.sol', 'drip.sol', 'tune.sol', 'bite.sol']
3,['flop.sol', 'join.sol', 'frob.sol', 'heal.t.sol', 'flap.sol', 'frob.t.sol', 'tune.sol', 'bite.sol']
2,['flop.sol', 'join.sol', 'frob.sol', 'heal.t.sol', 'drip.sol', 'frob.t.sol', 'tune.sol', 'bite.sol']
2,['flop.sol', 'join.sol', 'frob.sol', 'flap.sol', 'drip.sol', 'frob.t.sol', 'tune.sol', 'bite.sol']
3,['flop.sol', 'join.sol', 'flip.t.sol', 'flop.t.sol', 'flap.t.sol', 'heal.sol', 'drip.t.sol', 'heal.t.sol']
3,['flop.sol', 'join.sol', 'flip.t.sol', 'flop.t.sol', 'flap.t.sol', 'heal.sol', 'drip.t.sol', 'flap.sol']
3,['flop.sol', 'join.sol', 'flip.t.sol', 'flop.t.sol', 'flap.t.sol', 'heal.sol', 'drip.t.sol', 'drip.sol']
2,['flop.sol', 'join.sol', 'flip.t.sol', 'flop.t.sol', 'flap.t.sol', 'heal.sol', 'drip.t.sol', 'frob.t.sol']
2,['flop.sol', 'join.sol', 'flip.t.sol', 'flop.t.sol', 'flap.t.sol', 'heal.sol', 'drip.t.sol', 'tune.sol']
3,['flop.sol', 'join.sol', 'flip.t.sol', 'flop.t.sol', 'flap.t.sol', 'heal.sol', 'drip.t.sol', 'bite.sol']
2,['flop.sol', 'join.sol', 'flip.t.sol', 'flop.t.sol', 'flap.t.sol', 'heal.sol', 'heal.t.sol', 'flap.sol']
3,['flop.sol', 'join.sol', 'flip.t.sol', 'flop.t.sol', 'flap.t.sol', 'heal.sol', 'heal.t.sol', 'drip.sol']
3,['flop.sol', 'join.sol', 'flip.t.sol', 'flop.t.sol', 'flap.t.sol', 'heal.sol', 'heal.t.sol', 'frob.t.sol']
3,['flop.sol', 'join.sol', 'flip.t.sol', 'flop.t.sol', 'flap.t.sol', 'heal.sol', 'heal.t.sol', 'tune.sol']
2,['flop.sol', 'join.sol', 'flip.t.sol', 'flop.t.sol', 'flap.t.sol', 'heal.sol', 'heal.t.sol', 'bite.sol']
3,['flop.sol', 'join.sol', 'flip.t.sol', 'flop.t.sol', 'flap.t.sol', 'heal.sol', 'flap.sol', 'drip.sol']
3,['flop.sol', 'join.sol', 'flip.t.sol', 'flop.t.sol', 'flap.t.sol', 'heal.sol', 'flap.sol', 'frob.t.sol']
4,['flop.sol', 'join.sol', 'flip.t.sol', 'flop.t.sol', 'flap.t.sol', 'heal.sol', 'flap.sol', 'tune.sol']
3,['flop.sol', 'join.sol', 'flip.t.sol', 'flop.t.sol', 'flap.t.sol', 'heal.sol', 'flap.sol', 'bite.sol']
2,['flop.sol', 'join.sol', 'flip.t.sol', 'flop.t.sol', 'flap.t.sol', 'heal.sol', 'drip.sol', 'frob.t.sol']
2,['flop.sol', 'join.sol', 'flip.t.sol', 'flop.t.sol', 'flap.t.sol', 'heal.sol', 'drip.sol', 'tune.sol']
3,['flop.sol', 'join.sol', 'flip.t.sol', 'flop.t.sol', 'flap.t.sol', 'heal.sol', 'drip.sol', 'bite.sol']
3,['flop.sol', 'join.sol', 'flip.t.sol', 'flop.t.sol', 'flap.t.sol', 'heal.sol', 'frob.t.sol', 'tune.sol']
3,['flop.sol', 'join.sol', 'flip.t.sol', 'flop.t.sol', 'flap.t.sol', 'heal.sol', 'frob.t.sol', 'bite.sol']
3,['flop.sol', 'join.sol', 'flip.t.sol', 'flop.t.sol', 'flap.t.sol', 'heal.sol', 'tune.sol', 'bite.sol']
3,['flop.sol', 'join.sol', 'flip.t.sol', 'flop.t.sol', 'flap.t.sol', 'drip.t.sol', 'heal.t.sol', 'flap.sol']
3,['flop.sol', 'join.sol', 'flip.t.sol', 'flop.t.sol', 'flap.t.sol', 'drip.t.sol', 'heal.t.sol', 'drip.sol']
2,['flop.sol', 'join.sol', 'flip.t.sol', 'flop.t.sol', 'flap.t.sol', 'drip.t.sol', 'heal.t.sol', 'frob.t.sol']
2,['flop.sol', 'join.sol', 'flip.t.sol', 'flop.t.sol', 'flap.t.sol', 'drip.t.sol', 'heal.t.sol', 'tune.sol']
3,['flop.sol', 'join.sol', 'flip.t.sol', 'flop.t.sol', 'flap.t.sol', 'drip.t.sol', 'heal.t.sol', 'bite.sol']
3,['flop.sol', 'join.sol', 'flip.t.sol', 'flop.t.sol', 'flap.t.sol', 'drip.t.sol', 'flap.sol', 'drip.sol']
2,['flop.sol', 'join.sol', 'flip.t.sol', 'flop.t.sol', 'flap.t.sol', 'drip.t.sol', 'flap.sol', 'frob.t.sol']
2,['flop.sol', 'join.sol', 'flip.t.sol', 'flop.t.sol', 'flap.t.sol', 'drip.t.sol', 'flap.sol', 'tune.sol']
3,['flop.sol', 'join.sol', 'flip.t.sol', 'flop.t.sol', 'flap.t.sol', 'drip.t.sol', 'flap.sol', 'bite.sol']
2,['flop.sol', 'join.sol', 'flip.t.sol', 'flop.t.sol', 'flap.t.sol', 'drip.t.sol', 'drip.sol', 'frob.t.sol']
2,['flop.sol', 'join.sol', 'flip.t.sol', 'flop.t.sol', 'flap.t.sol', 'drip.t.sol', 'drip.sol', 'tune.sol']
2,['flop.sol', 'join.sol', 'flip.t.sol', 'flop.t.sol', 'flap.t.sol', 'drip.t.sol', 'drip.sol', 'bite.sol']
2,['flop.sol', 'join.sol', 'flip.t.sol', 'flop.t.sol', 'flap.t.sol', 'drip.t.sol', 'frob.t.sol', 'tune.sol']
2,['flop.sol', 'join.sol', 'flip.t.sol', 'flop.t.sol', 'flap.t.sol', 'drip.t.sol', 'frob.t.sol', 'bite.sol']
2,['flop.sol', 'join.sol', 'flip.t.sol', 'flop.t.sol', 'flap.t.sol', 'drip.t.sol', 'tune.sol', 'bite.sol']
4,['flop.sol', 'join.sol', 'flip.t.sol', 'flop.t.sol', 'flap.t.sol', 'heal.t.sol', 'flap.sol', 'drip.sol']
3,['flop.sol', 'join.sol', 'flip.t.sol', 'flop.t.sol', 'flap.t.sol', 'heal.t.sol', 'flap.sol', 'frob.t.sol']
3,['flop.sol', 'join.sol', 'flip.t.sol', 'flop.t.sol', 'flap.t.sol', 'heal.t.sol', 'flap.sol', 'tune.sol']
2,['flop.sol', 'join.sol', 'flip.t.sol', 'flop.t.sol', 'flap.t.sol', 'heal.t.sol', 'flap.sol', 'bite.sol']
2,['flop.sol', 'join.sol', 'flip.t.sol', 'flop.t.sol', 'flap.t.sol', 'heal.t.sol', 'drip.sol', 'frob.t.sol']
2,['flop.sol', 'join.sol', 'flip.t.sol', 'flop.t.sol', 'flap.t.sol', 'heal.t.sol', 'drip.sol', 'tune.sol']
3,['flop.sol', 'join.sol', 'flip.t.sol', 'flop.t.sol', 'flap.t.sol', 'heal.t.sol', 'drip.sol', 'bite.sol']
3,['flop.sol', 'join.sol', 'flip.t.sol', 'flop.t.sol', 'flap.t.sol', 'heal.t.sol', 'frob.t.sol', 'tune.sol']
3,['flop.sol', 'join.sol', 'flip.t.sol', 'flop.t.sol', 'flap.t.sol', 'heal.t.sol', 'frob.t.sol', 'bite.sol']
3,['flop.sol', 'join.sol', 'flip.t.sol', 'flop.t.sol', 'flap.t.sol', 'heal.t.sol', 'tune.sol', 'bite.sol']
3,['flop.sol', 'join.sol', 'flip.t.sol', 'flop.t.sol', 'flap.t.sol', 'flap.sol', 'drip.sol', 'frob.t.sol']
4,['flop.sol', 'join.sol', 'flip.t.sol', 'flop.t.sol', 'flap.t.sol', 'flap.sol', 'drip.sol', 'tune.sol']
3,['flop.sol', 'join.sol', 'flip.t.sol', 'flop.t.sol', 'flap.t.sol', 'flap.sol', 'drip.sol', 'bite.sol']
3,['flop.sol', 'join.sol', 'flip.t.sol', 'flop.t.sol', 'flap.t.sol', 'flap.sol', 'frob.t.sol', 'tune.sol']
3,['flop.sol', 'join.sol', 'flip.t.sol', 'flop.t.sol', 'flap.t.sol', 'flap.sol', 'frob.t.sol', 'bite.sol']
2,['flop.sol', 'join.sol', 'flip.t.sol', 'flop.t.sol', 'flap.t.sol', 'flap.sol', 'tune.sol', 'bite.sol']
2,['flop.sol', 'join.sol', 'flip.t.sol', 'flop.t.sol', 'flap.t.sol', 'drip.sol', 'frob.t.sol', 'tune.sol']
2,['flop.sol', 'join.sol', 'flip.t.sol', 'flop.t.sol', 'flap.t.sol', 'drip.sol', 'frob.t.sol', 'bite.sol']
3,['flop.sol', 'join.sol', 'flip.t.sol', 'flop.t.sol', 'flap.t.sol', 'drip.sol', 'tune.sol', 'bite.sol']
3,['flop.sol', 'join.sol', 'flip.t.sol', 'flop.t.sol', 'flap.t.sol', 'frob.t.sol', 'tune.sol', 'bite.sol']
3,['flop.sol', 'join.sol', 'flip.t.sol', 'flop.t.sol', 'heal.sol', 'drip.t.sol', 'heal.t.sol', 'flap.sol']
3,['flop.sol', 'join.sol', 'flip.t.sol', 'flop.t.sol', 'heal.sol', 'drip.t.sol', 'heal.t.sol', 'drip.sol']
2,['flop.sol', 'join.sol', 'flip.t.sol', 'flop.t.sol', 'heal.sol', 'drip.t.sol', 'heal.t.sol', 'frob.t.sol']
2,['flop.sol', 'join.sol', 'flip.t.sol', 'flop.t.sol', 'heal.sol', 'drip.t.sol', 'heal.t.sol', 'tune.sol']
3,['flop.sol', 'join.sol', 'flip.t.sol', 'flop.t.sol', 'heal.sol', 'drip.t.sol', 'heal.t.sol', 'bite.sol']
2,['flop.sol', 'join.sol', 'flip.t.sol', 'flop.t.sol', 'heal.sol', 'drip.t.sol', 'flap.sol', 'drip.sol']
2,['flop.sol', 'join.sol', 'flip.t.sol', 'flop.t.sol', 'heal.sol', 'drip.t.sol', 'flap.sol', 'frob.t.sol']
1,['flop.sol', 'join.sol', 'flip.t.sol', 'flop.t.sol', 'heal.sol', 'drip.t.sol', 'flap.sol', 'tune.sol']
2,['flop.sol', 'join.sol', 'flip.t.sol', 'flop.t.sol', 'heal.sol', 'drip.t.sol', 'flap.sol', 'bite.sol']
2,['flop.sol', 'join.sol', 'flip.t.sol', 'flop.t.sol', 'heal.sol', 'drip.t.sol', 'drip.sol', 'frob.t.sol']
2,['flop.sol', 'join.sol', 'flip.t.sol', 'flop.t.sol', 'heal.sol', 'drip.t.sol', 'drip.sol', 'tune.sol']
2,['flop.sol', 'join.sol', 'flip.t.sol', 'flop.t.sol', 'heal.sol', 'drip.t.sol', 'drip.sol', 'bite.sol']
2,['flop.sol', 'join.sol', 'flip.t.sol', 'flop.t.sol', 'heal.sol', 'drip.t.sol', 'frob.t.sol', 'tune.sol']
2,['flop.sol', 'join.sol', 'flip.t.sol', 'flop.t.sol', 'heal.sol', 'drip.t.sol', 'frob.t.sol', 'bite.sol']
2,['flop.sol', 'join.sol', 'flip.t.sol', 'flop.t.sol', 'heal.sol', 'drip.t.sol', 'tune.sol', 'bite.sol']
3,['flop.sol', 'join.sol', 'flip.t.sol', 'flop.t.sol', 'heal.sol', 'heal.t.sol', 'flap.sol', 'drip.sol']
3,['flop.sol', 'join.sol', 'flip.t.sol', 'flop.t.sol', 'heal.sol', 'heal.t.sol', 'flap.sol', 'frob.t.sol']
3,['flop.sol', 'join.sol', 'flip.t.sol', 'flop.t.sol', 'heal.sol', 'heal.t.sol', 'flap.sol', 'tune.sol']
4,['flop.sol', 'join.sol', 'flip.t.sol', 'flop.t.sol', 'heal.sol', 'heal.t.sol', 'flap.sol', 'bite.sol']
2,['flop.sol', 'join.sol', 'flip.t.sol', 'flop.t.sol', 'heal.sol', 'heal.t.sol', 'drip.sol', 'frob.t.sol']
2,['flop.sol', 'join.sol', 'flip.t.sol', 'flop.t.sol', 'heal.sol', 'heal.t.sol', 'drip.sol', 'tune.sol']
3,['flop.sol', 'join.sol', 'flip.t.sol', 'flop.t.sol', 'heal.sol', 'heal.t.sol', 'drip.sol', 'bite.sol']
3,['flop.sol', 'join.sol', 'flip.t.sol', 'flop.t.sol', 'heal.sol', 'heal.t.sol', 'frob.t.sol', 'tune.sol']
3,['flop.sol', 'join.sol', 'flip.t.sol', 'flop.t.sol', 'heal.sol', 'heal.t.sol', 'frob.t.sol', 'bite.sol']
3,['flop.sol', 'join.sol', 'flip.t.sol', 'flop.t.sol', 'heal.sol', 'heal.t.sol', 'tune.sol', 'bite.sol']
2,['flop.sol', 'join.sol', 'flip.t.sol', 'flop.t.sol', 'heal.sol', 'flap.sol', 'drip.sol', 'frob.t.sol']
2,['flop.sol', 'join.sol', 'flip.t.sol', 'flop.t.sol', 'heal.sol', 'flap.sol', 'drip.sol', 'tune.sol']
2,['flop.sol', 'join.sol', 'flip.t.sol', 'flop.t.sol', 'heal.sol', 'flap.sol', 'drip.sol', 'bite.sol']
3,['flop.sol', 'join.sol', 'flip.t.sol', 'flop.t.sol', 'heal.sol', 'flap.sol', 'frob.t.sol', 'tune.sol']
3,['flop.sol', 'join.sol', 'flip.t.sol', 'flop.t.sol', 'heal.sol', 'flap.sol', 'frob.t.sol', 'bite.sol']
2,['flop.sol', 'join.sol', 'flip.t.sol', 'flop.t.sol', 'heal.sol', 'flap.sol', 'tune.sol', 'bite.sol']
2,['flop.sol', 'join.sol', 'flip.t.sol', 'flop.t.sol', 'heal.sol', 'drip.sol', 'frob.t.sol', 'tune.sol']
2,['flop.sol', 'join.sol', 'flip.t.sol', 'flop.t.sol', 'heal.sol', 'drip.sol', 'frob.t.sol', 'bite.sol']
2,['flop.sol', 'join.sol', 'flip.t.sol', 'flop.t.sol', 'heal.sol', 'drip.sol', 'tune.sol', 'bite.sol']
3,['flop.sol', 'join.sol', 'flip.t.sol', 'flop.t.sol', 'heal.sol', 'frob.t.sol', 'tune.sol', 'bite.sol']
3,['flop.sol', 'join.sol', 'flip.t.sol', 'flop.t.sol', 'drip.t.sol', 'heal.t.sol', 'flap.sol', 'drip.sol']
2,['flop.sol', 'join.sol', 'flip.t.sol', 'flop.t.sol', 'drip.t.sol', 'heal.t.sol', 'flap.sol', 'frob.t.sol']
2,['flop.sol', 'join.sol', 'flip.t.sol', 'flop.t.sol', 'drip.t.sol', 'heal.t.sol', 'flap.sol', 'tune.sol']
3,['flop.sol', 'join.sol', 'flip.t.sol', 'flop.t.sol', 'drip.t.sol', 'heal.t.sol', 'flap.sol', 'bite.sol']
2,['flop.sol', 'join.sol', 'flip.t.sol', 'flop.t.sol', 'drip.t.sol', 'heal.t.sol', 'drip.sol', 'frob.t.sol']
2,['flop.sol', 'join.sol', 'flip.t.sol', 'flop.t.sol', 'drip.t.sol', 'heal.t.sol', 'drip.sol', 'tune.sol']
3,['flop.sol', 'join.sol', 'flip.t.sol', 'flop.t.sol', 'drip.t.sol', 'heal.t.sol', 'drip.sol', 'bite.sol']
2,['flop.sol', 'join.sol', 'flip.t.sol', 'flop.t.sol', 'drip.t.sol', 'heal.t.sol', 'frob.t.sol', 'tune.sol']
2,['flop.sol', 'join.sol', 'flip.t.sol', 'flop.t.sol', 'drip.t.sol', 'heal.t.sol', 'frob.t.sol', 'bite.sol']
2,['flop.sol', 'join.sol', 'flip.t.sol', 'flop.t.sol', 'drip.t.sol', 'heal.t.sol', 'tune.sol', 'bite.sol']
2,['flop.sol', 'join.sol', 'flip.t.sol', 'flop.t.sol', 'drip.t.sol', 'flap.sol', 'drip.sol', 'frob.t.sol']
2,['flop.sol', 'join.sol', 'flip.t.sol', 'flop.t.sol', 'drip.t.sol', 'flap.sol', 'drip.sol', 'tune.sol']
3,['flop.sol', 'join.sol', 'flip.t.sol', 'flop.t.sol', 'drip.t.sol', 'flap.sol', 'drip.sol', 'bite.sol']
2,['flop.sol', 'join.sol', 'flip.t.sol', 'flop.t.sol', 'drip.t.sol', 'flap.sol', 'frob.t.sol', 'tune.sol']
2,['flop.sol', 'join.sol', 'flip.t.sol', 'flop.t.sol', 'drip.t.sol', 'flap.sol', 'frob.t.sol', 'bite.sol']
2,['flop.sol', 'join.sol', 'flip.t.sol', 'flop.t.sol', 'drip.t.sol', 'flap.sol', 'tune.sol', 'bite.sol']
2,['flop.sol', 'join.sol', 'flip.t.sol', 'flop.t.sol', 'drip.t.sol', 'drip.sol', 'frob.t.sol', 'tune.sol']
2,['flop.sol', 'join.sol', 'flip.t.sol', 'flop.t.sol', 'drip.t.sol', 'drip.sol', 'frob.t.sol', 'bite.sol']
2,['flop.sol', 'join.sol', 'flip.t.sol', 'flop.t.sol', 'drip.t.sol', 'drip.sol', 'tune.sol', 'bite.sol']
1,['flop.sol', 'join.sol', 'flip.t.sol', 'flop.t.sol', 'drip.t.sol', 'frob.t.sol', 'tune.sol', 'bite.sol']
2,['flop.sol', 'join.sol', 'flip.t.sol', 'flop.t.sol', 'heal.t.sol', 'flap.sol', 'drip.sol', 'frob.t.sol']
3,['flop.sol', 'join.sol', 'flip.t.sol', 'flop.t.sol', 'heal.t.sol', 'flap.sol', 'drip.sol', 'tune.sol']
3,['flop.sol', 'join.sol', 'flip.t.sol', 'flop.t.sol', 'heal.t.sol', 'flap.sol', 'drip.sol', 'bite.sol']
3,['flop.sol', 'join.sol', 'flip.t.sol', 'flop.t.sol', 'heal.t.sol', 'flap.sol', 'frob.t.sol', 'tune.sol']
3,['flop.sol', 'join.sol', 'flip.t.sol', 'flop.t.sol', 'heal.t.sol', 'flap.sol', 'frob.t.sol', 'bite.sol']
3,['flop.sol', 'join.sol', 'flip.t.sol', 'flop.t.sol', 'heal.t.sol', 'flap.sol', 'tune.sol', 'bite.sol']
2,['flop.sol', 'join.sol', 'flip.t.sol', 'flop.t.sol', 'heal.t.sol', 'drip.sol', 'frob.t.sol', 'tune.sol']
2,['flop.sol', 'join.sol', 'flip.t.sol', 'flop.t.sol', 'heal.t.sol', 'drip.sol', 'frob.t.sol', 'bite.sol']
2,['flop.sol', 'join.sol', 'flip.t.sol', 'flop.t.sol', 'heal.t.sol', 'drip.sol', 'tune.sol', 'bite.sol']
3,['flop.sol', 'join.sol', 'flip.t.sol', 'flop.t.sol', 'heal.t.sol', 'frob.t.sol', 'tune.sol', 'bite.sol']
3,['flop.sol', 'join.sol', 'flip.t.sol', 'flop.t.sol', 'flap.sol', 'drip.sol', 'frob.t.sol', 'tune.sol']
2,['flop.sol', 'join.sol', 'flip.t.sol', 'flop.t.sol', 'flap.sol', 'drip.sol', 'frob.t.sol', 'bite.sol']
2,['flop.sol', 'join.sol', 'flip.t.sol', 'flop.t.sol', 'flap.sol', 'drip.sol', 'tune.sol', 'bite.sol']
3,['flop.sol', 'join.sol', 'flip.t.sol', 'flop.t.sol', 'flap.sol', 'frob.t.sol', 'tune.sol', 'bite.sol']
2,['flop.sol', 'join.sol', 'flip.t.sol', 'flop.t.sol', 'drip.sol', 'frob.t.sol', 'tune.sol', 'bite.sol']
3,['flop.sol', 'join.sol', 'flip.t.sol', 'flap.t.sol', 'heal.sol', 'drip.t.sol', 'heal.t.sol', 'flap.sol']
3,['flop.sol', 'join.sol', 'flip.t.sol', 'flap.t.sol', 'heal.sol', 'drip.t.sol', 'heal.t.sol', 'drip.sol']
2,['flop.sol', 'join.sol', 'flip.t.sol', 'flap.t.sol', 'heal.sol', 'drip.t.sol', 'heal.t.sol', 'frob.t.sol']
2,['flop.sol', 'join.sol', 'flip.t.sol', 'flap.t.sol', 'heal.sol', 'drip.t.sol', 'heal.t.sol', 'tune.sol']
3,['flop.sol', 'join.sol', 'flip.t.sol', 'flap.t.sol', 'heal.sol', 'drip.t.sol', 'heal.t.sol', 'bite.sol']
2,['flop.sol', 'join.sol', 'flip.t.sol', 'flap.t.sol', 'heal.sol', 'drip.t.sol', 'flap.sol', 'drip.sol']
2,['flop.sol', 'join.sol', 'flip.t.sol', 'flap.t.sol', 'heal.sol', 'drip.t.sol', 'flap.sol', 'frob.t.sol']
1,['flop.sol', 'join.sol', 'flip.t.sol', 'flap.t.sol', 'heal.sol', 'drip.t.sol', 'flap.sol', 'tune.sol']
2,['flop.sol', 'join.sol', 'flip.t.sol', 'flap.t.sol', 'heal.sol', 'drip.t.sol', 'flap.sol', 'bite.sol']
2,['flop.sol', 'join.sol', 'flip.t.sol', 'flap.t.sol', 'heal.sol', 'drip.t.sol', 'drip.sol', 'frob.t.sol']
2,['flop.sol', 'join.sol', 'flip.t.sol', 'flap.t.sol', 'heal.sol', 'drip.t.sol', 'drip.sol', 'tune.sol']
2,['flop.sol', 'join.sol', 'flip.t.sol', 'flap.t.sol', 'heal.sol', 'drip.t.sol', 'drip.sol', 'bite.sol']
2,['flop.sol', 'join.sol', 'flip.t.sol', 'flap.t.sol', 'heal.sol', 'drip.t.sol', 'frob.t.sol', 'tune.sol']
2,['flop.sol', 'join.sol', 'flip.t.sol', 'flap.t.sol', 'heal.sol', 'drip.t.sol', 'frob.t.sol', 'bite.sol']
2,['flop.sol', 'join.sol', 'flip.t.sol', 'flap.t.sol', 'heal.sol', 'drip.t.sol', 'tune.sol', 'bite.sol']
3,['flop.sol', 'join.sol', 'flip.t.sol', 'flap.t.sol', 'heal.sol', 'heal.t.sol', 'flap.sol', 'drip.sol']
3,['flop.sol', 'join.sol', 'flip.t.sol', 'flap.t.sol', 'heal.sol', 'heal.t.sol', 'flap.sol', 'frob.t.sol']
3,['flop.sol', 'join.sol', 'flip.t.sol', 'flap.t.sol', 'heal.sol', 'heal.t.sol', 'flap.sol', 'tune.sol']
2,['flop.sol', 'join.sol', 'flip.t.sol', 'flap.t.sol', 'heal.sol', 'heal.t.sol', 'flap.sol', 'bite.sol']
2,['flop.sol', 'join.sol', 'flip.t.sol', 'flap.t.sol', 'heal.sol', 'heal.t.sol', 'drip.sol', 'frob.t.sol']
2,['flop.sol', 'join.sol', 'flip.t.sol', 'flap.t.sol', 'heal.sol', 'heal.t.sol', 'drip.sol', 'tune.sol']
3,['flop.sol', 'join.sol', 'flip.t.sol', 'flap.t.sol', 'heal.sol', 'heal.t.sol', 'drip.sol', 'bite.sol']
3,['flop.sol', 'join.sol', 'flip.t.sol', 'flap.t.sol', 'heal.sol', 'heal.t.sol', 'frob.t.sol', 'tune.sol']
3,['flop.sol', 'join.sol', 'flip.t.sol', 'flap.t.sol', 'heal.sol', 'heal.t.sol', 'frob.t.sol', 'bite.sol']
3,['flop.sol', 'join.sol', 'flip.t.sol', 'flap.t.sol', 'heal.sol', 'heal.t.sol', 'tune.sol', 'bite.sol']
2,['flop.sol', 'join.sol', 'flip.t.sol', 'flap.t.sol', 'heal.sol', 'flap.sol', 'drip.sol', 'frob.t.sol']
2,['flop.sol', 'join.sol', 'flip.t.sol', 'flap.t.sol', 'heal.sol', 'flap.sol', 'drip.sol', 'tune.sol']
2,['flop.sol', 'join.sol', 'flip.t.sol', 'flap.t.sol', 'heal.sol', 'flap.sol', 'drip.sol', 'bite.sol']
3,['flop.sol', 'join.sol', 'flip.t.sol', 'flap.t.sol', 'heal.sol', 'flap.sol', 'frob.t.sol', 'tune.sol']
3,['flop.sol', 'join.sol', 'flip.t.sol', 'flap.t.sol', 'heal.sol', 'flap.sol', 'frob.t.sol', 'bite.sol']
2,['flop.sol', 'join.sol', 'flip.t.sol', 'flap.t.sol', 'heal.sol', 'flap.sol', 'tune.sol', 'bite.sol']
2,['flop.sol', 'join.sol', 'flip.t.sol', 'flap.t.sol', 'heal.sol', 'drip.sol', 'frob.t.sol', 'tune.sol']
2,['flop.sol', 'join.sol', 'flip.t.sol', 'flap.t.sol', 'heal.sol', 'drip.sol', 'frob.t.sol', 'bite.sol']
2,['flop.sol', 'join.sol', 'flip.t.sol', 'flap.t.sol', 'heal.sol', 'drip.sol', 'tune.sol', 'bite.sol']
3,['flop.sol', 'join.sol', 'flip.t.sol', 'flap.t.sol', 'heal.sol', 'frob.t.sol', 'tune.sol', 'bite.sol']
3,['flop.sol', 'join.sol', 'flip.t.sol', 'flap.t.sol', 'drip.t.sol', 'heal.t.sol', 'flap.sol', 'drip.sol']
2,['flop.sol', 'join.sol', 'flip.t.sol', 'flap.t.sol', 'drip.t.sol', 'heal.t.sol', 'flap.sol', 'frob.t.sol']
1,['flop.sol', 'join.sol', 'flip.t.sol', 'flap.t.sol', 'drip.t.sol', 'heal.t.sol', 'flap.sol', 'tune.sol']
3,['flop.sol', 'join.sol', 'flip.t.sol', 'flap.t.sol', 'drip.t.sol', 'heal.t.sol', 'flap.sol', 'bite.sol']
2,['flop.sol', 'join.sol', 'flip.t.sol', 'flap.t.sol', 'drip.t.sol', 'heal.t.sol', 'drip.sol', 'frob.t.sol']
2,['flop.sol', 'join.sol', 'flip.t.sol', 'flap.t.sol', 'drip.t.sol', 'heal.t.sol', 'drip.sol', 'tune.sol']
3,['flop.sol', 'join.sol', 'flip.t.sol', 'flap.t.sol', 'drip.t.sol', 'heal.t.sol', 'drip.sol', 'bite.sol']
2,['flop.sol', 'join.sol', 'flip.t.sol', 'flap.t.sol', 'drip.t.sol', 'heal.t.sol', 'frob.t.sol', 'tune.sol']
2,['flop.sol', 'join.sol', 'flip.t.sol', 'flap.t.sol', 'drip.t.sol', 'heal.t.sol', 'frob.t.sol', 'bite.sol']
2,['flop.sol', 'join.sol', 'flip.t.sol', 'flap.t.sol', 'drip.t.sol', 'heal.t.sol', 'tune.sol', 'bite.sol']
2,['flop.sol', 'join.sol', 'flip.t.sol', 'flap.t.sol', 'drip.t.sol', 'flap.sol', 'drip.sol', 'frob.t.sol']
2,['flop.sol', 'join.sol', 'flip.t.sol', 'flap.t.sol', 'drip.t.sol', 'flap.sol', 'drip.sol', 'tune.sol']
2,['flop.sol', 'join.sol', 'flip.t.sol', 'flap.t.sol', 'drip.t.sol', 'flap.sol', 'drip.sol', 'bite.sol']
2,['flop.sol', 'join.sol', 'flip.t.sol', 'flap.t.sol', 'drip.t.sol', 'flap.sol', 'frob.t.sol', 'tune.sol']
2,['flop.sol', 'join.sol', 'flip.t.sol', 'flap.t.sol', 'drip.t.sol', 'flap.sol', 'frob.t.sol', 'bite.sol']
2,['flop.sol', 'join.sol', 'flip.t.sol', 'flap.t.sol', 'drip.t.sol', 'flap.sol', 'tune.sol', 'bite.sol']
2,['flop.sol', 'join.sol', 'flip.t.sol', 'flap.t.sol', 'drip.t.sol', 'drip.sol', 'frob.t.sol', 'tune.sol']
2,['flop.sol', 'join.sol', 'flip.t.sol', 'flap.t.sol', 'drip.t.sol', 'drip.sol', 'frob.t.sol', 'bite.sol']
2,['flop.sol', 'join.sol', 'flip.t.sol', 'flap.t.sol', 'drip.t.sol', 'drip.sol', 'tune.sol', 'bite.sol']
1,['flop.sol', 'join.sol', 'flip.t.sol', 'flap.t.sol', 'drip.t.sol', 'frob.t.sol', 'tune.sol', 'bite.sol']
2,['flop.sol', 'join.sol', 'flip.t.sol', 'flap.t.sol', 'heal.t.sol', 'flap.sol', 'drip.sol', 'frob.t.sol']
3,['flop.sol', 'join.sol', 'flip.t.sol', 'flap.t.sol', 'heal.t.sol', 'flap.sol', 'drip.sol', 'tune.sol']
3,['flop.sol', 'join.sol', 'flip.t.sol', 'flap.t.sol', 'heal.t.sol', 'flap.sol', 'drip.sol', 'bite.sol']
3,['flop.sol', 'join.sol', 'flip.t.sol', 'flap.t.sol', 'heal.t.sol', 'flap.sol', 'frob.t.sol', 'tune.sol']
3,['flop.sol', 'join.sol', 'flip.t.sol', 'flap.t.sol', 'heal.t.sol', 'flap.sol', 'frob.t.sol', 'bite.sol']
3,['flop.sol', 'join.sol', 'flip.t.sol', 'flap.t.sol', 'heal.t.sol', 'flap.sol', 'tune.sol', 'bite.sol']
2,['flop.sol', 'join.sol', 'flip.t.sol', 'flap.t.sol', 'heal.t.sol', 'drip.sol', 'frob.t.sol', 'tune.sol']
2,['flop.sol', 'join.sol', 'flip.t.sol', 'flap.t.sol', 'heal.t.sol', 'drip.sol', 'frob.t.sol', 'bite.sol']
2,['flop.sol', 'join.sol', 'flip.t.sol', 'flap.t.sol', 'heal.t.sol', 'drip.sol', 'tune.sol', 'bite.sol']
3,['flop.sol', 'join.sol', 'flip.t.sol', 'flap.t.sol', 'heal.t.sol', 'frob.t.sol', 'tune.sol', 'bite.sol']
3,['flop.sol', 'join.sol', 'flip.t.sol', 'flap.t.sol', 'flap.sol', 'drip.sol', 'frob.t.sol', 'tune.sol']
2,['flop.sol', 'join.sol', 'flip.t.sol', 'flap.t.sol', 'flap.sol', 'drip.sol', 'frob.t.sol', 'bite.sol']
2,['flop.sol', 'join.sol', 'flip.t.sol', 'flap.t.sol', 'flap.sol', 'drip.sol', 'tune.sol', 'bite.sol']
3,['flop.sol', 'join.sol', 'flip.t.sol', 'flap.t.sol', 'flap.sol', 'frob.t.sol', 'tune.sol', 'bite.sol']
2,['flop.sol', 'join.sol', 'flip.t.sol', 'flap.t.sol', 'drip.sol', 'frob.t.sol', 'tune.sol', 'bite.sol']
2,['flop.sol', 'join.sol', 'flip.t.sol', 'heal.sol', 'drip.t.sol', 'heal.t.sol', 'flap.sol', 'drip.sol']
2,['flop.sol', 'join.sol', 'flip.t.sol', 'heal.sol', 'drip.t.sol', 'heal.t.sol', 'flap.sol', 'frob.t.sol']
1,['flop.sol', 'join.sol', 'flip.t.sol', 'heal.sol', 'drip.t.sol', 'heal.t.sol', 'flap.sol', 'tune.sol']
2,['flop.sol', 'join.sol', 'flip.t.sol', 'heal.sol', 'drip.t.sol', 'heal.t.sol', 'flap.sol', 'bite.sol']
2,['flop.sol', 'join.sol', 'flip.t.sol', 'heal.sol', 'drip.t.sol', 'heal.t.sol', 'drip.sol', 'frob.t.sol']
2,['flop.sol', 'join.sol', 'flip.t.sol', 'heal.sol', 'drip.t.sol', 'heal.t.sol', 'drip.sol', 'tune.sol']
2,['flop.sol', 'join.sol', 'flip.t.sol', 'heal.sol', 'drip.t.sol', 'heal.t.sol', 'drip.sol', 'bite.sol']
2,['flop.sol', 'join.sol', 'flip.t.sol', 'heal.sol', 'drip.t.sol', 'heal.t.sol', 'frob.t.sol', 'tune.sol']
2,['flop.sol', 'join.sol', 'flip.t.sol', 'heal.sol', 'drip.t.sol', 'heal.t.sol', 'frob.t.sol', 'bite.sol']
2,['flop.sol', 'join.sol', 'flip.t.sol', 'heal.sol', 'drip.t.sol', 'heal.t.sol', 'tune.sol', 'bite.sol']
4,['flop.sol', 'join.sol', 'flip.t.sol', 'heal.sol', 'drip.t.sol', 'flap.sol', 'drip.sol', 'frob.t.sol']
2,['flop.sol', 'join.sol', 'flip.t.sol', 'heal.sol', 'drip.t.sol', 'flap.sol', 'drip.sol', 'tune.sol']
2,['flop.sol', 'join.sol', 'flip.t.sol', 'heal.sol', 'drip.t.sol', 'flap.sol', 'drip.sol', 'bite.sol']
2,['flop.sol', 'join.sol', 'flip.t.sol', 'heal.sol', 'drip.t.sol', 'flap.sol', 'frob.t.sol', 'tune.sol']
5,['flop.sol', 'join.sol', 'flip.t.sol', 'heal.sol', 'drip.t.sol', 'flap.sol', 'frob.t.sol', 'bite.sol']
2,['flop.sol', 'join.sol', 'flip.t.sol', 'heal.sol', 'drip.t.sol', 'flap.sol', 'tune.sol', 'bite.sol']
4,['flop.sol', 'join.sol', 'flip.t.sol', 'heal.sol', 'drip.t.sol', 'drip.sol', 'frob.t.sol', 'tune.sol']
5,['flop.sol', 'join.sol', 'flip.t.sol', 'heal.sol', 'drip.t.sol', 'drip.sol', 'frob.t.sol', 'bite.sol']
2,['flop.sol', 'join.sol', 'flip.t.sol', 'heal.sol', 'drip.t.sol', 'drip.sol', 'tune.sol', 'bite.sol']
4,['flop.sol', 'join.sol', 'flip.t.sol', 'heal.sol', 'drip.t.sol', 'frob.t.sol', 'tune.sol', 'bite.sol']
2,['flop.sol', 'join.sol', 'flip.t.sol', 'heal.sol', 'heal.t.sol', 'flap.sol', 'drip.sol', 'frob.t.sol']
2,['flop.sol', 'join.sol', 'flip.t.sol', 'heal.sol', 'heal.t.sol', 'flap.sol', 'drip.sol', 'tune.sol']
2,['flop.sol', 'join.sol', 'flip.t.sol', 'heal.sol', 'heal.t.sol', 'flap.sol', 'drip.sol', 'bite.sol']
3,['flop.sol', 'join.sol', 'flip.t.sol', 'heal.sol', 'heal.t.sol', 'flap.sol', 'frob.t.sol', 'tune.sol']
3,['flop.sol', 'join.sol', 'flip.t.sol', 'heal.sol', 'heal.t.sol', 'flap.sol', 'frob.t.sol', 'bite.sol']
3,['flop.sol', 'join.sol', 'flip.t.sol', 'heal.sol', 'heal.t.sol', 'flap.sol', 'tune.sol', 'bite.sol']
2,['flop.sol', 'join.sol', 'flip.t.sol', 'heal.sol', 'heal.t.sol', 'drip.sol', 'frob.t.sol', 'tune.sol']
2,['flop.sol', 'join.sol', 'flip.t.sol', 'heal.sol', 'heal.t.sol', 'drip.sol', 'frob.t.sol', 'bite.sol']
2,['flop.sol', 'join.sol', 'flip.t.sol', 'heal.sol', 'heal.t.sol', 'drip.sol', 'tune.sol', 'bite.sol']
3,['flop.sol', 'join.sol', 'flip.t.sol', 'heal.sol', 'heal.t.sol', 'frob.t.sol', 'tune.sol', 'bite.sol']
2,['flop.sol', 'join.sol', 'flip.t.sol', 'heal.sol', 'flap.sol', 'drip.sol', 'frob.t.sol', 'tune.sol']
3,['flop.sol', 'join.sol', 'flip.t.sol', 'heal.sol', 'flap.sol', 'drip.sol', 'frob.t.sol', 'bite.sol']
2,['flop.sol', 'join.sol', 'flip.t.sol', 'heal.sol', 'flap.sol', 'drip.sol', 'tune.sol', 'bite.sol']
2,['flop.sol', 'join.sol', 'flip.t.sol', 'heal.sol', 'flap.sol', 'frob.t.sol', 'tune.sol', 'bite.sol']
2,['flop.sol', 'join.sol', 'flip.t.sol', 'heal.sol', 'drip.sol', 'frob.t.sol', 'tune.sol', 'bite.sol']
2,['flop.sol', 'join.sol', 'flip.t.sol', 'drip.t.sol', 'heal.t.sol', 'flap.sol', 'drip.sol', 'frob.t.sol']
2,['flop.sol', 'join.sol', 'flip.t.sol', 'drip.t.sol', 'heal.t.sol', 'flap.sol', 'drip.sol', 'tune.sol']
2,['flop.sol', 'join.sol', 'flip.t.sol', 'drip.t.sol', 'heal.t.sol', 'flap.sol', 'drip.sol', 'bite.sol']
2,['flop.sol', 'join.sol', 'flip.t.sol', 'drip.t.sol', 'heal.t.sol', 'flap.sol', 'frob.t.sol', 'tune.sol']
2,['flop.sol', 'join.sol', 'flip.t.sol', 'drip.t.sol', 'heal.t.sol', 'flap.sol', 'frob.t.sol', 'bite.sol']
1,['flop.sol', 'join.sol', 'flip.t.sol', 'drip.t.sol', 'heal.t.sol', 'flap.sol', 'tune.sol', 'bite.sol']
2,['flop.sol', 'join.sol', 'flip.t.sol', 'drip.t.sol', 'heal.t.sol', 'drip.sol', 'frob.t.sol', 'tune.sol']
2,['flop.sol', 'join.sol', 'flip.t.sol', 'drip.t.sol', 'heal.t.sol', 'drip.sol', 'frob.t.sol', 'bite.sol']
2,['flop.sol', 'join.sol', 'flip.t.sol', 'drip.t.sol', 'heal.t.sol', 'drip.sol', 'tune.sol', 'bite.sol']
2,['flop.sol', 'join.sol', 'flip.t.sol', 'drip.t.sol', 'heal.t.sol', 'frob.t.sol', 'tune.sol', 'bite.sol']
2,['flop.sol', 'join.sol', 'flip.t.sol', 'drip.t.sol', 'flap.sol', 'drip.sol', 'frob.t.sol', 'tune.sol']
5,['flop.sol', 'join.sol', 'flip.t.sol', 'drip.t.sol', 'flap.sol', 'drip.sol', 'frob.t.sol', 'bite.sol']
2,['flop.sol', 'join.sol', 'flip.t.sol', 'drip.t.sol', 'flap.sol', 'drip.sol', 'tune.sol', 'bite.sol']
2,['flop.sol', 'join.sol', 'flip.t.sol', 'drip.t.sol', 'flap.sol', 'frob.t.sol', 'tune.sol', 'bite.sol']
4,['flop.sol', 'join.sol', 'flip.t.sol', 'drip.t.sol', 'drip.sol', 'frob.t.sol', 'tune.sol', 'bite.sol']
2,['flop.sol', 'join.sol', 'flip.t.sol', 'heal.t.sol', 'flap.sol', 'drip.sol', 'frob.t.sol', 'tune.sol']
2,['flop.sol', 'join.sol', 'flip.t.sol', 'heal.t.sol', 'flap.sol', 'drip.sol', 'frob.t.sol', 'bite.sol']
2,['flop.sol', 'join.sol', 'flip.t.sol', 'heal.t.sol', 'flap.sol', 'drip.sol', 'tune.sol', 'bite.sol']
3,['flop.sol', 'join.sol', 'flip.t.sol', 'heal.t.sol', 'flap.sol', 'frob.t.sol', 'tune.sol', 'bite.sol']
2,['flop.sol', 'join.sol', 'flip.t.sol', 'heal.t.sol', 'drip.sol', 'frob.t.sol', 'tune.sol', 'bite.sol']
2,['flop.sol', 'join.sol', 'flip.t.sol', 'flap.sol', 'drip.sol', 'frob.t.sol', 'tune.sol', 'bite.sol']
3,['flop.sol', 'join.sol', 'flop.t.sol', 'flap.t.sol', 'heal.sol', 'drip.t.sol', 'heal.t.sol', 'flap.sol']
3,['flop.sol', 'join.sol', 'flop.t.sol', 'flap.t.sol', 'heal.sol', 'drip.t.sol', 'heal.t.sol', 'drip.sol']
2,['flop.sol', 'join.sol', 'flop.t.sol', 'flap.t.sol', 'heal.sol', 'drip.t.sol', 'heal.t.sol', 'frob.t.sol']
2,['flop.sol', 'join.sol', 'flop.t.sol', 'flap.t.sol', 'heal.sol', 'drip.t.sol', 'heal.t.sol', 'tune.sol']
3,['flop.sol', 'join.sol', 'flop.t.sol', 'flap.t.sol', 'heal.sol', 'drip.t.sol', 'heal.t.sol', 'bite.sol']
3,['flop.sol', 'join.sol', 'flop.t.sol', 'flap.t.sol', 'heal.sol', 'drip.t.sol', 'flap.sol', 'drip.sol']
3,['flop.sol', 'join.sol', 'flop.t.sol', 'flap.t.sol', 'heal.sol', 'drip.t.sol', 'flap.sol', 'frob.t.sol']
2,['flop.sol', 'join.sol', 'flop.t.sol', 'flap.t.sol', 'heal.sol', 'drip.t.sol', 'flap.sol', 'tune.sol']
3,['flop.sol', 'join.sol', 'flop.t.sol', 'flap.t.sol', 'heal.sol', 'drip.t.sol', 'flap.sol', 'bite.sol']
4,['flop.sol', 'join.sol', 'flop.t.sol', 'flap.t.sol', 'heal.sol', 'drip.t.sol', 'drip.sol', 'frob.t.sol']
2,['flop.sol', 'join.sol', 'flop.t.sol', 'flap.t.sol', 'heal.sol', 'drip.t.sol', 'drip.sol', 'tune.sol']
2,['flop.sol', 'join.sol', 'flop.t.sol', 'flap.t.sol', 'heal.sol', 'drip.t.sol', 'drip.sol', 'bite.sol']
2,['flop.sol', 'join.sol', 'flop.t.sol', 'flap.t.sol', 'heal.sol', 'drip.t.sol', 'frob.t.sol', 'tune.sol']
3,['flop.sol', 'join.sol', 'flop.t.sol', 'flap.t.sol', 'heal.sol', 'drip.t.sol', 'frob.t.sol', 'bite.sol']
2,['flop.sol', 'join.sol', 'flop.t.sol', 'flap.t.sol', 'heal.sol', 'drip.t.sol', 'tune.sol', 'bite.sol']
3,['flop.sol', 'join.sol', 'flop.t.sol', 'flap.t.sol', 'heal.sol', 'heal.t.sol', 'flap.sol', 'drip.sol']
3,['flop.sol', 'join.sol', 'flop.t.sol', 'flap.t.sol', 'heal.sol', 'heal.t.sol', 'flap.sol', 'frob.t.sol']
3,['flop.sol', 'join.sol', 'flop.t.sol', 'flap.t.sol', 'heal.sol', 'heal.t.sol', 'flap.sol', 'tune.sol']
4,['flop.sol', 'join.sol', 'flop.t.sol', 'flap.t.sol', 'heal.sol', 'heal.t.sol', 'flap.sol', 'bite.sol']
2,['flop.sol', 'join.sol', 'flop.t.sol', 'flap.t.sol', 'heal.sol', 'heal.t.sol', 'drip.sol', 'frob.t.sol']
2,['flop.sol', 'join.sol', 'flop.t.sol', 'flap.t.sol', 'heal.sol', 'heal.t.sol', 'drip.sol', 'tune.sol']
3,['flop.sol', 'join.sol', 'flop.t.sol', 'flap.t.sol', 'heal.sol', 'heal.t.sol', 'drip.sol', 'bite.sol']
3,['flop.sol', 'join.sol', 'flop.t.sol', 'flap.t.sol', 'heal.sol', 'heal.t.sol', 'frob.t.sol', 'tune.sol']
3,['flop.sol', 'join.sol', 'flop.t.sol', 'flap.t.sol', 'heal.sol', 'heal.t.sol', 'frob.t.sol', 'bite.sol']
3,['flop.sol', 'join.sol', 'flop.t.sol', 'flap.t.sol', 'heal.sol', 'heal.t.sol', 'tune.sol', 'bite.sol']
3,['flop.sol', 'join.sol', 'flop.t.sol', 'flap.t.sol', 'heal.sol', 'flap.sol', 'drip.sol', 'frob.t.sol']
2,['flop.sol', 'join.sol', 'flop.t.sol', 'flap.t.sol', 'heal.sol', 'flap.sol', 'drip.sol', 'tune.sol']
3,['flop.sol', 'join.sol', 'flop.t.sol', 'flap.t.sol', 'heal.sol', 'flap.sol', 'drip.sol', 'bite.sol']
3,['flop.sol', 'join.sol', 'flop.t.sol', 'flap.t.sol', 'heal.sol', 'flap.sol', 'frob.t.sol', 'tune.sol']
4,['flop.sol', 'join.sol', 'flop.t.sol', 'flap.t.sol', 'heal.sol', 'flap.sol', 'frob.t.sol', 'bite.sol']
2,['flop.sol', 'join.sol', 'flop.t.sol', 'flap.t.sol', 'heal.sol', 'flap.sol', 'tune.sol', 'bite.sol']
2,['flop.sol', 'join.sol', 'flop.t.sol', 'flap.t.sol', 'heal.sol', 'drip.sol', 'frob.t.sol', 'tune.sol']
3,['flop.sol', 'join.sol', 'flop.t.sol', 'flap.t.sol', 'heal.sol', 'drip.sol', 'frob.t.sol', 'bite.sol']
2,['flop.sol', 'join.sol', 'flop.t.sol', 'flap.t.sol', 'heal.sol', 'drip.sol', 'tune.sol', 'bite.sol']
3,['flop.sol', 'join.sol', 'flop.t.sol', 'flap.t.sol', 'heal.sol', 'frob.t.sol', 'tune.sol', 'bite.sol']
3,['flop.sol', 'join.sol', 'flop.t.sol', 'flap.t.sol', 'drip.t.sol', 'heal.t.sol', 'flap.sol', 'drip.sol']
2,['flop.sol', 'join.sol', 'flop.t.sol', 'flap.t.sol', 'drip.t.sol', 'heal.t.sol', 'flap.sol', 'frob.t.sol']
2,['flop.sol', 'join.sol', 'flop.t.sol', 'flap.t.sol', 'drip.t.sol', 'heal.t.sol', 'flap.sol', 'tune.sol']
3,['flop.sol', 'join.sol', 'flop.t.sol', 'flap.t.sol', 'drip.t.sol', 'heal.t.sol', 'flap.sol', 'bite.sol']
2,['flop.sol', 'join.sol', 'flop.t.sol', 'flap.t.sol', 'drip.t.sol', 'heal.t.sol', 'drip.sol', 'frob.t.sol']
2,['flop.sol', 'join.sol', 'flop.t.sol', 'flap.t.sol', 'drip.t.sol', 'heal.t.sol', 'drip.sol', 'tune.sol']
3,['flop.sol', 'join.sol', 'flop.t.sol', 'flap.t.sol', 'drip.t.sol', 'heal.t.sol', 'drip.sol', 'bite.sol']
2,['flop.sol', 'join.sol', 'flop.t.sol', 'flap.t.sol', 'drip.t.sol', 'heal.t.sol', 'frob.t.sol', 'tune.sol']
2,['flop.sol', 'join.sol', 'flop.t.sol', 'flap.t.sol', 'drip.t.sol', 'heal.t.sol', 'frob.t.sol', 'bite.sol']
2,['flop.sol', 'join.sol', 'flop.t.sol', 'flap.t.sol', 'drip.t.sol', 'heal.t.sol', 'tune.sol', 'bite.sol']
3,['flop.sol', 'join.sol', 'flop.t.sol', 'flap.t.sol', 'drip.t.sol', 'flap.sol', 'drip.sol', 'frob.t.sol']
3,['flop.sol', 'join.sol', 'flop.t.sol', 'flap.t.sol', 'drip.t.sol', 'flap.sol', 'drip.sol', 'tune.sol']
3,['flop.sol', 'join.sol', 'flop.t.sol', 'flap.t.sol', 'drip.t.sol', 'flap.sol', 'drip.sol', 'bite.sol']
2,['flop.sol', 'join.sol', 'flop.t.sol', 'flap.t.sol', 'drip.t.sol', 'flap.sol', 'frob.t.sol', 'tune.sol']
3,['flop.sol', 'join.sol', 'flop.t.sol', 'flap.t.sol', 'drip.t.sol', 'flap.sol', 'frob.t.sol', 'bite.sol']
2,['flop.sol', 'join.sol', 'flop.t.sol', 'flap.t.sol', 'drip.t.sol', 'flap.sol', 'tune.sol', 'bite.sol']
2,['flop.sol', 'join.sol', 'flop.t.sol', 'flap.t.sol', 'drip.t.sol', 'drip.sol', 'frob.t.sol', 'tune.sol']
3,['flop.sol', 'join.sol', 'flop.t.sol', 'flap.t.sol', 'drip.t.sol', 'drip.sol', 'frob.t.sol', 'bite.sol']
3,['flop.sol', 'join.sol', 'flop.t.sol', 'flap.t.sol', 'drip.t.sol', 'drip.sol', 'tune.sol', 'bite.sol']
2,['flop.sol', 'join.sol', 'flop.t.sol', 'flap.t.sol', 'drip.t.sol', 'frob.t.sol', 'tune.sol', 'bite.sol']
2,['flop.sol', 'join.sol', 'flop.t.sol', 'flap.t.sol', 'heal.t.sol', 'flap.sol', 'drip.sol', 'frob.t.sol']
2,['flop.sol', 'join.sol', 'flop.t.sol', 'flap.t.sol', 'heal.t.sol', 'flap.sol', 'drip.sol', 'tune.sol']
3,['flop.sol', 'join.sol', 'flop.t.sol', 'flap.t.sol', 'heal.t.sol', 'flap.sol', 'drip.sol', 'bite.sol']
3,['flop.sol', 'join.sol', 'flop.t.sol', 'flap.t.sol', 'heal.t.sol', 'flap.sol', 'frob.t.sol', 'tune.sol']
3,['flop.sol', 'join.sol', 'flop.t.sol', 'flap.t.sol', 'heal.t.sol', 'flap.sol', 'frob.t.sol', 'bite.sol']
3,['flop.sol', 'join.sol', 'flop.t.sol', 'flap.t.sol', 'heal.t.sol', 'flap.sol', 'tune.sol', 'bite.sol']
2,['flop.sol', 'join.sol', 'flop.t.sol', 'flap.t.sol', 'heal.t.sol', 'drip.sol', 'frob.t.sol', 'tune.sol']
2,['flop.sol', 'join.sol', 'flop.t.sol', 'flap.t.sol', 'heal.t.sol', 'drip.sol', 'frob.t.sol', 'bite.sol']
2,['flop.sol', 'join.sol', 'flop.t.sol', 'flap.t.sol', 'heal.t.sol', 'drip.sol', 'tune.sol', 'bite.sol']
3,['flop.sol', 'join.sol', 'flop.t.sol', 'flap.t.sol', 'heal.t.sol', 'frob.t.sol', 'tune.sol', 'bite.sol']
2,['flop.sol', 'join.sol', 'flop.t.sol', 'flap.t.sol', 'flap.sol', 'drip.sol', 'frob.t.sol', 'tune.sol']
3,['flop.sol', 'join.sol', 'flop.t.sol', 'flap.t.sol', 'flap.sol', 'drip.sol', 'frob.t.sol', 'bite.sol']
2,['flop.sol', 'join.sol', 'flop.t.sol', 'flap.t.sol', 'flap.sol', 'drip.sol', 'tune.sol', 'bite.sol']
3,['flop.sol', 'join.sol', 'flop.t.sol', 'flap.t.sol', 'flap.sol', 'frob.t.sol', 'tune.sol', 'bite.sol']
2,['flop.sol', 'join.sol', 'flop.t.sol', 'flap.t.sol', 'drip.sol', 'frob.t.sol', 'tune.sol', 'bite.sol']
4,['flop.sol', 'join.sol', 'flop.t.sol', 'heal.sol', 'drip.t.sol', 'heal.t.sol', 'flap.sol', 'drip.sol']
2,['flop.sol', 'join.sol', 'flop.t.sol', 'heal.sol', 'drip.t.sol', 'heal.t.sol', 'flap.sol', 'frob.t.sol']
2,['flop.sol', 'join.sol', 'flop.t.sol', 'heal.sol', 'drip.t.sol', 'heal.t.sol', 'flap.sol', 'tune.sol']
4,['flop.sol', 'join.sol', 'flop.t.sol', 'heal.sol', 'drip.t.sol', 'heal.t.sol', 'flap.sol', 'bite.sol']
3,['flop.sol', 'join.sol', 'flop.t.sol', 'heal.sol', 'drip.t.sol', 'heal.t.sol', 'drip.sol', 'frob.t.sol']
2,['flop.sol', 'join.sol', 'flop.t.sol', 'heal.sol', 'drip.t.sol', 'heal.t.sol', 'drip.sol', 'tune.sol']
3,['flop.sol', 'join.sol', 'flop.t.sol', 'heal.sol', 'drip.t.sol', 'heal.t.sol', 'drip.sol', 'bite.sol']
2,['flop.sol', 'join.sol', 'flop.t.sol', 'heal.sol', 'drip.t.sol', 'heal.t.sol', 'frob.t.sol', 'tune.sol']
2,['flop.sol', 'join.sol', 'flop.t.sol', 'heal.sol', 'drip.t.sol', 'heal.t.sol', 'frob.t.sol', 'bite.sol']
2,['flop.sol', 'join.sol', 'flop.t.sol', 'heal.sol', 'drip.t.sol', 'heal.t.sol', 'tune.sol', 'bite.sol']
3,['flop.sol', 'join.sol', 'flop.t.sol', 'heal.sol', 'drip.t.sol', 'flap.sol', 'drip.sol', 'frob.t.sol']
2,['flop.sol', 'join.sol', 'flop.t.sol', 'heal.sol', 'drip.t.sol', 'flap.sol', 'drip.sol', 'tune.sol']
2,['flop.sol', 'join.sol', 'flop.t.sol', 'heal.sol', 'drip.t.sol', 'flap.sol', 'drip.sol', 'bite.sol']
3,['flop.sol', 'join.sol', 'flop.t.sol', 'heal.sol', 'drip.t.sol', 'flap.sol', 'frob.t.sol', 'tune.sol']
2,['flop.sol', 'join.sol', 'flop.t.sol', 'heal.sol', 'drip.t.sol', 'flap.sol', 'frob.t.sol', 'bite.sol']
1,['flop.sol', 'join.sol', 'flop.t.sol', 'heal.sol', 'drip.t.sol', 'flap.sol', 'tune.sol', 'bite.sol']
5,['flop.sol', 'join.sol', 'flop.t.sol', 'heal.sol', 'drip.t.sol', 'drip.sol', 'frob.t.sol', 'tune.sol']
3,['flop.sol', 'join.sol', 'flop.t.sol', 'heal.sol', 'drip.t.sol', 'drip.sol', 'frob.t.sol', 'bite.sol']
2,['flop.sol', 'join.sol', 'flop.t.sol', 'heal.sol', 'drip.t.sol', 'drip.sol', 'tune.sol', 'bite.sol']
2,['flop.sol', 'join.sol', 'flop.t.sol', 'heal.sol', 'drip.t.sol', 'frob.t.sol', 'tune.sol', 'bite.sol']
2,['flop.sol', 'join.sol', 'flop.t.sol', 'heal.sol', 'heal.t.sol', 'flap.sol', 'drip.sol', 'frob.t.sol']
2,['flop.sol', 'join.sol', 'flop.t.sol', 'heal.sol', 'heal.t.sol', 'flap.sol', 'drip.sol', 'tune.sol']
4,['flop.sol', 'join.sol', 'flop.t.sol', 'heal.sol', 'heal.t.sol', 'flap.sol', 'drip.sol', 'bite.sol']
3,['flop.sol', 'join.sol', 'flop.t.sol', 'heal.sol', 'heal.t.sol', 'flap.sol', 'frob.t.sol', 'tune.sol']
3,['flop.sol', 'join.sol', 'flop.t.sol', 'heal.sol', 'heal.t.sol', 'flap.sol', 'frob.t.sol', 'bite.sol']
3,['flop.sol', 'join.sol', 'flop.t.sol', 'heal.sol', 'heal.t.sol', 'flap.sol', 'tune.sol', 'bite.sol']
2,['flop.sol', 'join.sol', 'flop.t.sol', 'heal.sol', 'heal.t.sol', 'drip.sol', 'frob.t.sol', 'tune.sol']
2,['flop.sol', 'join.sol', 'flop.t.sol', 'heal.sol', 'heal.t.sol', 'drip.sol', 'frob.t.sol', 'bite.sol']
2,['flop.sol', 'join.sol', 'flop.t.sol', 'heal.sol', 'heal.t.sol', 'drip.sol', 'tune.sol', 'bite.sol']
3,['flop.sol', 'join.sol', 'flop.t.sol', 'heal.sol', 'heal.t.sol', 'frob.t.sol', 'tune.sol', 'bite.sol']
3,['flop.sol', 'join.sol', 'flop.t.sol', 'heal.sol', 'flap.sol', 'drip.sol', 'frob.t.sol', 'tune.sol']
2,['flop.sol', 'join.sol', 'flop.t.sol', 'heal.sol', 'flap.sol', 'drip.sol', 'frob.t.sol', 'bite.sol']
2,['flop.sol', 'join.sol', 'flop.t.sol', 'heal.sol', 'flap.sol', 'drip.sol', 'tune.sol', 'bite.sol']
3,['flop.sol', 'join.sol', 'flop.t.sol', 'heal.sol', 'flap.sol', 'frob.t.sol', 'tune.sol', 'bite.sol']
3,['flop.sol', 'join.sol', 'flop.t.sol', 'heal.sol', 'drip.sol', 'frob.t.sol', 'tune.sol', 'bite.sol']
2,['flop.sol', 'join.sol', 'flop.t.sol', 'drip.t.sol', 'heal.t.sol', 'flap.sol', 'drip.sol', 'frob.t.sol']
2,['flop.sol', 'join.sol', 'flop.t.sol', 'drip.t.sol', 'heal.t.sol', 'flap.sol', 'drip.sol', 'tune.sol']
3,['flop.sol', 'join.sol', 'flop.t.sol', 'drip.t.sol', 'heal.t.sol', 'flap.sol', 'drip.sol', 'bite.sol']
2,['flop.sol', 'join.sol', 'flop.t.sol', 'drip.t.sol', 'heal.t.sol', 'flap.sol', 'frob.t.sol', 'tune.sol']
2,['flop.sol', 'join.sol', 'flop.t.sol', 'drip.t.sol', 'heal.t.sol', 'flap.sol', 'frob.t.sol', 'bite.sol']
2,['flop.sol', 'join.sol', 'flop.t.sol', 'drip.t.sol', 'heal.t.sol', 'flap.sol', 'tune.sol', 'bite.sol']
2,['flop.sol', 'join.sol', 'flop.t.sol', 'drip.t.sol', 'heal.t.sol', 'drip.sol', 'frob.t.sol', 'tune.sol']
3,['flop.sol', 'join.sol', 'flop.t.sol', 'drip.t.sol', 'heal.t.sol', 'drip.sol', 'frob.t.sol', 'bite.sol']
2,['flop.sol', 'join.sol', 'flop.t.sol', 'drip.t.sol', 'heal.t.sol', 'drip.sol', 'tune.sol', 'bite.sol']
2,['flop.sol', 'join.sol', 'flop.t.sol', 'drip.t.sol', 'heal.t.sol', 'frob.t.sol', 'tune.sol', 'bite.sol']
3,['flop.sol', 'join.sol', 'flop.t.sol', 'drip.t.sol', 'flap.sol', 'drip.sol', 'frob.t.sol', 'tune.sol']
2,['flop.sol', 'join.sol', 'flop.t.sol', 'drip.t.sol', 'flap.sol', 'drip.sol', 'frob.t.sol', 'bite.sol']
3,['flop.sol', 'join.sol', 'flop.t.sol', 'drip.t.sol', 'flap.sol', 'drip.sol', 'tune.sol', 'bite.sol']
2,['flop.sol', 'join.sol', 'flop.t.sol', 'drip.t.sol', 'flap.sol', 'frob.t.sol', 'tune.sol', 'bite.sol']
2,['flop.sol', 'join.sol', 'flop.t.sol', 'drip.t.sol', 'drip.sol', 'frob.t.sol', 'tune.sol', 'bite.sol']
2,['flop.sol', 'join.sol', 'flop.t.sol', 'heal.t.sol', 'flap.sol', 'drip.sol', 'frob.t.sol', 'tune.sol']
2,['flop.sol', 'join.sol', 'flop.t.sol', 'heal.t.sol', 'flap.sol', 'drip.sol', 'frob.t.sol', 'bite.sol']
2,['flop.sol', 'join.sol', 'flop.t.sol', 'heal.t.sol', 'flap.sol', 'drip.sol', 'tune.sol', 'bite.sol']
3,['flop.sol', 'join.sol', 'flop.t.sol', 'heal.t.sol', 'flap.sol', 'frob.t.sol', 'tune.sol', 'bite.sol']
2,['flop.sol', 'join.sol', 'flop.t.sol', 'heal.t.sol', 'drip.sol', 'frob.t.sol', 'tune.sol', 'bite.sol']
3,['flop.sol', 'join.sol', 'flop.t.sol', 'flap.sol', 'drip.sol', 'frob.t.sol', 'tune.sol', 'bite.sol']
4,['flop.sol', 'join.sol', 'flap.t.sol', 'heal.sol', 'drip.t.sol', 'heal.t.sol', 'flap.sol', 'drip.sol']
2,['flop.sol', 'join.sol', 'flap.t.sol', 'heal.sol', 'drip.t.sol', 'heal.t.sol', 'flap.sol', 'frob.t.sol']
2,['flop.sol', 'join.sol', 'flap.t.sol', 'heal.sol', 'drip.t.sol', 'heal.t.sol', 'flap.sol', 'tune.sol']
4,['flop.sol', 'join.sol', 'flap.t.sol', 'heal.sol', 'drip.t.sol', 'heal.t.sol', 'flap.sol', 'bite.sol']
3,['flop.sol', 'join.sol', 'flap.t.sol', 'heal.sol', 'drip.t.sol', 'heal.t.sol', 'drip.sol', 'frob.t.sol']
2,['flop.sol', 'join.sol', 'flap.t.sol', 'heal.sol', 'drip.t.sol', 'heal.t.sol', 'drip.sol', 'tune.sol']
3,['flop.sol', 'join.sol', 'flap.t.sol', 'heal.sol', 'drip.t.sol', 'heal.t.sol', 'drip.sol', 'bite.sol']
2,['flop.sol', 'join.sol', 'flap.t.sol', 'heal.sol', 'drip.t.sol', 'heal.t.sol', 'frob.t.sol', 'tune.sol']
2,['flop.sol', 'join.sol', 'flap.t.sol', 'heal.sol', 'drip.t.sol', 'heal.t.sol', 'frob.t.sol', 'bite.sol']
2,['flop.sol', 'join.sol', 'flap.t.sol', 'heal.sol', 'drip.t.sol', 'heal.t.sol', 'tune.sol', 'bite.sol']
3,['flop.sol', 'join.sol', 'flap.t.sol', 'heal.sol', 'drip.t.sol', 'flap.sol', 'drip.sol', 'frob.t.sol']
2,['flop.sol', 'join.sol', 'flap.t.sol', 'heal.sol', 'drip.t.sol', 'flap.sol', 'drip.sol', 'tune.sol']
2,['flop.sol', 'join.sol', 'flap.t.sol', 'heal.sol', 'drip.t.sol', 'flap.sol', 'drip.sol', 'bite.sol']
3,['flop.sol', 'join.sol', 'flap.t.sol', 'heal.sol', 'drip.t.sol', 'flap.sol', 'frob.t.sol', 'tune.sol']
2,['flop.sol', 'join.sol', 'flap.t.sol', 'heal.sol', 'drip.t.sol', 'flap.sol', 'frob.t.sol', 'bite.sol']
1,['flop.sol', 'join.sol', 'flap.t.sol', 'heal.sol', 'drip.t.sol', 'flap.sol', 'tune.sol', 'bite.sol']
5,['flop.sol', 'join.sol', 'flap.t.sol', 'heal.sol', 'drip.t.sol', 'drip.sol', 'frob.t.sol', 'tune.sol']
3,['flop.sol', 'join.sol', 'flap.t.sol', 'heal.sol', 'drip.t.sol', 'drip.sol', 'frob.t.sol', 'bite.sol']
2,['flop.sol', 'join.sol', 'flap.t.sol', 'heal.sol', 'drip.t.sol', 'drip.sol', 'tune.sol', 'bite.sol']
2,['flop.sol', 'join.sol', 'flap.t.sol', 'heal.sol', 'drip.t.sol', 'frob.t.sol', 'tune.sol', 'bite.sol']
2,['flop.sol', 'join.sol', 'flap.t.sol', 'heal.sol', 'heal.t.sol', 'flap.sol', 'drip.sol', 'frob.t.sol']
2,['flop.sol', 'join.sol', 'flap.t.sol', 'heal.sol', 'heal.t.sol', 'flap.sol', 'drip.sol', 'tune.sol']
4,['flop.sol', 'join.sol', 'flap.t.sol', 'heal.sol', 'heal.t.sol', 'flap.sol', 'drip.sol', 'bite.sol']
3,['flop.sol', 'join.sol', 'flap.t.sol', 'heal.sol', 'heal.t.sol', 'flap.sol', 'frob.t.sol', 'tune.sol']
3,['flop.sol', 'join.sol', 'flap.t.sol', 'heal.sol', 'heal.t.sol', 'flap.sol', 'frob.t.sol', 'bite.sol']
3,['flop.sol', 'join.sol', 'flap.t.sol', 'heal.sol', 'heal.t.sol', 'flap.sol', 'tune.sol', 'bite.sol']
2,['flop.sol', 'join.sol', 'flap.t.sol', 'heal.sol', 'heal.t.sol', 'drip.sol', 'frob.t.sol', 'tune.sol']
2,['flop.sol', 'join.sol', 'flap.t.sol', 'heal.sol', 'heal.t.sol', 'drip.sol', 'frob.t.sol', 'bite.sol']
2,['flop.sol', 'join.sol', 'flap.t.sol', 'heal.sol', 'heal.t.sol', 'drip.sol', 'tune.sol', 'bite.sol']
3,['flop.sol', 'join.sol', 'flap.t.sol', 'heal.sol', 'heal.t.sol', 'frob.t.sol', 'tune.sol', 'bite.sol']
3,['flop.sol', 'join.sol', 'flap.t.sol', 'heal.sol', 'flap.sol', 'drip.sol', 'frob.t.sol', 'tune.sol']
2,['flop.sol', 'join.sol', 'flap.t.sol', 'heal.sol', 'flap.sol', 'drip.sol', 'frob.t.sol', 'bite.sol']
2,['flop.sol', 'join.sol', 'flap.t.sol', 'heal.sol', 'flap.sol', 'drip.sol', 'tune.sol', 'bite.sol']
3,['flop.sol', 'join.sol', 'flap.t.sol', 'heal.sol', 'flap.sol', 'frob.t.sol', 'tune.sol', 'bite.sol']
3,['flop.sol', 'join.sol', 'flap.t.sol', 'heal.sol', 'drip.sol', 'frob.t.sol', 'tune.sol', 'bite.sol']
2,['flop.sol', 'join.sol', 'flap.t.sol', 'drip.t.sol', 'heal.t.sol', 'flap.sol', 'drip.sol', 'frob.t.sol']
2,['flop.sol', 'join.sol', 'flap.t.sol', 'drip.t.sol', 'heal.t.sol', 'flap.sol', 'drip.sol', 'tune.sol']
3,['flop.sol', 'join.sol', 'flap.t.sol', 'drip.t.sol', 'heal.t.sol', 'flap.sol', 'drip.sol', 'bite.sol']
2,['flop.sol', 'join.sol', 'flap.t.sol', 'drip.t.sol', 'heal.t.sol', 'flap.sol', 'frob.t.sol', 'tune.sol']
2,['flop.sol', 'join.sol', 'flap.t.sol', 'drip.t.sol', 'heal.t.sol', 'flap.sol', 'frob.t.sol', 'bite.sol']
2,['flop.sol', 'join.sol', 'flap.t.sol', 'drip.t.sol', 'heal.t.sol', 'flap.sol', 'tune.sol', 'bite.sol']
2,['flop.sol', 'join.sol', 'flap.t.sol', 'drip.t.sol', 'heal.t.sol', 'drip.sol', 'frob.t.sol', 'tune.sol']
2,['flop.sol', 'join.sol', 'flap.t.sol', 'drip.t.sol', 'heal.t.sol', 'drip.sol', 'frob.t.sol', 'bite.sol']
2,['flop.sol', 'join.sol', 'flap.t.sol', 'drip.t.sol', 'heal.t.sol', 'drip.sol', 'tune.sol', 'bite.sol']
2,['flop.sol', 'join.sol', 'flap.t.sol', 'drip.t.sol', 'heal.t.sol', 'frob.t.sol', 'tune.sol', 'bite.sol']
3,['flop.sol', 'join.sol', 'flap.t.sol', 'drip.t.sol', 'flap.sol', 'drip.sol', 'frob.t.sol', 'tune.sol']
2,['flop.sol', 'join.sol', 'flap.t.sol', 'drip.t.sol', 'flap.sol', 'drip.sol', 'frob.t.sol', 'bite.sol']
2,['flop.sol', 'join.sol', 'flap.t.sol', 'drip.t.sol', 'flap.sol', 'drip.sol', 'tune.sol', 'bite.sol']
2,['flop.sol', 'join.sol', 'flap.t.sol', 'drip.t.sol', 'flap.sol', 'frob.t.sol', 'tune.sol', 'bite.sol']
2,['flop.sol', 'join.sol', 'flap.t.sol', 'drip.t.sol', 'drip.sol', 'frob.t.sol', 'tune.sol', 'bite.sol']
2,['flop.sol', 'join.sol', 'flap.t.sol', 'heal.t.sol', 'flap.sol', 'drip.sol', 'frob.t.sol', 'tune.sol']
2,['flop.sol', 'join.sol', 'flap.t.sol', 'heal.t.sol', 'flap.sol', 'drip.sol', 'frob.t.sol', 'bite.sol']
2,['flop.sol', 'join.sol', 'flap.t.sol', 'heal.t.sol', 'flap.sol', 'drip.sol', 'tune.sol', 'bite.sol']
3,['flop.sol', 'join.sol', 'flap.t.sol', 'heal.t.sol', 'flap.sol', 'frob.t.sol', 'tune.sol', 'bite.sol']
2,['flop.sol', 'join.sol', 'flap.t.sol', 'heal.t.sol', 'drip.sol', 'frob.t.sol', 'tune.sol', 'bite.sol']
3,['flop.sol', 'join.sol', 'flap.t.sol', 'flap.sol', 'drip.sol', 'frob.t.sol', 'tune.sol', 'bite.sol']
4,['flop.sol', 'join.sol', 'heal.sol', 'drip.t.sol', 'heal.t.sol', 'flap.sol', 'drip.sol', 'frob.t.sol']
3,['flop.sol', 'join.sol', 'heal.sol', 'drip.t.sol', 'heal.t.sol', 'flap.sol', 'drip.sol', 'tune.sol']
2,['flop.sol', 'join.sol', 'heal.sol', 'drip.t.sol', 'heal.t.sol', 'flap.sol', 'drip.sol', 'bite.sol']
3,['flop.sol', 'join.sol', 'heal.sol', 'drip.t.sol', 'heal.t.sol', 'flap.sol', 'frob.t.sol', 'tune.sol']
4,['flop.sol', 'join.sol', 'heal.sol', 'drip.t.sol', 'heal.t.sol', 'flap.sol', 'frob.t.sol', 'bite.sol']
2,['flop.sol', 'join.sol', 'heal.sol', 'drip.t.sol', 'heal.t.sol', 'flap.sol', 'tune.sol', 'bite.sol']
4,['flop.sol', 'join.sol', 'heal.sol', 'drip.t.sol', 'heal.t.sol', 'drip.sol', 'frob.t.sol', 'tune.sol']
4,['flop.sol', 'join.sol', 'heal.sol', 'drip.t.sol', 'heal.t.sol', 'drip.sol', 'frob.t.sol', 'bite.sol']
3,['flop.sol', 'join.sol', 'heal.sol', 'drip.t.sol', 'heal.t.sol', 'drip.sol', 'tune.sol', 'bite.sol']
1,['flop.sol', 'join.sol', 'heal.sol', 'drip.t.sol', 'heal.t.sol', 'frob.t.sol', 'tune.sol', 'bite.sol']
2,['flop.sol', 'join.sol', 'heal.sol', 'drip.t.sol', 'flap.sol', 'drip.sol', 'frob.t.sol', 'tune.sol']
3,['flop.sol', 'join.sol', 'heal.sol', 'drip.t.sol', 'flap.sol', 'drip.sol', 'frob.t.sol', 'bite.sol']
2,['flop.sol', 'join.sol', 'heal.sol', 'drip.t.sol', 'flap.sol', 'drip.sol', 'tune.sol', 'bite.sol']
1,['flop.sol', 'join.sol', 'heal.sol', 'drip.t.sol', 'flap.sol', 'frob.t.sol', 'tune.sol', 'bite.sol']
2,['flop.sol', 'join.sol', 'heal.sol', 'drip.t.sol', 'drip.sol', 'frob.t.sol', 'tune.sol', 'bite.sol']
2,['flop.sol', 'join.sol', 'heal.sol', 'heal.t.sol', 'flap.sol', 'drip.sol', 'frob.t.sol', 'tune.sol']
3,['flop.sol', 'join.sol', 'heal.sol', 'heal.t.sol', 'flap.sol', 'drip.sol', 'frob.t.sol', 'bite.sol']
3,['flop.sol', 'join.sol', 'heal.sol', 'heal.t.sol', 'flap.sol', 'drip.sol', 'tune.sol', 'bite.sol']
3,['flop.sol', 'join.sol', 'heal.sol', 'heal.t.sol', 'flap.sol', 'frob.t.sol', 'tune.sol', 'bite.sol']
2,['flop.sol', 'join.sol', 'heal.sol', 'heal.t.sol', 'drip.sol', 'frob.t.sol', 'tune.sol', 'bite.sol']
2,['flop.sol', 'join.sol', 'heal.sol', 'flap.sol', 'drip.sol', 'frob.t.sol', 'tune.sol', 'bite.sol']
3,['flop.sol', 'join.sol', 'drip.t.sol', 'heal.t.sol', 'flap.sol', 'drip.sol', 'frob.t.sol', 'tune.sol']
4,['flop.sol', 'join.sol', 'drip.t.sol', 'heal.t.sol', 'flap.sol', 'drip.sol', 'frob.t.sol', 'bite.sol']
3,['flop.sol', 'join.sol', 'drip.t.sol', 'heal.t.sol', 'flap.sol', 'drip.sol', 'tune.sol', 'bite.sol']
1,['flop.sol', 'join.sol', 'drip.t.sol', 'heal.t.sol', 'flap.sol', 'frob.t.sol', 'tune.sol', 'bite.sol']
2,['flop.sol', 'join.sol', 'drip.t.sol', 'heal.t.sol', 'drip.sol', 'frob.t.sol', 'tune.sol', 'bite.sol']
2,['flop.sol', 'join.sol', 'drip.t.sol', 'flap.sol', 'drip.sol', 'frob.t.sol', 'tune.sol', 'bite.sol']
2,['flop.sol', 'join.sol', 'heal.t.sol', 'flap.sol', 'drip.sol', 'frob.t.sol', 'tune.sol', 'bite.sol']
4,['flop.sol', 'flip.sol', 'transferFrom.sol', 'frob.sol', 'flip.t.sol', 'flop.t.sol', 'flap.t.sol', 'heal.sol']
4,['flop.sol', 'flip.sol', 'transferFrom.sol', 'frob.sol', 'flip.t.sol', 'flop.t.sol', 'flap.t.sol', 'drip.t.sol']
4,['flop.sol', 'flip.sol', 'transferFrom.sol', 'frob.sol', 'flip.t.sol', 'flop.t.sol', 'flap.t.sol', 'heal.t.sol']
4,['flop.sol', 'flip.sol', 'transferFrom.sol', 'frob.sol', 'flip.t.sol', 'flop.t.sol', 'flap.t.sol', 'flap.sol']
4,['flop.sol', 'flip.sol', 'transferFrom.sol', 'frob.sol', 'flip.t.sol', 'flop.t.sol', 'flap.t.sol', 'drip.sol']
4,['flop.sol', 'flip.sol', 'transferFrom.sol', 'frob.sol', 'flip.t.sol', 'flop.t.sol', 'flap.t.sol', 'frob.t.sol']
4,['flop.sol', 'flip.sol', 'transferFrom.sol', 'frob.sol', 'flip.t.sol', 'flop.t.sol', 'flap.t.sol', 'tune.sol']
3,['flop.sol', 'flip.sol', 'transferFrom.sol', 'frob.sol', 'flip.t.sol', 'flop.t.sol', 'flap.t.sol', 'bite.sol']
2,['flop.sol', 'flip.sol', 'transferFrom.sol', 'frob.sol', 'flip.t.sol', 'flop.t.sol', 'heal.sol', 'drip.t.sol']
4,['flop.sol', 'flip.sol', 'transferFrom.sol', 'frob.sol', 'flip.t.sol', 'flop.t.sol', 'heal.sol', 'heal.t.sol']
4,['flop.sol', 'flip.sol', 'transferFrom.sol', 'frob.sol', 'flip.t.sol', 'flop.t.sol', 'heal.sol', 'flap.sol']
3,['flop.sol', 'flip.sol', 'transferFrom.sol', 'frob.sol', 'flip.t.sol', 'flop.t.sol', 'heal.sol', 'drip.sol']
3,['flop.sol', 'flip.sol', 'transferFrom.sol', 'frob.sol', 'flip.t.sol', 'flop.t.sol', 'heal.sol', 'frob.t.sol']
2,['flop.sol', 'flip.sol', 'transferFrom.sol', 'frob.sol', 'flip.t.sol', 'flop.t.sol', 'heal.sol', 'tune.sol']
2,['flop.sol', 'flip.sol', 'transferFrom.sol', 'frob.sol', 'flip.t.sol', 'flop.t.sol', 'heal.sol', 'bite.sol']
3,['flop.sol', 'flip.sol', 'transferFrom.sol', 'frob.sol', 'flip.t.sol', 'flop.t.sol', 'drip.t.sol', 'heal.t.sol']
3,['flop.sol', 'flip.sol', 'transferFrom.sol', 'frob.sol', 'flip.t.sol', 'flop.t.sol', 'drip.t.sol', 'flap.sol']
3,['flop.sol', 'flip.sol', 'transferFrom.sol', 'frob.sol', 'flip.t.sol', 'flop.t.sol', 'drip.t.sol', 'drip.sol']
2,['flop.sol', 'flip.sol', 'transferFrom.sol', 'frob.sol', 'flip.t.sol', 'flop.t.sol', 'drip.t.sol', 'frob.t.sol']
2,['flop.sol', 'flip.sol', 'transferFrom.sol', 'frob.sol', 'flip.t.sol', 'flop.t.sol', 'drip.t.sol', 'tune.sol']
2,['flop.sol', 'flip.sol', 'transferFrom.sol', 'frob.sol', 'flip.t.sol', 'flop.t.sol', 'drip.t.sol', 'bite.sol']
5,['flop.sol', 'flip.sol', 'transferFrom.sol', 'frob.sol', 'flip.t.sol', 'flop.t.sol', 'heal.t.sol', 'flap.sol']
3,['flop.sol', 'flip.sol', 'transferFrom.sol', 'frob.sol', 'flip.t.sol', 'flop.t.sol', 'heal.t.sol', 'drip.sol']
3,['flop.sol', 'flip.sol', 'transferFrom.sol', 'frob.sol', 'flip.t.sol', 'flop.t.sol', 'heal.t.sol', 'frob.t.sol']
3,['flop.sol', 'flip.sol', 'transferFrom.sol', 'frob.sol', 'flip.t.sol', 'flop.t.sol', 'heal.t.sol', 'tune.sol']
4,['flop.sol', 'flip.sol', 'transferFrom.sol', 'frob.sol', 'flip.t.sol', 'flop.t.sol', 'heal.t.sol', 'bite.sol']
4,['flop.sol', 'flip.sol', 'transferFrom.sol', 'frob.sol', 'flip.t.sol', 'flop.t.sol', 'flap.sol', 'drip.sol']
4,['flop.sol', 'flip.sol', 'transferFrom.sol', 'frob.sol', 'flip.t.sol', 'flop.t.sol', 'flap.sol', 'frob.t.sol']
2,['flop.sol', 'flip.sol', 'transferFrom.sol', 'frob.sol', 'flip.t.sol', 'flop.t.sol', 'flap.sol', 'tune.sol']
3,['flop.sol', 'flip.sol', 'transferFrom.sol', 'frob.sol', 'flip.t.sol', 'flop.t.sol', 'flap.sol', 'bite.sol']
2,['flop.sol', 'flip.sol', 'transferFrom.sol', 'frob.sol', 'flip.t.sol', 'flop.t.sol', 'drip.sol', 'frob.t.sol']
2,['flop.sol', 'flip.sol', 'transferFrom.sol', 'frob.sol', 'flip.t.sol', 'flop.t.sol', 'drip.sol', 'tune.sol']
3,['flop.sol', 'flip.sol', 'transferFrom.sol', 'frob.sol', 'flip.t.sol', 'flop.t.sol', 'drip.sol', 'bite.sol']
4,['flop.sol', 'flip.sol', 'transferFrom.sol', 'frob.sol', 'flip.t.sol', 'flop.t.sol', 'frob.t.sol', 'tune.sol']
3,['flop.sol', 'flip.sol', 'transferFrom.sol', 'frob.sol', 'flip.t.sol', 'flop.t.sol', 'frob.t.sol', 'bite.sol']
2,['flop.sol', 'flip.sol', 'transferFrom.sol', 'frob.sol', 'flip.t.sol', 'flop.t.sol', 'tune.sol', 'bite.sol']
2,['flop.sol', 'flip.sol', 'transferFrom.sol', 'frob.sol', 'flip.t.sol', 'flap.t.sol', 'heal.sol', 'drip.t.sol']
4,['flop.sol', 'flip.sol', 'transferFrom.sol', 'frob.sol', 'flip.t.sol', 'flap.t.sol', 'heal.sol', 'heal.t.sol']
4,['flop.sol', 'flip.sol', 'transferFrom.sol', 'frob.sol', 'flip.t.sol', 'flap.t.sol', 'heal.sol', 'flap.sol']
4,['flop.sol', 'flip.sol', 'transferFrom.sol', 'frob.sol', 'flip.t.sol', 'flap.t.sol', 'heal.sol', 'drip.sol']
3,['flop.sol', 'flip.sol', 'transferFrom.sol', 'frob.sol', 'flip.t.sol', 'flap.t.sol', 'heal.sol', 'frob.t.sol']
2,['flop.sol', 'flip.sol', 'transferFrom.sol', 'frob.sol', 'flip.t.sol', 'flap.t.sol', 'heal.sol', 'tune.sol']
2,['flop.sol', 'flip.sol', 'transferFrom.sol', 'frob.sol', 'flip.t.sol', 'flap.t.sol', 'heal.sol', 'bite.sol']
3,['flop.sol', 'flip.sol', 'transferFrom.sol', 'frob.sol', 'flip.t.sol', 'flap.t.sol', 'drip.t.sol', 'heal.t.sol']
3,['flop.sol', 'flip.sol', 'transferFrom.sol', 'frob.sol', 'flip.t.sol', 'flap.t.sol', 'drip.t.sol', 'flap.sol']
3,['flop.sol', 'flip.sol', 'transferFrom.sol', 'frob.sol', 'flip.t.sol', 'flap.t.sol', 'drip.t.sol', 'drip.sol']
2,['flop.sol', 'flip.sol', 'transferFrom.sol', 'frob.sol', 'flip.t.sol', 'flap.t.sol', 'drip.t.sol', 'frob.t.sol']
2,['flop.sol', 'flip.sol', 'transferFrom.sol', 'frob.sol', 'flip.t.sol', 'flap.t.sol', 'drip.t.sol', 'tune.sol']
2,['flop.sol', 'flip.sol', 'transferFrom.sol', 'frob.sol', 'flip.t.sol', 'flap.t.sol', 'drip.t.sol', 'bite.sol']
5,['flop.sol', 'flip.sol', 'transferFrom.sol', 'frob.sol', 'flip.t.sol', 'flap.t.sol', 'heal.t.sol', 'flap.sol']
3,['flop.sol', 'flip.sol', 'transferFrom.sol', 'frob.sol', 'flip.t.sol', 'flap.t.sol', 'heal.t.sol', 'drip.sol']
3,['flop.sol', 'flip.sol', 'transferFrom.sol', 'frob.sol', 'flip.t.sol', 'flap.t.sol', 'heal.t.sol', 'frob.t.sol']
3,['flop.sol', 'flip.sol', 'transferFrom.sol', 'frob.sol', 'flip.t.sol', 'flap.t.sol', 'heal.t.sol', 'tune.sol']
4,['flop.sol', 'flip.sol', 'transferFrom.sol', 'frob.sol', 'flip.t.sol', 'flap.t.sol', 'heal.t.sol', 'bite.sol']
4,['flop.sol', 'flip.sol', 'transferFrom.sol', 'frob.sol', 'flip.t.sol', 'flap.t.sol', 'flap.sol', 'drip.sol']
4,['flop.sol', 'flip.sol', 'transferFrom.sol', 'frob.sol', 'flip.t.sol', 'flap.t.sol', 'flap.sol', 'frob.t.sol']
2,['flop.sol', 'flip.sol', 'transferFrom.sol', 'frob.sol', 'flip.t.sol', 'flap.t.sol', 'flap.sol', 'tune.sol']
3,['flop.sol', 'flip.sol', 'transferFrom.sol', 'frob.sol', 'flip.t.sol', 'flap.t.sol', 'flap.sol', 'bite.sol']
2,['flop.sol', 'flip.sol', 'transferFrom.sol', 'frob.sol', 'flip.t.sol', 'flap.t.sol', 'drip.sol', 'frob.t.sol']
2,['flop.sol', 'flip.sol', 'transferFrom.sol', 'frob.sol', 'flip.t.sol', 'flap.t.sol', 'drip.sol', 'tune.sol']
3,['flop.sol', 'flip.sol', 'transferFrom.sol', 'frob.sol', 'flip.t.sol', 'flap.t.sol', 'drip.sol', 'bite.sol']
4,['flop.sol', 'flip.sol', 'transferFrom.sol', 'frob.sol', 'flip.t.sol', 'flap.t.sol', 'frob.t.sol', 'tune.sol']
3,['flop.sol', 'flip.sol', 'transferFrom.sol', 'frob.sol', 'flip.t.sol', 'flap.t.sol', 'frob.t.sol', 'bite.sol']
2,['flop.sol', 'flip.sol', 'transferFrom.sol', 'frob.sol', 'flip.t.sol', 'flap.t.sol', 'tune.sol', 'bite.sol']
2,['flop.sol', 'flip.sol', 'transferFrom.sol', 'frob.sol', 'flip.t.sol', 'heal.sol', 'drip.t.sol', 'heal.t.sol']
2,['flop.sol', 'flip.sol', 'transferFrom.sol', 'frob.sol', 'flip.t.sol', 'heal.sol', 'drip.t.sol', 'flap.sol']
2,['flop.sol', 'flip.sol', 'transferFrom.sol', 'frob.sol', 'flip.t.sol', 'heal.sol', 'drip.t.sol', 'drip.sol']
4,['flop.sol', 'flip.sol', 'transferFrom.sol', 'frob.sol', 'flip.t.sol', 'heal.sol', 'drip.t.sol', 'frob.t.sol']
2,['flop.sol', 'flip.sol', 'transferFrom.sol', 'frob.sol', 'flip.t.sol', 'heal.sol', 'drip.t.sol', 'tune.sol']
2,['flop.sol', 'flip.sol', 'transferFrom.sol', 'frob.sol', 'flip.t.sol', 'heal.sol', 'drip.t.sol', 'bite.sol']
4,['flop.sol', 'flip.sol', 'transferFrom.sol', 'frob.sol', 'flip.t.sol', 'heal.sol', 'heal.t.sol', 'flap.sol']
3,['flop.sol', 'flip.sol', 'transferFrom.sol', 'frob.sol', 'flip.t.sol', 'heal.sol', 'heal.t.sol', 'drip.sol']
3,['flop.sol', 'flip.sol', 'transferFrom.sol', 'frob.sol', 'flip.t.sol', 'heal.sol', 'heal.t.sol', 'frob.t.sol']
3,['flop.sol', 'flip.sol', 'transferFrom.sol', 'frob.sol', 'flip.t.sol', 'heal.sol', 'heal.t.sol', 'tune.sol']
3,['flop.sol', 'flip.sol', 'transferFrom.sol', 'frob.sol', 'flip.t.sol', 'heal.sol', 'heal.t.sol', 'bite.sol']
2,['flop.sol', 'flip.sol', 'transferFrom.sol', 'frob.sol', 'flip.t.sol', 'heal.sol', 'flap.sol', 'drip.sol']
4,['flop.sol', 'flip.sol', 'transferFrom.sol', 'frob.sol', 'flip.t.sol', 'heal.sol', 'flap.sol', 'frob.t.sol']
2,['flop.sol', 'flip.sol', 'transferFrom.sol', 'frob.sol', 'flip.t.sol', 'heal.sol', 'flap.sol', 'tune.sol']
2,['flop.sol', 'flip.sol', 'transferFrom.sol', 'frob.sol', 'flip.t.sol', 'heal.sol', 'flap.sol', 'bite.sol']
5,['flop.sol', 'flip.sol', 'transferFrom.sol', 'frob.sol', 'flip.t.sol', 'heal.sol', 'drip.sol', 'frob.t.sol']
2,['flop.sol', 'flip.sol', 'transferFrom.sol', 'frob.sol', 'flip.t.sol', 'heal.sol', 'drip.sol', 'tune.sol']
2,['flop.sol', 'flip.sol', 'transferFrom.sol', 'frob.sol', 'flip.t.sol', 'heal.sol', 'drip.sol', 'bite.sol']
3,['flop.sol', 'flip.sol', 'transferFrom.sol', 'frob.sol', 'flip.t.sol', 'heal.sol', 'frob.t.sol', 'tune.sol']
4,['flop.sol', 'flip.sol', 'transferFrom.sol', 'frob.sol', 'flip.t.sol', 'heal.sol', 'frob.t.sol', 'bite.sol']
2,['flop.sol', 'flip.sol', 'transferFrom.sol', 'frob.sol', 'flip.t.sol', 'heal.sol', 'tune.sol', 'bite.sol']
2,['flop.sol', 'flip.sol', 'transferFrom.sol', 'frob.sol', 'flip.t.sol', 'drip.t.sol', 'heal.t.sol', 'flap.sol']
2,['flop.sol', 'flip.sol', 'transferFrom.sol', 'frob.sol', 'flip.t.sol', 'drip.t.sol', 'heal.t.sol', 'drip.sol']
2,['flop.sol', 'flip.sol', 'transferFrom.sol', 'frob.sol', 'flip.t.sol', 'drip.t.sol', 'heal.t.sol', 'frob.t.sol']
2,['flop.sol', 'flip.sol', 'transferFrom.sol', 'frob.sol', 'flip.t.sol', 'drip.t.sol', 'heal.t.sol', 'tune.sol']
2,['flop.sol', 'flip.sol', 'transferFrom.sol', 'frob.sol', 'flip.t.sol', 'drip.t.sol', 'heal.t.sol', 'bite.sol']
2,['flop.sol', 'flip.sol', 'transferFrom.sol', 'frob.sol', 'flip.t.sol', 'drip.t.sol', 'flap.sol', 'drip.sol']
3,['flop.sol', 'flip.sol', 'transferFrom.sol', 'frob.sol', 'flip.t.sol', 'drip.t.sol', 'flap.sol', 'frob.t.sol']
3,['flop.sol', 'flip.sol', 'transferFrom.sol', 'frob.sol', 'flip.t.sol', 'drip.t.sol', 'flap.sol', 'tune.sol']
2,['flop.sol', 'flip.sol', 'transferFrom.sol', 'frob.sol', 'flip.t.sol', 'drip.t.sol', 'flap.sol', 'bite.sol']
5,['flop.sol', 'flip.sol', 'transferFrom.sol', 'frob.sol', 'flip.t.sol', 'drip.t.sol', 'drip.sol', 'frob.t.sol']
3,['flop.sol', 'flip.sol', 'transferFrom.sol', 'frob.sol', 'flip.t.sol', 'drip.t.sol', 'drip.sol', 'tune.sol']
3,['flop.sol', 'flip.sol', 'transferFrom.sol', 'frob.sol', 'flip.t.sol', 'drip.t.sol', 'drip.sol', 'bite.sol']
2,['flop.sol', 'flip.sol', 'transferFrom.sol', 'frob.sol', 'flip.t.sol', 'drip.t.sol', 'frob.t.sol', 'tune.sol']
5,['flop.sol', 'flip.sol', 'transferFrom.sol', 'frob.sol', 'flip.t.sol', 'drip.t.sol', 'frob.t.sol', 'bite.sol']
2,['flop.sol', 'flip.sol', 'transferFrom.sol', 'frob.sol', 'flip.t.sol', 'drip.t.sol', 'tune.sol', 'bite.sol']
5,['flop.sol', 'flip.sol', 'transferFrom.sol', 'frob.sol', 'flip.t.sol', 'heal.t.sol', 'flap.sol', 'drip.sol']
3,['flop.sol', 'flip.sol', 'transferFrom.sol', 'frob.sol', 'flip.t.sol', 'heal.t.sol', 'flap.sol', 'frob.t.sol']
3,['flop.sol', 'flip.sol', 'transferFrom.sol', 'frob.sol', 'flip.t.sol', 'heal.t.sol', 'flap.sol', 'tune.sol']
3,['flop.sol', 'flip.sol', 'transferFrom.sol', 'frob.sol', 'flip.t.sol', 'heal.t.sol', 'flap.sol', 'bite.sol']
2,['flop.sol', 'flip.sol', 'transferFrom.sol', 'frob.sol', 'flip.t.sol', 'heal.t.sol', 'drip.sol', 'frob.t.sol']
2,['flop.sol', 'flip.sol', 'transferFrom.sol', 'frob.sol', 'flip.t.sol', 'heal.t.sol', 'drip.sol', 'tune.sol']
2,['flop.sol', 'flip.sol', 'transferFrom.sol', 'frob.sol', 'flip.t.sol', 'heal.t.sol', 'drip.sol', 'bite.sol']
3,['flop.sol', 'flip.sol', 'transferFrom.sol', 'frob.sol', 'flip.t.sol', 'heal.t.sol', 'frob.t.sol', 'tune.sol']
3,['flop.sol', 'flip.sol', 'transferFrom.sol', 'frob.sol', 'flip.t.sol', 'heal.t.sol', 'frob.t.sol', 'bite.sol']
3,['flop.sol', 'flip.sol', 'transferFrom.sol', 'frob.sol', 'flip.t.sol', 'heal.t.sol', 'tune.sol', 'bite.sol']
4,['flop.sol', 'flip.sol', 'transferFrom.sol', 'frob.sol', 'flip.t.sol', 'flap.sol', 'drip.sol', 'frob.t.sol']
3,['flop.sol', 'flip.sol', 'transferFrom.sol', 'frob.sol', 'flip.t.sol', 'flap.sol', 'drip.sol', 'tune.sol']
2,['flop.sol', 'flip.sol', 'transferFrom.sol', 'frob.sol', 'flip.t.sol', 'flap.sol', 'drip.sol', 'bite.sol']
4,['flop.sol', 'flip.sol', 'transferFrom.sol', 'frob.sol', 'flip.t.sol', 'flap.sol', 'frob.t.sol', 'tune.sol']
4,['flop.sol', 'flip.sol', 'transferFrom.sol', 'frob.sol', 'flip.t.sol', 'flap.sol', 'frob.t.sol', 'bite.sol']
2,['flop.sol', 'flip.sol', 'transferFrom.sol', 'frob.sol', 'flip.t.sol', 'flap.sol', 'tune.sol', 'bite.sol']
2,['flop.sol', 'flip.sol', 'transferFrom.sol', 'frob.sol', 'flip.t.sol', 'drip.sol', 'frob.t.sol', 'tune.sol']
3,['flop.sol', 'flip.sol', 'transferFrom.sol', 'frob.sol', 'flip.t.sol', 'drip.sol', 'frob.t.sol', 'bite.sol']
2,['flop.sol', 'flip.sol', 'transferFrom.sol', 'frob.sol', 'flip.t.sol', 'drip.sol', 'tune.sol', 'bite.sol']
2,['flop.sol', 'flip.sol', 'transferFrom.sol', 'frob.sol', 'flip.t.sol', 'frob.t.sol', 'tune.sol', 'bite.sol']
3,['flop.sol', 'flip.sol', 'transferFrom.sol', 'frob.sol', 'flop.t.sol', 'flap.t.sol', 'heal.sol', 'drip.t.sol']
4,['flop.sol', 'flip.sol', 'transferFrom.sol', 'frob.sol', 'flop.t.sol', 'flap.t.sol', 'heal.sol', 'heal.t.sol']
3,['flop.sol', 'flip.sol', 'transferFrom.sol', 'frob.sol', 'flop.t.sol', 'flap.t.sol', 'heal.sol', 'flap.sol']
3,['flop.sol', 'flip.sol', 'transferFrom.sol', 'frob.sol', 'flop.t.sol', 'flap.t.sol', 'heal.sol', 'drip.sol']
4,['flop.sol', 'flip.sol', 'transferFrom.sol', 'frob.sol', 'flop.t.sol', 'flap.t.sol', 'heal.sol', 'frob.t.sol']
2,['flop.sol', 'flip.sol', 'transferFrom.sol', 'frob.sol', 'flop.t.sol', 'flap.t.sol', 'heal.sol', 'tune.sol']
3,['flop.sol', 'flip.sol', 'transferFrom.sol', 'frob.sol', 'flop.t.sol', 'flap.t.sol', 'heal.sol', 'bite.sol']
3,['flop.sol', 'flip.sol', 'transferFrom.sol', 'frob.sol', 'flop.t.sol', 'flap.t.sol', 'drip.t.sol', 'heal.t.sol']
4,['flop.sol', 'flip.sol', 'transferFrom.sol', 'frob.sol', 'flop.t.sol', 'flap.t.sol', 'drip.t.sol', 'flap.sol']
6,['flop.sol', 'flip.sol', 'transferFrom.sol', 'frob.sol', 'flop.t.sol', 'flap.t.sol', 'drip.t.sol', 'drip.sol']
3,['flop.sol', 'flip.sol', 'transferFrom.sol', 'frob.sol', 'flop.t.sol', 'flap.t.sol', 'drip.t.sol', 'frob.t.sol']
3,['flop.sol', 'flip.sol', 'transferFrom.sol', 'frob.sol', 'flop.t.sol', 'flap.t.sol', 'drip.t.sol', 'tune.sol']
2,['flop.sol', 'flip.sol', 'transferFrom.sol', 'frob.sol', 'flop.t.sol', 'flap.t.sol', 'drip.t.sol', 'bite.sol']
4,['flop.sol', 'flip.sol', 'transferFrom.sol', 'frob.sol', 'flop.t.sol', 'flap.t.sol', 'heal.t.sol', 'flap.sol']
3,['flop.sol', 'flip.sol', 'transferFrom.sol', 'frob.sol', 'flop.t.sol', 'flap.t.sol', 'heal.t.sol', 'drip.sol']
3,['flop.sol', 'flip.sol', 'transferFrom.sol', 'frob.sol', 'flop.t.sol', 'flap.t.sol', 'heal.t.sol', 'frob.t.sol']
4,['flop.sol', 'flip.sol', 'transferFrom.sol', 'frob.sol', 'flop.t.sol', 'flap.t.sol', 'heal.t.sol', 'tune.sol']
4,['flop.sol', 'flip.sol', 'transferFrom.sol', 'frob.sol', 'flop.t.sol', 'flap.t.sol', 'heal.t.sol', 'bite.sol']
4,['flop.sol', 'flip.sol', 'transferFrom.sol', 'frob.sol', 'flop.t.sol', 'flap.t.sol', 'flap.sol', 'drip.sol']
4,['flop.sol', 'flip.sol', 'transferFrom.sol', 'frob.sol', 'flop.t.sol', 'flap.t.sol', 'flap.sol', 'frob.t.sol']
3,['flop.sol', 'flip.sol', 'transferFrom.sol', 'frob.sol', 'flop.t.sol', 'flap.t.sol', 'flap.sol', 'tune.sol']
4,['flop.sol', 'flip.sol', 'transferFrom.sol', 'frob.sol', 'flop.t.sol', 'flap.t.sol', 'flap.sol', 'bite.sol']
3,['flop.sol', 'flip.sol', 'transferFrom.sol', 'frob.sol', 'flop.t.sol', 'flap.t.sol', 'drip.sol', 'frob.t.sol']
3,['flop.sol', 'flip.sol', 'transferFrom.sol', 'frob.sol', 'flop.t.sol', 'flap.t.sol', 'drip.sol', 'tune.sol']
4,['flop.sol', 'flip.sol', 'transferFrom.sol', 'frob.sol', 'flop.t.sol', 'flap.t.sol', 'drip.sol', 'bite.sol']
3,['flop.sol', 'flip.sol', 'transferFrom.sol', 'frob.sol', 'flop.t.sol', 'flap.t.sol', 'frob.t.sol', 'tune.sol']
4,['flop.sol', 'flip.sol', 'transferFrom.sol', 'frob.sol', 'flop.t.sol', 'flap.t.sol', 'frob.t.sol', 'bite.sol']
3,['flop.sol', 'flip.sol', 'transferFrom.sol', 'frob.sol', 'flop.t.sol', 'flap.t.sol', 'tune.sol', 'bite.sol']
4,['flop.sol', 'flip.sol', 'transferFrom.sol', 'frob.sol', 'flop.t.sol', 'heal.sol', 'drip.t.sol', 'heal.t.sol']
2,['flop.sol', 'flip.sol', 'transferFrom.sol', 'frob.sol', 'flop.t.sol', 'heal.sol', 'drip.t.sol', 'flap.sol']
2,['flop.sol', 'flip.sol', 'transferFrom.sol', 'frob.sol', 'flop.t.sol', 'heal.sol', 'drip.t.sol', 'drip.sol']
3,['flop.sol', 'flip.sol', 'transferFrom.sol', 'frob.sol', 'flop.t.sol', 'heal.sol', 'drip.t.sol', 'frob.t.sol']
2,['flop.sol', 'flip.sol', 'transferFrom.sol', 'frob.sol', 'flop.t.sol', 'heal.sol', 'drip.t.sol', 'tune.sol']
2,['flop.sol', 'flip.sol', 'transferFrom.sol', 'frob.sol', 'flop.t.sol', 'heal.sol', 'drip.t.sol', 'bite.sol']
5,['flop.sol', 'flip.sol', 'transferFrom.sol', 'frob.sol', 'flop.t.sol', 'heal.sol', 'heal.t.sol', 'flap.sol']
4,['flop.sol', 'flip.sol', 'transferFrom.sol', 'frob.sol', 'flop.t.sol', 'heal.sol', 'heal.t.sol', 'drip.sol']
3,['flop.sol', 'flip.sol', 'transferFrom.sol', 'frob.sol', 'flop.t.sol', 'heal.sol', 'heal.t.sol', 'frob.t.sol']
3,['flop.sol', 'flip.sol', 'transferFrom.sol', 'frob.sol', 'flop.t.sol', 'heal.sol', 'heal.t.sol', 'tune.sol']
5,['flop.sol', 'flip.sol', 'transferFrom.sol', 'frob.sol', 'flop.t.sol', 'heal.sol', 'heal.t.sol', 'bite.sol']
2,['flop.sol', 'flip.sol', 'transferFrom.sol', 'frob.sol', 'flop.t.sol', 'heal.sol', 'flap.sol', 'drip.sol']
3,['flop.sol', 'flip.sol', 'transferFrom.sol', 'frob.sol', 'flop.t.sol', 'heal.sol', 'flap.sol', 'frob.t.sol']
2,['flop.sol', 'flip.sol', 'transferFrom.sol', 'frob.sol', 'flop.t.sol', 'heal.sol', 'flap.sol', 'tune.sol']
1,['flop.sol', 'flip.sol', 'transferFrom.sol', 'frob.sol', 'flop.t.sol', 'heal.sol', 'flap.sol', 'bite.sol']
2,['flop.sol', 'flip.sol', 'transferFrom.sol', 'frob.sol', 'flop.t.sol', 'heal.sol', 'drip.sol', 'frob.t.sol']
2,['flop.sol', 'flip.sol', 'transferFrom.sol', 'frob.sol', 'flop.t.sol', 'heal.sol', 'drip.sol', 'tune.sol']
2,['flop.sol', 'flip.sol', 'transferFrom.sol', 'frob.sol', 'flop.t.sol', 'heal.sol', 'drip.sol', 'bite.sol']
3,['flop.sol', 'flip.sol', 'transferFrom.sol', 'frob.sol', 'flop.t.sol', 'heal.sol', 'frob.t.sol', 'tune.sol']
3,['flop.sol', 'flip.sol', 'transferFrom.sol', 'frob.sol', 'flop.t.sol', 'heal.sol', 'frob.t.sol', 'bite.sol']
2,['flop.sol', 'flip.sol', 'transferFrom.sol', 'frob.sol', 'flop.t.sol', 'heal.sol', 'tune.sol', 'bite.sol']
4,['flop.sol', 'flip.sol', 'transferFrom.sol', 'frob.sol', 'flop.t.sol', 'drip.t.sol', 'heal.t.sol', 'flap.sol']
4,['flop.sol', 'flip.sol', 'transferFrom.sol', 'frob.sol', 'flop.t.sol', 'drip.t.sol', 'heal.t.sol', 'drip.sol']
2,['flop.sol', 'flip.sol', 'transferFrom.sol', 'frob.sol', 'flop.t.sol', 'drip.t.sol', 'heal.t.sol', 'frob.t.sol']
2,['flop.sol', 'flip.sol', 'transferFrom.sol', 'frob.sol', 'flop.t.sol', 'drip.t.sol', 'heal.t.sol', 'tune.sol']
3,['flop.sol', 'flip.sol', 'transferFrom.sol', 'frob.sol', 'flop.t.sol', 'drip.t.sol', 'heal.t.sol', 'bite.sol']
3,['flop.sol', 'flip.sol', 'transferFrom.sol', 'frob.sol', 'flop.t.sol', 'drip.t.sol', 'flap.sol', 'drip.sol']
2,['flop.sol', 'flip.sol', 'transferFrom.sol', 'frob.sol', 'flop.t.sol', 'drip.t.sol', 'flap.sol', 'frob.t.sol']
2,['flop.sol', 'flip.sol', 'transferFrom.sol', 'frob.sol', 'flop.t.sol', 'drip.t.sol', 'flap.sol', 'tune.sol']
2,['flop.sol', 'flip.sol', 'transferFrom.sol', 'frob.sol', 'flop.t.sol', 'drip.t.sol', 'flap.sol', 'bite.sol']
3,['flop.sol', 'flip.sol', 'transferFrom.sol', 'frob.sol', 'flop.t.sol', 'drip.t.sol', 'drip.sol', 'frob.t.sol']
3,['flop.sol', 'flip.sol', 'transferFrom.sol', 'frob.sol', 'flop.t.sol', 'drip.t.sol', 'drip.sol', 'tune.sol']
2,['flop.sol', 'flip.sol', 'transferFrom.sol', 'frob.sol', 'flop.t.sol', 'drip.t.sol', 'drip.sol', 'bite.sol']
3,['flop.sol', 'flip.sol', 'transferFrom.sol', 'frob.sol', 'flop.t.sol', 'drip.t.sol', 'frob.t.sol', 'tune.sol']
2,['flop.sol', 'flip.sol', 'transferFrom.sol', 'frob.sol', 'flop.t.sol', 'drip.t.sol', 'frob.t.sol', 'bite.sol']
2,['flop.sol', 'flip.sol', 'transferFrom.sol', 'frob.sol', 'flop.t.sol', 'drip.t.sol', 'tune.sol', 'bite.sol']
4,['flop.sol', 'flip.sol', 'transferFrom.sol', 'frob.sol', 'flop.t.sol', 'heal.t.sol', 'flap.sol', 'drip.sol']
3,['flop.sol', 'flip.sol', 'transferFrom.sol', 'frob.sol', 'flop.t.sol', 'heal.t.sol', 'flap.sol', 'frob.t.sol']
3,['flop.sol', 'flip.sol', 'transferFrom.sol', 'frob.sol', 'flop.t.sol', 'heal.t.sol', 'flap.sol', 'tune.sol']
5,['flop.sol', 'flip.sol', 'transferFrom.sol', 'frob.sol', 'flop.t.sol', 'heal.t.sol', 'flap.sol', 'bite.sol']
2,['flop.sol', 'flip.sol', 'transferFrom.sol', 'frob.sol', 'flop.t.sol', 'heal.t.sol', 'drip.sol', 'frob.t.sol']
2,['flop.sol', 'flip.sol', 'transferFrom.sol', 'frob.sol', 'flop.t.sol', 'heal.t.sol', 'drip.sol', 'tune.sol']
4,['flop.sol', 'flip.sol', 'transferFrom.sol', 'frob.sol', 'flop.t.sol', 'heal.t.sol', 'drip.sol', 'bite.sol']
3,['flop.sol', 'flip.sol', 'transferFrom.sol', 'frob.sol', 'flop.t.sol', 'heal.t.sol', 'frob.t.sol', 'tune.sol']
3,['flop.sol', 'flip.sol', 'transferFrom.sol', 'frob.sol', 'flop.t.sol', 'heal.t.sol', 'frob.t.sol', 'bite.sol']
3,['flop.sol', 'flip.sol', 'transferFrom.sol', 'frob.sol', 'flop.t.sol', 'heal.t.sol', 'tune.sol', 'bite.sol']
2,['flop.sol', 'flip.sol', 'transferFrom.sol', 'frob.sol', 'flop.t.sol', 'flap.sol', 'drip.sol', 'frob.t.sol']
2,['flop.sol', 'flip.sol', 'transferFrom.sol', 'frob.sol', 'flop.t.sol', 'flap.sol', 'drip.sol', 'tune.sol']
3,['flop.sol', 'flip.sol', 'transferFrom.sol', 'frob.sol', 'flop.t.sol', 'flap.sol', 'drip.sol', 'bite.sol']
4,['flop.sol', 'flip.sol', 'transferFrom.sol', 'frob.sol', 'flop.t.sol', 'flap.sol', 'frob.t.sol', 'tune.sol']
3,['flop.sol', 'flip.sol', 'transferFrom.sol', 'frob.sol', 'flop.t.sol', 'flap.sol', 'frob.t.sol', 'bite.sol']
2,['flop.sol', 'flip.sol', 'transferFrom.sol', 'frob.sol', 'flop.t.sol', 'flap.sol', 'tune.sol', 'bite.sol']
3,['flop.sol', 'flip.sol', 'transferFrom.sol', 'frob.sol', 'flop.t.sol', 'drip.sol', 'frob.t.sol', 'tune.sol']
3,['flop.sol', 'flip.sol', 'transferFrom.sol', 'frob.sol', 'flop.t.sol', 'drip.sol', 'frob.t.sol', 'bite.sol']
3,['flop.sol', 'flip.sol', 'transferFrom.sol', 'frob.sol', 'flop.t.sol', 'drip.sol', 'tune.sol', 'bite.sol']
3,['flop.sol', 'flip.sol', 'transferFrom.sol', 'frob.sol', 'flop.t.sol', 'frob.t.sol', 'tune.sol', 'bite.sol']
4,['flop.sol', 'flip.sol', 'transferFrom.sol', 'frob.sol', 'flap.t.sol', 'heal.sol', 'drip.t.sol', 'heal.t.sol']
2,['flop.sol', 'flip.sol', 'transferFrom.sol', 'frob.sol', 'flap.t.sol', 'heal.sol', 'drip.t.sol', 'flap.sol']
2,['flop.sol', 'flip.sol', 'transferFrom.sol', 'frob.sol', 'flap.t.sol', 'heal.sol', 'drip.t.sol', 'drip.sol']
2,['flop.sol', 'flip.sol', 'transferFrom.sol', 'frob.sol', 'flap.t.sol', 'heal.sol', 'drip.t.sol', 'frob.t.sol']
1,['flop.sol', 'flip.sol', 'transferFrom.sol', 'frob.sol', 'flap.t.sol', 'heal.sol', 'drip.t.sol', 'tune.sol']
2,['flop.sol', 'flip.sol', 'transferFrom.sol', 'frob.sol', 'flap.t.sol', 'heal.sol', 'drip.t.sol', 'bite.sol']
5,['flop.sol', 'flip.sol', 'transferFrom.sol', 'frob.sol', 'flap.t.sol', 'heal.sol', 'heal.t.sol', 'flap.sol']
4,['flop.sol', 'flip.sol', 'transferFrom.sol', 'frob.sol', 'flap.t.sol', 'heal.sol', 'heal.t.sol', 'drip.sol']
3,['flop.sol', 'flip.sol', 'transferFrom.sol', 'frob.sol', 'flap.t.sol', 'heal.sol', 'heal.t.sol', 'frob.t.sol']
3,['flop.sol', 'flip.sol', 'transferFrom.sol', 'frob.sol', 'flap.t.sol', 'heal.sol', 'heal.t.sol', 'tune.sol']
5,['flop.sol', 'flip.sol', 'transferFrom.sol', 'frob.sol', 'flap.t.sol', 'heal.sol', 'heal.t.sol', 'bite.sol']
2,['flop.sol', 'flip.sol', 'transferFrom.sol', 'frob.sol', 'flap.t.sol', 'heal.sol', 'flap.sol', 'drip.sol']
3,['flop.sol', 'flip.sol', 'transferFrom.sol', 'frob.sol', 'flap.t.sol', 'heal.sol', 'flap.sol', 'frob.t.sol']
2,['flop.sol', 'flip.sol', 'transferFrom.sol', 'frob.sol', 'flap.t.sol', 'heal.sol', 'flap.sol', 'tune.sol']
2,['flop.sol', 'flip.sol', 'transferFrom.sol', 'frob.sol', 'flap.t.sol', 'heal.sol', 'flap.sol', 'bite.sol']
2,['flop.sol', 'flip.sol', 'transferFrom.sol', 'frob.sol', 'flap.t.sol', 'heal.sol', 'drip.sol', 'frob.t.sol']
2,['flop.sol', 'flip.sol', 'transferFrom.sol', 'frob.sol', 'flap.t.sol', 'heal.sol', 'drip.sol', 'tune.sol']
2,['flop.sol', 'flip.sol', 'transferFrom.sol', 'frob.sol', 'flap.t.sol', 'heal.sol', 'drip.sol', 'bite.sol']
3,['flop.sol', 'flip.sol', 'transferFrom.sol', 'frob.sol', 'flap.t.sol', 'heal.sol', 'frob.t.sol', 'tune.sol']
3,['flop.sol', 'flip.sol', 'transferFrom.sol', 'frob.sol', 'flap.t.sol', 'heal.sol', 'frob.t.sol', 'bite.sol']
2,['flop.sol', 'flip.sol', 'transferFrom.sol', 'frob.sol', 'flap.t.sol', 'heal.sol', 'tune.sol', 'bite.sol']
4,['flop.sol', 'flip.sol', 'transferFrom.sol', 'frob.sol', 'flap.t.sol', 'drip.t.sol', 'heal.t.sol', 'flap.sol']
4,['flop.sol', 'flip.sol', 'transferFrom.sol', 'frob.sol', 'flap.t.sol', 'drip.t.sol', 'heal.t.sol', 'drip.sol']
2,['flop.sol', 'flip.sol', 'transferFrom.sol', 'frob.sol', 'flap.t.sol', 'drip.t.sol', 'heal.t.sol', 'frob.t.sol']
2,['flop.sol', 'flip.sol', 'transferFrom.sol', 'frob.sol', 'flap.t.sol', 'drip.t.sol', 'heal.t.sol', 'tune.sol']
3,['flop.sol', 'flip.sol', 'transferFrom.sol', 'frob.sol', 'flap.t.sol', 'drip.t.sol', 'heal.t.sol', 'bite.sol']
3,['flop.sol', 'flip.sol', 'transferFrom.sol', 'frob.sol', 'flap.t.sol', 'drip.t.sol', 'flap.sol', 'drip.sol']
2,['flop.sol', 'flip.sol', 'transferFrom.sol', 'frob.sol', 'flap.t.sol', 'drip.t.sol', 'flap.sol', 'frob.t.sol']
2,['flop.sol', 'flip.sol', 'transferFrom.sol', 'frob.sol', 'flap.t.sol', 'drip.t.sol', 'flap.sol', 'tune.sol']
2,['flop.sol', 'flip.sol', 'transferFrom.sol', 'frob.sol', 'flap.t.sol', 'drip.t.sol', 'flap.sol', 'bite.sol']
3,['flop.sol', 'flip.sol', 'transferFrom.sol', 'frob.sol', 'flap.t.sol', 'drip.t.sol', 'drip.sol', 'frob.t.sol']
3,['flop.sol', 'flip.sol', 'transferFrom.sol', 'frob.sol', 'flap.t.sol', 'drip.t.sol', 'drip.sol', 'tune.sol']
2,['flop.sol', 'flip.sol', 'transferFrom.sol', 'frob.sol', 'flap.t.sol', 'drip.t.sol', 'drip.sol', 'bite.sol']
2,['flop.sol', 'flip.sol', 'transferFrom.sol', 'frob.sol', 'flap.t.sol', 'drip.t.sol', 'frob.t.sol', 'tune.sol']
2,['flop.sol', 'flip.sol', 'transferFrom.sol', 'frob.sol', 'flap.t.sol', 'drip.t.sol', 'frob.t.sol', 'bite.sol']
2,['flop.sol', 'flip.sol', 'transferFrom.sol', 'frob.sol', 'flap.t.sol', 'drip.t.sol', 'tune.sol', 'bite.sol']
4,['flop.sol', 'flip.sol', 'transferFrom.sol', 'frob.sol', 'flap.t.sol', 'heal.t.sol', 'flap.sol', 'drip.sol']
3,['flop.sol', 'flip.sol', 'transferFrom.sol', 'frob.sol', 'flap.t.sol', 'heal.t.sol', 'flap.sol', 'frob.t.sol']
3,['flop.sol', 'flip.sol', 'transferFrom.sol', 'frob.sol', 'flap.t.sol', 'heal.t.sol', 'flap.sol', 'tune.sol']
5,['flop.sol', 'flip.sol', 'transferFrom.sol', 'frob.sol', 'flap.t.sol', 'heal.t.sol', 'flap.sol', 'bite.sol']
2,['flop.sol', 'flip.sol', 'transferFrom.sol', 'frob.sol', 'flap.t.sol', 'heal.t.sol', 'drip.sol', 'frob.t.sol']
2,['flop.sol', 'flip.sol', 'transferFrom.sol', 'frob.sol', 'flap.t.sol', 'heal.t.sol', 'drip.sol', 'tune.sol']
4,['flop.sol', 'flip.sol', 'transferFrom.sol', 'frob.sol', 'flap.t.sol', 'heal.t.sol', 'drip.sol', 'bite.sol']
3,['flop.sol', 'flip.sol', 'transferFrom.sol', 'frob.sol', 'flap.t.sol', 'heal.t.sol', 'frob.t.sol', 'tune.sol']
3,['flop.sol', 'flip.sol', 'transferFrom.sol', 'frob.sol', 'flap.t.sol', 'heal.t.sol', 'frob.t.sol', 'bite.sol']
3,['flop.sol', 'flip.sol', 'transferFrom.sol', 'frob.sol', 'flap.t.sol', 'heal.t.sol', 'tune.sol', 'bite.sol']
2,['flop.sol', 'flip.sol', 'transferFrom.sol', 'frob.sol', 'flap.t.sol', 'flap.sol', 'drip.sol', 'frob.t.sol']
2,['flop.sol', 'flip.sol', 'transferFrom.sol', 'frob.sol', 'flap.t.sol', 'flap.sol', 'drip.sol', 'tune.sol']
3,['flop.sol', 'flip.sol', 'transferFrom.sol', 'frob.sol', 'flap.t.sol', 'flap.sol', 'drip.sol', 'bite.sol']
4,['flop.sol', 'flip.sol', 'transferFrom.sol', 'frob.sol', 'flap.t.sol', 'flap.sol', 'frob.t.sol', 'tune.sol']
3,['flop.sol', 'flip.sol', 'transferFrom.sol', 'frob.sol', 'flap.t.sol', 'flap.sol', 'frob.t.sol', 'bite.sol']
2,['flop.sol', 'flip.sol', 'transferFrom.sol', 'frob.sol', 'flap.t.sol', 'flap.sol', 'tune.sol', 'bite.sol']
3,['flop.sol', 'flip.sol', 'transferFrom.sol', 'frob.sol', 'flap.t.sol', 'drip.sol', 'frob.t.sol', 'tune.sol']
2,['flop.sol', 'flip.sol', 'transferFrom.sol', 'frob.sol', 'flap.t.sol', 'drip.sol', 'frob.t.sol', 'bite.sol']
3,['flop.sol', 'flip.sol', 'transferFrom.sol', 'frob.sol', 'flap.t.sol', 'drip.sol', 'tune.sol', 'bite.sol']
3,['flop.sol', 'flip.sol', 'transferFrom.sol', 'frob.sol', 'flap.t.sol', 'frob.t.sol', 'tune.sol', 'bite.sol']
2,['flop.sol', 'flip.sol', 'transferFrom.sol', 'frob.sol', 'heal.sol', 'drip.t.sol', 'heal.t.sol', 'flap.sol']
2,['flop.sol', 'flip.sol', 'transferFrom.sol', 'frob.sol', 'heal.sol', 'drip.t.sol', 'heal.t.sol', 'drip.sol']
4,['flop.sol', 'flip.sol', 'transferFrom.sol', 'frob.sol', 'heal.sol', 'drip.t.sol', 'heal.t.sol', 'frob.t.sol']
3,['flop.sol', 'flip.sol', 'transferFrom.sol', 'frob.sol', 'heal.sol', 'drip.t.sol', 'heal.t.sol', 'tune.sol']
2,['flop.sol', 'flip.sol', 'transferFrom.sol', 'frob.sol', 'heal.sol', 'drip.t.sol', 'heal.t.sol', 'bite.sol']
2,['flop.sol', 'flip.sol', 'transferFrom.sol', 'frob.sol', 'heal.sol', 'drip.t.sol', 'flap.sol', 'drip.sol']
3,['flop.sol', 'flip.sol', 'transferFrom.sol', 'frob.sol', 'heal.sol', 'drip.t.sol', 'flap.sol', 'frob.t.sol']
1,['flop.sol', 'flip.sol', 'transferFrom.sol', 'frob.sol', 'heal.sol', 'drip.t.sol', 'flap.sol', 'tune.sol']
2,['flop.sol', 'flip.sol', 'transferFrom.sol', 'frob.sol', 'heal.sol', 'drip.t.sol', 'flap.sol', 'bite.sol']
3,['flop.sol', 'flip.sol', 'transferFrom.sol', 'frob.sol', 'heal.sol', 'drip.t.sol', 'drip.sol', 'frob.t.sol']
2,['flop.sol', 'flip.sol', 'transferFrom.sol', 'frob.sol', 'heal.sol', 'drip.t.sol', 'drip.sol', 'tune.sol']
2,['flop.sol', 'flip.sol', 'transferFrom.sol', 'frob.sol', 'heal.sol', 'drip.t.sol', 'drip.sol', 'bite.sol']
2,['flop.sol', 'flip.sol', 'transferFrom.sol', 'frob.sol', 'heal.sol', 'drip.t.sol', 'frob.t.sol', 'tune.sol']
2,['flop.sol', 'flip.sol', 'transferFrom.sol', 'frob.sol', 'heal.sol', 'drip.t.sol', 'frob.t.sol', 'bite.sol']
1,['flop.sol', 'flip.sol', 'transferFrom.sol', 'frob.sol', 'heal.sol', 'drip.t.sol', 'tune.sol', 'bite.sol']
2,['flop.sol', 'flip.sol', 'transferFrom.sol', 'frob.sol', 'heal.sol', 'heal.t.sol', 'flap.sol', 'drip.sol']
4,['flop.sol', 'flip.sol', 'transferFrom.sol', 'frob.sol', 'heal.sol', 'heal.t.sol', 'flap.sol', 'frob.t.sol']
4,['flop.sol', 'flip.sol', 'transferFrom.sol', 'frob.sol', 'heal.sol', 'heal.t.sol', 'flap.sol', 'tune.sol']
3,['flop.sol', 'flip.sol', 'transferFrom.sol', 'frob.sol', 'heal.sol', 'heal.t.sol', 'flap.sol', 'bite.sol']
3,['flop.sol', 'flip.sol', 'transferFrom.sol', 'frob.sol', 'heal.sol', 'heal.t.sol', 'drip.sol', 'frob.t.sol']
3,['flop.sol', 'flip.sol', 'transferFrom.sol', 'frob.sol', 'heal.sol', 'heal.t.sol', 'drip.sol', 'tune.sol']
2,['flop.sol', 'flip.sol', 'transferFrom.sol', 'frob.sol', 'heal.sol', 'heal.t.sol', 'drip.sol', 'bite.sol']
3,['flop.sol', 'flip.sol', 'transferFrom.sol', 'frob.sol', 'heal.sol', 'heal.t.sol', 'frob.t.sol', 'tune.sol']
4,['flop.sol', 'flip.sol', 'transferFrom.sol', 'frob.sol', 'heal.sol', 'heal.t.sol', 'frob.t.sol', 'bite.sol']
4,['flop.sol', 'flip.sol', 'transferFrom.sol', 'frob.sol', 'heal.sol', 'heal.t.sol', 'tune.sol', 'bite.sol']
2,['flop.sol', 'flip.sol', 'transferFrom.sol', 'frob.sol', 'heal.sol', 'flap.sol', 'drip.sol', 'frob.t.sol']
2,['flop.sol', 'flip.sol', 'transferFrom.sol', 'frob.sol', 'heal.sol', 'flap.sol', 'drip.sol', 'tune.sol']
2,['flop.sol', 'flip.sol', 'transferFrom.sol', 'frob.sol', 'heal.sol', 'flap.sol', 'drip.sol', 'bite.sol']
2,['flop.sol', 'flip.sol', 'transferFrom.sol', 'frob.sol', 'heal.sol', 'flap.sol', 'frob.t.sol', 'tune.sol']
3,['flop.sol', 'flip.sol', 'transferFrom.sol', 'frob.sol', 'heal.sol', 'flap.sol', 'frob.t.sol', 'bite.sol']
1,['flop.sol', 'flip.sol', 'transferFrom.sol', 'frob.sol', 'heal.sol', 'flap.sol', 'tune.sol', 'bite.sol']
2,['flop.sol', 'flip.sol', 'transferFrom.sol', 'frob.sol', 'heal.sol', 'drip.sol', 'frob.t.sol', 'tune.sol']
3,['flop.sol', 'flip.sol', 'transferFrom.sol', 'frob.sol', 'heal.sol', 'drip.sol', 'frob.t.sol', 'bite.sol']
2,['flop.sol', 'flip.sol', 'transferFrom.sol', 'frob.sol', 'heal.sol', 'drip.sol', 'tune.sol', 'bite.sol']
2,['flop.sol', 'flip.sol', 'transferFrom.sol', 'frob.sol', 'heal.sol', 'frob.t.sol', 'tune.sol', 'bite.sol']
2,['flop.sol', 'flip.sol', 'transferFrom.sol', 'frob.sol', 'drip.t.sol', 'heal.t.sol', 'flap.sol', 'drip.sol']
3,['flop.sol', 'flip.sol', 'transferFrom.sol', 'frob.sol', 'drip.t.sol', 'heal.t.sol', 'flap.sol', 'frob.t.sol']
3,['flop.sol', 'flip.sol', 'transferFrom.sol', 'frob.sol', 'drip.t.sol', 'heal.t.sol', 'flap.sol', 'tune.sol']
2,['flop.sol', 'flip.sol', 'transferFrom.sol', 'frob.sol', 'drip.t.sol', 'heal.t.sol', 'flap.sol', 'bite.sol']
5,['flop.sol', 'flip.sol', 'transferFrom.sol', 'frob.sol', 'drip.t.sol', 'heal.t.sol', 'drip.sol', 'frob.t.sol']
3,['flop.sol', 'flip.sol', 'transferFrom.sol', 'frob.sol', 'drip.t.sol', 'heal.t.sol', 'drip.sol', 'tune.sol']
2,['flop.sol', 'flip.sol', 'transferFrom.sol', 'frob.sol', 'drip.t.sol', 'heal.t.sol', 'drip.sol', 'bite.sol']
3,['flop.sol', 'flip.sol', 'transferFrom.sol', 'frob.sol', 'drip.t.sol', 'heal.t.sol', 'frob.t.sol', 'tune.sol']
3,['flop.sol', 'flip.sol', 'transferFrom.sol', 'frob.sol', 'drip.t.sol', 'heal.t.sol', 'frob.t.sol', 'bite.sol']
3,['flop.sol', 'flip.sol', 'transferFrom.sol', 'frob.sol', 'drip.t.sol', 'heal.t.sol', 'tune.sol', 'bite.sol']
3,['flop.sol', 'flip.sol', 'transferFrom.sol', 'frob.sol', 'drip.t.sol', 'flap.sol', 'drip.sol', 'frob.t.sol']
3,['flop.sol', 'flip.sol', 'transferFrom.sol', 'frob.sol', 'drip.t.sol', 'flap.sol', 'drip.sol', 'tune.sol']
3,['flop.sol', 'flip.sol', 'transferFrom.sol', 'frob.sol', 'drip.t.sol', 'flap.sol', 'drip.sol', 'bite.sol']
2,['flop.sol', 'flip.sol', 'transferFrom.sol', 'frob.sol', 'drip.t.sol', 'flap.sol', 'frob.t.sol', 'tune.sol']
2,['flop.sol', 'flip.sol', 'transferFrom.sol', 'frob.sol', 'drip.t.sol', 'flap.sol', 'frob.t.sol', 'bite.sol']
2,['flop.sol', 'flip.sol', 'transferFrom.sol', 'frob.sol', 'drip.t.sol', 'flap.sol', 'tune.sol', 'bite.sol']
2,['flop.sol', 'flip.sol', 'transferFrom.sol', 'frob.sol', 'drip.t.sol', 'drip.sol', 'frob.t.sol', 'tune.sol']
3,['flop.sol', 'flip.sol', 'transferFrom.sol', 'frob.sol', 'drip.t.sol', 'drip.sol', 'frob.t.sol', 'bite.sol']
2,['flop.sol', 'flip.sol', 'transferFrom.sol', 'frob.sol', 'drip.t.sol', 'drip.sol', 'tune.sol', 'bite.sol']
2,['flop.sol', 'flip.sol', 'transferFrom.sol', 'frob.sol', 'drip.t.sol', 'frob.t.sol', 'tune.sol', 'bite.sol']
3,['flop.sol', 'flip.sol', 'transferFrom.sol', 'frob.sol', 'heal.t.sol', 'flap.sol', 'drip.sol', 'frob.t.sol']
3,['flop.sol', 'flip.sol', 'transferFrom.sol', 'frob.sol', 'heal.t.sol', 'flap.sol', 'drip.sol', 'tune.sol']
2,['flop.sol', 'flip.sol', 'transferFrom.sol', 'frob.sol', 'heal.t.sol', 'flap.sol', 'drip.sol', 'bite.sol']
4,['flop.sol', 'flip.sol', 'transferFrom.sol', 'frob.sol', 'heal.t.sol', 'flap.sol', 'frob.t.sol', 'tune.sol']
4,['flop.sol', 'flip.sol', 'transferFrom.sol', 'frob.sol', 'heal.t.sol', 'flap.sol', 'frob.t.sol', 'bite.sol']
4,['flop.sol', 'flip.sol', 'transferFrom.sol', 'frob.sol', 'heal.t.sol', 'flap.sol', 'tune.sol', 'bite.sol']
2,['flop.sol', 'flip.sol', 'transferFrom.sol', 'frob.sol', 'heal.t.sol', 'drip.sol', 'frob.t.sol', 'tune.sol']
3,['flop.sol', 'flip.sol', 'transferFrom.sol', 'frob.sol', 'heal.t.sol', 'drip.sol', 'frob.t.sol', 'bite.sol']
3,['flop.sol', 'flip.sol', 'transferFrom.sol', 'frob.sol', 'heal.t.sol', 'drip.sol', 'tune.sol', 'bite.sol']
3,['flop.sol', 'flip.sol', 'transferFrom.sol', 'frob.sol', 'heal.t.sol', 'frob.t.sol', 'tune.sol', 'bite.sol']
2,['flop.sol', 'flip.sol', 'transferFrom.sol', 'frob.sol', 'flap.sol', 'drip.sol', 'frob.t.sol', 'tune.sol']
2,['flop.sol', 'flip.sol', 'transferFrom.sol', 'frob.sol', 'flap.sol', 'drip.sol', 'frob.t.sol', 'bite.sol']
3,['flop.sol', 'flip.sol', 'transferFrom.sol', 'frob.sol', 'flap.sol', 'drip.sol', 'tune.sol', 'bite.sol']
2,['flop.sol', 'flip.sol', 'transferFrom.sol', 'frob.sol', 'flap.sol', 'frob.t.sol', 'tune.sol', 'bite.sol']
2,['flop.sol', 'flip.sol', 'transferFrom.sol', 'frob.sol', 'drip.sol', 'frob.t.sol', 'tune.sol', 'bite.sol']
3,['flop.sol', 'flip.sol', 'transferFrom.sol', 'flip.t.sol', 'flop.t.sol', 'flap.t.sol', 'heal.sol', 'drip.t.sol']
2,['flop.sol', 'flip.sol', 'transferFrom.sol', 'flip.t.sol', 'flop.t.sol', 'flap.t.sol', 'heal.sol', 'heal.t.sol']
3,['flop.sol', 'flip.sol', 'transferFrom.sol', 'flip.t.sol', 'flop.t.sol', 'flap.t.sol', 'heal.sol', 'flap.sol']
4,['flop.sol', 'flip.sol', 'transferFrom.sol', 'flip.t.sol', 'flop.t.sol', 'flap.t.sol', 'heal.sol', 'drip.sol']
3,['flop.sol', 'flip.sol', 'transferFrom.sol', 'flip.t.sol', 'flop.t.sol', 'flap.t.sol', 'heal.sol', 'frob.t.sol']
3,['flop.sol', 'flip.sol', 'transferFrom.sol', 'flip.t.sol', 'flop.t.sol', 'flap.t.sol', 'heal.sol', 'tune.sol']
3,['flop.sol', 'flip.sol', 'transferFrom.sol', 'flip.t.sol', 'flop.t.sol', 'flap.t.sol', 'heal.sol', 'bite.sol']
3,['flop.sol', 'flip.sol', 'transferFrom.sol', 'flip.t.sol', 'flop.t.sol', 'flap.t.sol', 'drip.t.sol', 'heal.t.sol']
3,['flop.sol', 'flip.sol', 'transferFrom.sol', 'flip.t.sol', 'flop.t.sol', 'flap.t.sol', 'drip.t.sol', 'flap.sol']
4,['flop.sol', 'flip.sol', 'transferFrom.sol', 'flip.t.sol', 'flop.t.sol', 'flap.t.sol', 'drip.t.sol', 'drip.sol']
2,['flop.sol', 'flip.sol', 'transferFrom.sol', 'flip.t.sol', 'flop.t.sol', 'flap.t.sol', 'drip.t.sol', 'frob.t.sol']
2,['flop.sol', 'flip.sol', 'transferFrom.sol', 'flip.t.sol', 'flop.t.sol', 'flap.t.sol', 'drip.t.sol', 'tune.sol']
3,['flop.sol', 'flip.sol', 'transferFrom.sol', 'flip.t.sol', 'flop.t.sol', 'flap.t.sol', 'drip.t.sol', 'bite.sol']
4,['flop.sol', 'flip.sol', 'transferFrom.sol', 'flip.t.sol', 'flop.t.sol', 'flap.t.sol', 'heal.t.sol', 'flap.sol']
3,['flop.sol', 'flip.sol', 'transferFrom.sol', 'flip.t.sol', 'flop.t.sol', 'flap.t.sol', 'heal.t.sol', 'drip.sol']
3,['flop.sol', 'flip.sol', 'transferFrom.sol', 'flip.t.sol', 'flop.t.sol', 'flap.t.sol', 'heal.t.sol', 'frob.t.sol']
4,['flop.sol', 'flip.sol', 'transferFrom.sol', 'flip.t.sol', 'flop.t.sol', 'flap.t.sol', 'heal.t.sol', 'tune.sol']
2,['flop.sol', 'flip.sol', 'transferFrom.sol', 'flip.t.sol', 'flop.t.sol', 'flap.t.sol', 'heal.t.sol', 'bite.sol']
4,['flop.sol', 'flip.sol', 'transferFrom.sol', 'flip.t.sol', 'flop.t.sol', 'flap.t.sol', 'flap.sol', 'drip.sol']
4,['flop.sol', 'flip.sol', 'transferFrom.sol', 'flip.t.sol', 'flop.t.sol', 'flap.t.sol', 'flap.sol', 'frob.t.sol']
4,['flop.sol', 'flip.sol', 'transferFrom.sol', 'flip.t.sol', 'flop.t.sol', 'flap.t.sol', 'flap.sol', 'tune.sol']
3,['flop.sol', 'flip.sol', 'transferFrom.sol', 'flip.t.sol', 'flop.t.sol', 'flap.t.sol', 'flap.sol', 'bite.sol']
4,['flop.sol', 'flip.sol', 'transferFrom.sol', 'flip.t.sol', 'flop.t.sol', 'flap.t.sol', 'drip.sol', 'frob.t.sol']
4,['flop.sol', 'flip.sol', 'transferFrom.sol', 'flip.t.sol', 'flop.t.sol', 'flap.t.sol', 'drip.sol', 'tune.sol']
3,['flop.sol', 'flip.sol', 'transferFrom.sol', 'flip.t.sol', 'flop.t.sol', 'flap.t.sol', 'drip.sol', 'bite.sol']
4,['flop.sol', 'flip.sol', 'transferFrom.sol', 'flip.t.sol', 'flop.t.sol', 'flap.t.sol', 'frob.t.sol', 'tune.sol']
3,['flop.sol', 'flip.sol', 'transferFrom.sol', 'flip.t.sol', 'flop.t.sol', 'flap.t.sol', 'frob.t.sol', 'bite.sol']
4,['flop.sol', 'flip.sol', 'transferFrom.sol', 'flip.t.sol', 'flop.t.sol', 'flap.t.sol', 'tune.sol', 'bite.sol']
3,['flop.sol', 'flip.sol', 'transferFrom.sol', 'flip.t.sol', 'flop.t.sol', 'heal.sol', 'drip.t.sol', 'heal.t.sol']
2,['flop.sol', 'flip.sol', 'transferFrom.sol', 'flip.t.sol', 'flop.t.sol', 'heal.sol', 'drip.t.sol', 'flap.sol']
2,['flop.sol', 'flip.sol', 'transferFrom.sol', 'flip.t.sol', 'flop.t.sol', 'heal.sol', 'drip.t.sol', 'drip.sol']
2,['flop.sol', 'flip.sol', 'transferFrom.sol', 'flip.t.sol', 'flop.t.sol', 'heal.sol', 'drip.t.sol', 'frob.t.sol']
2,['flop.sol', 'flip.sol', 'transferFrom.sol', 'flip.t.sol', 'flop.t.sol', 'heal.sol', 'drip.t.sol', 'tune.sol']
2,['flop.sol', 'flip.sol', 'transferFrom.sol', 'flip.t.sol', 'flop.t.sol', 'heal.sol', 'drip.t.sol', 'bite.sol']
4,['flop.sol', 'flip.sol', 'transferFrom.sol', 'flip.t.sol', 'flop.t.sol', 'heal.sol', 'heal.t.sol', 'flap.sol']
3,['flop.sol', 'flip.sol', 'transferFrom.sol', 'flip.t.sol', 'flop.t.sol', 'heal.sol', 'heal.t.sol', 'drip.sol']
3,['flop.sol', 'flip.sol', 'transferFrom.sol', 'flip.t.sol', 'flop.t.sol', 'heal.sol', 'heal.t.sol', 'frob.t.sol']
3,['flop.sol', 'flip.sol', 'transferFrom.sol', 'flip.t.sol', 'flop.t.sol', 'heal.sol', 'heal.t.sol', 'tune.sol']
4,['flop.sol', 'flip.sol', 'transferFrom.sol', 'flip.t.sol', 'flop.t.sol', 'heal.sol', 'heal.t.sol', 'bite.sol']
4,['flop.sol', 'flip.sol', 'transferFrom.sol', 'flip.t.sol', 'flop.t.sol', 'heal.sol', 'flap.sol', 'drip.sol']
3,['flop.sol', 'flip.sol', 'transferFrom.sol', 'flip.t.sol', 'flop.t.sol', 'heal.sol', 'flap.sol', 'frob.t.sol']
2,['flop.sol', 'flip.sol', 'transferFrom.sol', 'flip.t.sol', 'flop.t.sol', 'heal.sol', 'flap.sol', 'tune.sol']
2,['flop.sol', 'flip.sol', 'transferFrom.sol', 'flip.t.sol', 'flop.t.sol', 'heal.sol', 'flap.sol', 'bite.sol']
2,['flop.sol', 'flip.sol', 'transferFrom.sol', 'flip.t.sol', 'flop.t.sol', 'heal.sol', 'drip.sol', 'frob.t.sol']
2,['flop.sol', 'flip.sol', 'transferFrom.sol', 'flip.t.sol', 'flop.t.sol', 'heal.sol', 'drip.sol', 'tune.sol']
3,['flop.sol', 'flip.sol', 'transferFrom.sol', 'flip.t.sol', 'flop.t.sol', 'heal.sol', 'drip.sol', 'bite.sol']
3,['flop.sol', 'flip.sol', 'transferFrom.sol', 'flip.t.sol', 'flop.t.sol', 'heal.sol', 'frob.t.sol', 'tune.sol']
3,['flop.sol', 'flip.sol', 'transferFrom.sol', 'flip.t.sol', 'flop.t.sol', 'heal.sol', 'frob.t.sol', 'bite.sol']
1,['flop.sol', 'flip.sol', 'transferFrom.sol', 'flip.t.sol', 'flop.t.sol', 'heal.sol', 'tune.sol', 'bite.sol']
3,['flop.sol', 'flip.sol', 'transferFrom.sol', 'flip.t.sol', 'flop.t.sol', 'drip.t.sol', 'heal.t.sol', 'flap.sol']
3,['flop.sol', 'flip.sol', 'transferFrom.sol', 'flip.t.sol', 'flop.t.sol', 'drip.t.sol', 'heal.t.sol', 'drip.sol']
2,['flop.sol', 'flip.sol', 'transferFrom.sol', 'flip.t.sol', 'flop.t.sol', 'drip.t.sol', 'heal.t.sol', 'frob.t.sol']
2,['flop.sol', 'flip.sol', 'transferFrom.sol', 'flip.t.sol', 'flop.t.sol', 'drip.t.sol', 'heal.t.sol', 'tune.sol']
3,['flop.sol', 'flip.sol', 'transferFrom.sol', 'flip.t.sol', 'flop.t.sol', 'drip.t.sol', 'heal.t.sol', 'bite.sol']
3,['flop.sol', 'flip.sol', 'transferFrom.sol', 'flip.t.sol', 'flop.t.sol', 'drip.t.sol', 'flap.sol', 'drip.sol']
2,['flop.sol', 'flip.sol', 'transferFrom.sol', 'flip.t.sol', 'flop.t.sol', 'drip.t.sol', 'flap.sol', 'frob.t.sol']
2,['flop.sol', 'flip.sol', 'transferFrom.sol', 'flip.t.sol', 'flop.t.sol', 'drip.t.sol', 'flap.sol', 'tune.sol']
2,['flop.sol', 'flip.sol', 'transferFrom.sol', 'flip.t.sol', 'flop.t.sol', 'drip.t.sol', 'flap.sol', 'bite.sol']
2,['flop.sol', 'flip.sol', 'transferFrom.sol', 'flip.t.sol', 'flop.t.sol', 'drip.t.sol', 'drip.sol', 'frob.t.sol']
2,['flop.sol', 'flip.sol', 'transferFrom.sol', 'flip.t.sol', 'flop.t.sol', 'drip.t.sol', 'drip.sol', 'tune.sol']
2,['flop.sol', 'flip.sol', 'transferFrom.sol', 'flip.t.sol', 'flop.t.sol', 'drip.t.sol', 'drip.sol', 'bite.sol']
2,['flop.sol', 'flip.sol', 'transferFrom.sol', 'flip.t.sol', 'flop.t.sol', 'drip.t.sol', 'frob.t.sol', 'tune.sol']
2,['flop.sol', 'flip.sol', 'transferFrom.sol', 'flip.t.sol', 'flop.t.sol', 'drip.t.sol', 'frob.t.sol', 'bite.sol']
2,['flop.sol', 'flip.sol', 'transferFrom.sol', 'flip.t.sol', 'flop.t.sol', 'drip.t.sol', 'tune.sol', 'bite.sol']
4,['flop.sol', 'flip.sol', 'transferFrom.sol', 'flip.t.sol', 'flop.t.sol', 'heal.t.sol', 'flap.sol', 'drip.sol']
3,['flop.sol', 'flip.sol', 'transferFrom.sol', 'flip.t.sol', 'flop.t.sol', 'heal.t.sol', 'flap.sol', 'frob.t.sol']
3,['flop.sol', 'flip.sol', 'transferFrom.sol', 'flip.t.sol', 'flop.t.sol', 'heal.t.sol', 'flap.sol', 'tune.sol']
4,['flop.sol', 'flip.sol', 'transferFrom.sol', 'flip.t.sol', 'flop.t.sol', 'heal.t.sol', 'flap.sol', 'bite.sol']
2,['flop.sol', 'flip.sol', 'transferFrom.sol', 'flip.t.sol', 'flop.t.sol', 'heal.t.sol', 'drip.sol', 'frob.t.sol']
2,['flop.sol', 'flip.sol', 'transferFrom.sol', 'flip.t.sol', 'flop.t.sol', 'heal.t.sol', 'drip.sol', 'tune.sol']
3,['flop.sol', 'flip.sol', 'transferFrom.sol', 'flip.t.sol', 'flop.t.sol', 'heal.t.sol', 'drip.sol', 'bite.sol']
3,['flop.sol', 'flip.sol', 'transferFrom.sol', 'flip.t.sol', 'flop.t.sol', 'heal.t.sol', 'frob.t.sol', 'tune.sol']
3,['flop.sol', 'flip.sol', 'transferFrom.sol', 'flip.t.sol', 'flop.t.sol', 'heal.t.sol', 'frob.t.sol', 'bite.sol']
3,['flop.sol', 'flip.sol', 'transferFrom.sol', 'flip.t.sol', 'flop.t.sol', 'heal.t.sol', 'tune.sol', 'bite.sol']
4,['flop.sol', 'flip.sol', 'transferFrom.sol', 'flip.t.sol', 'flop.t.sol', 'flap.sol', 'drip.sol', 'frob.t.sol']
2,['flop.sol', 'flip.sol', 'transferFrom.sol', 'flip.t.sol', 'flop.t.sol', 'flap.sol', 'drip.sol', 'tune.sol']
3,['flop.sol', 'flip.sol', 'transferFrom.sol', 'flip.t.sol', 'flop.t.sol', 'flap.sol', 'drip.sol', 'bite.sol']
4,['flop.sol', 'flip.sol', 'transferFrom.sol', 'flip.t.sol', 'flop.t.sol', 'flap.sol', 'frob.t.sol', 'tune.sol']
3,['flop.sol', 'flip.sol', 'transferFrom.sol', 'flip.t.sol', 'flop.t.sol', 'flap.sol', 'frob.t.sol', 'bite.sol']
2,['flop.sol', 'flip.sol', 'transferFrom.sol', 'flip.t.sol', 'flop.t.sol', 'flap.sol', 'tune.sol', 'bite.sol']
3,['flop.sol', 'flip.sol', 'transferFrom.sol', 'flip.t.sol', 'flop.t.sol', 'drip.sol', 'frob.t.sol', 'tune.sol']
2,['flop.sol', 'flip.sol', 'transferFrom.sol', 'flip.t.sol', 'flop.t.sol', 'drip.sol', 'frob.t.sol', 'bite.sol']
2,['flop.sol', 'flip.sol', 'transferFrom.sol', 'flip.t.sol', 'flop.t.sol', 'drip.sol', 'tune.sol', 'bite.sol']
3,['flop.sol', 'flip.sol', 'transferFrom.sol', 'flip.t.sol', 'flop.t.sol', 'frob.t.sol', 'tune.sol', 'bite.sol']
3,['flop.sol', 'flip.sol', 'transferFrom.sol', 'flip.t.sol', 'flap.t.sol', 'heal.sol', 'drip.t.sol', 'heal.t.sol']
2,['flop.sol', 'flip.sol', 'transferFrom.sol', 'flip.t.sol', 'flap.t.sol', 'heal.sol', 'drip.t.sol', 'flap.sol']
2,['flop.sol', 'flip.sol', 'transferFrom.sol', 'flip.t.sol', 'flap.t.sol', 'heal.sol', 'drip.t.sol', 'drip.sol']
2,['flop.sol', 'flip.sol', 'transferFrom.sol', 'flip.t.sol', 'flap.t.sol', 'heal.sol', 'drip.t.sol', 'frob.t.sol']
2,['flop.sol', 'flip.sol', 'transferFrom.sol', 'flip.t.sol', 'flap.t.sol', 'heal.sol', 'drip.t.sol', 'tune.sol']
2,['flop.sol', 'flip.sol', 'transferFrom.sol', 'flip.t.sol', 'flap.t.sol', 'heal.sol', 'drip.t.sol', 'bite.sol']
4,['flop.sol', 'flip.sol', 'transferFrom.sol', 'flip.t.sol', 'flap.t.sol', 'heal.sol', 'heal.t.sol', 'flap.sol']
3,['flop.sol', 'flip.sol', 'transferFrom.sol', 'flip.t.sol', 'flap.t.sol', 'heal.sol', 'heal.t.sol', 'drip.sol']
3,['flop.sol', 'flip.sol', 'transferFrom.sol', 'flip.t.sol', 'flap.t.sol', 'heal.sol', 'heal.t.sol', 'frob.t.sol']
3,['flop.sol', 'flip.sol', 'transferFrom.sol', 'flip.t.sol', 'flap.t.sol', 'heal.sol', 'heal.t.sol', 'tune.sol']
2,['flop.sol', 'flip.sol', 'transferFrom.sol', 'flip.t.sol', 'flap.t.sol', 'heal.sol', 'heal.t.sol', 'bite.sol']
4,['flop.sol', 'flip.sol', 'transferFrom.sol', 'flip.t.sol', 'flap.t.sol', 'heal.sol', 'flap.sol', 'drip.sol']
3,['flop.sol', 'flip.sol', 'transferFrom.sol', 'flip.t.sol', 'flap.t.sol', 'heal.sol', 'flap.sol', 'frob.t.sol']
2,['flop.sol', 'flip.sol', 'transferFrom.sol', 'flip.t.sol', 'flap.t.sol', 'heal.sol', 'flap.sol', 'tune.sol']
3,['flop.sol', 'flip.sol', 'transferFrom.sol', 'flip.t.sol', 'flap.t.sol', 'heal.sol', 'flap.sol', 'bite.sol']
2,['flop.sol', 'flip.sol', 'transferFrom.sol', 'flip.t.sol', 'flap.t.sol', 'heal.sol', 'drip.sol', 'frob.t.sol']
2,['flop.sol', 'flip.sol', 'transferFrom.sol', 'flip.t.sol', 'flap.t.sol', 'heal.sol', 'drip.sol', 'tune.sol']
3,['flop.sol', 'flip.sol', 'transferFrom.sol', 'flip.t.sol', 'flap.t.sol', 'heal.sol', 'drip.sol', 'bite.sol']
3,['flop.sol', 'flip.sol', 'transferFrom.sol', 'flip.t.sol', 'flap.t.sol', 'heal.sol', 'frob.t.sol', 'tune.sol']
3,['flop.sol', 'flip.sol', 'transferFrom.sol', 'flip.t.sol', 'flap.t.sol', 'heal.sol', 'frob.t.sol', 'bite.sol']
1,['flop.sol', 'flip.sol', 'transferFrom.sol', 'flip.t.sol', 'flap.t.sol', 'heal.sol', 'tune.sol', 'bite.sol']
3,['flop.sol', 'flip.sol', 'transferFrom.sol', 'flip.t.sol', 'flap.t.sol', 'drip.t.sol', 'heal.t.sol', 'flap.sol']
3,['flop.sol', 'flip.sol', 'transferFrom.sol', 'flip.t.sol', 'flap.t.sol', 'drip.t.sol', 'heal.t.sol', 'drip.sol']
2,['flop.sol', 'flip.sol', 'transferFrom.sol', 'flip.t.sol', 'flap.t.sol', 'drip.t.sol', 'heal.t.sol', 'frob.t.sol']
2,['flop.sol', 'flip.sol', 'transferFrom.sol', 'flip.t.sol', 'flap.t.sol', 'drip.t.sol', 'heal.t.sol', 'tune.sol']
3,['flop.sol', 'flip.sol', 'transferFrom.sol', 'flip.t.sol', 'flap.t.sol', 'drip.t.sol', 'heal.t.sol', 'bite.sol']
3,['flop.sol', 'flip.sol', 'transferFrom.sol', 'flip.t.sol', 'flap.t.sol', 'drip.t.sol', 'flap.sol', 'drip.sol']
2,['flop.sol', 'flip.sol', 'transferFrom.sol', 'flip.t.sol', 'flap.t.sol', 'drip.t.sol', 'flap.sol', 'frob.t.sol']
2,['flop.sol', 'flip.sol', 'transferFrom.sol', 'flip.t.sol', 'flap.t.sol', 'drip.t.sol', 'flap.sol', 'tune.sol']
2,['flop.sol', 'flip.sol', 'transferFrom.sol', 'flip.t.sol', 'flap.t.sol', 'drip.t.sol', 'flap.sol', 'bite.sol']
2,['flop.sol', 'flip.sol', 'transferFrom.sol', 'flip.t.sol', 'flap.t.sol', 'drip.t.sol', 'drip.sol', 'frob.t.sol']
2,['flop.sol', 'flip.sol', 'transferFrom.sol', 'flip.t.sol', 'flap.t.sol', 'drip.t.sol', 'drip.sol', 'tune.sol']
2,['flop.sol', 'flip.sol', 'transferFrom.sol', 'flip.t.sol', 'flap.t.sol', 'drip.t.sol', 'drip.sol', 'bite.sol']
2,['flop.sol', 'flip.sol', 'transferFrom.sol', 'flip.t.sol', 'flap.t.sol', 'drip.t.sol', 'frob.t.sol', 'tune.sol']
2,['flop.sol', 'flip.sol', 'transferFrom.sol', 'flip.t.sol', 'flap.t.sol', 'drip.t.sol', 'frob.t.sol', 'bite.sol']
2,['flop.sol', 'flip.sol', 'transferFrom.sol', 'flip.t.sol', 'flap.t.sol', 'drip.t.sol', 'tune.sol', 'bite.sol']
4,['flop.sol', 'flip.sol', 'transferFrom.sol', 'flip.t.sol', 'flap.t.sol', 'heal.t.sol', 'flap.sol', 'drip.sol']
3,['flop.sol', 'flip.sol', 'transferFrom.sol', 'flip.t.sol', 'flap.t.sol', 'heal.t.sol', 'flap.sol', 'frob.t.sol']
3,['flop.sol', 'flip.sol', 'transferFrom.sol', 'flip.t.sol', 'flap.t.sol', 'heal.t.sol', 'flap.sol', 'tune.sol']
4,['flop.sol', 'flip.sol', 'transferFrom.sol', 'flip.t.sol', 'flap.t.sol', 'heal.t.sol', 'flap.sol', 'bite.sol']
2,['flop.sol', 'flip.sol', 'transferFrom.sol', 'flip.t.sol', 'flap.t.sol', 'heal.t.sol', 'drip.sol', 'frob.t.sol']
3,['flop.sol', 'flip.sol', 'transferFrom.sol', 'flip.t.sol', 'flap.t.sol', 'heal.t.sol', 'drip.sol', 'tune.sol']
3,['flop.sol', 'flip.sol', 'transferFrom.sol', 'flip.t.sol', 'flap.t.sol', 'heal.t.sol', 'drip.sol', 'bite.sol']
3,['flop.sol', 'flip.sol', 'transferFrom.sol', 'flip.t.sol', 'flap.t.sol', 'heal.t.sol', 'frob.t.sol', 'tune.sol']
3,['flop.sol', 'flip.sol', 'transferFrom.sol', 'flip.t.sol', 'flap.t.sol', 'heal.t.sol', 'frob.t.sol', 'bite.sol']
3,['flop.sol', 'flip.sol', 'transferFrom.sol', 'flip.t.sol', 'flap.t.sol', 'heal.t.sol', 'tune.sol', 'bite.sol']
4,['flop.sol', 'flip.sol', 'transferFrom.sol', 'flip.t.sol', 'flap.t.sol', 'flap.sol', 'drip.sol', 'frob.t.sol']
2,['flop.sol', 'flip.sol', 'transferFrom.sol', 'flip.t.sol', 'flap.t.sol', 'flap.sol', 'drip.sol', 'tune.sol']
3,['flop.sol', 'flip.sol', 'transferFrom.sol', 'flip.t.sol', 'flap.t.sol', 'flap.sol', 'drip.sol', 'bite.sol']
4,['flop.sol', 'flip.sol', 'transferFrom.sol', 'flip.t.sol', 'flap.t.sol', 'flap.sol', 'frob.t.sol', 'tune.sol']
4,['flop.sol', 'flip.sol', 'transferFrom.sol', 'flip.t.sol', 'flap.t.sol', 'flap.sol', 'frob.t.sol', 'bite.sol']
2,['flop.sol', 'flip.sol', 'transferFrom.sol', 'flip.t.sol', 'flap.t.sol', 'flap.sol', 'tune.sol', 'bite.sol']
4,['flop.sol', 'flip.sol', 'transferFrom.sol', 'flip.t.sol', 'flap.t.sol', 'drip.sol', 'frob.t.sol', 'tune.sol']
2,['flop.sol', 'flip.sol', 'transferFrom.sol', 'flip.t.sol', 'flap.t.sol', 'drip.sol', 'frob.t.sol', 'bite.sol']
2,['flop.sol', 'flip.sol', 'transferFrom.sol', 'flip.t.sol', 'flap.t.sol', 'drip.sol', 'tune.sol', 'bite.sol']
3,['flop.sol', 'flip.sol', 'transferFrom.sol', 'flip.t.sol', 'flap.t.sol', 'frob.t.sol', 'tune.sol', 'bite.sol']
3,['flop.sol', 'flip.sol', 'transferFrom.sol', 'flip.t.sol', 'heal.sol', 'drip.t.sol', 'heal.t.sol', 'flap.sol']
2,['flop.sol', 'flip.sol', 'transferFrom.sol', 'flip.t.sol', 'heal.sol', 'drip.t.sol', 'heal.t.sol', 'drip.sol']
3,['flop.sol', 'flip.sol', 'transferFrom.sol', 'flip.t.sol', 'heal.sol', 'drip.t.sol', 'heal.t.sol', 'frob.t.sol']
2,['flop.sol', 'flip.sol', 'transferFrom.sol', 'flip.t.sol', 'heal.sol', 'drip.t.sol', 'heal.t.sol', 'tune.sol']
2,['flop.sol', 'flip.sol', 'transferFrom.sol', 'flip.t.sol', 'heal.sol', 'drip.t.sol', 'heal.t.sol', 'bite.sol']
2,['flop.sol', 'flip.sol', 'transferFrom.sol', 'flip.t.sol', 'heal.sol', 'drip.t.sol', 'flap.sol', 'drip.sol']
3,['flop.sol', 'flip.sol', 'transferFrom.sol', 'flip.t.sol', 'heal.sol', 'drip.t.sol', 'flap.sol', 'frob.t.sol']
2,['flop.sol', 'flip.sol', 'transferFrom.sol', 'flip.t.sol', 'heal.sol', 'drip.t.sol', 'flap.sol', 'tune.sol']
2,['flop.sol', 'flip.sol', 'transferFrom.sol', 'flip.t.sol', 'heal.sol', 'drip.t.sol', 'flap.sol', 'bite.sol']
5,['flop.sol', 'flip.sol', 'transferFrom.sol', 'flip.t.sol', 'heal.sol', 'drip.t.sol', 'drip.sol', 'frob.t.sol']
2,['flop.sol', 'flip.sol', 'transferFrom.sol', 'flip.t.sol', 'heal.sol', 'drip.t.sol', 'drip.sol', 'tune.sol']
2,['flop.sol', 'flip.sol', 'transferFrom.sol', 'flip.t.sol', 'heal.sol', 'drip.t.sol', 'drip.sol', 'bite.sol']
1,['flop.sol', 'flip.sol', 'transferFrom.sol', 'flip.t.sol', 'heal.sol', 'drip.t.sol', 'frob.t.sol', 'tune.sol']
4,['flop.sol', 'flip.sol', 'transferFrom.sol', 'flip.t.sol', 'heal.sol', 'drip.t.sol', 'frob.t.sol', 'bite.sol']
2,['flop.sol', 'flip.sol', 'transferFrom.sol', 'flip.t.sol', 'heal.sol', 'drip.t.sol', 'tune.sol', 'bite.sol']
3,['flop.sol', 'flip.sol', 'transferFrom.sol', 'flip.t.sol', 'heal.sol', 'heal.t.sol', 'flap.sol', 'drip.sol']
3,['flop.sol', 'flip.sol', 'transferFrom.sol', 'flip.t.sol', 'heal.sol', 'heal.t.sol', 'flap.sol', 'frob.t.sol']
3,['flop.sol', 'flip.sol', 'transferFrom.sol', 'flip.t.sol', 'heal.sol', 'heal.t.sol', 'flap.sol', 'tune.sol']
4,['flop.sol', 'flip.sol', 'transferFrom.sol', 'flip.t.sol', 'heal.sol', 'heal.t.sol', 'flap.sol', 'bite.sol']
2,['flop.sol', 'flip.sol', 'transferFrom.sol', 'flip.t.sol', 'heal.sol', 'heal.t.sol', 'drip.sol', 'frob.t.sol']
2,['flop.sol', 'flip.sol', 'transferFrom.sol', 'flip.t.sol', 'heal.sol', 'heal.t.sol', 'drip.sol', 'tune.sol']
2,['flop.sol', 'flip.sol', 'transferFrom.sol', 'flip.t.sol', 'heal.sol', 'heal.t.sol', 'drip.sol', 'bite.sol']
3,['flop.sol', 'flip.sol', 'transferFrom.sol', 'flip.t.sol', 'heal.sol', 'heal.t.sol', 'frob.t.sol', 'tune.sol']
3,['flop.sol', 'flip.sol', 'transferFrom.sol', 'flip.t.sol', 'heal.sol', 'heal.t.sol', 'frob.t.sol', 'bite.sol']
3,['flop.sol', 'flip.sol', 'transferFrom.sol', 'flip.t.sol', 'heal.sol', 'heal.t.sol', 'tune.sol', 'bite.sol']
3,['flop.sol', 'flip.sol', 'transferFrom.sol', 'flip.t.sol', 'heal.sol', 'flap.sol', 'drip.sol', 'frob.t.sol']
2,['flop.sol', 'flip.sol', 'transferFrom.sol', 'flip.t.sol', 'heal.sol', 'flap.sol', 'drip.sol', 'tune.sol']
2,['flop.sol', 'flip.sol', 'transferFrom.sol', 'flip.t.sol', 'heal.sol', 'flap.sol', 'drip.sol', 'bite.sol']
4,['flop.sol', 'flip.sol', 'transferFrom.sol', 'flip.t.sol', 'heal.sol', 'flap.sol', 'frob.t.sol', 'tune.sol']
4,['flop.sol', 'flip.sol', 'transferFrom.sol', 'flip.t.sol', 'heal.sol', 'flap.sol', 'frob.t.sol', 'bite.sol']
2,['flop.sol', 'flip.sol', 'transferFrom.sol', 'flip.t.sol', 'heal.sol', 'flap.sol', 'tune.sol', 'bite.sol']
2,['flop.sol', 'flip.sol', 'transferFrom.sol', 'flip.t.sol', 'heal.sol', 'drip.sol', 'frob.t.sol', 'tune.sol']
4,['flop.sol', 'flip.sol', 'transferFrom.sol', 'flip.t.sol', 'heal.sol', 'drip.sol', 'frob.t.sol', 'bite.sol']
2,['flop.sol', 'flip.sol', 'transferFrom.sol', 'flip.t.sol', 'heal.sol', 'drip.sol', 'tune.sol', 'bite.sol']
2,['flop.sol', 'flip.sol', 'transferFrom.sol', 'flip.t.sol', 'heal.sol', 'frob.t.sol', 'tune.sol', 'bite.sol']
2,['flop.sol', 'flip.sol', 'transferFrom.sol', 'flip.t.sol', 'drip.t.sol', 'heal.t.sol', 'flap.sol', 'drip.sol']
2,['flop.sol', 'flip.sol', 'transferFrom.sol', 'flip.t.sol', 'drip.t.sol', 'heal.t.sol', 'flap.sol', 'frob.t.sol']
2,['flop.sol', 'flip.sol', 'transferFrom.sol', 'flip.t.sol', 'drip.t.sol', 'heal.t.sol', 'flap.sol', 'tune.sol']
2,['flop.sol', 'flip.sol', 'transferFrom.sol', 'flip.t.sol', 'drip.t.sol', 'heal.t.sol', 'flap.sol', 'bite.sol']
3,['flop.sol', 'flip.sol', 'transferFrom.sol', 'flip.t.sol', 'drip.t.sol', 'heal.t.sol', 'drip.sol', 'frob.t.sol']
2,['flop.sol', 'flip.sol', 'transferFrom.sol', 'flip.t.sol', 'drip.t.sol', 'heal.t.sol', 'drip.sol', 'tune.sol']
2,['flop.sol', 'flip.sol', 'transferFrom.sol', 'flip.t.sol', 'drip.t.sol', 'heal.t.sol', 'drip.sol', 'bite.sol']
2,['flop.sol', 'flip.sol', 'transferFrom.sol', 'flip.t.sol', 'drip.t.sol', 'heal.t.sol', 'frob.t.sol', 'tune.sol']
2,['flop.sol', 'flip.sol', 'transferFrom.sol', 'flip.t.sol', 'drip.t.sol', 'heal.t.sol', 'frob.t.sol', 'bite.sol']
2,['flop.sol', 'flip.sol', 'transferFrom.sol', 'flip.t.sol', 'drip.t.sol', 'heal.t.sol', 'tune.sol', 'bite.sol']
3,['flop.sol', 'flip.sol', 'transferFrom.sol', 'flip.t.sol', 'drip.t.sol', 'flap.sol', 'drip.sol', 'frob.t.sol']
2,['flop.sol', 'flip.sol', 'transferFrom.sol', 'flip.t.sol', 'drip.t.sol', 'flap.sol', 'drip.sol', 'tune.sol']
2,['flop.sol', 'flip.sol', 'transferFrom.sol', 'flip.t.sol', 'drip.t.sol', 'flap.sol', 'drip.sol', 'bite.sol']
2,['flop.sol', 'flip.sol', 'transferFrom.sol', 'flip.t.sol', 'drip.t.sol', 'flap.sol', 'frob.t.sol', 'tune.sol']
3,['flop.sol', 'flip.sol', 'transferFrom.sol', 'flip.t.sol', 'drip.t.sol', 'flap.sol', 'frob.t.sol', 'bite.sol']
2,['flop.sol', 'flip.sol', 'transferFrom.sol', 'flip.t.sol', 'drip.t.sol', 'flap.sol', 'tune.sol', 'bite.sol']
2,['flop.sol', 'flip.sol', 'transferFrom.sol', 'flip.t.sol', 'drip.t.sol', 'drip.sol', 'frob.t.sol', 'tune.sol']
4,['flop.sol', 'flip.sol', 'transferFrom.sol', 'flip.t.sol', 'drip.t.sol', 'drip.sol', 'frob.t.sol', 'bite.sol']
2,['flop.sol', 'flip.sol', 'transferFrom.sol', 'flip.t.sol', 'drip.t.sol', 'drip.sol', 'tune.sol', 'bite.sol']
1,['flop.sol', 'flip.sol', 'transferFrom.sol', 'flip.t.sol', 'drip.t.sol', 'frob.t.sol', 'tune.sol', 'bite.sol']
2,['flop.sol', 'flip.sol', 'transferFrom.sol', 'flip.t.sol', 'heal.t.sol', 'flap.sol', 'drip.sol', 'frob.t.sol']
3,['flop.sol', 'flip.sol', 'transferFrom.sol', 'flip.t.sol', 'heal.t.sol', 'flap.sol', 'drip.sol', 'tune.sol']
2,['flop.sol', 'flip.sol', 'transferFrom.sol', 'flip.t.sol', 'heal.t.sol', 'flap.sol', 'drip.sol', 'bite.sol']
3,['flop.sol', 'flip.sol', 'transferFrom.sol', 'flip.t.sol', 'heal.t.sol', 'flap.sol', 'frob.t.sol', 'tune.sol']
3,['flop.sol', 'flip.sol', 'transferFrom.sol', 'flip.t.sol', 'heal.t.sol', 'flap.sol', 'frob.t.sol', 'bite.sol']
3,['flop.sol', 'flip.sol', 'transferFrom.sol', 'flip.t.sol', 'heal.t.sol', 'flap.sol', 'tune.sol', 'bite.sol']
2,['flop.sol', 'flip.sol', 'transferFrom.sol', 'flip.t.sol', 'heal.t.sol', 'drip.sol', 'frob.t.sol', 'tune.sol']
2,['flop.sol', 'flip.sol', 'transferFrom.sol', 'flip.t.sol', 'heal.t.sol', 'drip.sol', 'frob.t.sol', 'bite.sol']
2,['flop.sol', 'flip.sol', 'transferFrom.sol', 'flip.t.sol', 'heal.t.sol', 'drip.sol', 'tune.sol', 'bite.sol']
3,['flop.sol', 'flip.sol', 'transferFrom.sol', 'flip.t.sol', 'heal.t.sol', 'frob.t.sol', 'tune.sol', 'bite.sol']
3,['flop.sol', 'flip.sol', 'transferFrom.sol', 'flip.t.sol', 'flap.sol', 'drip.sol', 'frob.t.sol', 'tune.sol']
3,['flop.sol', 'flip.sol', 'transferFrom.sol', 'flip.t.sol', 'flap.sol', 'drip.sol', 'frob.t.sol', 'bite.sol']
2,['flop.sol', 'flip.sol', 'transferFrom.sol', 'flip.t.sol', 'flap.sol', 'drip.sol', 'tune.sol', 'bite.sol']
3,['flop.sol', 'flip.sol', 'transferFrom.sol', 'flip.t.sol', 'flap.sol', 'frob.t.sol', 'tune.sol', 'bite.sol']
2,['flop.sol', 'flip.sol', 'transferFrom.sol', 'flip.t.sol', 'drip.sol', 'frob.t.sol', 'tune.sol', 'bite.sol']
3,['flop.sol', 'flip.sol', 'transferFrom.sol', 'flop.t.sol', 'flap.t.sol', 'heal.sol', 'drip.t.sol', 'heal.t.sol']
3,['flop.sol', 'flip.sol', 'transferFrom.sol', 'flop.t.sol', 'flap.t.sol', 'heal.sol', 'drip.t.sol', 'flap.sol']
3,['flop.sol', 'flip.sol', 'transferFrom.sol', 'flop.t.sol', 'flap.t.sol', 'heal.sol', 'drip.t.sol', 'drip.sol']
3,['flop.sol', 'flip.sol', 'transferFrom.sol', 'flop.t.sol', 'flap.t.sol', 'heal.sol', 'drip.t.sol', 'frob.t.sol']
2,['flop.sol', 'flip.sol', 'transferFrom.sol', 'flop.t.sol', 'flap.t.sol', 'heal.sol', 'drip.t.sol', 'tune.sol']
2,['flop.sol', 'flip.sol', 'transferFrom.sol', 'flop.t.sol', 'flap.t.sol', 'heal.sol', 'drip.t.sol', 'bite.sol']
4,['flop.sol', 'flip.sol', 'transferFrom.sol', 'flop.t.sol', 'flap.t.sol', 'heal.sol', 'heal.t.sol', 'flap.sol']
3,['flop.sol', 'flip.sol', 'transferFrom.sol', 'flop.t.sol', 'flap.t.sol', 'heal.sol', 'heal.t.sol', 'drip.sol']
3,['flop.sol', 'flip.sol', 'transferFrom.sol', 'flop.t.sol', 'flap.t.sol', 'heal.sol', 'heal.t.sol', 'frob.t.sol']
4,['flop.sol', 'flip.sol', 'transferFrom.sol', 'flop.t.sol', 'flap.t.sol', 'heal.sol', 'heal.t.sol', 'tune.sol']
4,['flop.sol', 'flip.sol', 'transferFrom.sol', 'flop.t.sol', 'flap.t.sol', 'heal.sol', 'heal.t.sol', 'bite.sol']
3,['flop.sol', 'flip.sol', 'transferFrom.sol', 'flop.t.sol', 'flap.t.sol', 'heal.sol', 'flap.sol', 'drip.sol']
4,['flop.sol', 'flip.sol', 'transferFrom.sol', 'flop.t.sol', 'flap.t.sol', 'heal.sol', 'flap.sol', 'frob.t.sol']
3,['flop.sol', 'flip.sol', 'transferFrom.sol', 'flop.t.sol', 'flap.t.sol', 'heal.sol', 'flap.sol', 'tune.sol']
3,['flop.sol', 'flip.sol', 'transferFrom.sol', 'flop.t.sol', 'flap.t.sol', 'heal.sol', 'flap.sol', 'bite.sol']
3,['flop.sol', 'flip.sol', 'transferFrom.sol', 'flop.t.sol', 'flap.t.sol', 'heal.sol', 'drip.sol', 'frob.t.sol']
2,['flop.sol', 'flip.sol', 'transferFrom.sol', 'flop.t.sol', 'flap.t.sol', 'heal.sol', 'drip.sol', 'tune.sol']
3,['flop.sol', 'flip.sol', 'transferFrom.sol', 'flop.t.sol', 'flap.t.sol', 'heal.sol', 'drip.sol', 'bite.sol']
3,['flop.sol', 'flip.sol', 'transferFrom.sol', 'flop.t.sol', 'flap.t.sol', 'heal.sol', 'frob.t.sol', 'tune.sol']
4,['flop.sol', 'flip.sol', 'transferFrom.sol', 'flop.t.sol', 'flap.t.sol', 'heal.sol', 'frob.t.sol', 'bite.sol']
2,['flop.sol', 'flip.sol', 'transferFrom.sol', 'flop.t.sol', 'flap.t.sol', 'heal.sol', 'tune.sol', 'bite.sol']
3,['flop.sol', 'flip.sol', 'transferFrom.sol', 'flop.t.sol', 'flap.t.sol', 'drip.t.sol', 'heal.t.sol', 'flap.sol']
3,['flop.sol', 'flip.sol', 'transferFrom.sol', 'flop.t.sol', 'flap.t.sol', 'drip.t.sol', 'heal.t.sol', 'drip.sol']
2,['flop.sol', 'flip.sol', 'transferFrom.sol', 'flop.t.sol', 'flap.t.sol', 'drip.t.sol', 'heal.t.sol', 'frob.t.sol']
2,['flop.sol', 'flip.sol', 'transferFrom.sol', 'flop.t.sol', 'flap.t.sol', 'drip.t.sol', 'heal.t.sol', 'tune.sol']
3,['flop.sol', 'flip.sol', 'transferFrom.sol', 'flop.t.sol', 'flap.t.sol', 'drip.t.sol', 'heal.t.sol', 'bite.sol']
4,['flop.sol', 'flip.sol', 'transferFrom.sol', 'flop.t.sol', 'flap.t.sol', 'drip.t.sol', 'flap.sol', 'drip.sol']
3,['flop.sol', 'flip.sol', 'transferFrom.sol', 'flop.t.sol', 'flap.t.sol', 'drip.t.sol', 'flap.sol', 'frob.t.sol']
3,['flop.sol', 'flip.sol', 'transferFrom.sol', 'flop.t.sol', 'flap.t.sol', 'drip.t.sol', 'flap.sol', 'tune.sol']
2,['flop.sol', 'flip.sol', 'transferFrom.sol', 'flop.t.sol', 'flap.t.sol', 'drip.t.sol', 'flap.sol', 'bite.sol']
3,['flop.sol', 'flip.sol', 'transferFrom.sol', 'flop.t.sol', 'flap.t.sol', 'drip.t.sol', 'drip.sol', 'frob.t.sol']
2,['flop.sol', 'flip.sol', 'transferFrom.sol', 'flop.t.sol', 'flap.t.sol', 'drip.t.sol', 'drip.sol', 'tune.sol']
2,['flop.sol', 'flip.sol', 'transferFrom.sol', 'flop.t.sol', 'flap.t.sol', 'drip.t.sol', 'drip.sol', 'bite.sol']
3,['flop.sol', 'flip.sol', 'transferFrom.sol', 'flop.t.sol', 'flap.t.sol', 'drip.t.sol', 'frob.t.sol', 'tune.sol']
3,['flop.sol', 'flip.sol', 'transferFrom.sol', 'flop.t.sol', 'flap.t.sol', 'drip.t.sol', 'frob.t.sol', 'bite.sol']
2,['flop.sol', 'flip.sol', 'transferFrom.sol', 'flop.t.sol', 'flap.t.sol', 'drip.t.sol', 'tune.sol', 'bite.sol']
3,['flop.sol', 'flip.sol', 'transferFrom.sol', 'flop.t.sol', 'flap.t.sol', 'heal.t.sol', 'flap.sol', 'drip.sol']
3,['flop.sol', 'flip.sol', 'transferFrom.sol', 'flop.t.sol', 'flap.t.sol', 'heal.t.sol', 'flap.sol', 'frob.t.sol']
4,['flop.sol', 'flip.sol', 'transferFrom.sol', 'flop.t.sol', 'flap.t.sol', 'heal.t.sol', 'flap.sol', 'tune.sol']
4,['flop.sol', 'flip.sol', 'transferFrom.sol', 'flop.t.sol', 'flap.t.sol', 'heal.t.sol', 'flap.sol', 'bite.sol']
2,['flop.sol', 'flip.sol', 'transferFrom.sol', 'flop.t.sol', 'flap.t.sol', 'heal.t.sol', 'drip.sol', 'frob.t.sol']
2,['flop.sol', 'flip.sol', 'transferFrom.sol', 'flop.t.sol', 'flap.t.sol', 'heal.t.sol', 'drip.sol', 'tune.sol']
3,['flop.sol', 'flip.sol', 'transferFrom.sol', 'flop.t.sol', 'flap.t.sol', 'heal.t.sol', 'drip.sol', 'bite.sol']
3,['flop.sol', 'flip.sol', 'transferFrom.sol', 'flop.t.sol', 'flap.t.sol', 'heal.t.sol', 'frob.t.sol', 'tune.sol']
3,['flop.sol', 'flip.sol', 'transferFrom.sol', 'flop.t.sol', 'flap.t.sol', 'heal.t.sol', 'frob.t.sol', 'bite.sol']
3,['flop.sol', 'flip.sol', 'transferFrom.sol', 'flop.t.sol', 'flap.t.sol', 'heal.t.sol', 'tune.sol', 'bite.sol']
3,['flop.sol', 'flip.sol', 'transferFrom.sol', 'flop.t.sol', 'flap.t.sol', 'flap.sol', 'drip.sol', 'frob.t.sol']
3,['flop.sol', 'flip.sol', 'transferFrom.sol', 'flop.t.sol', 'flap.t.sol', 'flap.sol', 'drip.sol', 'tune.sol']
4,['flop.sol', 'flip.sol', 'transferFrom.sol', 'flop.t.sol', 'flap.t.sol', 'flap.sol', 'drip.sol', 'bite.sol']
3,['flop.sol', 'flip.sol', 'transferFrom.sol', 'flop.t.sol', 'flap.t.sol', 'flap.sol', 'frob.t.sol', 'tune.sol']
4,['flop.sol', 'flip.sol', 'transferFrom.sol', 'flop.t.sol', 'flap.t.sol', 'flap.sol', 'frob.t.sol', 'bite.sol']
2,['flop.sol', 'flip.sol', 'transferFrom.sol', 'flop.t.sol', 'flap.t.sol', 'flap.sol', 'tune.sol', 'bite.sol']
2,['flop.sol', 'flip.sol', 'transferFrom.sol', 'flop.t.sol', 'flap.t.sol', 'drip.sol', 'frob.t.sol', 'tune.sol']
3,['flop.sol', 'flip.sol', 'transferFrom.sol', 'flop.t.sol', 'flap.t.sol', 'drip.sol', 'frob.t.sol', 'bite.sol']
3,['flop.sol', 'flip.sol', 'transferFrom.sol', 'flop.t.sol', 'flap.t.sol', 'drip.sol', 'tune.sol', 'bite.sol']
3,['flop.sol', 'flip.sol', 'transferFrom.sol', 'flop.t.sol', 'flap.t.sol', 'frob.t.sol', 'tune.sol', 'bite.sol']
4,['flop.sol', 'flip.sol', 'transferFrom.sol', 'flop.t.sol', 'heal.sol', 'drip.t.sol', 'heal.t.sol', 'flap.sol']
4,['flop.sol', 'flip.sol', 'transferFrom.sol', 'flop.t.sol', 'heal.sol', 'drip.t.sol', 'heal.t.sol', 'drip.sol']
2,['flop.sol', 'flip.sol', 'transferFrom.sol', 'flop.t.sol', 'heal.sol', 'drip.t.sol', 'heal.t.sol', 'frob.t.sol']
2,['flop.sol', 'flip.sol', 'transferFrom.sol', 'flop.t.sol', 'heal.sol', 'drip.t.sol', 'heal.t.sol', 'tune.sol']
4,['flop.sol', 'flip.sol', 'transferFrom.sol', 'flop.t.sol', 'heal.sol', 'drip.t.sol', 'heal.t.sol', 'bite.sol']
2,['flop.sol', 'flip.sol', 'transferFrom.sol', 'flop.t.sol', 'heal.sol', 'drip.t.sol', 'flap.sol', 'drip.sol']
2,['flop.sol', 'flip.sol', 'transferFrom.sol', 'flop.t.sol', 'heal.sol', 'drip.t.sol', 'flap.sol', 'frob.t.sol']
2,['flop.sol', 'flip.sol', 'transferFrom.sol', 'flop.t.sol', 'heal.sol', 'drip.t.sol', 'flap.sol', 'tune.sol']
2,['flop.sol', 'flip.sol', 'transferFrom.sol', 'flop.t.sol', 'heal.sol', 'drip.t.sol', 'flap.sol', 'bite.sol']
3,['flop.sol', 'flip.sol', 'transferFrom.sol', 'flop.t.sol', 'heal.sol', 'drip.t.sol', 'drip.sol', 'frob.t.sol']
2,['flop.sol', 'flip.sol', 'transferFrom.sol', 'flop.t.sol', 'heal.sol', 'drip.t.sol', 'drip.sol', 'tune.sol']
2,['flop.sol', 'flip.sol', 'transferFrom.sol', 'flop.t.sol', 'heal.sol', 'drip.t.sol', 'drip.sol', 'bite.sol']
2,['flop.sol', 'flip.sol', 'transferFrom.sol', 'flop.t.sol', 'heal.sol', 'drip.t.sol', 'frob.t.sol', 'tune.sol']
3,['flop.sol', 'flip.sol', 'transferFrom.sol', 'flop.t.sol', 'heal.sol', 'drip.t.sol', 'frob.t.sol', 'bite.sol']
1,['flop.sol', 'flip.sol', 'transferFrom.sol', 'flop.t.sol', 'heal.sol', 'drip.t.sol', 'tune.sol', 'bite.sol']
4,['flop.sol', 'flip.sol', 'transferFrom.sol', 'flop.t.sol', 'heal.sol', 'heal.t.sol', 'flap.sol', 'drip.sol']
3,['flop.sol', 'flip.sol', 'transferFrom.sol', 'flop.t.sol', 'heal.sol', 'heal.t.sol', 'flap.sol', 'frob.t.sol']
3,['flop.sol', 'flip.sol', 'transferFrom.sol', 'flop.t.sol', 'heal.sol', 'heal.t.sol', 'flap.sol', 'tune.sol']
5,['flop.sol', 'flip.sol', 'transferFrom.sol', 'flop.t.sol', 'heal.sol', 'heal.t.sol', 'flap.sol', 'bite.sol']
2,['flop.sol', 'flip.sol', 'transferFrom.sol', 'flop.t.sol', 'heal.sol', 'heal.t.sol', 'drip.sol', 'frob.t.sol']
2,['flop.sol', 'flip.sol', 'transferFrom.sol', 'flop.t.sol', 'heal.sol', 'heal.t.sol', 'drip.sol', 'tune.sol']
4,['flop.sol', 'flip.sol', 'transferFrom.sol', 'flop.t.sol', 'heal.sol', 'heal.t.sol', 'drip.sol', 'bite.sol']
3,['flop.sol', 'flip.sol', 'transferFrom.sol', 'flop.t.sol', 'heal.sol', 'heal.t.sol', 'frob.t.sol', 'tune.sol']
3,['flop.sol', 'flip.sol', 'transferFrom.sol', 'flop.t.sol', 'heal.sol', 'heal.t.sol', 'frob.t.sol', 'bite.sol']
3,['flop.sol', 'flip.sol', 'transferFrom.sol', 'flop.t.sol', 'heal.sol', 'heal.t.sol', 'tune.sol', 'bite.sol']
2,['flop.sol', 'flip.sol', 'transferFrom.sol', 'flop.t.sol', 'heal.sol', 'flap.sol', 'drip.sol', 'frob.t.sol']
2,['flop.sol', 'flip.sol', 'transferFrom.sol', 'flop.t.sol', 'heal.sol', 'flap.sol', 'drip.sol', 'tune.sol']
1,['flop.sol', 'flip.sol', 'transferFrom.sol', 'flop.t.sol', 'heal.sol', 'flap.sol', 'drip.sol', 'bite.sol']
3,['flop.sol', 'flip.sol', 'transferFrom.sol', 'flop.t.sol', 'heal.sol', 'flap.sol', 'frob.t.sol', 'tune.sol']
3,['flop.sol', 'flip.sol', 'transferFrom.sol', 'flop.t.sol', 'heal.sol', 'flap.sol', 'frob.t.sol', 'bite.sol']
2,['flop.sol', 'flip.sol', 'transferFrom.sol', 'flop.t.sol', 'heal.sol', 'flap.sol', 'tune.sol', 'bite.sol']
2,['flop.sol', 'flip.sol', 'transferFrom.sol', 'flop.t.sol', 'heal.sol', 'drip.sol', 'frob.t.sol', 'tune.sol']
2,['flop.sol', 'flip.sol', 'transferFrom.sol', 'flop.t.sol', 'heal.sol', 'drip.sol', 'frob.t.sol', 'bite.sol']
2,['flop.sol', 'flip.sol', 'transferFrom.sol', 'flop.t.sol', 'heal.sol', 'drip.sol', 'tune.sol', 'bite.sol']
3,['flop.sol', 'flip.sol', 'transferFrom.sol', 'flop.t.sol', 'heal.sol', 'frob.t.sol', 'tune.sol', 'bite.sol']
4,['flop.sol', 'flip.sol', 'transferFrom.sol', 'flop.t.sol', 'drip.t.sol', 'heal.t.sol', 'flap.sol', 'drip.sol']
2,['flop.sol', 'flip.sol', 'transferFrom.sol', 'flop.t.sol', 'drip.t.sol', 'heal.t.sol', 'flap.sol', 'frob.t.sol']
2,['flop.sol', 'flip.sol', 'transferFrom.sol', 'flop.t.sol', 'drip.t.sol', 'heal.t.sol', 'flap.sol', 'tune.sol']
4,['flop.sol', 'flip.sol', 'transferFrom.sol', 'flop.t.sol', 'drip.t.sol', 'heal.t.sol', 'flap.sol', 'bite.sol']
2,['flop.sol', 'flip.sol', 'transferFrom.sol', 'flop.t.sol', 'drip.t.sol', 'heal.t.sol', 'drip.sol', 'frob.t.sol']
2,['flop.sol', 'flip.sol', 'transferFrom.sol', 'flop.t.sol', 'drip.t.sol', 'heal.t.sol', 'drip.sol', 'tune.sol']
3,['flop.sol', 'flip.sol', 'transferFrom.sol', 'flop.t.sol', 'drip.t.sol', 'heal.t.sol', 'drip.sol', 'bite.sol']
2,['flop.sol', 'flip.sol', 'transferFrom.sol', 'flop.t.sol', 'drip.t.sol', 'heal.t.sol', 'frob.t.sol', 'tune.sol']
2,['flop.sol', 'flip.sol', 'transferFrom.sol', 'flop.t.sol', 'drip.t.sol', 'heal.t.sol', 'frob.t.sol', 'bite.sol']
2,['flop.sol', 'flip.sol', 'transferFrom.sol', 'flop.t.sol', 'drip.t.sol', 'heal.t.sol', 'tune.sol', 'bite.sol']
2,['flop.sol', 'flip.sol', 'transferFrom.sol', 'flop.t.sol', 'drip.t.sol', 'flap.sol', 'drip.sol', 'frob.t.sol']
3,['flop.sol', 'flip.sol', 'transferFrom.sol', 'flop.t.sol', 'drip.t.sol', 'flap.sol', 'drip.sol', 'tune.sol']
4,['flop.sol', 'flip.sol', 'transferFrom.sol', 'flop.t.sol', 'drip.t.sol', 'flap.sol', 'drip.sol', 'bite.sol']
2,['flop.sol', 'flip.sol', 'transferFrom.sol', 'flop.t.sol', 'drip.t.sol', 'flap.sol', 'frob.t.sol', 'tune.sol']
2,['flop.sol', 'flip.sol', 'transferFrom.sol', 'flop.t.sol', 'drip.t.sol', 'flap.sol', 'frob.t.sol', 'bite.sol']
2,['flop.sol', 'flip.sol', 'transferFrom.sol', 'flop.t.sol', 'drip.t.sol', 'flap.sol', 'tune.sol', 'bite.sol']
2,['flop.sol', 'flip.sol', 'transferFrom.sol', 'flop.t.sol', 'drip.t.sol', 'drip.sol', 'frob.t.sol', 'tune.sol']
3,['flop.sol', 'flip.sol', 'transferFrom.sol', 'flop.t.sol', 'drip.t.sol', 'drip.sol', 'frob.t.sol', 'bite.sol']
2,['flop.sol', 'flip.sol', 'transferFrom.sol', 'flop.t.sol', 'drip.t.sol', 'drip.sol', 'tune.sol', 'bite.sol']
2,['flop.sol', 'flip.sol', 'transferFrom.sol', 'flop.t.sol', 'drip.t.sol', 'frob.t.sol', 'tune.sol', 'bite.sol']
2,['flop.sol', 'flip.sol', 'transferFrom.sol', 'flop.t.sol', 'heal.t.sol', 'flap.sol', 'drip.sol', 'frob.t.sol']
2,['flop.sol', 'flip.sol', 'transferFrom.sol', 'flop.t.sol', 'heal.t.sol', 'flap.sol', 'drip.sol', 'tune.sol']
4,['flop.sol', 'flip.sol', 'transferFrom.sol', 'flop.t.sol', 'heal.t.sol', 'flap.sol', 'drip.sol', 'bite.sol']
3,['flop.sol', 'flip.sol', 'transferFrom.sol', 'flop.t.sol', 'heal.t.sol', 'flap.sol', 'frob.t.sol', 'tune.sol']
3,['flop.sol', 'flip.sol', 'transferFrom.sol', 'flop.t.sol', 'heal.t.sol', 'flap.sol', 'frob.t.sol', 'bite.sol']
3,['flop.sol', 'flip.sol', 'transferFrom.sol', 'flop.t.sol', 'heal.t.sol', 'flap.sol', 'tune.sol', 'bite.sol']
2,['flop.sol', 'flip.sol', 'transferFrom.sol', 'flop.t.sol', 'heal.t.sol', 'drip.sol', 'frob.t.sol', 'tune.sol']
2,['flop.sol', 'flip.sol', 'transferFrom.sol', 'flop.t.sol', 'heal.t.sol', 'drip.sol', 'frob.t.sol', 'bite.sol']
2,['flop.sol', 'flip.sol', 'transferFrom.sol', 'flop.t.sol', 'heal.t.sol', 'drip.sol', 'tune.sol', 'bite.sol']
3,['flop.sol', 'flip.sol', 'transferFrom.sol', 'flop.t.sol', 'heal.t.sol', 'frob.t.sol', 'tune.sol', 'bite.sol']
3,['flop.sol', 'flip.sol', 'transferFrom.sol', 'flop.t.sol', 'flap.sol', 'drip.sol', 'frob.t.sol', 'tune.sol']
2,['flop.sol', 'flip.sol', 'transferFrom.sol', 'flop.t.sol', 'flap.sol', 'drip.sol', 'frob.t.sol', 'bite.sol']
2,['flop.sol', 'flip.sol', 'transferFrom.sol', 'flop.t.sol', 'flap.sol', 'drip.sol', 'tune.sol', 'bite.sol']
3,['flop.sol', 'flip.sol', 'transferFrom.sol', 'flop.t.sol', 'flap.sol', 'frob.t.sol', 'tune.sol', 'bite.sol']
2,['flop.sol', 'flip.sol', 'transferFrom.sol', 'flop.t.sol', 'drip.sol', 'frob.t.sol', 'tune.sol', 'bite.sol']
4,['flop.sol', 'flip.sol', 'transferFrom.sol', 'flap.t.sol', 'heal.sol', 'drip.t.sol', 'heal.t.sol', 'flap.sol']
4,['flop.sol', 'flip.sol', 'transferFrom.sol', 'flap.t.sol', 'heal.sol', 'drip.t.sol', 'heal.t.sol', 'drip.sol']
2,['flop.sol', 'flip.sol', 'transferFrom.sol', 'flap.t.sol', 'heal.sol', 'drip.t.sol', 'heal.t.sol', 'frob.t.sol']
2,['flop.sol', 'flip.sol', 'transferFrom.sol', 'flap.t.sol', 'heal.sol', 'drip.t.sol', 'heal.t.sol', 'tune.sol']
4,['flop.sol', 'flip.sol', 'transferFrom.sol', 'flap.t.sol', 'heal.sol', 'drip.t.sol', 'heal.t.sol', 'bite.sol']
2,['flop.sol', 'flip.sol', 'transferFrom.sol', 'flap.t.sol', 'heal.sol', 'drip.t.sol', 'flap.sol', 'drip.sol']
2,['flop.sol', 'flip.sol', 'transferFrom.sol', 'flap.t.sol', 'heal.sol', 'drip.t.sol', 'flap.sol', 'frob.t.sol']
1,['flop.sol', 'flip.sol', 'transferFrom.sol', 'flap.t.sol', 'heal.sol', 'drip.t.sol', 'flap.sol', 'tune.sol']
2,['flop.sol', 'flip.sol', 'transferFrom.sol', 'flap.t.sol', 'heal.sol', 'drip.t.sol', 'flap.sol', 'bite.sol']
3,['flop.sol', 'flip.sol', 'transferFrom.sol', 'flap.t.sol', 'heal.sol', 'drip.t.sol', 'drip.sol', 'frob.t.sol']
2,['flop.sol', 'flip.sol', 'transferFrom.sol', 'flap.t.sol', 'heal.sol', 'drip.t.sol', 'drip.sol', 'tune.sol']
2,['flop.sol', 'flip.sol', 'transferFrom.sol', 'flap.t.sol', 'heal.sol', 'drip.t.sol', 'drip.sol', 'bite.sol']
2,['flop.sol', 'flip.sol', 'transferFrom.sol', 'flap.t.sol', 'heal.sol', 'drip.t.sol', 'frob.t.sol', 'tune.sol']
2,['flop.sol', 'flip.sol', 'transferFrom.sol', 'flap.t.sol', 'heal.sol', 'drip.t.sol', 'frob.t.sol', 'bite.sol']
1,['flop.sol', 'flip.sol', 'transferFrom.sol', 'flap.t.sol', 'heal.sol', 'drip.t.sol', 'tune.sol', 'bite.sol']
4,['flop.sol', 'flip.sol', 'transferFrom.sol', 'flap.t.sol', 'heal.sol', 'heal.t.sol', 'flap.sol', 'drip.sol']
3,['flop.sol', 'flip.sol', 'transferFrom.sol', 'flap.t.sol', 'heal.sol', 'heal.t.sol', 'flap.sol', 'frob.t.sol']
3,['flop.sol', 'flip.sol', 'transferFrom.sol', 'flap.t.sol', 'heal.sol', 'heal.t.sol', 'flap.sol', 'tune.sol']
5,['flop.sol', 'flip.sol', 'transferFrom.sol', 'flap.t.sol', 'heal.sol', 'heal.t.sol', 'flap.sol', 'bite.sol']
2,['flop.sol', 'flip.sol', 'transferFrom.sol', 'flap.t.sol', 'heal.sol', 'heal.t.sol', 'drip.sol', 'frob.t.sol']
2,['flop.sol', 'flip.sol', 'transferFrom.sol', 'flap.t.sol', 'heal.sol', 'heal.t.sol', 'drip.sol', 'tune.sol']
4,['flop.sol', 'flip.sol', 'transferFrom.sol', 'flap.t.sol', 'heal.sol', 'heal.t.sol', 'drip.sol', 'bite.sol']
3,['flop.sol', 'flip.sol', 'transferFrom.sol', 'flap.t.sol', 'heal.sol', 'heal.t.sol', 'frob.t.sol', 'tune.sol']
3,['flop.sol', 'flip.sol', 'transferFrom.sol', 'flap.t.sol', 'heal.sol', 'heal.t.sol', 'frob.t.sol', 'bite.sol']
3,['flop.sol', 'flip.sol', 'transferFrom.sol', 'flap.t.sol', 'heal.sol', 'heal.t.sol', 'tune.sol', 'bite.sol']
2,['flop.sol', 'flip.sol', 'transferFrom.sol', 'flap.t.sol', 'heal.sol', 'flap.sol', 'drip.sol', 'frob.t.sol']
2,['flop.sol', 'flip.sol', 'transferFrom.sol', 'flap.t.sol', 'heal.sol', 'flap.sol', 'drip.sol', 'tune.sol']
2,['flop.sol', 'flip.sol', 'transferFrom.sol', 'flap.t.sol', 'heal.sol', 'flap.sol', 'drip.sol', 'bite.sol']
3,['flop.sol', 'flip.sol', 'transferFrom.sol', 'flap.t.sol', 'heal.sol', 'flap.sol', 'frob.t.sol', 'tune.sol']
3,['flop.sol', 'flip.sol', 'transferFrom.sol', 'flap.t.sol', 'heal.sol', 'flap.sol', 'frob.t.sol', 'bite.sol']
2,['flop.sol', 'flip.sol', 'transferFrom.sol', 'flap.t.sol', 'heal.sol', 'flap.sol', 'tune.sol', 'bite.sol']
2,['flop.sol', 'flip.sol', 'transferFrom.sol', 'flap.t.sol', 'heal.sol', 'drip.sol', 'frob.t.sol', 'tune.sol']
2,['flop.sol', 'flip.sol', 'transferFrom.sol', 'flap.t.sol', 'heal.sol', 'drip.sol', 'frob.t.sol', 'bite.sol']
2,['flop.sol', 'flip.sol', 'transferFrom.sol', 'flap.t.sol', 'heal.sol', 'drip.sol', 'tune.sol', 'bite.sol']
3,['flop.sol', 'flip.sol', 'transferFrom.sol', 'flap.t.sol', 'heal.sol', 'frob.t.sol', 'tune.sol', 'bite.sol']
4,['flop.sol', 'flip.sol', 'transferFrom.sol', 'flap.t.sol', 'drip.t.sol', 'heal.t.sol', 'flap.sol', 'drip.sol']
2,['flop.sol', 'flip.sol', 'transferFrom.sol', 'flap.t.sol', 'drip.t.sol', 'heal.t.sol', 'flap.sol', 'frob.t.sol']
2,['flop.sol', 'flip.sol', 'transferFrom.sol', 'flap.t.sol', 'drip.t.sol', 'heal.t.sol', 'flap.sol', 'tune.sol']
4,['flop.sol', 'flip.sol', 'transferFrom.sol', 'flap.t.sol', 'drip.t.sol', 'heal.t.sol', 'flap.sol', 'bite.sol']
2,['flop.sol', 'flip.sol', 'transferFrom.sol', 'flap.t.sol', 'drip.t.sol', 'heal.t.sol', 'drip.sol', 'frob.t.sol']
2,['flop.sol', 'flip.sol', 'transferFrom.sol', 'flap.t.sol', 'drip.t.sol', 'heal.t.sol', 'drip.sol', 'tune.sol']
3,['flop.sol', 'flip.sol', 'transferFrom.sol', 'flap.t.sol', 'drip.t.sol', 'heal.t.sol', 'drip.sol', 'bite.sol']
2,['flop.sol', 'flip.sol', 'transferFrom.sol', 'flap.t.sol', 'drip.t.sol', 'heal.t.sol', 'frob.t.sol', 'tune.sol']
2,['flop.sol', 'flip.sol', 'transferFrom.sol', 'flap.t.sol', 'drip.t.sol', 'heal.t.sol', 'frob.t.sol', 'bite.sol']
2,['flop.sol', 'flip.sol', 'transferFrom.sol', 'flap.t.sol', 'drip.t.sol', 'heal.t.sol', 'tune.sol', 'bite.sol']
2,['flop.sol', 'flip.sol', 'transferFrom.sol', 'flap.t.sol', 'drip.t.sol', 'flap.sol', 'drip.sol', 'frob.t.sol']
2,['flop.sol', 'flip.sol', 'transferFrom.sol', 'flap.t.sol', 'drip.t.sol', 'flap.sol', 'drip.sol', 'tune.sol']
4,['flop.sol', 'flip.sol', 'transferFrom.sol', 'flap.t.sol', 'drip.t.sol', 'flap.sol', 'drip.sol', 'bite.sol']
2,['flop.sol', 'flip.sol', 'transferFrom.sol', 'flap.t.sol', 'drip.t.sol', 'flap.sol', 'frob.t.sol', 'tune.sol']
2,['flop.sol', 'flip.sol', 'transferFrom.sol', 'flap.t.sol', 'drip.t.sol', 'flap.sol', 'frob.t.sol', 'bite.sol']
2,['flop.sol', 'flip.sol', 'transferFrom.sol', 'flap.t.sol', 'drip.t.sol', 'flap.sol', 'tune.sol', 'bite.sol']
2,['flop.sol', 'flip.sol', 'transferFrom.sol', 'flap.t.sol', 'drip.t.sol', 'drip.sol', 'frob.t.sol', 'tune.sol']
3,['flop.sol', 'flip.sol', 'transferFrom.sol', 'flap.t.sol', 'drip.t.sol', 'drip.sol', 'frob.t.sol', 'bite.sol']
4,['flop.sol', 'flip.sol', 'transferFrom.sol', 'flap.t.sol', 'drip.t.sol', 'drip.sol', 'tune.sol', 'bite.sol']
2,['flop.sol', 'flip.sol', 'transferFrom.sol', 'flap.t.sol', 'drip.t.sol', 'frob.t.sol', 'tune.sol', 'bite.sol']
2,['flop.sol', 'flip.sol', 'transferFrom.sol', 'flap.t.sol', 'heal.t.sol', 'flap.sol', 'drip.sol', 'frob.t.sol']
2,['flop.sol', 'flip.sol', 'transferFrom.sol', 'flap.t.sol', 'heal.t.sol', 'flap.sol', 'drip.sol', 'tune.sol']
4,['flop.sol', 'flip.sol', 'transferFrom.sol', 'flap.t.sol', 'heal.t.sol', 'flap.sol', 'drip.sol', 'bite.sol']
3,['flop.sol', 'flip.sol', 'transferFrom.sol', 'flap.t.sol', 'heal.t.sol', 'flap.sol', 'frob.t.sol', 'tune.sol']
3,['flop.sol', 'flip.sol', 'transferFrom.sol', 'flap.t.sol', 'heal.t.sol', 'flap.sol', 'frob.t.sol', 'bite.sol']
3,['flop.sol', 'flip.sol', 'transferFrom.sol', 'flap.t.sol', 'heal.t.sol', 'flap.sol', 'tune.sol', 'bite.sol']
2,['flop.sol', 'flip.sol', 'transferFrom.sol', 'flap.t.sol', 'heal.t.sol', 'drip.sol', 'frob.t.sol', 'tune.sol']
2,['flop.sol', 'flip.sol', 'transferFrom.sol', 'flap.t.sol', 'heal.t.sol', 'drip.sol', 'frob.t.sol', 'bite.sol']
2,['flop.sol', 'flip.sol', 'transferFrom.sol', 'flap.t.sol', 'heal.t.sol', 'drip.sol', 'tune.sol', 'bite.sol']
3,['flop.sol', 'flip.sol', 'transferFrom.sol', 'flap.t.sol', 'heal.t.sol', 'frob.t.sol', 'tune.sol', 'bite.sol']
2,['flop.sol', 'flip.sol', 'transferFrom.sol', 'flap.t.sol', 'flap.sol', 'drip.sol', 'frob.t.sol', 'tune.sol']
2,['flop.sol', 'flip.sol', 'transferFrom.sol', 'flap.t.sol', 'flap.sol', 'drip.sol', 'frob.t.sol', 'bite.sol']
2,['flop.sol', 'flip.sol', 'transferFrom.sol', 'flap.t.sol', 'flap.sol', 'drip.sol', 'tune.sol', 'bite.sol']
3,['flop.sol', 'flip.sol', 'transferFrom.sol', 'flap.t.sol', 'flap.sol', 'frob.t.sol', 'tune.sol', 'bite.sol']
2,['flop.sol', 'flip.sol', 'transferFrom.sol', 'flap.t.sol', 'drip.sol', 'frob.t.sol', 'tune.sol', 'bite.sol']
2,['flop.sol', 'flip.sol', 'transferFrom.sol', 'heal.sol', 'drip.t.sol', 'heal.t.sol', 'flap.sol', 'drip.sol']
3,['flop.sol', 'flip.sol', 'transferFrom.sol', 'heal.sol', 'drip.t.sol', 'heal.t.sol', 'flap.sol', 'frob.t.sol']
3,['flop.sol', 'flip.sol', 'transferFrom.sol', 'heal.sol', 'drip.t.sol', 'heal.t.sol', 'flap.sol', 'tune.sol']
2,['flop.sol', 'flip.sol', 'transferFrom.sol', 'heal.sol', 'drip.t.sol', 'heal.t.sol', 'flap.sol', 'bite.sol']
4,['flop.sol', 'flip.sol', 'transferFrom.sol', 'heal.sol', 'drip.t.sol', 'heal.t.sol', 'drip.sol', 'frob.t.sol']
3,['flop.sol', 'flip.sol', 'transferFrom.sol', 'heal.sol', 'drip.t.sol', 'heal.t.sol', 'drip.sol', 'tune.sol']
2,['flop.sol', 'flip.sol', 'transferFrom.sol', 'heal.sol', 'drip.t.sol', 'heal.t.sol', 'drip.sol', 'bite.sol']
3,['flop.sol', 'flip.sol', 'transferFrom.sol', 'heal.sol', 'drip.t.sol', 'heal.t.sol', 'frob.t.sol', 'tune.sol']
4,['flop.sol', 'flip.sol', 'transferFrom.sol', 'heal.sol', 'drip.t.sol', 'heal.t.sol', 'frob.t.sol', 'bite.sol']
2,['flop.sol', 'flip.sol', 'transferFrom.sol', 'heal.sol', 'drip.t.sol', 'heal.t.sol', 'tune.sol', 'bite.sol']
3,['flop.sol', 'flip.sol', 'transferFrom.sol', 'heal.sol', 'drip.t.sol', 'flap.sol', 'drip.sol', 'frob.t.sol']
2,['flop.sol', 'flip.sol', 'transferFrom.sol', 'heal.sol', 'drip.t.sol', 'flap.sol', 'drip.sol', 'tune.sol']
2,['flop.sol', 'flip.sol', 'transferFrom.sol', 'heal.sol', 'drip.t.sol', 'flap.sol', 'drip.sol', 'bite.sol']
2,['flop.sol', 'flip.sol', 'transferFrom.sol', 'heal.sol', 'drip.t.sol', 'flap.sol', 'frob.t.sol', 'tune.sol']
2,['flop.sol', 'flip.sol', 'transferFrom.sol', 'heal.sol', 'drip.t.sol', 'flap.sol', 'frob.t.sol', 'bite.sol']
1,['flop.sol', 'flip.sol', 'transferFrom.sol', 'heal.sol', 'drip.t.sol', 'flap.sol', 'tune.sol', 'bite.sol']
2,['flop.sol', 'flip.sol', 'transferFrom.sol', 'heal.sol', 'drip.t.sol', 'drip.sol', 'frob.t.sol', 'tune.sol']
2,['flop.sol', 'flip.sol', 'transferFrom.sol', 'heal.sol', 'drip.t.sol', 'drip.sol', 'frob.t.sol', 'bite.sol']
2,['flop.sol', 'flip.sol', 'transferFrom.sol', 'heal.sol', 'drip.t.sol', 'drip.sol', 'tune.sol', 'bite.sol']
2,['flop.sol', 'flip.sol', 'transferFrom.sol', 'heal.sol', 'drip.t.sol', 'frob.t.sol', 'tune.sol', 'bite.sol']
3,['flop.sol', 'flip.sol', 'transferFrom.sol', 'heal.sol', 'heal.t.sol', 'flap.sol', 'drip.sol', 'frob.t.sol']
3,['flop.sol', 'flip.sol', 'transferFrom.sol', 'heal.sol', 'heal.t.sol', 'flap.sol', 'drip.sol', 'tune.sol']
2,['flop.sol', 'flip.sol', 'transferFrom.sol', 'heal.sol', 'heal.t.sol', 'flap.sol', 'drip.sol', 'bite.sol']
3,['flop.sol', 'flip.sol', 'transferFrom.sol', 'heal.sol', 'heal.t.sol', 'flap.sol', 'frob.t.sol', 'tune.sol']
3,['flop.sol', 'flip.sol', 'transferFrom.sol', 'heal.sol', 'heal.t.sol', 'flap.sol', 'frob.t.sol', 'bite.sol']
4,['flop.sol', 'flip.sol', 'transferFrom.sol', 'heal.sol', 'heal.t.sol', 'flap.sol', 'tune.sol', 'bite.sol']
3,['flop.sol', 'flip.sol', 'transferFrom.sol', 'heal.sol', 'heal.t.sol', 'drip.sol', 'frob.t.sol', 'tune.sol']
4,['flop.sol', 'flip.sol', 'transferFrom.sol', 'heal.sol', 'heal.t.sol', 'drip.sol', 'frob.t.sol', 'bite.sol']
2,['flop.sol', 'flip.sol', 'transferFrom.sol', 'heal.sol', 'heal.t.sol', 'drip.sol', 'tune.sol', 'bite.sol']
3,['flop.sol', 'flip.sol', 'transferFrom.sol', 'heal.sol', 'heal.t.sol', 'frob.t.sol', 'tune.sol', 'bite.sol']
2,['flop.sol', 'flip.sol', 'transferFrom.sol', 'heal.sol', 'flap.sol', 'drip.sol', 'frob.t.sol', 'tune.sol']
2,['flop.sol', 'flip.sol', 'transferFrom.sol', 'heal.sol', 'flap.sol', 'drip.sol', 'frob.t.sol', 'bite.sol']
2,['flop.sol', 'flip.sol', 'transferFrom.sol', 'heal.sol', 'flap.sol', 'drip.sol', 'tune.sol', 'bite.sol']
2,['flop.sol', 'flip.sol', 'transferFrom.sol', 'heal.sol', 'flap.sol', 'frob.t.sol', 'tune.sol', 'bite.sol']
1,['flop.sol', 'flip.sol', 'transferFrom.sol', 'heal.sol', 'drip.sol', 'frob.t.sol', 'tune.sol', 'bite.sol']
3,['flop.sol', 'flip.sol', 'transferFrom.sol', 'drip.t.sol', 'heal.t.sol', 'flap.sol', 'drip.sol', 'frob.t.sol']
3,['flop.sol', 'flip.sol', 'transferFrom.sol', 'drip.t.sol', 'heal.t.sol', 'flap.sol', 'drip.sol', 'tune.sol']
2,['flop.sol', 'flip.sol', 'transferFrom.sol', 'drip.t.sol', 'heal.t.sol', 'flap.sol', 'drip.sol', 'bite.sol']
3,['flop.sol', 'flip.sol', 'transferFrom.sol', 'drip.t.sol', 'heal.t.sol', 'flap.sol', 'frob.t.sol', 'tune.sol']
3,['flop.sol', 'flip.sol', 'transferFrom.sol', 'drip.t.sol', 'heal.t.sol', 'flap.sol', 'frob.t.sol', 'bite.sol']
2,['flop.sol', 'flip.sol', 'transferFrom.sol', 'drip.t.sol', 'heal.t.sol', 'flap.sol', 'tune.sol', 'bite.sol']
3,['flop.sol', 'flip.sol', 'transferFrom.sol', 'drip.t.sol', 'heal.t.sol', 'drip.sol', 'frob.t.sol', 'tune.sol']
4,['flop.sol', 'flip.sol', 'transferFrom.sol', 'drip.t.sol', 'heal.t.sol', 'drip.sol', 'frob.t.sol', 'bite.sol']
2,['flop.sol', 'flip.sol', 'transferFrom.sol', 'drip.t.sol', 'heal.t.sol', 'drip.sol', 'tune.sol', 'bite.sol']
1,['flop.sol', 'flip.sol', 'transferFrom.sol', 'drip.t.sol', 'heal.t.sol', 'frob.t.sol', 'tune.sol', 'bite.sol']
2,['flop.sol', 'flip.sol', 'transferFrom.sol', 'drip.t.sol', 'flap.sol', 'drip.sol', 'frob.t.sol', 'tune.sol']
3,['flop.sol', 'flip.sol', 'transferFrom.sol', 'drip.t.sol', 'flap.sol', 'drip.sol', 'frob.t.sol', 'bite.sol']
2,['flop.sol', 'flip.sol', 'transferFrom.sol', 'drip.t.sol', 'flap.sol', 'drip.sol', 'tune.sol', 'bite.sol']
1,['flop.sol', 'flip.sol', 'transferFrom.sol', 'drip.t.sol', 'flap.sol', 'frob.t.sol', 'tune.sol', 'bite.sol']
2,['flop.sol', 'flip.sol', 'transferFrom.sol', 'drip.t.sol', 'drip.sol', 'frob.t.sol', 'tune.sol', 'bite.sol']
3,['flop.sol', 'flip.sol', 'transferFrom.sol', 'heal.t.sol', 'flap.sol', 'drip.sol', 'frob.t.sol', 'tune.sol']
3,['flop.sol', 'flip.sol', 'transferFrom.sol', 'heal.t.sol', 'flap.sol', 'drip.sol', 'frob.t.sol', 'bite.sol']
3,['flop.sol', 'flip.sol', 'transferFrom.sol', 'heal.t.sol', 'flap.sol', 'drip.sol', 'tune.sol', 'bite.sol']
3,['flop.sol', 'flip.sol', 'transferFrom.sol', 'heal.t.sol', 'flap.sol', 'frob.t.sol', 'tune.sol', 'bite.sol']
2,['flop.sol', 'flip.sol', 'transferFrom.sol', 'heal.t.sol', 'drip.sol', 'frob.t.sol', 'tune.sol', 'bite.sol']
2,['flop.sol', 'flip.sol', 'transferFrom.sol', 'flap.sol', 'drip.sol', 'frob.t.sol', 'tune.sol', 'bite.sol']
3,['flop.sol', 'flip.sol', 'frob.sol', 'flip.t.sol', 'flop.t.sol', 'flap.t.sol', 'heal.sol', 'drip.t.sol']
2,['flop.sol', 'flip.sol', 'frob.sol', 'flip.t.sol', 'flop.t.sol', 'flap.t.sol', 'heal.sol', 'heal.t.sol']
3,['flop.sol', 'flip.sol', 'frob.sol', 'flip.t.sol', 'flop.t.sol', 'flap.t.sol', 'heal.sol', 'flap.sol']
3,['flop.sol', 'flip.sol', 'frob.sol', 'flip.t.sol', 'flop.t.sol', 'flap.t.sol', 'heal.sol', 'drip.sol']
3,['flop.sol', 'flip.sol', 'frob.sol', 'flip.t.sol', 'flop.t.sol', 'flap.t.sol', 'heal.sol', 'frob.t.sol']
2,['flop.sol', 'flip.sol', 'frob.sol', 'flip.t.sol', 'flop.t.sol', 'flap.t.sol', 'heal.sol', 'tune.sol']
3,['flop.sol', 'flip.sol', 'frob.sol', 'flip.t.sol', 'flop.t.sol', 'flap.t.sol', 'heal.sol', 'bite.sol']
3,['flop.sol', 'flip.sol', 'frob.sol', 'flip.t.sol', 'flop.t.sol', 'flap.t.sol', 'drip.t.sol', 'heal.t.sol']
3,['flop.sol', 'flip.sol', 'frob.sol', 'flip.t.sol', 'flop.t.sol', 'flap.t.sol', 'drip.t.sol', 'flap.sol']
2,['flop.sol', 'flip.sol', 'frob.sol', 'flip.t.sol', 'flop.t.sol', 'flap.t.sol', 'drip.t.sol', 'drip.sol']
3,['flop.sol', 'flip.sol', 'frob.sol', 'flip.t.sol', 'flop.t.sol', 'flap.t.sol', 'drip.t.sol', 'frob.t.sol']
2,['flop.sol', 'flip.sol', 'frob.sol', 'flip.t.sol', 'flop.t.sol', 'flap.t.sol', 'drip.t.sol', 'tune.sol']
2,['flop.sol', 'flip.sol', 'frob.sol', 'flip.t.sol', 'flop.t.sol', 'flap.t.sol', 'drip.t.sol', 'bite.sol']
3,['flop.sol', 'flip.sol', 'frob.sol', 'flip.t.sol', 'flop.t.sol', 'flap.t.sol', 'heal.t.sol', 'flap.sol']
3,['flop.sol', 'flip.sol', 'frob.sol', 'flip.t.sol', 'flop.t.sol', 'flap.t.sol', 'heal.t.sol', 'drip.sol']
3,['flop.sol', 'flip.sol', 'frob.sol', 'flip.t.sol', 'flop.t.sol', 'flap.t.sol', 'heal.t.sol', 'frob.t.sol']
2,['flop.sol', 'flip.sol', 'frob.sol', 'flip.t.sol', 'flop.t.sol', 'flap.t.sol', 'heal.t.sol', 'tune.sol']
3,['flop.sol', 'flip.sol', 'frob.sol', 'flip.t.sol', 'flop.t.sol', 'flap.t.sol', 'heal.t.sol', 'bite.sol']
3,['flop.sol', 'flip.sol', 'frob.sol', 'flip.t.sol', 'flop.t.sol', 'flap.t.sol', 'flap.sol', 'drip.sol']
3,['flop.sol', 'flip.sol', 'frob.sol', 'flip.t.sol', 'flop.t.sol', 'flap.t.sol', 'flap.sol', 'frob.t.sol']
2,['flop.sol', 'flip.sol', 'frob.sol', 'flip.t.sol', 'flop.t.sol', 'flap.t.sol', 'flap.sol', 'tune.sol']
3,['flop.sol', 'flip.sol', 'frob.sol', 'flip.t.sol', 'flop.t.sol', 'flap.t.sol', 'flap.sol', 'bite.sol']
3,['flop.sol', 'flip.sol', 'frob.sol', 'flip.t.sol', 'flop.t.sol', 'flap.t.sol', 'drip.sol', 'frob.t.sol']
2,['flop.sol', 'flip.sol', 'frob.sol', 'flip.t.sol', 'flop.t.sol', 'flap.t.sol', 'drip.sol', 'tune.sol']
2,['flop.sol', 'flip.sol', 'frob.sol', 'flip.t.sol', 'flop.t.sol', 'flap.t.sol', 'drip.sol', 'bite.sol']
3,['flop.sol', 'flip.sol', 'frob.sol', 'flip.t.sol', 'flop.t.sol', 'flap.t.sol', 'frob.t.sol', 'tune.sol']
3,['flop.sol', 'flip.sol', 'frob.sol', 'flip.t.sol', 'flop.t.sol', 'flap.t.sol', 'frob.t.sol', 'bite.sol']
2,['flop.sol', 'flip.sol', 'frob.sol', 'flip.t.sol', 'flop.t.sol', 'flap.t.sol', 'tune.sol', 'bite.sol']
3,['flop.sol', 'flip.sol', 'frob.sol', 'flip.t.sol', 'flop.t.sol', 'heal.sol', 'drip.t.sol', 'heal.t.sol']
3,['flop.sol', 'flip.sol', 'frob.sol', 'flip.t.sol', 'flop.t.sol', 'heal.sol', 'drip.t.sol', 'flap.sol']
3,['flop.sol', 'flip.sol', 'frob.sol', 'flip.t.sol', 'flop.t.sol', 'heal.sol', 'drip.t.sol', 'drip.sol']
2,['flop.sol', 'flip.sol', 'frob.sol', 'flip.t.sol', 'flop.t.sol', 'heal.sol', 'drip.t.sol', 'frob.t.sol']
2,['flop.sol', 'flip.sol', 'frob.sol', 'flip.t.sol', 'flop.t.sol', 'heal.sol', 'drip.t.sol', 'tune.sol']
2,['flop.sol', 'flip.sol', 'frob.sol', 'flip.t.sol', 'flop.t.sol', 'heal.sol', 'drip.t.sol', 'bite.sol']
2,['flop.sol', 'flip.sol', 'frob.sol', 'flip.t.sol', 'flop.t.sol', 'heal.sol', 'heal.t.sol', 'flap.sol']
3,['flop.sol', 'flip.sol', 'frob.sol', 'flip.t.sol', 'flop.t.sol', 'heal.sol', 'heal.t.sol', 'drip.sol']
3,['flop.sol', 'flip.sol', 'frob.sol', 'flip.t.sol', 'flop.t.sol', 'heal.sol', 'heal.t.sol', 'frob.t.sol']
2,['flop.sol', 'flip.sol', 'frob.sol', 'flip.t.sol', 'flop.t.sol', 'heal.sol', 'heal.t.sol', 'tune.sol']
2,['flop.sol', 'flip.sol', 'frob.sol', 'flip.t.sol', 'flop.t.sol', 'heal.sol', 'heal.t.sol', 'bite.sol']
3,['flop.sol', 'flip.sol', 'frob.sol', 'flip.t.sol', 'flop.t.sol', 'heal.sol', 'flap.sol', 'drip.sol']
3,['flop.sol', 'flip.sol', 'frob.sol', 'flip.t.sol', 'flop.t.sol', 'heal.sol', 'flap.sol', 'frob.t.sol']
2,['flop.sol', 'flip.sol', 'frob.sol', 'flip.t.sol', 'flop.t.sol', 'heal.sol', 'flap.sol', 'tune.sol']
3,['flop.sol', 'flip.sol', 'frob.sol', 'flip.t.sol', 'flop.t.sol', 'heal.sol', 'flap.sol', 'bite.sol']
2,['flop.sol', 'flip.sol', 'frob.sol', 'flip.t.sol', 'flop.t.sol', 'heal.sol', 'drip.sol', 'frob.t.sol']
2,['flop.sol', 'flip.sol', 'frob.sol', 'flip.t.sol', 'flop.t.sol', 'heal.sol', 'drip.sol', 'tune.sol']
3,['flop.sol', 'flip.sol', 'frob.sol', 'flip.t.sol', 'flop.t.sol', 'heal.sol', 'drip.sol', 'bite.sol']
3,['flop.sol', 'flip.sol', 'frob.sol', 'flip.t.sol', 'flop.t.sol', 'heal.sol', 'frob.t.sol', 'tune.sol']
3,['flop.sol', 'flip.sol', 'frob.sol', 'flip.t.sol', 'flop.t.sol', 'heal.sol', 'frob.t.sol', 'bite.sol']
2,['flop.sol', 'flip.sol', 'frob.sol', 'flip.t.sol', 'flop.t.sol', 'heal.sol', 'tune.sol', 'bite.sol']
3,['flop.sol', 'flip.sol', 'frob.sol', 'flip.t.sol', 'flop.t.sol', 'drip.t.sol', 'heal.t.sol', 'flap.sol']
3,['flop.sol', 'flip.sol', 'frob.sol', 'flip.t.sol', 'flop.t.sol', 'drip.t.sol', 'heal.t.sol', 'drip.sol']
2,['flop.sol', 'flip.sol', 'frob.sol', 'flip.t.sol', 'flop.t.sol', 'drip.t.sol', 'heal.t.sol', 'frob.t.sol']
2,['flop.sol', 'flip.sol', 'frob.sol', 'flip.t.sol', 'flop.t.sol', 'drip.t.sol', 'heal.t.sol', 'tune.sol']
2,['flop.sol', 'flip.sol', 'frob.sol', 'flip.t.sol', 'flop.t.sol', 'drip.t.sol', 'heal.t.sol', 'bite.sol']
3,['flop.sol', 'flip.sol', 'frob.sol', 'flip.t.sol', 'flop.t.sol', 'drip.t.sol', 'flap.sol', 'drip.sol']
3,['flop.sol', 'flip.sol', 'frob.sol', 'flip.t.sol', 'flop.t.sol', 'drip.t.sol', 'flap.sol', 'frob.t.sol']
2,['flop.sol', 'flip.sol', 'frob.sol', 'flip.t.sol', 'flop.t.sol', 'drip.t.sol', 'flap.sol', 'tune.sol']
2,['flop.sol', 'flip.sol', 'frob.sol', 'flip.t.sol', 'flop.t.sol', 'drip.t.sol', 'flap.sol', 'bite.sol']
3,['flop.sol', 'flip.sol', 'frob.sol', 'flip.t.sol', 'flop.t.sol', 'drip.t.sol', 'drip.sol', 'frob.t.sol']
2,['flop.sol', 'flip.sol', 'frob.sol', 'flip.t.sol', 'flop.t.sol', 'drip.t.sol', 'drip.sol', 'tune.sol']
2,['flop.sol', 'flip.sol', 'frob.sol', 'flip.t.sol', 'flop.t.sol', 'drip.t.sol', 'drip.sol', 'bite.sol']
2,['flop.sol', 'flip.sol', 'frob.sol', 'flip.t.sol', 'flop.t.sol', 'drip.t.sol', 'frob.t.sol', 'tune.sol']
2,['flop.sol', 'flip.sol', 'frob.sol', 'flip.t.sol', 'flop.t.sol', 'drip.t.sol', 'frob.t.sol', 'bite.sol']
2,['flop.sol', 'flip.sol', 'frob.sol', 'flip.t.sol', 'flop.t.sol', 'drip.t.sol', 'tune.sol', 'bite.sol']
3,['flop.sol', 'flip.sol', 'frob.sol', 'flip.t.sol', 'flop.t.sol', 'heal.t.sol', 'flap.sol', 'drip.sol']
3,['flop.sol', 'flip.sol', 'frob.sol', 'flip.t.sol', 'flop.t.sol', 'heal.t.sol', 'flap.sol', 'frob.t.sol']
2,['flop.sol', 'flip.sol', 'frob.sol', 'flip.t.sol', 'flop.t.sol', 'heal.t.sol', 'flap.sol', 'tune.sol']
3,['flop.sol', 'flip.sol', 'frob.sol', 'flip.t.sol', 'flop.t.sol', 'heal.t.sol', 'flap.sol', 'bite.sol']
2,['flop.sol', 'flip.sol', 'frob.sol', 'flip.t.sol', 'flop.t.sol', 'heal.t.sol', 'drip.sol', 'frob.t.sol']
2,['flop.sol', 'flip.sol', 'frob.sol', 'flip.t.sol', 'flop.t.sol', 'heal.t.sol', 'drip.sol', 'tune.sol']
3,['flop.sol', 'flip.sol', 'frob.sol', 'flip.t.sol', 'flop.t.sol', 'heal.t.sol', 'drip.sol', 'bite.sol']
3,['flop.sol', 'flip.sol', 'frob.sol', 'flip.t.sol', 'flop.t.sol', 'heal.t.sol', 'frob.t.sol', 'tune.sol']
3,['flop.sol', 'flip.sol', 'frob.sol', 'flip.t.sol', 'flop.t.sol', 'heal.t.sol', 'frob.t.sol', 'bite.sol']
2,['flop.sol', 'flip.sol', 'frob.sol', 'flip.t.sol', 'flop.t.sol', 'heal.t.sol', 'tune.sol', 'bite.sol']
3,['flop.sol', 'flip.sol', 'frob.sol', 'flip.t.sol', 'flop.t.sol', 'flap.sol', 'drip.sol', 'frob.t.sol']
2,['flop.sol', 'flip.sol', 'frob.sol', 'flip.t.sol', 'flop.t.sol', 'flap.sol', 'drip.sol', 'tune.sol']
3,['flop.sol', 'flip.sol', 'frob.sol', 'flip.t.sol', 'flop.t.sol', 'flap.sol', 'drip.sol', 'bite.sol']
3,['flop.sol', 'flip.sol', 'frob.sol', 'flip.t.sol', 'flop.t.sol', 'flap.sol', 'frob.t.sol', 'tune.sol']
3,['flop.sol', 'flip.sol', 'frob.sol', 'flip.t.sol', 'flop.t.sol', 'flap.sol', 'frob.t.sol', 'bite.sol']
2,['flop.sol', 'flip.sol', 'frob.sol', 'flip.t.sol', 'flop.t.sol', 'flap.sol', 'tune.sol', 'bite.sol']
2,['flop.sol', 'flip.sol', 'frob.sol', 'flip.t.sol', 'flop.t.sol', 'drip.sol', 'frob.t.sol', 'tune.sol']
3,['flop.sol', 'flip.sol', 'frob.sol', 'flip.t.sol', 'flop.t.sol', 'drip.sol', 'frob.t.sol', 'bite.sol']
2,['flop.sol', 'flip.sol', 'frob.sol', 'flip.t.sol', 'flop.t.sol', 'drip.sol', 'tune.sol', 'bite.sol']
2,['flop.sol', 'flip.sol', 'frob.sol', 'flip.t.sol', 'flop.t.sol', 'frob.t.sol', 'tune.sol', 'bite.sol']
3,['flop.sol', 'flip.sol', 'frob.sol', 'flip.t.sol', 'flap.t.sol', 'heal.sol', 'drip.t.sol', 'heal.t.sol']
3,['flop.sol', 'flip.sol', 'frob.sol', 'flip.t.sol', 'flap.t.sol', 'heal.sol', 'drip.t.sol', 'flap.sol']
3,['flop.sol', 'flip.sol', 'frob.sol', 'flip.t.sol', 'flap.t.sol', 'heal.sol', 'drip.t.sol', 'drip.sol']
2,['flop.sol', 'flip.sol', 'frob.sol', 'flip.t.sol', 'flap.t.sol', 'heal.sol', 'drip.t.sol', 'frob.t.sol']
2,['flop.sol', 'flip.sol', 'frob.sol', 'flip.t.sol', 'flap.t.sol', 'heal.sol', 'drip.t.sol', 'tune.sol']
2,['flop.sol', 'flip.sol', 'frob.sol', 'flip.t.sol', 'flap.t.sol', 'heal.sol', 'drip.t.sol', 'bite.sol']
2,['flop.sol', 'flip.sol', 'frob.sol', 'flip.t.sol', 'flap.t.sol', 'heal.sol', 'heal.t.sol', 'flap.sol']
3,['flop.sol', 'flip.sol', 'frob.sol', 'flip.t.sol', 'flap.t.sol', 'heal.sol', 'heal.t.sol', 'drip.sol']
3,['flop.sol', 'flip.sol', 'frob.sol', 'flip.t.sol', 'flap.t.sol', 'heal.sol', 'heal.t.sol', 'frob.t.sol']
2,['flop.sol', 'flip.sol', 'frob.sol', 'flip.t.sol', 'flap.t.sol', 'heal.sol', 'heal.t.sol', 'tune.sol']
2,['flop.sol', 'flip.sol', 'frob.sol', 'flip.t.sol', 'flap.t.sol', 'heal.sol', 'heal.t.sol', 'bite.sol']
3,['flop.sol', 'flip.sol', 'frob.sol', 'flip.t.sol', 'flap.t.sol', 'heal.sol', 'flap.sol', 'drip.sol']
3,['flop.sol', 'flip.sol', 'frob.sol', 'flip.t.sol', 'flap.t.sol', 'heal.sol', 'flap.sol', 'frob.t.sol']
2,['flop.sol', 'flip.sol', 'frob.sol', 'flip.t.sol', 'flap.t.sol', 'heal.sol', 'flap.sol', 'tune.sol']
3,['flop.sol', 'flip.sol', 'frob.sol', 'flip.t.sol', 'flap.t.sol', 'heal.sol', 'flap.sol', 'bite.sol']
2,['flop.sol', 'flip.sol', 'frob.sol', 'flip.t.sol', 'flap.t.sol', 'heal.sol', 'drip.sol', 'frob.t.sol']
2,['flop.sol', 'flip.sol', 'frob.sol', 'flip.t.sol', 'flap.t.sol', 'heal.sol', 'drip.sol', 'tune.sol']
3,['flop.sol', 'flip.sol', 'frob.sol', 'flip.t.sol', 'flap.t.sol', 'heal.sol', 'drip.sol', 'bite.sol']
3,['flop.sol', 'flip.sol', 'frob.sol', 'flip.t.sol', 'flap.t.sol', 'heal.sol', 'frob.t.sol', 'tune.sol']
3,['flop.sol', 'flip.sol', 'frob.sol', 'flip.t.sol', 'flap.t.sol', 'heal.sol', 'frob.t.sol', 'bite.sol']
2,['flop.sol', 'flip.sol', 'frob.sol', 'flip.t.sol', 'flap.t.sol', 'heal.sol', 'tune.sol', 'bite.sol']
3,['flop.sol', 'flip.sol', 'frob.sol', 'flip.t.sol', 'flap.t.sol', 'drip.t.sol', 'heal.t.sol', 'flap.sol']
3,['flop.sol', 'flip.sol', 'frob.sol', 'flip.t.sol', 'flap.t.sol', 'drip.t.sol', 'heal.t.sol', 'drip.sol']
2,['flop.sol', 'flip.sol', 'frob.sol', 'flip.t.sol', 'flap.t.sol', 'drip.t.sol', 'heal.t.sol', 'frob.t.sol']
2,['flop.sol', 'flip.sol', 'frob.sol', 'flip.t.sol', 'flap.t.sol', 'drip.t.sol', 'heal.t.sol', 'tune.sol']
2,['flop.sol', 'flip.sol', 'frob.sol', 'flip.t.sol', 'flap.t.sol', 'drip.t.sol', 'heal.t.sol', 'bite.sol']
3,['flop.sol', 'flip.sol', 'frob.sol', 'flip.t.sol', 'flap.t.sol', 'drip.t.sol', 'flap.sol', 'drip.sol']
3,['flop.sol', 'flip.sol', 'frob.sol', 'flip.t.sol', 'flap.t.sol', 'drip.t.sol', 'flap.sol', 'frob.t.sol']
2,['flop.sol', 'flip.sol', 'frob.sol', 'flip.t.sol', 'flap.t.sol', 'drip.t.sol', 'flap.sol', 'tune.sol']
2,['flop.sol', 'flip.sol', 'frob.sol', 'flip.t.sol', 'flap.t.sol', 'drip.t.sol', 'flap.sol', 'bite.sol']
3,['flop.sol', 'flip.sol', 'frob.sol', 'flip.t.sol', 'flap.t.sol', 'drip.t.sol', 'drip.sol', 'frob.t.sol']
2,['flop.sol', 'flip.sol', 'frob.sol', 'flip.t.sol', 'flap.t.sol', 'drip.t.sol', 'drip.sol', 'tune.sol']
2,['flop.sol', 'flip.sol', 'frob.sol', 'flip.t.sol', 'flap.t.sol', 'drip.t.sol', 'drip.sol', 'bite.sol']
2,['flop.sol', 'flip.sol', 'frob.sol', 'flip.t.sol', 'flap.t.sol', 'drip.t.sol', 'frob.t.sol', 'tune.sol']
2,['flop.sol', 'flip.sol', 'frob.sol', 'flip.t.sol', 'flap.t.sol', 'drip.t.sol', 'frob.t.sol', 'bite.sol']
2,['flop.sol', 'flip.sol', 'frob.sol', 'flip.t.sol', 'flap.t.sol', 'drip.t.sol', 'tune.sol', 'bite.sol']
3,['flop.sol', 'flip.sol', 'frob.sol', 'flip.t.sol', 'flap.t.sol', 'heal.t.sol', 'flap.sol', 'drip.sol']
3,['flop.sol', 'flip.sol', 'frob.sol', 'flip.t.sol', 'flap.t.sol', 'heal.t.sol', 'flap.sol', 'frob.t.sol']
2,['flop.sol', 'flip.sol', 'frob.sol', 'flip.t.sol', 'flap.t.sol', 'heal.t.sol', 'flap.sol', 'tune.sol']
3,['flop.sol', 'flip.sol', 'frob.sol', 'flip.t.sol', 'flap.t.sol', 'heal.t.sol', 'flap.sol', 'bite.sol']
2,['flop.sol', 'flip.sol', 'frob.sol', 'flip.t.sol', 'flap.t.sol', 'heal.t.sol', 'drip.sol', 'frob.t.sol']
2,['flop.sol', 'flip.sol', 'frob.sol', 'flip.t.sol', 'flap.t.sol', 'heal.t.sol', 'drip.sol', 'tune.sol']
3,['flop.sol', 'flip.sol', 'frob.sol', 'flip.t.sol', 'flap.t.sol', 'heal.t.sol', 'drip.sol', 'bite.sol']
3,['flop.sol', 'flip.sol', 'frob.sol', 'flip.t.sol', 'flap.t.sol', 'heal.t.sol', 'frob.t.sol', 'tune.sol']
3,['flop.sol', 'flip.sol', 'frob.sol', 'flip.t.sol', 'flap.t.sol', 'heal.t.sol', 'frob.t.sol', 'bite.sol']
2,['flop.sol', 'flip.sol', 'frob.sol', 'flip.t.sol', 'flap.t.sol', 'heal.t.sol', 'tune.sol', 'bite.sol']
3,['flop.sol', 'flip.sol', 'frob.sol', 'flip.t.sol', 'flap.t.sol', 'flap.sol', 'drip.sol', 'frob.t.sol']
2,['flop.sol', 'flip.sol', 'frob.sol', 'flip.t.sol', 'flap.t.sol', 'flap.sol', 'drip.sol', 'tune.sol']
3,['flop.sol', 'flip.sol', 'frob.sol', 'flip.t.sol', 'flap.t.sol', 'flap.sol', 'drip.sol', 'bite.sol']
3,['flop.sol', 'flip.sol', 'frob.sol', 'flip.t.sol', 'flap.t.sol', 'flap.sol', 'frob.t.sol', 'tune.sol']
3,['flop.sol', 'flip.sol', 'frob.sol', 'flip.t.sol', 'flap.t.sol', 'flap.sol', 'frob.t.sol', 'bite.sol']
2,['flop.sol', 'flip.sol', 'frob.sol', 'flip.t.sol', 'flap.t.sol', 'flap.sol', 'tune.sol', 'bite.sol']
2,['flop.sol', 'flip.sol', 'frob.sol', 'flip.t.sol', 'flap.t.sol', 'drip.sol', 'frob.t.sol', 'tune.sol']
3,['flop.sol', 'flip.sol', 'frob.sol', 'flip.t.sol', 'flap.t.sol', 'drip.sol', 'frob.t.sol', 'bite.sol']
2,['flop.sol', 'flip.sol', 'frob.sol', 'flip.t.sol', 'flap.t.sol', 'drip.sol', 'tune.sol', 'bite.sol']
2,['flop.sol', 'flip.sol', 'frob.sol', 'flip.t.sol', 'flap.t.sol', 'frob.t.sol', 'tune.sol', 'bite.sol']
2,['flop.sol', 'flip.sol', 'frob.sol', 'flip.t.sol', 'heal.sol', 'drip.t.sol', 'heal.t.sol', 'flap.sol']
2,['flop.sol', 'flip.sol', 'frob.sol', 'flip.t.sol', 'heal.sol', 'drip.t.sol', 'heal.t.sol', 'drip.sol']
2,['flop.sol', 'flip.sol', 'frob.sol', 'flip.t.sol', 'heal.sol', 'drip.t.sol', 'heal.t.sol', 'frob.t.sol']
2,['flop.sol', 'flip.sol', 'frob.sol', 'flip.t.sol', 'heal.sol', 'drip.t.sol', 'heal.t.sol', 'tune.sol']
2,['flop.sol', 'flip.sol', 'frob.sol', 'flip.t.sol', 'heal.sol', 'drip.t.sol', 'heal.t.sol', 'bite.sol']
2,['flop.sol', 'flip.sol', 'frob.sol', 'flip.t.sol', 'heal.sol', 'drip.t.sol', 'flap.sol', 'drip.sol']
4,['flop.sol', 'flip.sol', 'frob.sol', 'flip.t.sol', 'heal.sol', 'drip.t.sol', 'flap.sol', 'frob.t.sol']
2,['flop.sol', 'flip.sol', 'frob.sol', 'flip.t.sol', 'heal.sol', 'drip.t.sol', 'flap.sol', 'tune.sol']
2,['flop.sol', 'flip.sol', 'frob.sol', 'flip.t.sol', 'heal.sol', 'drip.t.sol', 'flap.sol', 'bite.sol']
4,['flop.sol', 'flip.sol', 'frob.sol', 'flip.t.sol', 'heal.sol', 'drip.t.sol', 'drip.sol', 'frob.t.sol']
2,['flop.sol', 'flip.sol', 'frob.sol', 'flip.t.sol', 'heal.sol', 'drip.t.sol', 'drip.sol', 'tune.sol']
2,['flop.sol', 'flip.sol', 'frob.sol', 'flip.t.sol', 'heal.sol', 'drip.t.sol', 'drip.sol', 'bite.sol']
4,['flop.sol', 'flip.sol', 'frob.sol', 'flip.t.sol', 'heal.sol', 'drip.t.sol', 'frob.t.sol', 'tune.sol']
5,['flop.sol', 'flip.sol', 'frob.sol', 'flip.t.sol', 'heal.sol', 'drip.t.sol', 'frob.t.sol', 'bite.sol']
2,['flop.sol', 'flip.sol', 'frob.sol', 'flip.t.sol', 'heal.sol', 'drip.t.sol', 'tune.sol', 'bite.sol']
2,['flop.sol', 'flip.sol', 'frob.sol', 'flip.t.sol', 'heal.sol', 'heal.t.sol', 'flap.sol', 'drip.sol']
3,['flop.sol', 'flip.sol', 'frob.sol', 'flip.t.sol', 'heal.sol', 'heal.t.sol', 'flap.sol', 'frob.t.sol']
2,['flop.sol', 'flip.sol', 'frob.sol', 'flip.t.sol', 'heal.sol', 'heal.t.sol', 'flap.sol', 'tune.sol']
2,['flop.sol', 'flip.sol', 'frob.sol', 'flip.t.sol', 'heal.sol', 'heal.t.sol', 'flap.sol', 'bite.sol']
2,['flop.sol', 'flip.sol', 'frob.sol', 'flip.t.sol', 'heal.sol', 'heal.t.sol', 'drip.sol', 'frob.t.sol']
2,['flop.sol', 'flip.sol', 'frob.sol', 'flip.t.sol', 'heal.sol', 'heal.t.sol', 'drip.sol', 'tune.sol']
2,['flop.sol', 'flip.sol', 'frob.sol', 'flip.t.sol', 'heal.sol', 'heal.t.sol', 'drip.sol', 'bite.sol']
3,['flop.sol', 'flip.sol', 'frob.sol', 'flip.t.sol', 'heal.sol', 'heal.t.sol', 'frob.t.sol', 'tune.sol']
3,['flop.sol', 'flip.sol', 'frob.sol', 'flip.t.sol', 'heal.sol', 'heal.t.sol', 'frob.t.sol', 'bite.sol']
2,['flop.sol', 'flip.sol', 'frob.sol', 'flip.t.sol', 'heal.sol', 'heal.t.sol', 'tune.sol', 'bite.sol']
3,['flop.sol', 'flip.sol', 'frob.sol', 'flip.t.sol', 'heal.sol', 'flap.sol', 'drip.sol', 'frob.t.sol']
2,['flop.sol', 'flip.sol', 'frob.sol', 'flip.t.sol', 'heal.sol', 'flap.sol', 'drip.sol', 'tune.sol']
2,['flop.sol', 'flip.sol', 'frob.sol', 'flip.t.sol', 'heal.sol', 'flap.sol', 'drip.sol', 'bite.sol']
2,['flop.sol', 'flip.sol', 'frob.sol', 'flip.t.sol', 'heal.sol', 'flap.sol', 'frob.t.sol', 'tune.sol']
3,['flop.sol', 'flip.sol', 'frob.sol', 'flip.t.sol', 'heal.sol', 'flap.sol', 'frob.t.sol', 'bite.sol']
2,['flop.sol', 'flip.sol', 'frob.sol', 'flip.t.sol', 'heal.sol', 'flap.sol', 'tune.sol', 'bite.sol']
2,['flop.sol', 'flip.sol', 'frob.sol', 'flip.t.sol', 'heal.sol', 'drip.sol', 'frob.t.sol', 'tune.sol']
5,['flop.sol', 'flip.sol', 'frob.sol', 'flip.t.sol', 'heal.sol', 'drip.sol', 'frob.t.sol', 'bite.sol']
2,['flop.sol', 'flip.sol', 'frob.sol', 'flip.t.sol', 'heal.sol', 'drip.sol', 'tune.sol', 'bite.sol']
2,['flop.sol', 'flip.sol', 'frob.sol', 'flip.t.sol', 'heal.sol', 'frob.t.sol', 'tune.sol', 'bite.sol']
2,['flop.sol', 'flip.sol', 'frob.sol', 'flip.t.sol', 'drip.t.sol', 'heal.t.sol', 'flap.sol', 'drip.sol']
2,['flop.sol', 'flip.sol', 'frob.sol', 'flip.t.sol', 'drip.t.sol', 'heal.t.sol', 'flap.sol', 'frob.t.sol']
2,['flop.sol', 'flip.sol', 'frob.sol', 'flip.t.sol', 'drip.t.sol', 'heal.t.sol', 'flap.sol', 'tune.sol']
2,['flop.sol', 'flip.sol', 'frob.sol', 'flip.t.sol', 'drip.t.sol', 'heal.t.sol', 'flap.sol', 'bite.sol']
2,['flop.sol', 'flip.sol', 'frob.sol', 'flip.t.sol', 'drip.t.sol', 'heal.t.sol', 'drip.sol', 'frob.t.sol']
2,['flop.sol', 'flip.sol', 'frob.sol', 'flip.t.sol', 'drip.t.sol', 'heal.t.sol', 'drip.sol', 'tune.sol']
2,['flop.sol', 'flip.sol', 'frob.sol', 'flip.t.sol', 'drip.t.sol', 'heal.t.sol', 'drip.sol', 'bite.sol']
2,['flop.sol', 'flip.sol', 'frob.sol', 'flip.t.sol', 'drip.t.sol', 'heal.t.sol', 'frob.t.sol', 'tune.sol']
2,['flop.sol', 'flip.sol', 'frob.sol', 'flip.t.sol', 'drip.t.sol', 'heal.t.sol', 'frob.t.sol', 'bite.sol']
2,['flop.sol', 'flip.sol', 'frob.sol', 'flip.t.sol', 'drip.t.sol', 'heal.t.sol', 'tune.sol', 'bite.sol']
4,['flop.sol', 'flip.sol', 'frob.sol', 'flip.t.sol', 'drip.t.sol', 'flap.sol', 'drip.sol', 'frob.t.sol']
2,['flop.sol', 'flip.sol', 'frob.sol', 'flip.t.sol', 'drip.t.sol', 'flap.sol', 'drip.sol', 'tune.sol']
2,['flop.sol', 'flip.sol', 'frob.sol', 'flip.t.sol', 'drip.t.sol', 'flap.sol', 'drip.sol', 'bite.sol']
2,['flop.sol', 'flip.sol', 'frob.sol', 'flip.t.sol', 'drip.t.sol', 'flap.sol', 'frob.t.sol', 'tune.sol']
3,['flop.sol', 'flip.sol', 'frob.sol', 'flip.t.sol', 'drip.t.sol', 'flap.sol', 'frob.t.sol', 'bite.sol']
2,['flop.sol', 'flip.sol', 'frob.sol', 'flip.t.sol', 'drip.t.sol', 'flap.sol', 'tune.sol', 'bite.sol']
4,['flop.sol', 'flip.sol', 'frob.sol', 'flip.t.sol', 'drip.t.sol', 'drip.sol', 'frob.t.sol', 'tune.sol']
4,['flop.sol', 'flip.sol', 'frob.sol', 'flip.t.sol', 'drip.t.sol', 'drip.sol', 'frob.t.sol', 'bite.sol']
2,['flop.sol', 'flip.sol', 'frob.sol', 'flip.t.sol', 'drip.t.sol', 'drip.sol', 'tune.sol', 'bite.sol']
2,['flop.sol', 'flip.sol', 'frob.sol', 'flip.t.sol', 'drip.t.sol', 'frob.t.sol', 'tune.sol', 'bite.sol']
2,['flop.sol', 'flip.sol', 'frob.sol', 'flip.t.sol', 'heal.t.sol', 'flap.sol', 'drip.sol', 'frob.t.sol']
2,['flop.sol', 'flip.sol', 'frob.sol', 'flip.t.sol', 'heal.t.sol', 'flap.sol', 'drip.sol', 'tune.sol']
2,['flop.sol', 'flip.sol', 'frob.sol', 'flip.t.sol', 'heal.t.sol', 'flap.sol', 'drip.sol', 'bite.sol']
3,['flop.sol', 'flip.sol', 'frob.sol', 'flip.t.sol', 'heal.t.sol', 'flap.sol', 'frob.t.sol', 'tune.sol']
3,['flop.sol', 'flip.sol', 'frob.sol', 'flip.t.sol', 'heal.t.sol', 'flap.sol', 'frob.t.sol', 'bite.sol']
2,['flop.sol', 'flip.sol', 'frob.sol', 'flip.t.sol', 'heal.t.sol', 'flap.sol', 'tune.sol', 'bite.sol']
2,['flop.sol', 'flip.sol', 'frob.sol', 'flip.t.sol', 'heal.t.sol', 'drip.sol', 'frob.t.sol', 'tune.sol']
2,['flop.sol', 'flip.sol', 'frob.sol', 'flip.t.sol', 'heal.t.sol', 'drip.sol', 'frob.t.sol', 'bite.sol']
2,['flop.sol', 'flip.sol', 'frob.sol', 'flip.t.sol', 'heal.t.sol', 'drip.sol', 'tune.sol', 'bite.sol']
3,['flop.sol', 'flip.sol', 'frob.sol', 'flip.t.sol', 'heal.t.sol', 'frob.t.sol', 'tune.sol', 'bite.sol']
2,['flop.sol', 'flip.sol', 'frob.sol', 'flip.t.sol', 'flap.sol', 'drip.sol', 'frob.t.sol', 'tune.sol']
3,['flop.sol', 'flip.sol', 'frob.sol', 'flip.t.sol', 'flap.sol', 'drip.sol', 'frob.t.sol', 'bite.sol']
2,['flop.sol', 'flip.sol', 'frob.sol', 'flip.t.sol', 'flap.sol', 'drip.sol', 'tune.sol', 'bite.sol']
2,['flop.sol', 'flip.sol', 'frob.sol', 'flip.t.sol', 'flap.sol', 'frob.t.sol', 'tune.sol', 'bite.sol']
2,['flop.sol', 'flip.sol', 'frob.sol', 'flip.t.sol', 'drip.sol', 'frob.t.sol', 'tune.sol', 'bite.sol']
3,['flop.sol', 'flip.sol', 'frob.sol', 'flop.t.sol', 'flap.t.sol', 'heal.sol', 'drip.t.sol', 'heal.t.sol']
3,['flop.sol', 'flip.sol', 'frob.sol', 'flop.t.sol', 'flap.t.sol', 'heal.sol', 'drip.t.sol', 'flap.sol']
2,['flop.sol', 'flip.sol', 'frob.sol', 'flop.t.sol', 'flap.t.sol', 'heal.sol', 'drip.t.sol', 'drip.sol']
3,['flop.sol', 'flip.sol', 'frob.sol', 'flop.t.sol', 'flap.t.sol', 'heal.sol', 'drip.t.sol', 'frob.t.sol']
2,['flop.sol', 'flip.sol', 'frob.sol', 'flop.t.sol', 'flap.t.sol', 'heal.sol', 'drip.t.sol', 'tune.sol']
2,['flop.sol', 'flip.sol', 'frob.sol', 'flop.t.sol', 'flap.t.sol', 'heal.sol', 'drip.t.sol', 'bite.sol']
3,['flop.sol', 'flip.sol', 'frob.sol', 'flop.t.sol', 'flap.t.sol', 'heal.sol', 'heal.t.sol', 'flap.sol']
3,['flop.sol', 'flip.sol', 'frob.sol', 'flop.t.sol', 'flap.t.sol', 'heal.sol', 'heal.t.sol', 'drip.sol']
3,['flop.sol', 'flip.sol', 'frob.sol', 'flop.t.sol', 'flap.t.sol', 'heal.sol', 'heal.t.sol', 'frob.t.sol']
3,['flop.sol', 'flip.sol', 'frob.sol', 'flop.t.sol', 'flap.t.sol', 'heal.sol', 'heal.t.sol', 'tune.sol']
4,['flop.sol', 'flip.sol', 'frob.sol', 'flop.t.sol', 'flap.t.sol', 'heal.sol', 'heal.t.sol', 'bite.sol']
3,['flop.sol', 'flip.sol', 'frob.sol', 'flop.t.sol', 'flap.t.sol', 'heal.sol', 'flap.sol', 'drip.sol']
4,['flop.sol', 'flip.sol', 'frob.sol', 'flop.t.sol', 'flap.t.sol', 'heal.sol', 'flap.sol', 'frob.t.sol']
3,['flop.sol', 'flip.sol', 'frob.sol', 'flop.t.sol', 'flap.t.sol', 'heal.sol', 'flap.sol', 'tune.sol']
3,['flop.sol', 'flip.sol', 'frob.sol', 'flop.t.sol', 'flap.t.sol', 'heal.sol', 'flap.sol', 'bite.sol']
3,['flop.sol', 'flip.sol', 'frob.sol', 'flop.t.sol', 'flap.t.sol', 'heal.sol', 'drip.sol', 'frob.t.sol']
3,['flop.sol', 'flip.sol', 'frob.sol', 'flop.t.sol', 'flap.t.sol', 'heal.sol', 'drip.sol', 'tune.sol']
2,['flop.sol', 'flip.sol', 'frob.sol', 'flop.t.sol', 'flap.t.sol', 'heal.sol', 'drip.sol', 'bite.sol']
3,['flop.sol', 'flip.sol', 'frob.sol', 'flop.t.sol', 'flap.t.sol', 'heal.sol', 'frob.t.sol', 'tune.sol']
4,['flop.sol', 'flip.sol', 'frob.sol', 'flop.t.sol', 'flap.t.sol', 'heal.sol', 'frob.t.sol', 'bite.sol']
2,['flop.sol', 'flip.sol', 'frob.sol', 'flop.t.sol', 'flap.t.sol', 'heal.sol', 'tune.sol', 'bite.sol']
3,['flop.sol', 'flip.sol', 'frob.sol', 'flop.t.sol', 'flap.t.sol', 'drip.t.sol', 'heal.t.sol', 'flap.sol']
3,['flop.sol', 'flip.sol', 'frob.sol', 'flop.t.sol', 'flap.t.sol', 'drip.t.sol', 'heal.t.sol', 'drip.sol']
2,['flop.sol', 'flip.sol', 'frob.sol', 'flop.t.sol', 'flap.t.sol', 'drip.t.sol', 'heal.t.sol', 'frob.t.sol']
2,['flop.sol', 'flip.sol', 'frob.sol', 'flop.t.sol', 'flap.t.sol', 'drip.t.sol', 'heal.t.sol', 'tune.sol']
3,['flop.sol', 'flip.sol', 'frob.sol', 'flop.t.sol', 'flap.t.sol', 'drip.t.sol', 'heal.t.sol', 'bite.sol']
2,['flop.sol', 'flip.sol', 'frob.sol', 'flop.t.sol', 'flap.t.sol', 'drip.t.sol', 'flap.sol', 'drip.sol']
3,['flop.sol', 'flip.sol', 'frob.sol', 'flop.t.sol', 'flap.t.sol', 'drip.t.sol', 'flap.sol', 'frob.t.sol']
3,['flop.sol', 'flip.sol', 'frob.sol', 'flop.t.sol', 'flap.t.sol', 'drip.t.sol', 'flap.sol', 'tune.sol']
2,['flop.sol', 'flip.sol', 'frob.sol', 'flop.t.sol', 'flap.t.sol', 'drip.t.sol', 'flap.sol', 'bite.sol']
3,['flop.sol', 'flip.sol', 'frob.sol', 'flop.t.sol', 'flap.t.sol', 'drip.t.sol', 'drip.sol', 'frob.t.sol']
3,['flop.sol', 'flip.sol', 'frob.sol', 'flop.t.sol', 'flap.t.sol', 'drip.t.sol', 'drip.sol', 'tune.sol']
2,['flop.sol', 'flip.sol', 'frob.sol', 'flop.t.sol', 'flap.t.sol', 'drip.t.sol', 'drip.sol', 'bite.sol']
2,['flop.sol', 'flip.sol', 'frob.sol', 'flop.t.sol', 'flap.t.sol', 'drip.t.sol', 'frob.t.sol', 'tune.sol']
3,['flop.sol', 'flip.sol', 'frob.sol', 'flop.t.sol', 'flap.t.sol', 'drip.t.sol', 'frob.t.sol', 'bite.sol']
2,['flop.sol', 'flip.sol', 'frob.sol', 'flop.t.sol', 'flap.t.sol', 'drip.t.sol', 'tune.sol', 'bite.sol']
3,['flop.sol', 'flip.sol', 'frob.sol', 'flop.t.sol', 'flap.t.sol', 'heal.t.sol', 'flap.sol', 'drip.sol']
3,['flop.sol', 'flip.sol', 'frob.sol', 'flop.t.sol', 'flap.t.sol', 'heal.t.sol', 'flap.sol', 'frob.t.sol']
2,['flop.sol', 'flip.sol', 'frob.sol', 'flop.t.sol', 'flap.t.sol', 'heal.t.sol', 'flap.sol', 'tune.sol']
4,['flop.sol', 'flip.sol', 'frob.sol', 'flop.t.sol', 'flap.t.sol', 'heal.t.sol', 'flap.sol', 'bite.sol']
2,['flop.sol', 'flip.sol', 'frob.sol', 'flop.t.sol', 'flap.t.sol', 'heal.t.sol', 'drip.sol', 'frob.t.sol']
2,['flop.sol', 'flip.sol', 'frob.sol', 'flop.t.sol', 'flap.t.sol', 'heal.t.sol', 'drip.sol', 'tune.sol']
3,['flop.sol', 'flip.sol', 'frob.sol', 'flop.t.sol', 'flap.t.sol', 'heal.t.sol', 'drip.sol', 'bite.sol']
3,['flop.sol', 'flip.sol', 'frob.sol', 'flop.t.sol', 'flap.t.sol', 'heal.t.sol', 'frob.t.sol', 'tune.sol']
3,['flop.sol', 'flip.sol', 'frob.sol', 'flop.t.sol', 'flap.t.sol', 'heal.t.sol', 'frob.t.sol', 'bite.sol']
2,['flop.sol', 'flip.sol', 'frob.sol', 'flop.t.sol', 'flap.t.sol', 'heal.t.sol', 'tune.sol', 'bite.sol']
3,['flop.sol', 'flip.sol', 'frob.sol', 'flop.t.sol', 'flap.t.sol', 'flap.sol', 'drip.sol', 'frob.t.sol']
3,['flop.sol', 'flip.sol', 'frob.sol', 'flop.t.sol', 'flap.t.sol', 'flap.sol', 'drip.sol', 'tune.sol']
2,['flop.sol', 'flip.sol', 'frob.sol', 'flop.t.sol', 'flap.t.sol', 'flap.sol', 'drip.sol', 'bite.sol']
2,['flop.sol', 'flip.sol', 'frob.sol', 'flop.t.sol', 'flap.t.sol', 'flap.sol', 'frob.t.sol', 'tune.sol']
3,['flop.sol', 'flip.sol', 'frob.sol', 'flop.t.sol', 'flap.t.sol', 'flap.sol', 'frob.t.sol', 'bite.sol']
3,['flop.sol', 'flip.sol', 'frob.sol', 'flop.t.sol', 'flap.t.sol', 'flap.sol', 'tune.sol', 'bite.sol']
3,['flop.sol', 'flip.sol', 'frob.sol', 'flop.t.sol', 'flap.t.sol', 'drip.sol', 'frob.t.sol', 'tune.sol']
3,['flop.sol', 'flip.sol', 'frob.sol', 'flop.t.sol', 'flap.t.sol', 'drip.sol', 'frob.t.sol', 'bite.sol']
2,['flop.sol', 'flip.sol', 'frob.sol', 'flop.t.sol', 'flap.t.sol', 'drip.sol', 'tune.sol', 'bite.sol']
3,['flop.sol', 'flip.sol', 'frob.sol', 'flop.t.sol', 'flap.t.sol', 'frob.t.sol', 'tune.sol', 'bite.sol']
4,['flop.sol', 'flip.sol', 'frob.sol', 'flop.t.sol', 'heal.sol', 'drip.t.sol', 'heal.t.sol', 'flap.sol']
3,['flop.sol', 'flip.sol', 'frob.sol', 'flop.t.sol', 'heal.sol', 'drip.t.sol', 'heal.t.sol', 'drip.sol']
2,['flop.sol', 'flip.sol', 'frob.sol', 'flop.t.sol', 'heal.sol', 'drip.t.sol', 'heal.t.sol', 'frob.t.sol']
2,['flop.sol', 'flip.sol', 'frob.sol', 'flop.t.sol', 'heal.sol', 'drip.t.sol', 'heal.t.sol', 'tune.sol']
3,['flop.sol', 'flip.sol', 'frob.sol', 'flop.t.sol', 'heal.sol', 'drip.t.sol', 'heal.t.sol', 'bite.sol']
2,['flop.sol', 'flip.sol', 'frob.sol', 'flop.t.sol', 'heal.sol', 'drip.t.sol', 'flap.sol', 'drip.sol']
2,['flop.sol', 'flip.sol', 'frob.sol', 'flop.t.sol', 'heal.sol', 'drip.t.sol', 'flap.sol', 'frob.t.sol']
2,['flop.sol', 'flip.sol', 'frob.sol', 'flop.t.sol', 'heal.sol', 'drip.t.sol', 'flap.sol', 'tune.sol']
2,['flop.sol', 'flip.sol', 'frob.sol', 'flop.t.sol', 'heal.sol', 'drip.t.sol', 'flap.sol', 'bite.sol']
3,['flop.sol', 'flip.sol', 'frob.sol', 'flop.t.sol', 'heal.sol', 'drip.t.sol', 'drip.sol', 'frob.t.sol']
2,['flop.sol', 'flip.sol', 'frob.sol', 'flop.t.sol', 'heal.sol', 'drip.t.sol', 'drip.sol', 'tune.sol']
2,['flop.sol', 'flip.sol', 'frob.sol', 'flop.t.sol', 'heal.sol', 'drip.t.sol', 'drip.sol', 'bite.sol']
2,['flop.sol', 'flip.sol', 'frob.sol', 'flop.t.sol', 'heal.sol', 'drip.t.sol', 'frob.t.sol', 'tune.sol']
3,['flop.sol', 'flip.sol', 'frob.sol', 'flop.t.sol', 'heal.sol', 'drip.t.sol', 'frob.t.sol', 'bite.sol']
1,['flop.sol', 'flip.sol', 'frob.sol', 'flop.t.sol', 'heal.sol', 'drip.t.sol', 'tune.sol', 'bite.sol']
4,['flop.sol', 'flip.sol', 'frob.sol', 'flop.t.sol', 'heal.sol', 'heal.t.sol', 'flap.sol', 'drip.sol']
3,['flop.sol', 'flip.sol', 'frob.sol', 'flop.t.sol', 'heal.sol', 'heal.t.sol', 'flap.sol', 'frob.t.sol']
3,['flop.sol', 'flip.sol', 'frob.sol', 'flop.t.sol', 'heal.sol', 'heal.t.sol', 'flap.sol', 'tune.sol']
4,['flop.sol', 'flip.sol', 'frob.sol', 'flop.t.sol', 'heal.sol', 'heal.t.sol', 'flap.sol', 'bite.sol']
2,['flop.sol', 'flip.sol', 'frob.sol', 'flop.t.sol', 'heal.sol', 'heal.t.sol', 'drip.sol', 'frob.t.sol']
2,['flop.sol', 'flip.sol', 'frob.sol', 'flop.t.sol', 'heal.sol', 'heal.t.sol', 'drip.sol', 'tune.sol']
2,['flop.sol', 'flip.sol', 'frob.sol', 'flop.t.sol', 'heal.sol', 'heal.t.sol', 'drip.sol', 'bite.sol']
3,['flop.sol', 'flip.sol', 'frob.sol', 'flop.t.sol', 'heal.sol', 'heal.t.sol', 'frob.t.sol', 'tune.sol']
3,['flop.sol', 'flip.sol', 'frob.sol', 'flop.t.sol', 'heal.sol', 'heal.t.sol', 'frob.t.sol', 'bite.sol']
3,['flop.sol', 'flip.sol', 'frob.sol', 'flop.t.sol', 'heal.sol', 'heal.t.sol', 'tune.sol', 'bite.sol']
2,['flop.sol', 'flip.sol', 'frob.sol', 'flop.t.sol', 'heal.sol', 'flap.sol', 'drip.sol', 'frob.t.sol']
2,['flop.sol', 'flip.sol', 'frob.sol', 'flop.t.sol', 'heal.sol', 'flap.sol', 'drip.sol', 'tune.sol']
1,['flop.sol', 'flip.sol', 'frob.sol', 'flop.t.sol', 'heal.sol', 'flap.sol', 'drip.sol', 'bite.sol']
3,['flop.sol', 'flip.sol', 'frob.sol', 'flop.t.sol', 'heal.sol', 'flap.sol', 'frob.t.sol', 'tune.sol']
3,['flop.sol', 'flip.sol', 'frob.sol', 'flop.t.sol', 'heal.sol', 'flap.sol', 'frob.t.sol', 'bite.sol']
2,['flop.sol', 'flip.sol', 'frob.sol', 'flop.t.sol', 'heal.sol', 'flap.sol', 'tune.sol', 'bite.sol']
3,['flop.sol', 'flip.sol', 'frob.sol', 'flop.t.sol', 'heal.sol', 'drip.sol', 'frob.t.sol', 'tune.sol']
3,['flop.sol', 'flip.sol', 'frob.sol', 'flop.t.sol', 'heal.sol', 'drip.sol', 'frob.t.sol', 'bite.sol']
2,['flop.sol', 'flip.sol', 'frob.sol', 'flop.t.sol', 'heal.sol', 'drip.sol', 'tune.sol', 'bite.sol']
3,['flop.sol', 'flip.sol', 'frob.sol', 'flop.t.sol', 'heal.sol', 'frob.t.sol', 'tune.sol', 'bite.sol']
3,['flop.sol', 'flip.sol', 'frob.sol', 'flop.t.sol', 'drip.t.sol', 'heal.t.sol', 'flap.sol', 'drip.sol']
2,['flop.sol', 'flip.sol', 'frob.sol', 'flop.t.sol', 'drip.t.sol', 'heal.t.sol', 'flap.sol', 'frob.t.sol']
2,['flop.sol', 'flip.sol', 'frob.sol', 'flop.t.sol', 'drip.t.sol', 'heal.t.sol', 'flap.sol', 'tune.sol']
3,['flop.sol', 'flip.sol', 'frob.sol', 'flop.t.sol', 'drip.t.sol', 'heal.t.sol', 'flap.sol', 'bite.sol']
2,['flop.sol', 'flip.sol', 'frob.sol', 'flop.t.sol', 'drip.t.sol', 'heal.t.sol', 'drip.sol', 'frob.t.sol']
2,['flop.sol', 'flip.sol', 'frob.sol', 'flop.t.sol', 'drip.t.sol', 'heal.t.sol', 'drip.sol', 'tune.sol']
3,['flop.sol', 'flip.sol', 'frob.sol', 'flop.t.sol', 'drip.t.sol', 'heal.t.sol', 'drip.sol', 'bite.sol']
2,['flop.sol', 'flip.sol', 'frob.sol', 'flop.t.sol', 'drip.t.sol', 'heal.t.sol', 'frob.t.sol', 'tune.sol']
2,['flop.sol', 'flip.sol', 'frob.sol', 'flop.t.sol', 'drip.t.sol', 'heal.t.sol', 'frob.t.sol', 'bite.sol']
2,['flop.sol', 'flip.sol', 'frob.sol', 'flop.t.sol', 'drip.t.sol', 'heal.t.sol', 'tune.sol', 'bite.sol']
3,['flop.sol', 'flip.sol', 'frob.sol', 'flop.t.sol', 'drip.t.sol', 'flap.sol', 'drip.sol', 'frob.t.sol']
2,['flop.sol', 'flip.sol', 'frob.sol', 'flop.t.sol', 'drip.t.sol', 'flap.sol', 'drip.sol', 'tune.sol']
2,['flop.sol', 'flip.sol', 'frob.sol', 'flop.t.sol', 'drip.t.sol', 'flap.sol', 'drip.sol', 'bite.sol']
2,['flop.sol', 'flip.sol', 'frob.sol', 'flop.t.sol', 'drip.t.sol', 'flap.sol', 'frob.t.sol', 'tune.sol']
2,['flop.sol', 'flip.sol', 'frob.sol', 'flop.t.sol', 'drip.t.sol', 'flap.sol', 'frob.t.sol', 'bite.sol']
2,['flop.sol', 'flip.sol', 'frob.sol', 'flop.t.sol', 'drip.t.sol', 'flap.sol', 'tune.sol', 'bite.sol']
2,['flop.sol', 'flip.sol', 'frob.sol', 'flop.t.sol', 'drip.t.sol', 'drip.sol', 'frob.t.sol', 'tune.sol']
3,['flop.sol', 'flip.sol', 'frob.sol', 'flop.t.sol', 'drip.t.sol', 'drip.sol', 'frob.t.sol', 'bite.sol']
2,['flop.sol', 'flip.sol', 'frob.sol', 'flop.t.sol', 'drip.t.sol', 'drip.sol', 'tune.sol', 'bite.sol']
2,['flop.sol', 'flip.sol', 'frob.sol', 'flop.t.sol', 'drip.t.sol', 'frob.t.sol', 'tune.sol', 'bite.sol']
2,['flop.sol', 'flip.sol', 'frob.sol', 'flop.t.sol', 'heal.t.sol', 'flap.sol', 'drip.sol', 'frob.t.sol']
2,['flop.sol', 'flip.sol', 'frob.sol', 'flop.t.sol', 'heal.t.sol', 'flap.sol', 'drip.sol', 'tune.sol']
3,['flop.sol', 'flip.sol', 'frob.sol', 'flop.t.sol', 'heal.t.sol', 'flap.sol', 'drip.sol', 'bite.sol']
3,['flop.sol', 'flip.sol', 'frob.sol', 'flop.t.sol', 'heal.t.sol', 'flap.sol', 'frob.t.sol', 'tune.sol']
3,['flop.sol', 'flip.sol', 'frob.sol', 'flop.t.sol', 'heal.t.sol', 'flap.sol', 'frob.t.sol', 'bite.sol']
3,['flop.sol', 'flip.sol', 'frob.sol', 'flop.t.sol', 'heal.t.sol', 'flap.sol', 'tune.sol', 'bite.sol']
2,['flop.sol', 'flip.sol', 'frob.sol', 'flop.t.sol', 'heal.t.sol', 'drip.sol', 'frob.t.sol', 'tune.sol']
2,['flop.sol', 'flip.sol', 'frob.sol', 'flop.t.sol', 'heal.t.sol', 'drip.sol', 'frob.t.sol', 'bite.sol']
2,['flop.sol', 'flip.sol', 'frob.sol', 'flop.t.sol', 'heal.t.sol', 'drip.sol', 'tune.sol', 'bite.sol']
3,['flop.sol', 'flip.sol', 'frob.sol', 'flop.t.sol', 'heal.t.sol', 'frob.t.sol', 'tune.sol', 'bite.sol']
3,['flop.sol', 'flip.sol', 'frob.sol', 'flop.t.sol', 'flap.sol', 'drip.sol', 'frob.t.sol', 'tune.sol']
2,['flop.sol', 'flip.sol', 'frob.sol', 'flop.t.sol', 'flap.sol', 'drip.sol', 'frob.t.sol', 'bite.sol']
2,['flop.sol', 'flip.sol', 'frob.sol', 'flop.t.sol', 'flap.sol', 'drip.sol', 'tune.sol', 'bite.sol']
3,['flop.sol', 'flip.sol', 'frob.sol', 'flop.t.sol', 'flap.sol', 'frob.t.sol', 'tune.sol', 'bite.sol']
2,['flop.sol', 'flip.sol', 'frob.sol', 'flop.t.sol', 'drip.sol', 'frob.t.sol', 'tune.sol', 'bite.sol']
4,['flop.sol', 'flip.sol', 'frob.sol', 'flap.t.sol', 'heal.sol', 'drip.t.sol', 'heal.t.sol', 'flap.sol']
3,['flop.sol', 'flip.sol', 'frob.sol', 'flap.t.sol', 'heal.sol', 'drip.t.sol', 'heal.t.sol', 'drip.sol']
2,['flop.sol', 'flip.sol', 'frob.sol', 'flap.t.sol', 'heal.sol', 'drip.t.sol', 'heal.t.sol', 'frob.t.sol']
2,['flop.sol', 'flip.sol', 'frob.sol', 'flap.t.sol', 'heal.sol', 'drip.t.sol', 'heal.t.sol', 'tune.sol']
3,['flop.sol', 'flip.sol', 'frob.sol', 'flap.t.sol', 'heal.sol', 'drip.t.sol', 'heal.t.sol', 'bite.sol']
2,['flop.sol', 'flip.sol', 'frob.sol', 'flap.t.sol', 'heal.sol', 'drip.t.sol', 'flap.sol', 'drip.sol']
2,['flop.sol', 'flip.sol', 'frob.sol', 'flap.t.sol', 'heal.sol', 'drip.t.sol', 'flap.sol', 'frob.t.sol']
2,['flop.sol', 'flip.sol', 'frob.sol', 'flap.t.sol', 'heal.sol', 'drip.t.sol', 'flap.sol', 'tune.sol']
2,['flop.sol', 'flip.sol', 'frob.sol', 'flap.t.sol', 'heal.sol', 'drip.t.sol', 'flap.sol', 'bite.sol']
3,['flop.sol', 'flip.sol', 'frob.sol', 'flap.t.sol', 'heal.sol', 'drip.t.sol', 'drip.sol', 'frob.t.sol']
2,['flop.sol', 'flip.sol', 'frob.sol', 'flap.t.sol', 'heal.sol', 'drip.t.sol', 'drip.sol', 'tune.sol']
2,['flop.sol', 'flip.sol', 'frob.sol', 'flap.t.sol', 'heal.sol', 'drip.t.sol', 'drip.sol', 'bite.sol']
2,['flop.sol', 'flip.sol', 'frob.sol', 'flap.t.sol', 'heal.sol', 'drip.t.sol', 'frob.t.sol', 'tune.sol']
3,['flop.sol', 'flip.sol', 'frob.sol', 'flap.t.sol', 'heal.sol', 'drip.t.sol', 'frob.t.sol', 'bite.sol']
1,['flop.sol', 'flip.sol', 'frob.sol', 'flap.t.sol', 'heal.sol', 'drip.t.sol', 'tune.sol', 'bite.sol']
4,['flop.sol', 'flip.sol', 'frob.sol', 'flap.t.sol', 'heal.sol', 'heal.t.sol', 'flap.sol', 'drip.sol']
3,['flop.sol', 'flip.sol', 'frob.sol', 'flap.t.sol', 'heal.sol', 'heal.t.sol', 'flap.sol', 'frob.t.sol']
1,['flop.sol', 'flip.sol', 'frob.sol', 'flap.t.sol', 'heal.sol', 'heal.t.sol', 'flap.sol', 'tune.sol']
4,['flop.sol', 'flip.sol', 'frob.sol', 'flap.t.sol', 'heal.sol', 'heal.t.sol', 'flap.sol', 'bite.sol']
2,['flop.sol', 'flip.sol', 'frob.sol', 'flap.t.sol', 'heal.sol', 'heal.t.sol', 'drip.sol', 'frob.t.sol']
2,['flop.sol', 'flip.sol', 'frob.sol', 'flap.t.sol', 'heal.sol', 'heal.t.sol', 'drip.sol', 'tune.sol']
2,['flop.sol', 'flip.sol', 'frob.sol', 'flap.t.sol', 'heal.sol', 'heal.t.sol', 'drip.sol', 'bite.sol']
3,['flop.sol', 'flip.sol', 'frob.sol', 'flap.t.sol', 'heal.sol', 'heal.t.sol', 'frob.t.sol', 'tune.sol']
3,['flop.sol', 'flip.sol', 'frob.sol', 'flap.t.sol', 'heal.sol', 'heal.t.sol', 'frob.t.sol', 'bite.sol']
2,['flop.sol', 'flip.sol', 'frob.sol', 'flap.t.sol', 'heal.sol', 'heal.t.sol', 'tune.sol', 'bite.sol']
2,['flop.sol', 'flip.sol', 'frob.sol', 'flap.t.sol', 'heal.sol', 'flap.sol', 'drip.sol', 'frob.t.sol']
2,['flop.sol', 'flip.sol', 'frob.sol', 'flap.t.sol', 'heal.sol', 'flap.sol', 'drip.sol', 'tune.sol']
2,['flop.sol', 'flip.sol', 'frob.sol', 'flap.t.sol', 'heal.sol', 'flap.sol', 'drip.sol', 'bite.sol']
3,['flop.sol', 'flip.sol', 'frob.sol', 'flap.t.sol', 'heal.sol', 'flap.sol', 'frob.t.sol', 'tune.sol']
3,['flop.sol', 'flip.sol', 'frob.sol', 'flap.t.sol', 'heal.sol', 'flap.sol', 'frob.t.sol', 'bite.sol']
2,['flop.sol', 'flip.sol', 'frob.sol', 'flap.t.sol', 'heal.sol', 'flap.sol', 'tune.sol', 'bite.sol']
3,['flop.sol', 'flip.sol', 'frob.sol', 'flap.t.sol', 'heal.sol', 'drip.sol', 'frob.t.sol', 'tune.sol']
2,['flop.sol', 'flip.sol', 'frob.sol', 'flap.t.sol', 'heal.sol', 'drip.sol', 'frob.t.sol', 'bite.sol']
2,['flop.sol', 'flip.sol', 'frob.sol', 'flap.t.sol', 'heal.sol', 'drip.sol', 'tune.sol', 'bite.sol']
3,['flop.sol', 'flip.sol', 'frob.sol', 'flap.t.sol', 'heal.sol', 'frob.t.sol', 'tune.sol', 'bite.sol']
3,['flop.sol', 'flip.sol', 'frob.sol', 'flap.t.sol', 'drip.t.sol', 'heal.t.sol', 'flap.sol', 'drip.sol']
2,['flop.sol', 'flip.sol', 'frob.sol', 'flap.t.sol', 'drip.t.sol', 'heal.t.sol', 'flap.sol', 'frob.t.sol']
2,['flop.sol', 'flip.sol', 'frob.sol', 'flap.t.sol', 'drip.t.sol', 'heal.t.sol', 'flap.sol', 'tune.sol']
3,['flop.sol', 'flip.sol', 'frob.sol', 'flap.t.sol', 'drip.t.sol', 'heal.t.sol', 'flap.sol', 'bite.sol']
2,['flop.sol', 'flip.sol', 'frob.sol', 'flap.t.sol', 'drip.t.sol', 'heal.t.sol', 'drip.sol', 'frob.t.sol']
2,['flop.sol', 'flip.sol', 'frob.sol', 'flap.t.sol', 'drip.t.sol', 'heal.t.sol', 'drip.sol', 'tune.sol']
3,['flop.sol', 'flip.sol', 'frob.sol', 'flap.t.sol', 'drip.t.sol', 'heal.t.sol', 'drip.sol', 'bite.sol']
2,['flop.sol', 'flip.sol', 'frob.sol', 'flap.t.sol', 'drip.t.sol', 'heal.t.sol', 'frob.t.sol', 'tune.sol']
2,['flop.sol', 'flip.sol', 'frob.sol', 'flap.t.sol', 'drip.t.sol', 'heal.t.sol', 'frob.t.sol', 'bite.sol']
2,['flop.sol', 'flip.sol', 'frob.sol', 'flap.t.sol', 'drip.t.sol', 'heal.t.sol', 'tune.sol', 'bite.sol']
2,['flop.sol', 'flip.sol', 'frob.sol', 'flap.t.sol', 'drip.t.sol', 'flap.sol', 'drip.sol', 'frob.t.sol']
2,['flop.sol', 'flip.sol', 'frob.sol', 'flap.t.sol', 'drip.t.sol', 'flap.sol', 'drip.sol', 'tune.sol']
2,['flop.sol', 'flip.sol', 'frob.sol', 'flap.t.sol', 'drip.t.sol', 'flap.sol', 'drip.sol', 'bite.sol']
2,['flop.sol', 'flip.sol', 'frob.sol', 'flap.t.sol', 'drip.t.sol', 'flap.sol', 'frob.t.sol', 'tune.sol']
2,['flop.sol', 'flip.sol', 'frob.sol', 'flap.t.sol', 'drip.t.sol', 'flap.sol', 'frob.t.sol', 'bite.sol']
2,['flop.sol', 'flip.sol', 'frob.sol', 'flap.t.sol', 'drip.t.sol', 'flap.sol', 'tune.sol', 'bite.sol']
2,['flop.sol', 'flip.sol', 'frob.sol', 'flap.t.sol', 'drip.t.sol', 'drip.sol', 'frob.t.sol', 'tune.sol']
3,['flop.sol', 'flip.sol', 'frob.sol', 'flap.t.sol', 'drip.t.sol', 'drip.sol', 'frob.t.sol', 'bite.sol']
2,['flop.sol', 'flip.sol', 'frob.sol', 'flap.t.sol', 'drip.t.sol', 'drip.sol', 'tune.sol', 'bite.sol']
2,['flop.sol', 'flip.sol', 'frob.sol', 'flap.t.sol', 'drip.t.sol', 'frob.t.sol', 'tune.sol', 'bite.sol']
2,['flop.sol', 'flip.sol', 'frob.sol', 'flap.t.sol', 'heal.t.sol', 'flap.sol', 'drip.sol', 'frob.t.sol']
2,['flop.sol', 'flip.sol', 'frob.sol', 'flap.t.sol', 'heal.t.sol', 'flap.sol', 'drip.sol', 'tune.sol']
2,['flop.sol', 'flip.sol', 'frob.sol', 'flap.t.sol', 'heal.t.sol', 'flap.sol', 'drip.sol', 'bite.sol']
3,['flop.sol', 'flip.sol', 'frob.sol', 'flap.t.sol', 'heal.t.sol', 'flap.sol', 'frob.t.sol', 'tune.sol']
3,['flop.sol', 'flip.sol', 'frob.sol', 'flap.t.sol', 'heal.t.sol', 'flap.sol', 'frob.t.sol', 'bite.sol']
2,['flop.sol', 'flip.sol', 'frob.sol', 'flap.t.sol', 'heal.t.sol', 'flap.sol', 'tune.sol', 'bite.sol']
2,['flop.sol', 'flip.sol', 'frob.sol', 'flap.t.sol', 'heal.t.sol', 'drip.sol', 'frob.t.sol', 'tune.sol']
2,['flop.sol', 'flip.sol', 'frob.sol', 'flap.t.sol', 'heal.t.sol', 'drip.sol', 'frob.t.sol', 'bite.sol']
2,['flop.sol', 'flip.sol', 'frob.sol', 'flap.t.sol', 'heal.t.sol', 'drip.sol', 'tune.sol', 'bite.sol']
3,['flop.sol', 'flip.sol', 'frob.sol', 'flap.t.sol', 'heal.t.sol', 'frob.t.sol', 'tune.sol', 'bite.sol']
3,['flop.sol', 'flip.sol', 'frob.sol', 'flap.t.sol', 'flap.sol', 'drip.sol', 'frob.t.sol', 'tune.sol']
2,['flop.sol', 'flip.sol', 'frob.sol', 'flap.t.sol', 'flap.sol', 'drip.sol', 'frob.t.sol', 'bite.sol']
2,['flop.sol', 'flip.sol', 'frob.sol', 'flap.t.sol', 'flap.sol', 'drip.sol', 'tune.sol', 'bite.sol']
2,['flop.sol', 'flip.sol', 'frob.sol', 'flap.t.sol', 'flap.sol', 'frob.t.sol', 'tune.sol', 'bite.sol']
2,['flop.sol', 'flip.sol', 'frob.sol', 'flap.t.sol', 'drip.sol', 'frob.t.sol', 'tune.sol', 'bite.sol']
2,['flop.sol', 'flip.sol', 'frob.sol', 'heal.sol', 'drip.t.sol', 'heal.t.sol', 'flap.sol', 'drip.sol']
3,['flop.sol', 'flip.sol', 'frob.sol', 'heal.sol', 'drip.t.sol', 'heal.t.sol', 'flap.sol', 'frob.t.sol']
3,['flop.sol', 'flip.sol', 'frob.sol', 'heal.sol', 'drip.t.sol', 'heal.t.sol', 'flap.sol', 'tune.sol']
2,['flop.sol', 'flip.sol', 'frob.sol', 'heal.sol', 'drip.t.sol', 'heal.t.sol', 'flap.sol', 'bite.sol']
4,['flop.sol', 'flip.sol', 'frob.sol', 'heal.sol', 'drip.t.sol', 'heal.t.sol', 'drip.sol', 'frob.t.sol']
3,['flop.sol', 'flip.sol', 'frob.sol', 'heal.sol', 'drip.t.sol', 'heal.t.sol', 'drip.sol', 'tune.sol']
2,['flop.sol', 'flip.sol', 'frob.sol', 'heal.sol', 'drip.t.sol', 'heal.t.sol', 'drip.sol', 'bite.sol']
1,['flop.sol', 'flip.sol', 'frob.sol', 'heal.sol', 'drip.t.sol', 'heal.t.sol', 'frob.t.sol', 'tune.sol']
4,['flop.sol', 'flip.sol', 'frob.sol', 'heal.sol', 'drip.t.sol', 'heal.t.sol', 'frob.t.sol', 'bite.sol']
2,['flop.sol', 'flip.sol', 'frob.sol', 'heal.sol', 'drip.t.sol', 'heal.t.sol', 'tune.sol', 'bite.sol']
3,['flop.sol', 'flip.sol', 'frob.sol', 'heal.sol', 'drip.t.sol', 'flap.sol', 'drip.sol', 'frob.t.sol']
1,['flop.sol', 'flip.sol', 'frob.sol', 'heal.sol', 'drip.t.sol', 'flap.sol', 'drip.sol', 'tune.sol']
2,['flop.sol', 'flip.sol', 'frob.sol', 'heal.sol', 'drip.t.sol', 'flap.sol', 'drip.sol', 'bite.sol']
1,['flop.sol', 'flip.sol', 'frob.sol', 'heal.sol', 'drip.t.sol', 'flap.sol', 'frob.t.sol', 'tune.sol']
2,['flop.sol', 'flip.sol', 'frob.sol', 'heal.sol', 'drip.t.sol', 'flap.sol', 'frob.t.sol', 'bite.sol']
1,['flop.sol', 'flip.sol', 'frob.sol', 'heal.sol', 'drip.t.sol', 'flap.sol', 'tune.sol', 'bite.sol']
2,['flop.sol', 'flip.sol', 'frob.sol', 'heal.sol', 'drip.t.sol', 'drip.sol', 'frob.t.sol', 'tune.sol']
2,['flop.sol', 'flip.sol', 'frob.sol', 'heal.sol', 'drip.t.sol', 'drip.sol', 'frob.t.sol', 'bite.sol']
2,['flop.sol', 'flip.sol', 'frob.sol', 'heal.sol', 'drip.t.sol', 'drip.sol', 'tune.sol', 'bite.sol']
2,['flop.sol', 'flip.sol', 'frob.sol', 'heal.sol', 'drip.t.sol', 'frob.t.sol', 'tune.sol', 'bite.sol']
3,['flop.sol', 'flip.sol', 'frob.sol', 'heal.sol', 'heal.t.sol', 'flap.sol', 'drip.sol', 'frob.t.sol']
3,['flop.sol', 'flip.sol', 'frob.sol', 'heal.sol', 'heal.t.sol', 'flap.sol', 'drip.sol', 'tune.sol']
2,['flop.sol', 'flip.sol', 'frob.sol', 'heal.sol', 'heal.t.sol', 'flap.sol', 'drip.sol', 'bite.sol']
3,['flop.sol', 'flip.sol', 'frob.sol', 'heal.sol', 'heal.t.sol', 'flap.sol', 'frob.t.sol', 'tune.sol']
3,['flop.sol', 'flip.sol', 'frob.sol', 'heal.sol', 'heal.t.sol', 'flap.sol', 'frob.t.sol', 'bite.sol']
3,['flop.sol', 'flip.sol', 'frob.sol', 'heal.sol', 'heal.t.sol', 'flap.sol', 'tune.sol', 'bite.sol']
2,['flop.sol', 'flip.sol', 'frob.sol', 'heal.sol', 'heal.t.sol', 'drip.sol', 'frob.t.sol', 'tune.sol']
5,['flop.sol', 'flip.sol', 'frob.sol', 'heal.sol', 'heal.t.sol', 'drip.sol', 'frob.t.sol', 'bite.sol']
3,['flop.sol', 'flip.sol', 'frob.sol', 'heal.sol', 'heal.t.sol', 'drip.sol', 'tune.sol', 'bite.sol']
2,['flop.sol', 'flip.sol', 'frob.sol', 'heal.sol', 'heal.t.sol', 'frob.t.sol', 'tune.sol', 'bite.sol']
2,['flop.sol', 'flip.sol', 'frob.sol', 'heal.sol', 'flap.sol', 'drip.sol', 'frob.t.sol', 'tune.sol']
2,['flop.sol', 'flip.sol', 'frob.sol', 'heal.sol', 'flap.sol', 'drip.sol', 'frob.t.sol', 'bite.sol']
2,['flop.sol', 'flip.sol', 'frob.sol', 'heal.sol', 'flap.sol', 'drip.sol', 'tune.sol', 'bite.sol']
2,['flop.sol', 'flip.sol', 'frob.sol', 'heal.sol', 'flap.sol', 'frob.t.sol', 'tune.sol', 'bite.sol']
2,['flop.sol', 'flip.sol', 'frob.sol', 'heal.sol', 'drip.sol', 'frob.t.sol', 'tune.sol', 'bite.sol']
3,['flop.sol', 'flip.sol', 'frob.sol', 'drip.t.sol', 'heal.t.sol', 'flap.sol', 'drip.sol', 'frob.t.sol']
3,['flop.sol', 'flip.sol', 'frob.sol', 'drip.t.sol', 'heal.t.sol', 'flap.sol', 'drip.sol', 'tune.sol']
2,['flop.sol', 'flip.sol', 'frob.sol', 'drip.t.sol', 'heal.t.sol', 'flap.sol', 'drip.sol', 'bite.sol']
2,['flop.sol', 'flip.sol', 'frob.sol', 'drip.t.sol', 'heal.t.sol', 'flap.sol', 'frob.t.sol', 'tune.sol']
3,['flop.sol', 'flip.sol', 'frob.sol', 'drip.t.sol', 'heal.t.sol', 'flap.sol', 'frob.t.sol', 'bite.sol']
3,['flop.sol', 'flip.sol', 'frob.sol', 'drip.t.sol', 'heal.t.sol', 'flap.sol', 'tune.sol', 'bite.sol']
2,['flop.sol', 'flip.sol', 'frob.sol', 'drip.t.sol', 'heal.t.sol', 'drip.sol', 'frob.t.sol', 'tune.sol']
5,['flop.sol', 'flip.sol', 'frob.sol', 'drip.t.sol', 'heal.t.sol', 'drip.sol', 'frob.t.sol', 'bite.sol']
3,['flop.sol', 'flip.sol', 'frob.sol', 'drip.t.sol', 'heal.t.sol', 'drip.sol', 'tune.sol', 'bite.sol']
1,['flop.sol', 'flip.sol', 'frob.sol', 'drip.t.sol', 'heal.t.sol', 'frob.t.sol', 'tune.sol', 'bite.sol']
2,['flop.sol', 'flip.sol', 'frob.sol', 'drip.t.sol', 'flap.sol', 'drip.sol', 'frob.t.sol', 'tune.sol']
2,['flop.sol', 'flip.sol', 'frob.sol', 'drip.t.sol', 'flap.sol', 'drip.sol', 'frob.t.sol', 'bite.sol']
2,['flop.sol', 'flip.sol', 'frob.sol', 'drip.t.sol', 'flap.sol', 'drip.sol', 'tune.sol', 'bite.sol']
2,['flop.sol', 'flip.sol', 'frob.sol', 'drip.t.sol', 'flap.sol', 'frob.t.sol', 'tune.sol', 'bite.sol']
2,['flop.sol', 'flip.sol', 'frob.sol', 'drip.t.sol', 'drip.sol', 'frob.t.sol', 'tune.sol', 'bite.sol']
2,['flop.sol', 'flip.sol', 'frob.sol', 'heal.t.sol', 'flap.sol', 'drip.sol', 'frob.t.sol', 'tune.sol']
3,['flop.sol', 'flip.sol', 'frob.sol', 'heal.t.sol', 'flap.sol', 'drip.sol', 'frob.t.sol', 'bite.sol']
3,['flop.sol', 'flip.sol', 'frob.sol', 'heal.t.sol', 'flap.sol', 'drip.sol', 'tune.sol', 'bite.sol']
2,['flop.sol', 'flip.sol', 'frob.sol', 'heal.t.sol', 'flap.sol', 'frob.t.sol', 'tune.sol', 'bite.sol']
2,['flop.sol', 'flip.sol', 'frob.sol', 'heal.t.sol', 'drip.sol', 'frob.t.sol', 'tune.sol', 'bite.sol']
2,['flop.sol', 'flip.sol', 'frob.sol', 'flap.sol', 'drip.sol', 'frob.t.sol', 'tune.sol', 'bite.sol']
2,['flop.sol', 'flip.sol', 'flip.t.sol', 'flop.t.sol', 'flap.t.sol', 'heal.sol', 'drip.t.sol', 'heal.t.sol']
3,['flop.sol', 'flip.sol', 'flip.t.sol', 'flop.t.sol', 'flap.t.sol', 'heal.sol', 'drip.t.sol', 'flap.sol']
3,['flop.sol', 'flip.sol', 'flip.t.sol', 'flop.t.sol', 'flap.t.sol', 'heal.sol', 'drip.t.sol', 'drip.sol']
2,['flop.sol', 'flip.sol', 'flip.t.sol', 'flop.t.sol', 'flap.t.sol', 'heal.sol', 'drip.t.sol', 'frob.t.sol']
2,['flop.sol', 'flip.sol', 'flip.t.sol', 'flop.t.sol', 'flap.t.sol', 'heal.sol', 'drip.t.sol', 'tune.sol']
2,['flop.sol', 'flip.sol', 'flip.t.sol', 'flop.t.sol', 'flap.t.sol', 'heal.sol', 'drip.t.sol', 'bite.sol']
2,['flop.sol', 'flip.sol', 'flip.t.sol', 'flop.t.sol', 'flap.t.sol', 'heal.sol', 'heal.t.sol', 'flap.sol']
3,['flop.sol', 'flip.sol', 'flip.t.sol', 'flop.t.sol', 'flap.t.sol', 'heal.sol', 'heal.t.sol', 'drip.sol']
3,['flop.sol', 'flip.sol', 'flip.t.sol', 'flop.t.sol', 'flap.t.sol', 'heal.sol', 'heal.t.sol', 'frob.t.sol']
2,['flop.sol', 'flip.sol', 'flip.t.sol', 'flop.t.sol', 'flap.t.sol', 'heal.sol', 'heal.t.sol', 'tune.sol']
2,['flop.sol', 'flip.sol', 'flip.t.sol', 'flop.t.sol', 'flap.t.sol', 'heal.sol', 'heal.t.sol', 'bite.sol']
3,['flop.sol', 'flip.sol', 'flip.t.sol', 'flop.t.sol', 'flap.t.sol', 'heal.sol', 'flap.sol', 'drip.sol']
3,['flop.sol', 'flip.sol', 'flip.t.sol', 'flop.t.sol', 'flap.t.sol', 'heal.sol', 'flap.sol', 'frob.t.sol']
2,['flop.sol', 'flip.sol', 'flip.t.sol', 'flop.t.sol', 'flap.t.sol', 'heal.sol', 'flap.sol', 'tune.sol']
3,['flop.sol', 'flip.sol', 'flip.t.sol', 'flop.t.sol', 'flap.t.sol', 'heal.sol', 'flap.sol', 'bite.sol']
2,['flop.sol', 'flip.sol', 'flip.t.sol', 'flop.t.sol', 'flap.t.sol', 'heal.sol', 'drip.sol', 'frob.t.sol']
2,['flop.sol', 'flip.sol', 'flip.t.sol', 'flop.t.sol', 'flap.t.sol', 'heal.sol', 'drip.sol', 'tune.sol']
3,['flop.sol', 'flip.sol', 'flip.t.sol', 'flop.t.sol', 'flap.t.sol', 'heal.sol', 'drip.sol', 'bite.sol']
3,['flop.sol', 'flip.sol', 'flip.t.sol', 'flop.t.sol', 'flap.t.sol', 'heal.sol', 'frob.t.sol', 'tune.sol']
3,['flop.sol', 'flip.sol', 'flip.t.sol', 'flop.t.sol', 'flap.t.sol', 'heal.sol', 'frob.t.sol', 'bite.sol']
2,['flop.sol', 'flip.sol', 'flip.t.sol', 'flop.t.sol', 'flap.t.sol', 'heal.sol', 'tune.sol', 'bite.sol']
3,['flop.sol', 'flip.sol', 'flip.t.sol', 'flop.t.sol', 'flap.t.sol', 'drip.t.sol', 'heal.t.sol', 'flap.sol']
3,['flop.sol', 'flip.sol', 'flip.t.sol', 'flop.t.sol', 'flap.t.sol', 'drip.t.sol', 'heal.t.sol', 'drip.sol']
2,['flop.sol', 'flip.sol', 'flip.t.sol', 'flop.t.sol', 'flap.t.sol', 'drip.t.sol', 'heal.t.sol', 'frob.t.sol']
2,['flop.sol', 'flip.sol', 'flip.t.sol', 'flop.t.sol', 'flap.t.sol', 'drip.t.sol', 'heal.t.sol', 'tune.sol']
2,['flop.sol', 'flip.sol', 'flip.t.sol', 'flop.t.sol', 'flap.t.sol', 'drip.t.sol', 'heal.t.sol', 'bite.sol']
3,['flop.sol', 'flip.sol', 'flip.t.sol', 'flop.t.sol', 'flap.t.sol', 'drip.t.sol', 'flap.sol', 'drip.sol']
3,['flop.sol', 'flip.sol', 'flip.t.sol', 'flop.t.sol', 'flap.t.sol', 'drip.t.sol', 'flap.sol', 'frob.t.sol']
2,['flop.sol', 'flip.sol', 'flip.t.sol', 'flop.t.sol', 'flap.t.sol', 'drip.t.sol', 'flap.sol', 'tune.sol']
2,['flop.sol', 'flip.sol', 'flip.t.sol', 'flop.t.sol', 'flap.t.sol', 'drip.t.sol', 'flap.sol', 'bite.sol']
2,['flop.sol', 'flip.sol', 'flip.t.sol', 'flop.t.sol', 'flap.t.sol', 'drip.t.sol', 'drip.sol', 'frob.t.sol']
2,['flop.sol', 'flip.sol', 'flip.t.sol', 'flop.t.sol', 'flap.t.sol', 'drip.t.sol', 'drip.sol', 'tune.sol']
2,['flop.sol', 'flip.sol', 'flip.t.sol', 'flop.t.sol', 'flap.t.sol', 'drip.t.sol', 'drip.sol', 'bite.sol']
3,['flop.sol', 'flip.sol', 'flip.t.sol', 'flop.t.sol', 'flap.t.sol', 'drip.t.sol', 'frob.t.sol', 'tune.sol']
2,['flop.sol', 'flip.sol', 'flip.t.sol', 'flop.t.sol', 'flap.t.sol', 'drip.t.sol', 'frob.t.sol', 'bite.sol']
2,['flop.sol', 'flip.sol', 'flip.t.sol', 'flop.t.sol', 'flap.t.sol', 'drip.t.sol', 'tune.sol', 'bite.sol']
3,['flop.sol', 'flip.sol', 'flip.t.sol', 'flop.t.sol', 'flap.t.sol', 'heal.t.sol', 'flap.sol', 'drip.sol']
3,['flop.sol', 'flip.sol', 'flip.t.sol', 'flop.t.sol', 'flap.t.sol', 'heal.t.sol', 'flap.sol', 'frob.t.sol']
2,['flop.sol', 'flip.sol', 'flip.t.sol', 'flop.t.sol', 'flap.t.sol', 'heal.t.sol', 'flap.sol', 'tune.sol']
2,['flop.sol', 'flip.sol', 'flip.t.sol', 'flop.t.sol', 'flap.t.sol', 'heal.t.sol', 'flap.sol', 'bite.sol']
2,['flop.sol', 'flip.sol', 'flip.t.sol', 'flop.t.sol', 'flap.t.sol', 'heal.t.sol', 'drip.sol', 'frob.t.sol']
2,['flop.sol', 'flip.sol', 'flip.t.sol', 'flop.t.sol', 'flap.t.sol', 'heal.t.sol', 'drip.sol', 'tune.sol']
3,['flop.sol', 'flip.sol', 'flip.t.sol', 'flop.t.sol', 'flap.t.sol', 'heal.t.sol', 'drip.sol', 'bite.sol']
3,['flop.sol', 'flip.sol', 'flip.t.sol', 'flop.t.sol', 'flap.t.sol', 'heal.t.sol', 'frob.t.sol', 'tune.sol']
3,['flop.sol', 'flip.sol', 'flip.t.sol', 'flop.t.sol', 'flap.t.sol', 'heal.t.sol', 'frob.t.sol', 'bite.sol']
2,['flop.sol', 'flip.sol', 'flip.t.sol', 'flop.t.sol', 'flap.t.sol', 'heal.t.sol', 'tune.sol', 'bite.sol']
3,['flop.sol', 'flip.sol', 'flip.t.sol', 'flop.t.sol', 'flap.t.sol', 'flap.sol', 'drip.sol', 'frob.t.sol']
2,['flop.sol', 'flip.sol', 'flip.t.sol', 'flop.t.sol', 'flap.t.sol', 'flap.sol', 'drip.sol', 'tune.sol']
3,['flop.sol', 'flip.sol', 'flip.t.sol', 'flop.t.sol', 'flap.t.sol', 'flap.sol', 'drip.sol', 'bite.sol']
3,['flop.sol', 'flip.sol', 'flip.t.sol', 'flop.t.sol', 'flap.t.sol', 'flap.sol', 'frob.t.sol', 'tune.sol']
3,['flop.sol', 'flip.sol', 'flip.t.sol', 'flop.t.sol', 'flap.t.sol', 'flap.sol', 'frob.t.sol', 'bite.sol']
2,['flop.sol', 'flip.sol', 'flip.t.sol', 'flop.t.sol', 'flap.t.sol', 'flap.sol', 'tune.sol', 'bite.sol']
2,['flop.sol', 'flip.sol', 'flip.t.sol', 'flop.t.sol', 'flap.t.sol', 'drip.sol', 'frob.t.sol', 'tune.sol']
3,['flop.sol', 'flip.sol', 'flip.t.sol', 'flop.t.sol', 'flap.t.sol', 'drip.sol', 'frob.t.sol', 'bite.sol']
2,['flop.sol', 'flip.sol', 'flip.t.sol', 'flop.t.sol', 'flap.t.sol', 'drip.sol', 'tune.sol', 'bite.sol']
2,['flop.sol', 'flip.sol', 'flip.t.sol', 'flop.t.sol', 'flap.t.sol', 'frob.t.sol', 'tune.sol', 'bite.sol']
3,['flop.sol', 'flip.sol', 'flip.t.sol', 'flop.t.sol', 'heal.sol', 'drip.t.sol', 'heal.t.sol', 'flap.sol']
3,['flop.sol', 'flip.sol', 'flip.t.sol', 'flop.t.sol', 'heal.sol', 'drip.t.sol', 'heal.t.sol', 'drip.sol']
2,['flop.sol', 'flip.sol', 'flip.t.sol', 'flop.t.sol', 'heal.sol', 'drip.t.sol', 'heal.t.sol', 'frob.t.sol']
1,['flop.sol', 'flip.sol', 'flip.t.sol', 'flop.t.sol', 'heal.sol', 'drip.t.sol', 'heal.t.sol', 'tune.sol']
1,['flop.sol', 'flip.sol', 'flip.t.sol', 'flop.t.sol', 'heal.sol', 'drip.t.sol', 'heal.t.sol', 'bite.sol']
3,['flop.sol', 'flip.sol', 'flip.t.sol', 'flop.t.sol', 'heal.sol', 'drip.t.sol', 'flap.sol', 'drip.sol']
2,['flop.sol', 'flip.sol', 'flip.t.sol', 'flop.t.sol', 'heal.sol', 'drip.t.sol', 'flap.sol', 'frob.t.sol']
2,['flop.sol', 'flip.sol', 'flip.t.sol', 'flop.t.sol', 'heal.sol', 'drip.t.sol', 'flap.sol', 'tune.sol']
2,['flop.sol', 'flip.sol', 'flip.t.sol', 'flop.t.sol', 'heal.sol', 'drip.t.sol', 'flap.sol', 'bite.sol']
2,['flop.sol', 'flip.sol', 'flip.t.sol', 'flop.t.sol', 'heal.sol', 'drip.t.sol', 'drip.sol', 'frob.t.sol']
2,['flop.sol', 'flip.sol', 'flip.t.sol', 'flop.t.sol', 'heal.sol', 'drip.t.sol', 'drip.sol', 'tune.sol']
2,['flop.sol', 'flip.sol', 'flip.t.sol', 'flop.t.sol', 'heal.sol', 'drip.t.sol', 'drip.sol', 'bite.sol']
2,['flop.sol', 'flip.sol', 'flip.t.sol', 'flop.t.sol', 'heal.sol', 'drip.t.sol', 'frob.t.sol', 'tune.sol']
2,['flop.sol', 'flip.sol', 'flip.t.sol', 'flop.t.sol', 'heal.sol', 'drip.t.sol', 'frob.t.sol', 'bite.sol']
1,['flop.sol', 'flip.sol', 'flip.t.sol', 'flop.t.sol', 'heal.sol', 'drip.t.sol', 'tune.sol', 'bite.sol']
3,['flop.sol', 'flip.sol', 'flip.t.sol', 'flop.t.sol', 'heal.sol', 'heal.t.sol', 'flap.sol', 'drip.sol']
3,['flop.sol', 'flip.sol', 'flip.t.sol', 'flop.t.sol', 'heal.sol', 'heal.t.sol', 'flap.sol', 'frob.t.sol']
2,['flop.sol', 'flip.sol', 'flip.t.sol', 'flop.t.sol', 'heal.sol', 'heal.t.sol', 'flap.sol', 'tune.sol']
2,['flop.sol', 'flip.sol', 'flip.t.sol', 'flop.t.sol', 'heal.sol', 'heal.t.sol', 'flap.sol', 'bite.sol']
2,['flop.sol', 'flip.sol', 'flip.t.sol', 'flop.t.sol', 'heal.sol', 'heal.t.sol', 'drip.sol', 'frob.t.sol']
2,['flop.sol', 'flip.sol', 'flip.t.sol', 'flop.t.sol', 'heal.sol', 'heal.t.sol', 'drip.sol', 'tune.sol']
3,['flop.sol', 'flip.sol', 'flip.t.sol', 'flop.t.sol', 'heal.sol', 'heal.t.sol', 'drip.sol', 'bite.sol']
3,['flop.sol', 'flip.sol', 'flip.t.sol', 'flop.t.sol', 'heal.sol', 'heal.t.sol', 'frob.t.sol', 'tune.sol']
3,['flop.sol', 'flip.sol', 'flip.t.sol', 'flop.t.sol', 'heal.sol', 'heal.t.sol', 'frob.t.sol', 'bite.sol']
2,['flop.sol', 'flip.sol', 'flip.t.sol', 'flop.t.sol', 'heal.sol', 'heal.t.sol', 'tune.sol', 'bite.sol']
2,['flop.sol', 'flip.sol', 'flip.t.sol', 'flop.t.sol', 'heal.sol', 'flap.sol', 'drip.sol', 'frob.t.sol']
2,['flop.sol', 'flip.sol', 'flip.t.sol', 'flop.t.sol', 'heal.sol', 'flap.sol', 'drip.sol', 'tune.sol']
3,['flop.sol', 'flip.sol', 'flip.t.sol', 'flop.t.sol', 'heal.sol', 'flap.sol', 'drip.sol', 'bite.sol']
3,['flop.sol', 'flip.sol', 'flip.t.sol', 'flop.t.sol', 'heal.sol', 'flap.sol', 'frob.t.sol', 'tune.sol']
3,['flop.sol', 'flip.sol', 'flip.t.sol', 'flop.t.sol', 'heal.sol', 'flap.sol', 'frob.t.sol', 'bite.sol']
2,['flop.sol', 'flip.sol', 'flip.t.sol', 'flop.t.sol', 'heal.sol', 'flap.sol', 'tune.sol', 'bite.sol']
2,['flop.sol', 'flip.sol', 'flip.t.sol', 'flop.t.sol', 'heal.sol', 'drip.sol', 'frob.t.sol', 'tune.sol']
2,['flop.sol', 'flip.sol', 'flip.t.sol', 'flop.t.sol', 'heal.sol', 'drip.sol', 'frob.t.sol', 'bite.sol']
2,['flop.sol', 'flip.sol', 'flip.t.sol', 'flop.t.sol', 'heal.sol', 'drip.sol', 'tune.sol', 'bite.sol']
3,['flop.sol', 'flip.sol', 'flip.t.sol', 'flop.t.sol', 'heal.sol', 'frob.t.sol', 'tune.sol', 'bite.sol']
3,['flop.sol', 'flip.sol', 'flip.t.sol', 'flop.t.sol', 'drip.t.sol', 'heal.t.sol', 'flap.sol', 'drip.sol']
2,['flop.sol', 'flip.sol', 'flip.t.sol', 'flop.t.sol', 'drip.t.sol', 'heal.t.sol', 'flap.sol', 'frob.t.sol']
2,['flop.sol', 'flip.sol', 'flip.t.sol', 'flop.t.sol', 'drip.t.sol', 'heal.t.sol', 'flap.sol', 'tune.sol']
2,['flop.sol', 'flip.sol', 'flip.t.sol', 'flop.t.sol', 'drip.t.sol', 'heal.t.sol', 'flap.sol', 'bite.sol']
2,['flop.sol', 'flip.sol', 'flip.t.sol', 'flop.t.sol', 'drip.t.sol', 'heal.t.sol', 'drip.sol', 'frob.t.sol']
2,['flop.sol', 'flip.sol', 'flip.t.sol', 'flop.t.sol', 'drip.t.sol', 'heal.t.sol', 'drip.sol', 'tune.sol']
2,['flop.sol', 'flip.sol', 'flip.t.sol', 'flop.t.sol', 'drip.t.sol', 'heal.t.sol', 'drip.sol', 'bite.sol']
2,['flop.sol', 'flip.sol', 'flip.t.sol', 'flop.t.sol', 'drip.t.sol', 'heal.t.sol', 'frob.t.sol', 'tune.sol']
2,['flop.sol', 'flip.sol', 'flip.t.sol', 'flop.t.sol', 'drip.t.sol', 'heal.t.sol', 'frob.t.sol', 'bite.sol']
2,['flop.sol', 'flip.sol', 'flip.t.sol', 'flop.t.sol', 'drip.t.sol', 'heal.t.sol', 'tune.sol', 'bite.sol']
3,['flop.sol', 'flip.sol', 'flip.t.sol', 'flop.t.sol', 'drip.t.sol', 'flap.sol', 'drip.sol', 'frob.t.sol']
2,['flop.sol', 'flip.sol', 'flip.t.sol', 'flop.t.sol', 'drip.t.sol', 'flap.sol', 'drip.sol', 'tune.sol']
2,['flop.sol', 'flip.sol', 'flip.t.sol', 'flop.t.sol', 'drip.t.sol', 'flap.sol', 'drip.sol', 'bite.sol']
2,['flop.sol', 'flip.sol', 'flip.t.sol', 'flop.t.sol', 'drip.t.sol', 'flap.sol', 'frob.t.sol', 'tune.sol']
2,['flop.sol', 'flip.sol', 'flip.t.sol', 'flop.t.sol', 'drip.t.sol', 'flap.sol', 'frob.t.sol', 'bite.sol']
2,['flop.sol', 'flip.sol', 'flip.t.sol', 'flop.t.sol', 'drip.t.sol', 'flap.sol', 'tune.sol', 'bite.sol']
2,['flop.sol', 'flip.sol', 'flip.t.sol', 'flop.t.sol', 'drip.t.sol', 'drip.sol', 'frob.t.sol', 'tune.sol']
2,['flop.sol', 'flip.sol', 'flip.t.sol', 'flop.t.sol', 'drip.t.sol', 'drip.sol', 'frob.t.sol', 'bite.sol']
2,['flop.sol', 'flip.sol', 'flip.t.sol', 'flop.t.sol', 'drip.t.sol', 'drip.sol', 'tune.sol', 'bite.sol']
1,['flop.sol', 'flip.sol', 'flip.t.sol', 'flop.t.sol', 'drip.t.sol', 'frob.t.sol', 'tune.sol', 'bite.sol']
2,['flop.sol', 'flip.sol', 'flip.t.sol', 'flop.t.sol', 'heal.t.sol', 'flap.sol', 'drip.sol', 'frob.t.sol']
2,['flop.sol', 'flip.sol', 'flip.t.sol', 'flop.t.sol', 'heal.t.sol', 'flap.sol', 'drip.sol', 'tune.sol']
3,['flop.sol', 'flip.sol', 'flip.t.sol', 'flop.t.sol', 'heal.t.sol', 'flap.sol', 'drip.sol', 'bite.sol']
3,['flop.sol', 'flip.sol', 'flip.t.sol', 'flop.t.sol', 'heal.t.sol', 'flap.sol', 'frob.t.sol', 'tune.sol']
3,['flop.sol', 'flip.sol', 'flip.t.sol', 'flop.t.sol', 'heal.t.sol', 'flap.sol', 'frob.t.sol', 'bite.sol']
2,['flop.sol', 'flip.sol', 'flip.t.sol', 'flop.t.sol', 'heal.t.sol', 'flap.sol', 'tune.sol', 'bite.sol']
2,['flop.sol', 'flip.sol', 'flip.t.sol', 'flop.t.sol', 'heal.t.sol', 'drip.sol', 'frob.t.sol', 'tune.sol']
2,['flop.sol', 'flip.sol', 'flip.t.sol', 'flop.t.sol', 'heal.t.sol', 'drip.sol', 'frob.t.sol', 'bite.sol']
2,['flop.sol', 'flip.sol', 'flip.t.sol', 'flop.t.sol', 'heal.t.sol', 'drip.sol', 'tune.sol', 'bite.sol']
3,['flop.sol', 'flip.sol', 'flip.t.sol', 'flop.t.sol', 'heal.t.sol', 'frob.t.sol', 'tune.sol', 'bite.sol']
2,['flop.sol', 'flip.sol', 'flip.t.sol', 'flop.t.sol', 'flap.sol', 'drip.sol', 'frob.t.sol', 'tune.sol']
3,['flop.sol', 'flip.sol', 'flip.t.sol', 'flop.t.sol', 'flap.sol', 'drip.sol', 'frob.t.sol', 'bite.sol']
2,['flop.sol', 'flip.sol', 'flip.t.sol', 'flop.t.sol', 'flap.sol', 'drip.sol', 'tune.sol', 'bite.sol']
2,['flop.sol', 'flip.sol', 'flip.t.sol', 'flop.t.sol', 'flap.sol', 'frob.t.sol', 'tune.sol', 'bite.sol']
2,['flop.sol', 'flip.sol', 'flip.t.sol', 'flop.t.sol', 'drip.sol', 'frob.t.sol', 'tune.sol', 'bite.sol']
2,['flop.sol', 'flip.sol', 'flip.t.sol', 'flap.t.sol', 'heal.sol', 'drip.t.sol', 'heal.t.sol', 'flap.sol']
3,['flop.sol', 'flip.sol', 'flip.t.sol', 'flap.t.sol', 'heal.sol', 'drip.t.sol', 'heal.t.sol', 'drip.sol']
2,['flop.sol', 'flip.sol', 'flip.t.sol', 'flap.t.sol', 'heal.sol', 'drip.t.sol', 'heal.t.sol', 'frob.t.sol']
1,['flop.sol', 'flip.sol', 'flip.t.sol', 'flap.t.sol', 'heal.sol', 'drip.t.sol', 'heal.t.sol', 'tune.sol']
2,['flop.sol', 'flip.sol', 'flip.t.sol', 'flap.t.sol', 'heal.sol', 'drip.t.sol', 'heal.t.sol', 'bite.sol']
3,['flop.sol', 'flip.sol', 'flip.t.sol', 'flap.t.sol', 'heal.sol', 'drip.t.sol', 'flap.sol', 'drip.sol']
2,['flop.sol', 'flip.sol', 'flip.t.sol', 'flap.t.sol', 'heal.sol', 'drip.t.sol', 'flap.sol', 'frob.t.sol']
2,['flop.sol', 'flip.sol', 'flip.t.sol', 'flap.t.sol', 'heal.sol', 'drip.t.sol', 'flap.sol', 'tune.sol']
2,['flop.sol', 'flip.sol', 'flip.t.sol', 'flap.t.sol', 'heal.sol', 'drip.t.sol', 'flap.sol', 'bite.sol']
2,['flop.sol', 'flip.sol', 'flip.t.sol', 'flap.t.sol', 'heal.sol', 'drip.t.sol', 'drip.sol', 'frob.t.sol']
2,['flop.sol', 'flip.sol', 'flip.t.sol', 'flap.t.sol', 'heal.sol', 'drip.t.sol', 'drip.sol', 'tune.sol']
2,['flop.sol', 'flip.sol', 'flip.t.sol', 'flap.t.sol', 'heal.sol', 'drip.t.sol', 'drip.sol', 'bite.sol']
2,['flop.sol', 'flip.sol', 'flip.t.sol', 'flap.t.sol', 'heal.sol', 'drip.t.sol', 'frob.t.sol', 'tune.sol']
2,['flop.sol', 'flip.sol', 'flip.t.sol', 'flap.t.sol', 'heal.sol', 'drip.t.sol', 'frob.t.sol', 'bite.sol']
1,['flop.sol', 'flip.sol', 'flip.t.sol', 'flap.t.sol', 'heal.sol', 'drip.t.sol', 'tune.sol', 'bite.sol']
3,['flop.sol', 'flip.sol', 'flip.t.sol', 'flap.t.sol', 'heal.sol', 'heal.t.sol', 'flap.sol', 'drip.sol']
3,['flop.sol', 'flip.sol', 'flip.t.sol', 'flap.t.sol', 'heal.sol', 'heal.t.sol', 'flap.sol', 'frob.t.sol']
2,['flop.sol', 'flip.sol', 'flip.t.sol', 'flap.t.sol', 'heal.sol', 'heal.t.sol', 'flap.sol', 'tune.sol']
2,['flop.sol', 'flip.sol', 'flip.t.sol', 'flap.t.sol', 'heal.sol', 'heal.t.sol', 'flap.sol', 'bite.sol']
2,['flop.sol', 'flip.sol', 'flip.t.sol', 'flap.t.sol', 'heal.sol', 'heal.t.sol', 'drip.sol', 'frob.t.sol']
2,['flop.sol', 'flip.sol', 'flip.t.sol', 'flap.t.sol', 'heal.sol', 'heal.t.sol', 'drip.sol', 'tune.sol']
3,['flop.sol', 'flip.sol', 'flip.t.sol', 'flap.t.sol', 'heal.sol', 'heal.t.sol', 'drip.sol', 'bite.sol']
3,['flop.sol', 'flip.sol', 'flip.t.sol', 'flap.t.sol', 'heal.sol', 'heal.t.sol', 'frob.t.sol', 'tune.sol']
3,['flop.sol', 'flip.sol', 'flip.t.sol', 'flap.t.sol', 'heal.sol', 'heal.t.sol', 'frob.t.sol', 'bite.sol']
1,['flop.sol', 'flip.sol', 'flip.t.sol', 'flap.t.sol', 'heal.sol', 'heal.t.sol', 'tune.sol', 'bite.sol']
2,['flop.sol', 'flip.sol', 'flip.t.sol', 'flap.t.sol', 'heal.sol', 'flap.sol', 'drip.sol', 'frob.t.sol']
2,['flop.sol', 'flip.sol', 'flip.t.sol', 'flap.t.sol', 'heal.sol', 'flap.sol', 'drip.sol', 'tune.sol']
3,['flop.sol', 'flip.sol', 'flip.t.sol', 'flap.t.sol', 'heal.sol', 'flap.sol', 'drip.sol', 'bite.sol']
3,['flop.sol', 'flip.sol', 'flip.t.sol', 'flap.t.sol', 'heal.sol', 'flap.sol', 'frob.t.sol', 'tune.sol']
3,['flop.sol', 'flip.sol', 'flip.t.sol', 'flap.t.sol', 'heal.sol', 'flap.sol', 'frob.t.sol', 'bite.sol']
2,['flop.sol', 'flip.sol', 'flip.t.sol', 'flap.t.sol', 'heal.sol', 'flap.sol', 'tune.sol', 'bite.sol']
2,['flop.sol', 'flip.sol', 'flip.t.sol', 'flap.t.sol', 'heal.sol', 'drip.sol', 'frob.t.sol', 'tune.sol']
2,['flop.sol', 'flip.sol', 'flip.t.sol', 'flap.t.sol', 'heal.sol', 'drip.sol', 'frob.t.sol', 'bite.sol']
2,['flop.sol', 'flip.sol', 'flip.t.sol', 'flap.t.sol', 'heal.sol', 'drip.sol', 'tune.sol', 'bite.sol']
3,['flop.sol', 'flip.sol', 'flip.t.sol', 'flap.t.sol', 'heal.sol', 'frob.t.sol', 'tune.sol', 'bite.sol']
3,['flop.sol', 'flip.sol', 'flip.t.sol', 'flap.t.sol', 'drip.t.sol', 'heal.t.sol', 'flap.sol', 'drip.sol']
2,['flop.sol', 'flip.sol', 'flip.t.sol', 'flap.t.sol', 'drip.t.sol', 'heal.t.sol', 'flap.sol', 'frob.t.sol']
2,['flop.sol', 'flip.sol', 'flip.t.sol', 'flap.t.sol', 'drip.t.sol', 'heal.t.sol', 'flap.sol', 'tune.sol']
1,['flop.sol', 'flip.sol', 'flip.t.sol', 'flap.t.sol', 'drip.t.sol', 'heal.t.sol', 'flap.sol', 'bite.sol']
2,['flop.sol', 'flip.sol', 'flip.t.sol', 'flap.t.sol', 'drip.t.sol', 'heal.t.sol', 'drip.sol', 'frob.t.sol']
2,['flop.sol', 'flip.sol', 'flip.t.sol', 'flap.t.sol', 'drip.t.sol', 'heal.t.sol', 'drip.sol', 'tune.sol']
2,['flop.sol', 'flip.sol', 'flip.t.sol', 'flap.t.sol', 'drip.t.sol', 'heal.t.sol', 'drip.sol', 'bite.sol']
2,['flop.sol', 'flip.sol', 'flip.t.sol', 'flap.t.sol', 'drip.t.sol', 'heal.t.sol', 'frob.t.sol', 'tune.sol']
2,['flop.sol', 'flip.sol', 'flip.t.sol', 'flap.t.sol', 'drip.t.sol', 'heal.t.sol', 'frob.t.sol', 'bite.sol']
2,['flop.sol', 'flip.sol', 'flip.t.sol', 'flap.t.sol', 'drip.t.sol', 'heal.t.sol', 'tune.sol', 'bite.sol']
3,['flop.sol', 'flip.sol', 'flip.t.sol', 'flap.t.sol', 'drip.t.sol', 'flap.sol', 'drip.sol', 'frob.t.sol']
2,['flop.sol', 'flip.sol', 'flip.t.sol', 'flap.t.sol', 'drip.t.sol', 'flap.sol', 'drip.sol', 'tune.sol']
2,['flop.sol', 'flip.sol', 'flip.t.sol', 'flap.t.sol', 'drip.t.sol', 'flap.sol', 'drip.sol', 'bite.sol']
2,['flop.sol', 'flip.sol', 'flip.t.sol', 'flap.t.sol', 'drip.t.sol', 'flap.sol', 'frob.t.sol', 'tune.sol']
3,['flop.sol', 'flip.sol', 'flip.t.sol', 'flap.t.sol', 'drip.t.sol', 'flap.sol', 'frob.t.sol', 'bite.sol']
2,['flop.sol', 'flip.sol', 'flip.t.sol', 'flap.t.sol', 'drip.t.sol', 'flap.sol', 'tune.sol', 'bite.sol']
2,['flop.sol', 'flip.sol', 'flip.t.sol', 'flap.t.sol', 'drip.t.sol', 'drip.sol', 'frob.t.sol', 'tune.sol']
2,['flop.sol', 'flip.sol', 'flip.t.sol', 'flap.t.sol', 'drip.t.sol', 'drip.sol', 'frob.t.sol', 'bite.sol']
2,['flop.sol', 'flip.sol', 'flip.t.sol', 'flap.t.sol', 'drip.t.sol', 'drip.sol', 'tune.sol', 'bite.sol']
1,['flop.sol', 'flip.sol', 'flip.t.sol', 'flap.t.sol', 'drip.t.sol', 'frob.t.sol', 'tune.sol', 'bite.sol']
2,['flop.sol', 'flip.sol', 'flip.t.sol', 'flap.t.sol', 'heal.t.sol', 'flap.sol', 'drip.sol', 'frob.t.sol']
2,['flop.sol', 'flip.sol', 'flip.t.sol', 'flap.t.sol', 'heal.t.sol', 'flap.sol', 'drip.sol', 'tune.sol']
3,['flop.sol', 'flip.sol', 'flip.t.sol', 'flap.t.sol', 'heal.t.sol', 'flap.sol', 'drip.sol', 'bite.sol']
3,['flop.sol', 'flip.sol', 'flip.t.sol', 'flap.t.sol', 'heal.t.sol', 'flap.sol', 'frob.t.sol', 'tune.sol']
3,['flop.sol', 'flip.sol', 'flip.t.sol', 'flap.t.sol', 'heal.t.sol', 'flap.sol', 'frob.t.sol', 'bite.sol']
2,['flop.sol', 'flip.sol', 'flip.t.sol', 'flap.t.sol', 'heal.t.sol', 'flap.sol', 'tune.sol', 'bite.sol']
2,['flop.sol', 'flip.sol', 'flip.t.sol', 'flap.t.sol', 'heal.t.sol', 'drip.sol', 'frob.t.sol', 'tune.sol']
2,['flop.sol', 'flip.sol', 'flip.t.sol', 'flap.t.sol', 'heal.t.sol', 'drip.sol', 'frob.t.sol', 'bite.sol']
2,['flop.sol', 'flip.sol', 'flip.t.sol', 'flap.t.sol', 'heal.t.sol', 'drip.sol', 'tune.sol', 'bite.sol']
3,['flop.sol', 'flip.sol', 'flip.t.sol', 'flap.t.sol', 'heal.t.sol', 'frob.t.sol', 'tune.sol', 'bite.sol']
2,['flop.sol', 'flip.sol', 'flip.t.sol', 'flap.t.sol', 'flap.sol', 'drip.sol', 'frob.t.sol', 'tune.sol']
3,['flop.sol', 'flip.sol', 'flip.t.sol', 'flap.t.sol', 'flap.sol', 'drip.sol', 'frob.t.sol', 'bite.sol']
2,['flop.sol', 'flip.sol', 'flip.t.sol', 'flap.t.sol', 'flap.sol', 'drip.sol', 'tune.sol', 'bite.sol']
2,['flop.sol', 'flip.sol', 'flip.t.sol', 'flap.t.sol', 'flap.sol', 'frob.t.sol', 'tune.sol', 'bite.sol']
2,['flop.sol', 'flip.sol', 'flip.t.sol', 'flap.t.sol', 'drip.sol', 'frob.t.sol', 'tune.sol', 'bite.sol']
2,['flop.sol', 'flip.sol', 'flip.t.sol', 'heal.sol', 'drip.t.sol', 'heal.t.sol', 'flap.sol', 'drip.sol']
2,['flop.sol', 'flip.sol', 'flip.t.sol', 'heal.sol', 'drip.t.sol', 'heal.t.sol', 'flap.sol', 'frob.t.sol']
1,['flop.sol', 'flip.sol', 'flip.t.sol', 'heal.sol', 'drip.t.sol', 'heal.t.sol', 'flap.sol', 'tune.sol']
2,['flop.sol', 'flip.sol', 'flip.t.sol', 'heal.sol', 'drip.t.sol', 'heal.t.sol', 'flap.sol', 'bite.sol']
2,['flop.sol', 'flip.sol', 'flip.t.sol', 'heal.sol', 'drip.t.sol', 'heal.t.sol', 'drip.sol', 'frob.t.sol']
2,['flop.sol', 'flip.sol', 'flip.t.sol', 'heal.sol', 'drip.t.sol', 'heal.t.sol', 'drip.sol', 'tune.sol']
4,['flop.sol', 'flip.sol', 'flip.t.sol', 'heal.sol', 'drip.t.sol', 'heal.t.sol', 'drip.sol', 'bite.sol']
2,['flop.sol', 'flip.sol', 'flip.t.sol', 'heal.sol', 'drip.t.sol', 'heal.t.sol', 'frob.t.sol', 'tune.sol']
2,['flop.sol', 'flip.sol', 'flip.t.sol', 'heal.sol', 'drip.t.sol', 'heal.t.sol', 'frob.t.sol', 'bite.sol']
2,['flop.sol', 'flip.sol', 'flip.t.sol', 'heal.sol', 'drip.t.sol', 'heal.t.sol', 'tune.sol', 'bite.sol']
4,['flop.sol', 'flip.sol', 'flip.t.sol', 'heal.sol', 'drip.t.sol', 'flap.sol', 'drip.sol', 'frob.t.sol']
2,['flop.sol', 'flip.sol', 'flip.t.sol', 'heal.sol', 'drip.t.sol', 'flap.sol', 'drip.sol', 'tune.sol']
2,['flop.sol', 'flip.sol', 'flip.t.sol', 'heal.sol', 'drip.t.sol', 'flap.sol', 'drip.sol', 'bite.sol']
2,['flop.sol', 'flip.sol', 'flip.t.sol', 'heal.sol', 'drip.t.sol', 'flap.sol', 'frob.t.sol', 'tune.sol']
4,['flop.sol', 'flip.sol', 'flip.t.sol', 'heal.sol', 'drip.t.sol', 'flap.sol', 'frob.t.sol', 'bite.sol']
2,['flop.sol', 'flip.sol', 'flip.t.sol', 'heal.sol', 'drip.t.sol', 'flap.sol', 'tune.sol', 'bite.sol']
3,['flop.sol', 'flip.sol', 'flip.t.sol', 'heal.sol', 'drip.t.sol', 'drip.sol', 'frob.t.sol', 'tune.sol']
4,['flop.sol', 'flip.sol', 'flip.t.sol', 'heal.sol', 'drip.t.sol', 'drip.sol', 'frob.t.sol', 'bite.sol']
2,['flop.sol', 'flip.sol', 'flip.t.sol', 'heal.sol', 'drip.t.sol', 'drip.sol', 'tune.sol', 'bite.sol']
4,['flop.sol', 'flip.sol', 'flip.t.sol', 'heal.sol', 'drip.t.sol', 'frob.t.sol', 'tune.sol', 'bite.sol']
2,['flop.sol', 'flip.sol', 'flip.t.sol', 'heal.sol', 'heal.t.sol', 'flap.sol', 'drip.sol', 'frob.t.sol']
2,['flop.sol', 'flip.sol', 'flip.t.sol', 'heal.sol', 'heal.t.sol', 'flap.sol', 'drip.sol', 'tune.sol']
2,['flop.sol', 'flip.sol', 'flip.t.sol', 'heal.sol', 'heal.t.sol', 'flap.sol', 'drip.sol', 'bite.sol']
3,['flop.sol', 'flip.sol', 'flip.t.sol', 'heal.sol', 'heal.t.sol', 'flap.sol', 'frob.t.sol', 'tune.sol']
3,['flop.sol', 'flip.sol', 'flip.t.sol', 'heal.sol', 'heal.t.sol', 'flap.sol', 'frob.t.sol', 'bite.sol']
2,['flop.sol', 'flip.sol', 'flip.t.sol', 'heal.sol', 'heal.t.sol', 'flap.sol', 'tune.sol', 'bite.sol']
2,['flop.sol', 'flip.sol', 'flip.t.sol', 'heal.sol', 'heal.t.sol', 'drip.sol', 'frob.t.sol', 'tune.sol']
2,['flop.sol', 'flip.sol', 'flip.t.sol', 'heal.sol', 'heal.t.sol', 'drip.sol', 'frob.t.sol', 'bite.sol']
2,['flop.sol', 'flip.sol', 'flip.t.sol', 'heal.sol', 'heal.t.sol', 'drip.sol', 'tune.sol', 'bite.sol']
3,['flop.sol', 'flip.sol', 'flip.t.sol', 'heal.sol', 'heal.t.sol', 'frob.t.sol', 'tune.sol', 'bite.sol']
2,['flop.sol', 'flip.sol', 'flip.t.sol', 'heal.sol', 'flap.sol', 'drip.sol', 'frob.t.sol', 'tune.sol']
3,['flop.sol', 'flip.sol', 'flip.t.sol', 'heal.sol', 'flap.sol', 'drip.sol', 'frob.t.sol', 'bite.sol']
2,['flop.sol', 'flip.sol', 'flip.t.sol', 'heal.sol', 'flap.sol', 'drip.sol', 'tune.sol', 'bite.sol']
2,['flop.sol', 'flip.sol', 'flip.t.sol', 'heal.sol', 'flap.sol', 'frob.t.sol', 'tune.sol', 'bite.sol']
2,['flop.sol', 'flip.sol', 'flip.t.sol', 'heal.sol', 'drip.sol', 'frob.t.sol', 'tune.sol', 'bite.sol']
2,['flop.sol', 'flip.sol', 'flip.t.sol', 'drip.t.sol', 'heal.t.sol', 'flap.sol', 'drip.sol', 'frob.t.sol']
2,['flop.sol', 'flip.sol', 'flip.t.sol', 'drip.t.sol', 'heal.t.sol', 'flap.sol', 'drip.sol', 'tune.sol']
2,['flop.sol', 'flip.sol', 'flip.t.sol', 'drip.t.sol', 'heal.t.sol', 'flap.sol', 'drip.sol', 'bite.sol']
2,['flop.sol', 'flip.sol', 'flip.t.sol', 'drip.t.sol', 'heal.t.sol', 'flap.sol', 'frob.t.sol', 'tune.sol']
2,['flop.sol', 'flip.sol', 'flip.t.sol', 'drip.t.sol', 'heal.t.sol', 'flap.sol', 'frob.t.sol', 'bite.sol']
2,['flop.sol', 'flip.sol', 'flip.t.sol', 'drip.t.sol', 'heal.t.sol', 'flap.sol', 'tune.sol', 'bite.sol']
2,['flop.sol', 'flip.sol', 'flip.t.sol', 'drip.t.sol', 'heal.t.sol', 'drip.sol', 'frob.t.sol', 'tune.sol']
2,['flop.sol', 'flip.sol', 'flip.t.sol', 'drip.t.sol', 'heal.t.sol', 'drip.sol', 'frob.t.sol', 'bite.sol']
2,['flop.sol', 'flip.sol', 'flip.t.sol', 'drip.t.sol', 'heal.t.sol', 'drip.sol', 'tune.sol', 'bite.sol']
1,['flop.sol', 'flip.sol', 'flip.t.sol', 'drip.t.sol', 'heal.t.sol', 'frob.t.sol', 'tune.sol', 'bite.sol']
2,['flop.sol', 'flip.sol', 'flip.t.sol', 'drip.t.sol', 'flap.sol', 'drip.sol', 'frob.t.sol', 'tune.sol']
5,['flop.sol', 'flip.sol', 'flip.t.sol', 'drip.t.sol', 'flap.sol', 'drip.sol', 'frob.t.sol', 'bite.sol']
2,['flop.sol', 'flip.sol', 'flip.t.sol', 'drip.t.sol', 'flap.sol', 'drip.sol', 'tune.sol', 'bite.sol']
2,['flop.sol', 'flip.sol', 'flip.t.sol', 'drip.t.sol', 'flap.sol', 'frob.t.sol', 'tune.sol', 'bite.sol']
4,['flop.sol', 'flip.sol', 'flip.t.sol', 'drip.t.sol', 'drip.sol', 'frob.t.sol', 'tune.sol', 'bite.sol']
2,['flop.sol', 'flip.sol', 'flip.t.sol', 'heal.t.sol', 'flap.sol', 'drip.sol', 'frob.t.sol', 'tune.sol']
2,['flop.sol', 'flip.sol', 'flip.t.sol', 'heal.t.sol', 'flap.sol', 'drip.sol', 'frob.t.sol', 'bite.sol']
2,['flop.sol', 'flip.sol', 'flip.t.sol', 'heal.t.sol', 'flap.sol', 'drip.sol', 'tune.sol', 'bite.sol']
3,['flop.sol', 'flip.sol', 'flip.t.sol', 'heal.t.sol', 'flap.sol', 'frob.t.sol', 'tune.sol', 'bite.sol']
2,['flop.sol', 'flip.sol', 'flip.t.sol', 'heal.t.sol', 'drip.sol', 'frob.t.sol', 'tune.sol', 'bite.sol']
2,['flop.sol', 'flip.sol', 'flip.t.sol', 'flap.sol', 'drip.sol', 'frob.t.sol', 'tune.sol', 'bite.sol']
3,['flop.sol', 'flip.sol', 'flop.t.sol', 'flap.t.sol', 'heal.sol', 'drip.t.sol', 'heal.t.sol', 'flap.sol']
3,['flop.sol', 'flip.sol', 'flop.t.sol', 'flap.t.sol', 'heal.sol', 'drip.t.sol', 'heal.t.sol', 'drip.sol']
2,['flop.sol', 'flip.sol', 'flop.t.sol', 'flap.t.sol', 'heal.sol', 'drip.t.sol', 'heal.t.sol', 'frob.t.sol']
2,['flop.sol', 'flip.sol', 'flop.t.sol', 'flap.t.sol', 'heal.sol', 'drip.t.sol', 'heal.t.sol', 'tune.sol']
3,['flop.sol', 'flip.sol', 'flop.t.sol', 'flap.t.sol', 'heal.sol', 'drip.t.sol', 'heal.t.sol', 'bite.sol']
2,['flop.sol', 'flip.sol', 'flop.t.sol', 'flap.t.sol', 'heal.sol', 'drip.t.sol', 'flap.sol', 'drip.sol']
3,['flop.sol', 'flip.sol', 'flop.t.sol', 'flap.t.sol', 'heal.sol', 'drip.t.sol', 'flap.sol', 'frob.t.sol']
2,['flop.sol', 'flip.sol', 'flop.t.sol', 'flap.t.sol', 'heal.sol', 'drip.t.sol', 'flap.sol', 'tune.sol']
2,['flop.sol', 'flip.sol', 'flop.t.sol', 'flap.t.sol', 'heal.sol', 'drip.t.sol', 'flap.sol', 'bite.sol']
4,['flop.sol', 'flip.sol', 'flop.t.sol', 'flap.t.sol', 'heal.sol', 'drip.t.sol', 'drip.sol', 'frob.t.sol']
2,['flop.sol', 'flip.sol', 'flop.t.sol', 'flap.t.sol', 'heal.sol', 'drip.t.sol', 'drip.sol', 'tune.sol']
2,['flop.sol', 'flip.sol', 'flop.t.sol', 'flap.t.sol', 'heal.sol', 'drip.t.sol', 'drip.sol', 'bite.sol']
3,['flop.sol', 'flip.sol', 'flop.t.sol', 'flap.t.sol', 'heal.sol', 'drip.t.sol', 'frob.t.sol', 'tune.sol']
3,['flop.sol', 'flip.sol', 'flop.t.sol', 'flap.t.sol', 'heal.sol', 'drip.t.sol', 'frob.t.sol', 'bite.sol']
2,['flop.sol', 'flip.sol', 'flop.t.sol', 'flap.t.sol', 'heal.sol', 'drip.t.sol', 'tune.sol', 'bite.sol']
3,['flop.sol', 'flip.sol', 'flop.t.sol', 'flap.t.sol', 'heal.sol', 'heal.t.sol', 'flap.sol', 'drip.sol']
3,['flop.sol', 'flip.sol', 'flop.t.sol', 'flap.t.sol', 'heal.sol', 'heal.t.sol', 'flap.sol', 'frob.t.sol']
3,['flop.sol', 'flip.sol', 'flop.t.sol', 'flap.t.sol', 'heal.sol', 'heal.t.sol', 'flap.sol', 'tune.sol']
3,['flop.sol', 'flip.sol', 'flop.t.sol', 'flap.t.sol', 'heal.sol', 'heal.t.sol', 'flap.sol', 'bite.sol']
2,['flop.sol', 'flip.sol', 'flop.t.sol', 'flap.t.sol', 'heal.sol', 'heal.t.sol', 'drip.sol', 'frob.t.sol']
2,['flop.sol', 'flip.sol', 'flop.t.sol', 'flap.t.sol', 'heal.sol', 'heal.t.sol', 'drip.sol', 'tune.sol']
3,['flop.sol', 'flip.sol', 'flop.t.sol', 'flap.t.sol', 'heal.sol', 'heal.t.sol', 'drip.sol', 'bite.sol']
3,['flop.sol', 'flip.sol', 'flop.t.sol', 'flap.t.sol', 'heal.sol', 'heal.t.sol', 'frob.t.sol', 'tune.sol']
3,['flop.sol', 'flip.sol', 'flop.t.sol', 'flap.t.sol', 'heal.sol', 'heal.t.sol', 'frob.t.sol', 'bite.sol']
3,['flop.sol', 'flip.sol', 'flop.t.sol', 'flap.t.sol', 'heal.sol', 'heal.t.sol', 'tune.sol', 'bite.sol']
3,['flop.sol', 'flip.sol', 'flop.t.sol', 'flap.t.sol', 'heal.sol', 'flap.sol', 'drip.sol', 'frob.t.sol']
2,['flop.sol', 'flip.sol', 'flop.t.sol', 'flap.t.sol', 'heal.sol', 'flap.sol', 'drip.sol', 'tune.sol']
2,['flop.sol', 'flip.sol', 'flop.t.sol', 'flap.t.sol', 'heal.sol', 'flap.sol', 'drip.sol', 'bite.sol']
3,['flop.sol', 'flip.sol', 'flop.t.sol', 'flap.t.sol', 'heal.sol', 'flap.sol', 'frob.t.sol', 'tune.sol']
3,['flop.sol', 'flip.sol', 'flop.t.sol', 'flap.t.sol', 'heal.sol', 'flap.sol', 'frob.t.sol', 'bite.sol']
2,['flop.sol', 'flip.sol', 'flop.t.sol', 'flap.t.sol', 'heal.sol', 'flap.sol', 'tune.sol', 'bite.sol']
2,['flop.sol', 'flip.sol', 'flop.t.sol', 'flap.t.sol', 'heal.sol', 'drip.sol', 'frob.t.sol', 'tune.sol']
3,['flop.sol', 'flip.sol', 'flop.t.sol', 'flap.t.sol', 'heal.sol', 'drip.sol', 'frob.t.sol', 'bite.sol']
2,['flop.sol', 'flip.sol', 'flop.t.sol', 'flap.t.sol', 'heal.sol', 'drip.sol', 'tune.sol', 'bite.sol']
3,['flop.sol', 'flip.sol', 'flop.t.sol', 'flap.t.sol', 'heal.sol', 'frob.t.sol', 'tune.sol', 'bite.sol']
3,['flop.sol', 'flip.sol', 'flop.t.sol', 'flap.t.sol', 'drip.t.sol', 'heal.t.sol', 'flap.sol', 'drip.sol']
2,['flop.sol', 'flip.sol', 'flop.t.sol', 'flap.t.sol', 'drip.t.sol', 'heal.t.sol', 'flap.sol', 'frob.t.sol']
2,['flop.sol', 'flip.sol', 'flop.t.sol', 'flap.t.sol', 'drip.t.sol', 'heal.t.sol', 'flap.sol', 'tune.sol']
3,['flop.sol', 'flip.sol', 'flop.t.sol', 'flap.t.sol', 'drip.t.sol', 'heal.t.sol', 'flap.sol', 'bite.sol']
2,['flop.sol', 'flip.sol', 'flop.t.sol', 'flap.t.sol', 'drip.t.sol', 'heal.t.sol', 'drip.sol', 'frob.t.sol']
2,['flop.sol', 'flip.sol', 'flop.t.sol', 'flap.t.sol', 'drip.t.sol', 'heal.t.sol', 'drip.sol', 'tune.sol']
3,['flop.sol', 'flip.sol', 'flop.t.sol', 'flap.t.sol', 'drip.t.sol', 'heal.t.sol', 'drip.sol', 'bite.sol']
2,['flop.sol', 'flip.sol', 'flop.t.sol', 'flap.t.sol', 'drip.t.sol', 'heal.t.sol', 'frob.t.sol', 'tune.sol']
2,['flop.sol', 'flip.sol', 'flop.t.sol', 'flap.t.sol', 'drip.t.sol', 'heal.t.sol', 'frob.t.sol', 'bite.sol']
2,['flop.sol', 'flip.sol', 'flop.t.sol', 'flap.t.sol', 'drip.t.sol', 'heal.t.sol', 'tune.sol', 'bite.sol']
3,['flop.sol', 'flip.sol', 'flop.t.sol', 'flap.t.sol', 'drip.t.sol', 'flap.sol', 'drip.sol', 'frob.t.sol']
2,['flop.sol', 'flip.sol', 'flop.t.sol', 'flap.t.sol', 'drip.t.sol', 'flap.sol', 'drip.sol', 'tune.sol']
2,['flop.sol', 'flip.sol', 'flop.t.sol', 'flap.t.sol', 'drip.t.sol', 'flap.sol', 'drip.sol', 'bite.sol']
3,['flop.sol', 'flip.sol', 'flop.t.sol', 'flap.t.sol', 'drip.t.sol', 'flap.sol', 'frob.t.sol', 'tune.sol']
3,['flop.sol', 'flip.sol', 'flop.t.sol', 'flap.t.sol', 'drip.t.sol', 'flap.sol', 'frob.t.sol', 'bite.sol']
2,['flop.sol', 'flip.sol', 'flop.t.sol', 'flap.t.sol', 'drip.t.sol', 'flap.sol', 'tune.sol', 'bite.sol']
3,['flop.sol', 'flip.sol', 'flop.t.sol', 'flap.t.sol', 'drip.t.sol', 'drip.sol', 'frob.t.sol', 'tune.sol']
3,['flop.sol', 'flip.sol', 'flop.t.sol', 'flap.t.sol', 'drip.t.sol', 'drip.sol', 'frob.t.sol', 'bite.sol']
2,['flop.sol', 'flip.sol', 'flop.t.sol', 'flap.t.sol', 'drip.t.sol', 'drip.sol', 'tune.sol', 'bite.sol']
2,['flop.sol', 'flip.sol', 'flop.t.sol', 'flap.t.sol', 'drip.t.sol', 'frob.t.sol', 'tune.sol', 'bite.sol']
2,['flop.sol', 'flip.sol', 'flop.t.sol', 'flap.t.sol', 'heal.t.sol', 'flap.sol', 'drip.sol', 'frob.t.sol']
2,['flop.sol', 'flip.sol', 'flop.t.sol', 'flap.t.sol', 'heal.t.sol', 'flap.sol', 'drip.sol', 'tune.sol']
3,['flop.sol', 'flip.sol', 'flop.t.sol', 'flap.t.sol', 'heal.t.sol', 'flap.sol', 'drip.sol', 'bite.sol']
3,['flop.sol', 'flip.sol', 'flop.t.sol', 'flap.t.sol', 'heal.t.sol', 'flap.sol', 'frob.t.sol', 'tune.sol']
3,['flop.sol', 'flip.sol', 'flop.t.sol', 'flap.t.sol', 'heal.t.sol', 'flap.sol', 'frob.t.sol', 'bite.sol']
2,['flop.sol', 'flip.sol', 'flop.t.sol', 'flap.t.sol', 'heal.t.sol', 'flap.sol', 'tune.sol', 'bite.sol']
2,['flop.sol', 'flip.sol', 'flop.t.sol', 'flap.t.sol', 'heal.t.sol', 'drip.sol', 'frob.t.sol', 'tune.sol']
2,['flop.sol', 'flip.sol', 'flop.t.sol', 'flap.t.sol', 'heal.t.sol', 'drip.sol', 'frob.t.sol', 'bite.sol']
2,['flop.sol', 'flip.sol', 'flop.t.sol', 'flap.t.sol', 'heal.t.sol', 'drip.sol', 'tune.sol', 'bite.sol']
3,['flop.sol', 'flip.sol', 'flop.t.sol', 'flap.t.sol', 'heal.t.sol', 'frob.t.sol', 'tune.sol', 'bite.sol']
3,['flop.sol', 'flip.sol', 'flop.t.sol', 'flap.t.sol', 'flap.sol', 'drip.sol', 'frob.t.sol', 'tune.sol']
3,['flop.sol', 'flip.sol', 'flop.t.sol', 'flap.t.sol', 'flap.sol', 'drip.sol', 'frob.t.sol', 'bite.sol']
2,['flop.sol', 'flip.sol', 'flop.t.sol', 'flap.t.sol', 'flap.sol', 'drip.sol', 'tune.sol', 'bite.sol']
2,['flop.sol', 'flip.sol', 'flop.t.sol', 'flap.t.sol', 'flap.sol', 'frob.t.sol', 'tune.sol', 'bite.sol']
2,['flop.sol', 'flip.sol', 'flop.t.sol', 'flap.t.sol', 'drip.sol', 'frob.t.sol', 'tune.sol', 'bite.sol']
4,['flop.sol', 'flip.sol', 'flop.t.sol', 'heal.sol', 'drip.t.sol', 'heal.t.sol', 'flap.sol', 'drip.sol']
2,['flop.sol', 'flip.sol', 'flop.t.sol', 'heal.sol', 'drip.t.sol', 'heal.t.sol', 'flap.sol', 'frob.t.sol']
2,['flop.sol', 'flip.sol', 'flop.t.sol', 'heal.sol', 'drip.t.sol', 'heal.t.sol', 'flap.sol', 'tune.sol']
3,['flop.sol', 'flip.sol', 'flop.t.sol', 'heal.sol', 'drip.t.sol', 'heal.t.sol', 'flap.sol', 'bite.sol']
2,['flop.sol', 'flip.sol', 'flop.t.sol', 'heal.sol', 'drip.t.sol', 'heal.t.sol', 'drip.sol', 'frob.t.sol']
2,['flop.sol', 'flip.sol', 'flop.t.sol', 'heal.sol', 'drip.t.sol', 'heal.t.sol', 'drip.sol', 'tune.sol']
3,['flop.sol', 'flip.sol', 'flop.t.sol', 'heal.sol', 'drip.t.sol', 'heal.t.sol', 'drip.sol', 'bite.sol']
2,['flop.sol', 'flip.sol', 'flop.t.sol', 'heal.sol', 'drip.t.sol', 'heal.t.sol', 'frob.t.sol', 'tune.sol']
2,['flop.sol', 'flip.sol', 'flop.t.sol', 'heal.sol', 'drip.t.sol', 'heal.t.sol', 'frob.t.sol', 'bite.sol']
2,['flop.sol', 'flip.sol', 'flop.t.sol', 'heal.sol', 'drip.t.sol', 'heal.t.sol', 'tune.sol', 'bite.sol']
3,['flop.sol', 'flip.sol', 'flop.t.sol', 'heal.sol', 'drip.t.sol', 'flap.sol', 'drip.sol', 'frob.t.sol']
2,['flop.sol', 'flip.sol', 'flop.t.sol', 'heal.sol', 'drip.t.sol', 'flap.sol', 'drip.sol', 'tune.sol']
2,['flop.sol', 'flip.sol', 'flop.t.sol', 'heal.sol', 'drip.t.sol', 'flap.sol', 'drip.sol', 'bite.sol']
2,['flop.sol', 'flip.sol', 'flop.t.sol', 'heal.sol', 'drip.t.sol', 'flap.sol', 'frob.t.sol', 'tune.sol']
2,['flop.sol', 'flip.sol', 'flop.t.sol', 'heal.sol', 'drip.t.sol', 'flap.sol', 'frob.t.sol', 'bite.sol']
1,['flop.sol', 'flip.sol', 'flop.t.sol', 'heal.sol', 'drip.t.sol', 'flap.sol', 'tune.sol', 'bite.sol']
3,['flop.sol', 'flip.sol', 'flop.t.sol', 'heal.sol', 'drip.t.sol', 'drip.sol', 'frob.t.sol', 'tune.sol']
3,['flop.sol', 'flip.sol', 'flop.t.sol', 'heal.sol', 'drip.t.sol', 'drip.sol', 'frob.t.sol', 'bite.sol']
2,['flop.sol', 'flip.sol', 'flop.t.sol', 'heal.sol', 'drip.t.sol', 'drip.sol', 'tune.sol', 'bite.sol']
2,['flop.sol', 'flip.sol', 'flop.t.sol', 'heal.sol', 'drip.t.sol', 'frob.t.sol', 'tune.sol', 'bite.sol']
2,['flop.sol', 'flip.sol', 'flop.t.sol', 'heal.sol', 'heal.t.sol', 'flap.sol', 'drip.sol', 'frob.t.sol']
2,['flop.sol', 'flip.sol', 'flop.t.sol', 'heal.sol', 'heal.t.sol', 'flap.sol', 'drip.sol', 'tune.sol']
4,['flop.sol', 'flip.sol', 'flop.t.sol', 'heal.sol', 'heal.t.sol', 'flap.sol', 'drip.sol', 'bite.sol']
3,['flop.sol', 'flip.sol', 'flop.t.sol', 'heal.sol', 'heal.t.sol', 'flap.sol', 'frob.t.sol', 'tune.sol']
3,['flop.sol', 'flip.sol', 'flop.t.sol', 'heal.sol', 'heal.t.sol', 'flap.sol', 'frob.t.sol', 'bite.sol']
3,['flop.sol', 'flip.sol', 'flop.t.sol', 'heal.sol', 'heal.t.sol', 'flap.sol', 'tune.sol', 'bite.sol']
2,['flop.sol', 'flip.sol', 'flop.t.sol', 'heal.sol', 'heal.t.sol', 'drip.sol', 'frob.t.sol', 'tune.sol']
2,['flop.sol', 'flip.sol', 'flop.t.sol', 'heal.sol', 'heal.t.sol', 'drip.sol', 'frob.t.sol', 'bite.sol']
2,['flop.sol', 'flip.sol', 'flop.t.sol', 'heal.sol', 'heal.t.sol', 'drip.sol', 'tune.sol', 'bite.sol']
3,['flop.sol', 'flip.sol', 'flop.t.sol', 'heal.sol', 'heal.t.sol', 'frob.t.sol', 'tune.sol', 'bite.sol']
3,['flop.sol', 'flip.sol', 'flop.t.sol', 'heal.sol', 'flap.sol', 'drip.sol', 'frob.t.sol', 'tune.sol']
2,['flop.sol', 'flip.sol', 'flop.t.sol', 'heal.sol', 'flap.sol', 'drip.sol', 'frob.t.sol', 'bite.sol']
2,['flop.sol', 'flip.sol', 'flop.t.sol', 'heal.sol', 'flap.sol', 'drip.sol', 'tune.sol', 'bite.sol']
3,['flop.sol', 'flip.sol', 'flop.t.sol', 'heal.sol', 'flap.sol', 'frob.t.sol', 'tune.sol', 'bite.sol']
2,['flop.sol', 'flip.sol', 'flop.t.sol', 'heal.sol', 'drip.sol', 'frob.t.sol', 'tune.sol', 'bite.sol']
2,['flop.sol', 'flip.sol', 'flop.t.sol', 'drip.t.sol', 'heal.t.sol', 'flap.sol', 'drip.sol', 'frob.t.sol']
2,['flop.sol', 'flip.sol', 'flop.t.sol', 'drip.t.sol', 'heal.t.sol', 'flap.sol', 'drip.sol', 'tune.sol']
3,['flop.sol', 'flip.sol', 'flop.t.sol', 'drip.t.sol', 'heal.t.sol', 'flap.sol', 'drip.sol', 'bite.sol']
2,['flop.sol', 'flip.sol', 'flop.t.sol', 'drip.t.sol', 'heal.t.sol', 'flap.sol', 'frob.t.sol', 'tune.sol']
2,['flop.sol', 'flip.sol', 'flop.t.sol', 'drip.t.sol', 'heal.t.sol', 'flap.sol', 'frob.t.sol', 'bite.sol']
2,['flop.sol', 'flip.sol', 'flop.t.sol', 'drip.t.sol', 'heal.t.sol', 'flap.sol', 'tune.sol', 'bite.sol']
2,['flop.sol', 'flip.sol', 'flop.t.sol', 'drip.t.sol', 'heal.t.sol', 'drip.sol', 'frob.t.sol', 'tune.sol']
2,['flop.sol', 'flip.sol', 'flop.t.sol', 'drip.t.sol', 'heal.t.sol', 'drip.sol', 'frob.t.sol', 'bite.sol']
2,['flop.sol', 'flip.sol', 'flop.t.sol', 'drip.t.sol', 'heal.t.sol', 'drip.sol', 'tune.sol', 'bite.sol']
2,['flop.sol', 'flip.sol', 'flop.t.sol', 'drip.t.sol', 'heal.t.sol', 'frob.t.sol', 'tune.sol', 'bite.sol']
2,['flop.sol', 'flip.sol', 'flop.t.sol', 'drip.t.sol', 'flap.sol', 'drip.sol', 'frob.t.sol', 'tune.sol']
2,['flop.sol', 'flip.sol', 'flop.t.sol', 'drip.t.sol', 'flap.sol', 'drip.sol', 'frob.t.sol', 'bite.sol']
2,['flop.sol', 'flip.sol', 'flop.t.sol', 'drip.t.sol', 'flap.sol', 'drip.sol', 'tune.sol', 'bite.sol']
2,['flop.sol', 'flip.sol', 'flop.t.sol', 'drip.t.sol', 'flap.sol', 'frob.t.sol', 'tune.sol', 'bite.sol']
2,['flop.sol', 'flip.sol', 'flop.t.sol', 'drip.t.sol', 'drip.sol', 'frob.t.sol', 'tune.sol', 'bite.sol']
2,['flop.sol', 'flip.sol', 'flop.t.sol', 'heal.t.sol', 'flap.sol', 'drip.sol', 'frob.t.sol', 'tune.sol']
2,['flop.sol', 'flip.sol', 'flop.t.sol', 'heal.t.sol', 'flap.sol', 'drip.sol', 'frob.t.sol', 'bite.sol']
2,['flop.sol', 'flip.sol', 'flop.t.sol', 'heal.t.sol', 'flap.sol', 'drip.sol', 'tune.sol', 'bite.sol']
3,['flop.sol', 'flip.sol', 'flop.t.sol', 'heal.t.sol', 'flap.sol', 'frob.t.sol', 'tune.sol', 'bite.sol']
2,['flop.sol', 'flip.sol', 'flop.t.sol', 'heal.t.sol', 'drip.sol', 'frob.t.sol', 'tune.sol', 'bite.sol']
2,['flop.sol', 'flip.sol', 'flop.t.sol', 'flap.sol', 'drip.sol', 'frob.t.sol', 'tune.sol', 'bite.sol']
4,['flop.sol', 'flip.sol', 'flap.t.sol', 'heal.sol', 'drip.t.sol', 'heal.t.sol', 'flap.sol', 'drip.sol']
2,['flop.sol', 'flip.sol', 'flap.t.sol', 'heal.sol', 'drip.t.sol', 'heal.t.sol', 'flap.sol', 'frob.t.sol']
2,['flop.sol', 'flip.sol', 'flap.t.sol', 'heal.sol', 'drip.t.sol', 'heal.t.sol', 'flap.sol', 'tune.sol']
3,['flop.sol', 'flip.sol', 'flap.t.sol', 'heal.sol', 'drip.t.sol', 'heal.t.sol', 'flap.sol', 'bite.sol']
2,['flop.sol', 'flip.sol', 'flap.t.sol', 'heal.sol', 'drip.t.sol', 'heal.t.sol', 'drip.sol', 'frob.t.sol']
2,['flop.sol', 'flip.sol', 'flap.t.sol', 'heal.sol', 'drip.t.sol', 'heal.t.sol', 'drip.sol', 'tune.sol']
3,['flop.sol', 'flip.sol', 'flap.t.sol', 'heal.sol', 'drip.t.sol', 'heal.t.sol', 'drip.sol', 'bite.sol']
2,['flop.sol', 'flip.sol', 'flap.t.sol', 'heal.sol', 'drip.t.sol', 'heal.t.sol', 'frob.t.sol', 'tune.sol']
2,['flop.sol', 'flip.sol', 'flap.t.sol', 'heal.sol', 'drip.t.sol', 'heal.t.sol', 'frob.t.sol', 'bite.sol']
2,['flop.sol', 'flip.sol', 'flap.t.sol', 'heal.sol', 'drip.t.sol', 'heal.t.sol', 'tune.sol', 'bite.sol']
3,['flop.sol', 'flip.sol', 'flap.t.sol', 'heal.sol', 'drip.t.sol', 'flap.sol', 'drip.sol', 'frob.t.sol']
2,['flop.sol', 'flip.sol', 'flap.t.sol', 'heal.sol', 'drip.t.sol', 'flap.sol', 'drip.sol', 'tune.sol']
2,['flop.sol', 'flip.sol', 'flap.t.sol', 'heal.sol', 'drip.t.sol', 'flap.sol', 'drip.sol', 'bite.sol']
2,['flop.sol', 'flip.sol', 'flap.t.sol', 'heal.sol', 'drip.t.sol', 'flap.sol', 'frob.t.sol', 'tune.sol']
2,['flop.sol', 'flip.sol', 'flap.t.sol', 'heal.sol', 'drip.t.sol', 'flap.sol', 'frob.t.sol', 'bite.sol']
1,['flop.sol', 'flip.sol', 'flap.t.sol', 'heal.sol', 'drip.t.sol', 'flap.sol', 'tune.sol', 'bite.sol']
3,['flop.sol', 'flip.sol', 'flap.t.sol', 'heal.sol', 'drip.t.sol', 'drip.sol', 'frob.t.sol', 'tune.sol']
3,['flop.sol', 'flip.sol', 'flap.t.sol', 'heal.sol', 'drip.t.sol', 'drip.sol', 'frob.t.sol', 'bite.sol']
2,['flop.sol', 'flip.sol', 'flap.t.sol', 'heal.sol', 'drip.t.sol', 'drip.sol', 'tune.sol', 'bite.sol']
2,['flop.sol', 'flip.sol', 'flap.t.sol', 'heal.sol', 'drip.t.sol', 'frob.t.sol', 'tune.sol', 'bite.sol']
2,['flop.sol', 'flip.sol', 'flap.t.sol', 'heal.sol', 'heal.t.sol', 'flap.sol', 'drip.sol', 'frob.t.sol']
2,['flop.sol', 'flip.sol', 'flap.t.sol', 'heal.sol', 'heal.t.sol', 'flap.sol', 'drip.sol', 'tune.sol']
4,['flop.sol', 'flip.sol', 'flap.t.sol', 'heal.sol', 'heal.t.sol', 'flap.sol', 'drip.sol', 'bite.sol']
3,['flop.sol', 'flip.sol', 'flap.t.sol', 'heal.sol', 'heal.t.sol', 'flap.sol', 'frob.t.sol', 'tune.sol']
3,['flop.sol', 'flip.sol', 'flap.t.sol', 'heal.sol', 'heal.t.sol', 'flap.sol', 'frob.t.sol', 'bite.sol']
1,['flop.sol', 'flip.sol', 'flap.t.sol', 'heal.sol', 'heal.t.sol', 'flap.sol', 'tune.sol', 'bite.sol']
2,['flop.sol', 'flip.sol', 'flap.t.sol', 'heal.sol', 'heal.t.sol', 'drip.sol', 'frob.t.sol', 'tune.sol']
2,['flop.sol', 'flip.sol', 'flap.t.sol', 'heal.sol', 'heal.t.sol', 'drip.sol', 'frob.t.sol', 'bite.sol']
2,['flop.sol', 'flip.sol', 'flap.t.sol', 'heal.sol', 'heal.t.sol', 'drip.sol', 'tune.sol', 'bite.sol']
3,['flop.sol', 'flip.sol', 'flap.t.sol', 'heal.sol', 'heal.t.sol', 'frob.t.sol', 'tune.sol', 'bite.sol']
3,['flop.sol', 'flip.sol', 'flap.t.sol', 'heal.sol', 'flap.sol', 'drip.sol', 'frob.t.sol', 'tune.sol']
2,['flop.sol', 'flip.sol', 'flap.t.sol', 'heal.sol', 'flap.sol', 'drip.sol', 'frob.t.sol', 'bite.sol']
2,['flop.sol', 'flip.sol', 'flap.t.sol', 'heal.sol', 'flap.sol', 'drip.sol', 'tune.sol', 'bite.sol']
3,['flop.sol', 'flip.sol', 'flap.t.sol', 'heal.sol', 'flap.sol', 'frob.t.sol', 'tune.sol', 'bite.sol']
2,['flop.sol', 'flip.sol', 'flap.t.sol', 'heal.sol', 'drip.sol', 'frob.t.sol', 'tune.sol', 'bite.sol']
2,['flop.sol', 'flip.sol', 'flap.t.sol', 'drip.t.sol', 'heal.t.sol', 'flap.sol', 'drip.sol', 'frob.t.sol']
2,['flop.sol', 'flip.sol', 'flap.t.sol', 'drip.t.sol', 'heal.t.sol', 'flap.sol', 'drip.sol', 'tune.sol']
3,['flop.sol', 'flip.sol', 'flap.t.sol', 'drip.t.sol', 'heal.t.sol', 'flap.sol', 'drip.sol', 'bite.sol']
2,['flop.sol', 'flip.sol', 'flap.t.sol', 'drip.t.sol', 'heal.t.sol', 'flap.sol', 'frob.t.sol', 'tune.sol']
2,['flop.sol', 'flip.sol', 'flap.t.sol', 'drip.t.sol', 'heal.t.sol', 'flap.sol', 'frob.t.sol', 'bite.sol']
2,['flop.sol', 'flip.sol', 'flap.t.sol', 'drip.t.sol', 'heal.t.sol', 'flap.sol', 'tune.sol', 'bite.sol']
2,['flop.sol', 'flip.sol', 'flap.t.sol', 'drip.t.sol', 'heal.t.sol', 'drip.sol', 'frob.t.sol', 'tune.sol']
2,['flop.sol', 'flip.sol', 'flap.t.sol', 'drip.t.sol', 'heal.t.sol', 'drip.sol', 'frob.t.sol', 'bite.sol']
2,['flop.sol', 'flip.sol', 'flap.t.sol', 'drip.t.sol', 'heal.t.sol', 'drip.sol', 'tune.sol', 'bite.sol']
2,['flop.sol', 'flip.sol', 'flap.t.sol', 'drip.t.sol', 'heal.t.sol', 'frob.t.sol', 'tune.sol', 'bite.sol']
2,['flop.sol', 'flip.sol', 'flap.t.sol', 'drip.t.sol', 'flap.sol', 'drip.sol', 'frob.t.sol', 'tune.sol']
2,['flop.sol', 'flip.sol', 'flap.t.sol', 'drip.t.sol', 'flap.sol', 'drip.sol', 'frob.t.sol', 'bite.sol']
2,['flop.sol', 'flip.sol', 'flap.t.sol', 'drip.t.sol', 'flap.sol', 'drip.sol', 'tune.sol', 'bite.sol']
2,['flop.sol', 'flip.sol', 'flap.t.sol', 'drip.t.sol', 'flap.sol', 'frob.t.sol', 'tune.sol', 'bite.sol']
2,['flop.sol', 'flip.sol', 'flap.t.sol', 'drip.t.sol', 'drip.sol', 'frob.t.sol', 'tune.sol', 'bite.sol']
2,['flop.sol', 'flip.sol', 'flap.t.sol', 'heal.t.sol', 'flap.sol', 'drip.sol', 'frob.t.sol', 'tune.sol']
2,['flop.sol', 'flip.sol', 'flap.t.sol', 'heal.t.sol', 'flap.sol', 'drip.sol', 'frob.t.sol', 'bite.sol']
2,['flop.sol', 'flip.sol', 'flap.t.sol', 'heal.t.sol', 'flap.sol', 'drip.sol', 'tune.sol', 'bite.sol']
3,['flop.sol', 'flip.sol', 'flap.t.sol', 'heal.t.sol', 'flap.sol', 'frob.t.sol', 'tune.sol', 'bite.sol']
2,['flop.sol', 'flip.sol', 'flap.t.sol', 'heal.t.sol', 'drip.sol', 'frob.t.sol', 'tune.sol', 'bite.sol']
2,['flop.sol', 'flip.sol', 'flap.t.sol', 'flap.sol', 'drip.sol', 'frob.t.sol', 'tune.sol', 'bite.sol']
4,['flop.sol', 'flip.sol', 'heal.sol', 'drip.t.sol', 'heal.t.sol', 'flap.sol', 'drip.sol', 'frob.t.sol']
3,['flop.sol', 'flip.sol', 'heal.sol', 'drip.t.sol', 'heal.t.sol', 'flap.sol', 'drip.sol', 'tune.sol']
2,['flop.sol', 'flip.sol', 'heal.sol', 'drip.t.sol', 'heal.t.sol', 'flap.sol', 'drip.sol', 'bite.sol']
3,['flop.sol', 'flip.sol', 'heal.sol', 'drip.t.sol', 'heal.t.sol', 'flap.sol', 'frob.t.sol', 'tune.sol']
4,['flop.sol', 'flip.sol', 'heal.sol', 'drip.t.sol', 'heal.t.sol', 'flap.sol', 'frob.t.sol', 'bite.sol']
2,['flop.sol', 'flip.sol', 'heal.sol', 'drip.t.sol', 'heal.t.sol', 'flap.sol', 'tune.sol', 'bite.sol']
3,['flop.sol', 'flip.sol', 'heal.sol', 'drip.t.sol', 'heal.t.sol', 'drip.sol', 'frob.t.sol', 'tune.sol']
4,['flop.sol', 'flip.sol', 'heal.sol', 'drip.t.sol', 'heal.t.sol', 'drip.sol', 'frob.t.sol', 'bite.sol']
2,['flop.sol', 'flip.sol', 'heal.sol', 'drip.t.sol', 'heal.t.sol', 'drip.sol', 'tune.sol', 'bite.sol']
4,['flop.sol', 'flip.sol', 'heal.sol', 'drip.t.sol', 'heal.t.sol', 'frob.t.sol', 'tune.sol', 'bite.sol']
2,['flop.sol', 'flip.sol', 'heal.sol', 'drip.t.sol', 'flap.sol', 'drip.sol', 'frob.t.sol', 'tune.sol']
2,['flop.sol', 'flip.sol', 'heal.sol', 'drip.t.sol', 'flap.sol', 'drip.sol', 'frob.t.sol', 'bite.sol']
1,['flop.sol', 'flip.sol', 'heal.sol', 'drip.t.sol', 'flap.sol', 'drip.sol', 'tune.sol', 'bite.sol']
1,['flop.sol', 'flip.sol', 'heal.sol', 'drip.t.sol', 'flap.sol', 'frob.t.sol', 'tune.sol', 'bite.sol']
2,['flop.sol', 'flip.sol', 'heal.sol', 'drip.t.sol', 'drip.sol', 'frob.t.sol', 'tune.sol', 'bite.sol']
3,['flop.sol', 'flip.sol', 'heal.sol', 'heal.t.sol', 'flap.sol', 'drip.sol', 'frob.t.sol', 'tune.sol']
3,['flop.sol', 'flip.sol', 'heal.sol', 'heal.t.sol', 'flap.sol', 'drip.sol', 'frob.t.sol', 'bite.sol']
2,['flop.sol', 'flip.sol', 'heal.sol', 'heal.t.sol', 'flap.sol', 'drip.sol', 'tune.sol', 'bite.sol']
3,['flop.sol', 'flip.sol', 'heal.sol', 'heal.t.sol', 'flap.sol', 'frob.t.sol', 'tune.sol', 'bite.sol']
1,['flop.sol', 'flip.sol', 'heal.sol', 'heal.t.sol', 'drip.sol', 'frob.t.sol', 'tune.sol', 'bite.sol']
1,['flop.sol', 'flip.sol', 'heal.sol', 'flap.sol', 'drip.sol', 'frob.t.sol', 'tune.sol', 'bite.sol']
2,['flop.sol', 'flip.sol', 'drip.t.sol', 'heal.t.sol', 'flap.sol', 'drip.sol', 'frob.t.sol', 'tune.sol']
4,['flop.sol', 'flip.sol', 'drip.t.sol', 'heal.t.sol', 'flap.sol', 'drip.sol', 'frob.t.sol', 'bite.sol']
2,['flop.sol', 'flip.sol', 'drip.t.sol', 'heal.t.sol', 'flap.sol', 'drip.sol', 'tune.sol', 'bite.sol']
1,['flop.sol', 'flip.sol', 'drip.t.sol', 'heal.t.sol', 'flap.sol', 'frob.t.sol', 'tune.sol', 'bite.sol']
4,['flop.sol', 'flip.sol', 'drip.t.sol', 'heal.t.sol', 'drip.sol', 'frob.t.sol', 'tune.sol', 'bite.sol']
2,['flop.sol', 'flip.sol', 'drip.t.sol', 'flap.sol', 'drip.sol', 'frob.t.sol', 'tune.sol', 'bite.sol']
1,['flop.sol', 'flip.sol', 'heal.t.sol', 'flap.sol', 'drip.sol', 'frob.t.sol', 'tune.sol', 'bite.sol']
3,['flop.sol', 'transferFrom.sol', 'frob.sol', 'flip.t.sol', 'flop.t.sol', 'flap.t.sol', 'heal.sol', 'drip.t.sol']
4,['flop.sol', 'transferFrom.sol', 'frob.sol', 'flip.t.sol', 'flop.t.sol', 'flap.t.sol', 'heal.sol', 'heal.t.sol']
3,['flop.sol', 'transferFrom.sol', 'frob.sol', 'flip.t.sol', 'flop.t.sol', 'flap.t.sol', 'heal.sol', 'flap.sol']
3,['flop.sol', 'transferFrom.sol', 'frob.sol', 'flip.t.sol', 'flop.t.sol', 'flap.t.sol', 'heal.sol', 'drip.sol']
3,['flop.sol', 'transferFrom.sol', 'frob.sol', 'flip.t.sol', 'flop.t.sol', 'flap.t.sol', 'heal.sol', 'frob.t.sol']
3,['flop.sol', 'transferFrom.sol', 'frob.sol', 'flip.t.sol', 'flop.t.sol', 'flap.t.sol', 'heal.sol', 'tune.sol']
3,['flop.sol', 'transferFrom.sol', 'frob.sol', 'flip.t.sol', 'flop.t.sol', 'flap.t.sol', 'heal.sol', 'bite.sol']
3,['flop.sol', 'transferFrom.sol', 'frob.sol', 'flip.t.sol', 'flop.t.sol', 'flap.t.sol', 'drip.t.sol', 'heal.t.sol']
4,['flop.sol', 'transferFrom.sol', 'frob.sol', 'flip.t.sol', 'flop.t.sol', 'flap.t.sol', 'drip.t.sol', 'flap.sol']
4,['flop.sol', 'transferFrom.sol', 'frob.sol', 'flip.t.sol', 'flop.t.sol', 'flap.t.sol', 'drip.t.sol', 'drip.sol']
2,['flop.sol', 'transferFrom.sol', 'frob.sol', 'flip.t.sol', 'flop.t.sol', 'flap.t.sol', 'drip.t.sol', 'frob.t.sol']
2,['flop.sol', 'transferFrom.sol', 'frob.sol', 'flip.t.sol', 'flop.t.sol', 'flap.t.sol', 'drip.t.sol', 'tune.sol']
3,['flop.sol', 'transferFrom.sol', 'frob.sol', 'flip.t.sol', 'flop.t.sol', 'flap.t.sol', 'drip.t.sol', 'bite.sol']
4,['flop.sol', 'transferFrom.sol', 'frob.sol', 'flip.t.sol', 'flop.t.sol', 'flap.t.sol', 'heal.t.sol', 'flap.sol']
3,['flop.sol', 'transferFrom.sol', 'frob.sol', 'flip.t.sol', 'flop.t.sol', 'flap.t.sol', 'heal.t.sol', 'drip.sol']
3,['flop.sol', 'transferFrom.sol', 'frob.sol', 'flip.t.sol', 'flop.t.sol', 'flap.t.sol', 'heal.t.sol', 'frob.t.sol']
2,['flop.sol', 'transferFrom.sol', 'frob.sol', 'flip.t.sol', 'flop.t.sol', 'flap.t.sol', 'heal.t.sol', 'tune.sol']
4,['flop.sol', 'transferFrom.sol', 'frob.sol', 'flip.t.sol', 'flop.t.sol', 'flap.t.sol', 'heal.t.sol', 'bite.sol']
4,['flop.sol', 'transferFrom.sol', 'frob.sol', 'flip.t.sol', 'flop.t.sol', 'flap.t.sol', 'flap.sol', 'drip.sol']
3,['flop.sol', 'transferFrom.sol', 'frob.sol', 'flip.t.sol', 'flop.t.sol', 'flap.t.sol', 'flap.sol', 'frob.t.sol']
5,['flop.sol', 'transferFrom.sol', 'frob.sol', 'flip.t.sol', 'flop.t.sol', 'flap.t.sol', 'flap.sol', 'tune.sol']
3,['flop.sol', 'transferFrom.sol', 'frob.sol', 'flip.t.sol', 'flop.t.sol', 'flap.t.sol', 'flap.sol', 'bite.sol']
2,['flop.sol', 'transferFrom.sol', 'frob.sol', 'flip.t.sol', 'flop.t.sol', 'flap.t.sol', 'drip.sol', 'frob.t.sol']
4,['flop.sol', 'transferFrom.sol', 'frob.sol', 'flip.t.sol', 'flop.t.sol', 'flap.t.sol', 'drip.sol', 'tune.sol']
3,['flop.sol', 'transferFrom.sol', 'frob.sol', 'flip.t.sol', 'flop.t.sol', 'flap.t.sol', 'drip.sol', 'bite.sol']
3,['flop.sol', 'transferFrom.sol', 'frob.sol', 'flip.t.sol', 'flop.t.sol', 'flap.t.sol', 'frob.t.sol', 'tune.sol']
3,['flop.sol', 'transferFrom.sol', 'frob.sol', 'flip.t.sol', 'flop.t.sol', 'flap.t.sol', 'frob.t.sol', 'bite.sol']
2,['flop.sol', 'transferFrom.sol', 'frob.sol', 'flip.t.sol', 'flop.t.sol', 'flap.t.sol', 'tune.sol', 'bite.sol']
3,['flop.sol', 'transferFrom.sol', 'frob.sol', 'flip.t.sol', 'flop.t.sol', 'heal.sol', 'drip.t.sol', 'heal.t.sol']
3,['flop.sol', 'transferFrom.sol', 'frob.sol', 'flip.t.sol', 'flop.t.sol', 'heal.sol', 'drip.t.sol', 'flap.sol']
4,['flop.sol', 'transferFrom.sol', 'frob.sol', 'flip.t.sol', 'flop.t.sol', 'heal.sol', 'drip.t.sol', 'drip.sol']
2,['flop.sol', 'transferFrom.sol', 'frob.sol', 'flip.t.sol', 'flop.t.sol', 'heal.sol', 'drip.t.sol', 'frob.t.sol']
2,['flop.sol', 'transferFrom.sol', 'frob.sol', 'flip.t.sol', 'flop.t.sol', 'heal.sol', 'drip.t.sol', 'tune.sol']
2,['flop.sol', 'transferFrom.sol', 'frob.sol', 'flip.t.sol', 'flop.t.sol', 'heal.sol', 'drip.t.sol', 'bite.sol']
4,['flop.sol', 'transferFrom.sol', 'frob.sol', 'flip.t.sol', 'flop.t.sol', 'heal.sol', 'heal.t.sol', 'flap.sol']
3,['flop.sol', 'transferFrom.sol', 'frob.sol', 'flip.t.sol', 'flop.t.sol', 'heal.sol', 'heal.t.sol', 'drip.sol']
3,['flop.sol', 'transferFrom.sol', 'frob.sol', 'flip.t.sol', 'flop.t.sol', 'heal.sol', 'heal.t.sol', 'frob.t.sol']
3,['flop.sol', 'transferFrom.sol', 'frob.sol', 'flip.t.sol', 'flop.t.sol', 'heal.sol', 'heal.t.sol', 'tune.sol']
4,['flop.sol', 'transferFrom.sol', 'frob.sol', 'flip.t.sol', 'flop.t.sol', 'heal.sol', 'heal.t.sol', 'bite.sol']
3,['flop.sol', 'transferFrom.sol', 'frob.sol', 'flip.t.sol', 'flop.t.sol', 'heal.sol', 'flap.sol', 'drip.sol']
3,['flop.sol', 'transferFrom.sol', 'frob.sol', 'flip.t.sol', 'flop.t.sol', 'heal.sol', 'flap.sol', 'frob.t.sol']
2,['flop.sol', 'transferFrom.sol', 'frob.sol', 'flip.t.sol', 'flop.t.sol', 'heal.sol', 'flap.sol', 'tune.sol']
3,['flop.sol', 'transferFrom.sol', 'frob.sol', 'flip.t.sol', 'flop.t.sol', 'heal.sol', 'flap.sol', 'bite.sol']
2,['flop.sol', 'transferFrom.sol', 'frob.sol', 'flip.t.sol', 'flop.t.sol', 'heal.sol', 'drip.sol', 'frob.t.sol']
2,['flop.sol', 'transferFrom.sol', 'frob.sol', 'flip.t.sol', 'flop.t.sol', 'heal.sol', 'drip.sol', 'tune.sol']
4,['flop.sol', 'transferFrom.sol', 'frob.sol', 'flip.t.sol', 'flop.t.sol', 'heal.sol', 'drip.sol', 'bite.sol']
3,['flop.sol', 'transferFrom.sol', 'frob.sol', 'flip.t.sol', 'flop.t.sol', 'heal.sol', 'frob.t.sol', 'tune.sol']
3,['flop.sol', 'transferFrom.sol', 'frob.sol', 'flip.t.sol', 'flop.t.sol', 'heal.sol', 'frob.t.sol', 'bite.sol']
2,['flop.sol', 'transferFrom.sol', 'frob.sol', 'flip.t.sol', 'flop.t.sol', 'heal.sol', 'tune.sol', 'bite.sol']
3,['flop.sol', 'transferFrom.sol', 'frob.sol', 'flip.t.sol', 'flop.t.sol', 'drip.t.sol', 'heal.t.sol', 'flap.sol']
3,['flop.sol', 'transferFrom.sol', 'frob.sol', 'flip.t.sol', 'flop.t.sol', 'drip.t.sol', 'heal.t.sol', 'drip.sol']
2,['flop.sol', 'transferFrom.sol', 'frob.sol', 'flip.t.sol', 'flop.t.sol', 'drip.t.sol', 'heal.t.sol', 'frob.t.sol']
2,['flop.sol', 'transferFrom.sol', 'frob.sol', 'flip.t.sol', 'flop.t.sol', 'drip.t.sol', 'heal.t.sol', 'tune.sol']
3,['flop.sol', 'transferFrom.sol', 'frob.sol', 'flip.t.sol', 'flop.t.sol', 'drip.t.sol', 'heal.t.sol', 'bite.sol']
5,['flop.sol', 'transferFrom.sol', 'frob.sol', 'flip.t.sol', 'flop.t.sol', 'drip.t.sol', 'flap.sol', 'drip.sol']
2,['flop.sol', 'transferFrom.sol', 'frob.sol', 'flip.t.sol', 'flop.t.sol', 'drip.t.sol', 'flap.sol', 'frob.t.sol']
2,['flop.sol', 'transferFrom.sol', 'frob.sol', 'flip.t.sol', 'flop.t.sol', 'drip.t.sol', 'flap.sol', 'tune.sol']
2,['flop.sol', 'transferFrom.sol', 'frob.sol', 'flip.t.sol', 'flop.t.sol', 'drip.t.sol', 'flap.sol', 'bite.sol']
2,['flop.sol', 'transferFrom.sol', 'frob.sol', 'flip.t.sol', 'flop.t.sol', 'drip.t.sol', 'drip.sol', 'frob.t.sol']
2,['flop.sol', 'transferFrom.sol', 'frob.sol', 'flip.t.sol', 'flop.t.sol', 'drip.t.sol', 'drip.sol', 'tune.sol']
2,['flop.sol', 'transferFrom.sol', 'frob.sol', 'flip.t.sol', 'flop.t.sol', 'drip.t.sol', 'drip.sol', 'bite.sol']
2,['flop.sol', 'transferFrom.sol', 'frob.sol', 'flip.t.sol', 'flop.t.sol', 'drip.t.sol', 'frob.t.sol', 'tune.sol']
2,['flop.sol', 'transferFrom.sol', 'frob.sol', 'flip.t.sol', 'flop.t.sol', 'drip.t.sol', 'frob.t.sol', 'bite.sol']
2,['flop.sol', 'transferFrom.sol', 'frob.sol', 'flip.t.sol', 'flop.t.sol', 'drip.t.sol', 'tune.sol', 'bite.sol']
3,['flop.sol', 'transferFrom.sol', 'frob.sol', 'flip.t.sol', 'flop.t.sol', 'heal.t.sol', 'flap.sol', 'drip.sol']
3,['flop.sol', 'transferFrom.sol', 'frob.sol', 'flip.t.sol', 'flop.t.sol', 'heal.t.sol', 'flap.sol', 'frob.t.sol']
3,['flop.sol', 'transferFrom.sol', 'frob.sol', 'flip.t.sol', 'flop.t.sol', 'heal.t.sol', 'flap.sol', 'tune.sol']
4,['flop.sol', 'transferFrom.sol', 'frob.sol', 'flip.t.sol', 'flop.t.sol', 'heal.t.sol', 'flap.sol', 'bite.sol']
2,['flop.sol', 'transferFrom.sol', 'frob.sol', 'flip.t.sol', 'flop.t.sol', 'heal.t.sol', 'drip.sol', 'frob.t.sol']
2,['flop.sol', 'transferFrom.sol', 'frob.sol', 'flip.t.sol', 'flop.t.sol', 'heal.t.sol', 'drip.sol', 'tune.sol']
3,['flop.sol', 'transferFrom.sol', 'frob.sol', 'flip.t.sol', 'flop.t.sol', 'heal.t.sol', 'drip.sol', 'bite.sol']
3,['flop.sol', 'transferFrom.sol', 'frob.sol', 'flip.t.sol', 'flop.t.sol', 'heal.t.sol', 'frob.t.sol', 'tune.sol']
3,['flop.sol', 'transferFrom.sol', 'frob.sol', 'flip.t.sol', 'flop.t.sol', 'heal.t.sol', 'frob.t.sol', 'bite.sol']
3,['flop.sol', 'transferFrom.sol', 'frob.sol', 'flip.t.sol', 'flop.t.sol', 'heal.t.sol', 'tune.sol', 'bite.sol']
3,['flop.sol', 'transferFrom.sol', 'frob.sol', 'flip.t.sol', 'flop.t.sol', 'flap.sol', 'drip.sol', 'frob.t.sol']
2,['flop.sol', 'transferFrom.sol', 'frob.sol', 'flip.t.sol', 'flop.t.sol', 'flap.sol', 'drip.sol', 'tune.sol']
4,['flop.sol', 'transferFrom.sol', 'frob.sol', 'flip.t.sol', 'flop.t.sol', 'flap.sol', 'drip.sol', 'bite.sol']
3,['flop.sol', 'transferFrom.sol', 'frob.sol', 'flip.t.sol', 'flop.t.sol', 'flap.sol', 'frob.t.sol', 'tune.sol']
3,['flop.sol', 'transferFrom.sol', 'frob.sol', 'flip.t.sol', 'flop.t.sol', 'flap.sol', 'frob.t.sol', 'bite.sol']
2,['flop.sol', 'transferFrom.sol', 'frob.sol', 'flip.t.sol', 'flop.t.sol', 'flap.sol', 'tune.sol', 'bite.sol']
2,['flop.sol', 'transferFrom.sol', 'frob.sol', 'flip.t.sol', 'flop.t.sol', 'drip.sol', 'frob.t.sol', 'tune.sol']
2,['flop.sol', 'transferFrom.sol', 'frob.sol', 'flip.t.sol', 'flop.t.sol', 'drip.sol', 'frob.t.sol', 'bite.sol']
2,['flop.sol', 'transferFrom.sol', 'frob.sol', 'flip.t.sol', 'flop.t.sol', 'drip.sol', 'tune.sol', 'bite.sol']
3,['flop.sol', 'transferFrom.sol', 'frob.sol', 'flip.t.sol', 'flop.t.sol', 'frob.t.sol', 'tune.sol', 'bite.sol']
3,['flop.sol', 'transferFrom.sol', 'frob.sol', 'flip.t.sol', 'flap.t.sol', 'heal.sol', 'drip.t.sol', 'heal.t.sol']
3,['flop.sol', 'transferFrom.sol', 'frob.sol', 'flip.t.sol', 'flap.t.sol', 'heal.sol', 'drip.t.sol', 'flap.sol']
4,['flop.sol', 'transferFrom.sol', 'frob.sol', 'flip.t.sol', 'flap.t.sol', 'heal.sol', 'drip.t.sol', 'drip.sol']
2,['flop.sol', 'transferFrom.sol', 'frob.sol', 'flip.t.sol', 'flap.t.sol', 'heal.sol', 'drip.t.sol', 'frob.t.sol']
2,['flop.sol', 'transferFrom.sol', 'frob.sol', 'flip.t.sol', 'flap.t.sol', 'heal.sol', 'drip.t.sol', 'tune.sol']
2,['flop.sol', 'transferFrom.sol', 'frob.sol', 'flip.t.sol', 'flap.t.sol', 'heal.sol', 'drip.t.sol', 'bite.sol']
4,['flop.sol', 'transferFrom.sol', 'frob.sol', 'flip.t.sol', 'flap.t.sol', 'heal.sol', 'heal.t.sol', 'flap.sol']
3,['flop.sol', 'transferFrom.sol', 'frob.sol', 'flip.t.sol', 'flap.t.sol', 'heal.sol', 'heal.t.sol', 'drip.sol']
3,['flop.sol', 'transferFrom.sol', 'frob.sol', 'flip.t.sol', 'flap.t.sol', 'heal.sol', 'heal.t.sol', 'frob.t.sol']
3,['flop.sol', 'transferFrom.sol', 'frob.sol', 'flip.t.sol', 'flap.t.sol', 'heal.sol', 'heal.t.sol', 'tune.sol']
4,['flop.sol', 'transferFrom.sol', 'frob.sol', 'flip.t.sol', 'flap.t.sol', 'heal.sol', 'heal.t.sol', 'bite.sol']
3,['flop.sol', 'transferFrom.sol', 'frob.sol', 'flip.t.sol', 'flap.t.sol', 'heal.sol', 'flap.sol', 'drip.sol']
3,['flop.sol', 'transferFrom.sol', 'frob.sol', 'flip.t.sol', 'flap.t.sol', 'heal.sol', 'flap.sol', 'frob.t.sol']
2,['flop.sol', 'transferFrom.sol', 'frob.sol', 'flip.t.sol', 'flap.t.sol', 'heal.sol', 'flap.sol', 'tune.sol']
3,['flop.sol', 'transferFrom.sol', 'frob.sol', 'flip.t.sol', 'flap.t.sol', 'heal.sol', 'flap.sol', 'bite.sol']
2,['flop.sol', 'transferFrom.sol', 'frob.sol', 'flip.t.sol', 'flap.t.sol', 'heal.sol', 'drip.sol', 'frob.t.sol']
2,['flop.sol', 'transferFrom.sol', 'frob.sol', 'flip.t.sol', 'flap.t.sol', 'heal.sol', 'drip.sol', 'tune.sol']
4,['flop.sol', 'transferFrom.sol', 'frob.sol', 'flip.t.sol', 'flap.t.sol', 'heal.sol', 'drip.sol', 'bite.sol']
3,['flop.sol', 'transferFrom.sol', 'frob.sol', 'flip.t.sol', 'flap.t.sol', 'heal.sol', 'frob.t.sol', 'tune.sol']
3,['flop.sol', 'transferFrom.sol', 'frob.sol', 'flip.t.sol', 'flap.t.sol', 'heal.sol', 'frob.t.sol', 'bite.sol']
1,['flop.sol', 'transferFrom.sol', 'frob.sol', 'flip.t.sol', 'flap.t.sol', 'heal.sol', 'tune.sol', 'bite.sol']
3,['flop.sol', 'transferFrom.sol', 'frob.sol', 'flip.t.sol', 'flap.t.sol', 'drip.t.sol', 'heal.t.sol', 'flap.sol']
3,['flop.sol', 'transferFrom.sol', 'frob.sol', 'flip.t.sol', 'flap.t.sol', 'drip.t.sol', 'heal.t.sol', 'drip.sol']
2,['flop.sol', 'transferFrom.sol', 'frob.sol', 'flip.t.sol', 'flap.t.sol', 'drip.t.sol', 'heal.t.sol', 'frob.t.sol']
2,['flop.sol', 'transferFrom.sol', 'frob.sol', 'flip.t.sol', 'flap.t.sol', 'drip.t.sol', 'heal.t.sol', 'tune.sol']
3,['flop.sol', 'transferFrom.sol', 'frob.sol', 'flip.t.sol', 'flap.t.sol', 'drip.t.sol', 'heal.t.sol', 'bite.sol']
4,['flop.sol', 'transferFrom.sol', 'frob.sol', 'flip.t.sol', 'flap.t.sol', 'drip.t.sol', 'flap.sol', 'drip.sol']
2,['flop.sol', 'transferFrom.sol', 'frob.sol', 'flip.t.sol', 'flap.t.sol', 'drip.t.sol', 'flap.sol', 'frob.t.sol']
2,['flop.sol', 'transferFrom.sol', 'frob.sol', 'flip.t.sol', 'flap.t.sol', 'drip.t.sol', 'flap.sol', 'tune.sol']
2,['flop.sol', 'transferFrom.sol', 'frob.sol', 'flip.t.sol', 'flap.t.sol', 'drip.t.sol', 'flap.sol', 'bite.sol']
2,['flop.sol', 'transferFrom.sol', 'frob.sol', 'flip.t.sol', 'flap.t.sol', 'drip.t.sol', 'drip.sol', 'frob.t.sol']
2,['flop.sol', 'transferFrom.sol', 'frob.sol', 'flip.t.sol', 'flap.t.sol', 'drip.t.sol', 'drip.sol', 'tune.sol']
2,['flop.sol', 'transferFrom.sol', 'frob.sol', 'flip.t.sol', 'flap.t.sol', 'drip.t.sol', 'drip.sol', 'bite.sol']
2,['flop.sol', 'transferFrom.sol', 'frob.sol', 'flip.t.sol', 'flap.t.sol', 'drip.t.sol', 'frob.t.sol', 'tune.sol']
2,['flop.sol', 'transferFrom.sol', 'frob.sol', 'flip.t.sol', 'flap.t.sol', 'drip.t.sol', 'frob.t.sol', 'bite.sol']
2,['flop.sol', 'transferFrom.sol', 'frob.sol', 'flip.t.sol', 'flap.t.sol', 'drip.t.sol', 'tune.sol', 'bite.sol']
3,['flop.sol', 'transferFrom.sol', 'frob.sol', 'flip.t.sol', 'flap.t.sol', 'heal.t.sol', 'flap.sol', 'drip.sol']
3,['flop.sol', 'transferFrom.sol', 'frob.sol', 'flip.t.sol', 'flap.t.sol', 'heal.t.sol', 'flap.sol', 'frob.t.sol']
3,['flop.sol', 'transferFrom.sol', 'frob.sol', 'flip.t.sol', 'flap.t.sol', 'heal.t.sol', 'flap.sol', 'tune.sol']
4,['flop.sol', 'transferFrom.sol', 'frob.sol', 'flip.t.sol', 'flap.t.sol', 'heal.t.sol', 'flap.sol', 'bite.sol']
2,['flop.sol', 'transferFrom.sol', 'frob.sol', 'flip.t.sol', 'flap.t.sol', 'heal.t.sol', 'drip.sol', 'frob.t.sol']
2,['flop.sol', 'transferFrom.sol', 'frob.sol', 'flip.t.sol', 'flap.t.sol', 'heal.t.sol', 'drip.sol', 'tune.sol']
3,['flop.sol', 'transferFrom.sol', 'frob.sol', 'flip.t.sol', 'flap.t.sol', 'heal.t.sol', 'drip.sol', 'bite.sol']
3,['flop.sol', 'transferFrom.sol', 'frob.sol', 'flip.t.sol', 'flap.t.sol', 'heal.t.sol', 'frob.t.sol', 'tune.sol']
3,['flop.sol', 'transferFrom.sol', 'frob.sol', 'flip.t.sol', 'flap.t.sol', 'heal.t.sol', 'frob.t.sol', 'bite.sol']
3,['flop.sol', 'transferFrom.sol', 'frob.sol', 'flip.t.sol', 'flap.t.sol', 'heal.t.sol', 'tune.sol', 'bite.sol']
3,['flop.sol', 'transferFrom.sol', 'frob.sol', 'flip.t.sol', 'flap.t.sol', 'flap.sol', 'drip.sol', 'frob.t.sol']
2,['flop.sol', 'transferFrom.sol', 'frob.sol', 'flip.t.sol', 'flap.t.sol', 'flap.sol', 'drip.sol', 'tune.sol']
4,['flop.sol', 'transferFrom.sol', 'frob.sol', 'flip.t.sol', 'flap.t.sol', 'flap.sol', 'drip.sol', 'bite.sol']
3,['flop.sol', 'transferFrom.sol', 'frob.sol', 'flip.t.sol', 'flap.t.sol', 'flap.sol', 'frob.t.sol', 'tune.sol']
3,['flop.sol', 'transferFrom.sol', 'frob.sol', 'flip.t.sol', 'flap.t.sol', 'flap.sol', 'frob.t.sol', 'bite.sol']
2,['flop.sol', 'transferFrom.sol', 'frob.sol', 'flip.t.sol', 'flap.t.sol', 'flap.sol', 'tune.sol', 'bite.sol']
2,['flop.sol', 'transferFrom.sol', 'frob.sol', 'flip.t.sol', 'flap.t.sol', 'drip.sol', 'frob.t.sol', 'tune.sol']
2,['flop.sol', 'transferFrom.sol', 'frob.sol', 'flip.t.sol', 'flap.t.sol', 'drip.sol', 'frob.t.sol', 'bite.sol']
2,['flop.sol', 'transferFrom.sol', 'frob.sol', 'flip.t.sol', 'flap.t.sol', 'drip.sol', 'tune.sol', 'bite.sol']
3,['flop.sol', 'transferFrom.sol', 'frob.sol', 'flip.t.sol', 'flap.t.sol', 'frob.t.sol', 'tune.sol', 'bite.sol']
3,['flop.sol', 'transferFrom.sol', 'frob.sol', 'flip.t.sol', 'heal.sol', 'drip.t.sol', 'heal.t.sol', 'flap.sol']
3,['flop.sol', 'transferFrom.sol', 'frob.sol', 'flip.t.sol', 'heal.sol', 'drip.t.sol', 'heal.t.sol', 'drip.sol']
3,['flop.sol', 'transferFrom.sol', 'frob.sol', 'flip.t.sol', 'heal.sol', 'drip.t.sol', 'heal.t.sol', 'frob.t.sol']
2,['flop.sol', 'transferFrom.sol', 'frob.sol', 'flip.t.sol', 'heal.sol', 'drip.t.sol', 'heal.t.sol', 'tune.sol']
2,['flop.sol', 'transferFrom.sol', 'frob.sol', 'flip.t.sol', 'heal.sol', 'drip.t.sol', 'heal.t.sol', 'bite.sol']
2,['flop.sol', 'transferFrom.sol', 'frob.sol', 'flip.t.sol', 'heal.sol', 'drip.t.sol', 'flap.sol', 'drip.sol']
3,['flop.sol', 'transferFrom.sol', 'frob.sol', 'flip.t.sol', 'heal.sol', 'drip.t.sol', 'flap.sol', 'frob.t.sol']
2,['flop.sol', 'transferFrom.sol', 'frob.sol', 'flip.t.sol', 'heal.sol', 'drip.t.sol', 'flap.sol', 'tune.sol']
2,['flop.sol', 'transferFrom.sol', 'frob.sol', 'flip.t.sol', 'heal.sol', 'drip.t.sol', 'flap.sol', 'bite.sol']
5,['flop.sol', 'transferFrom.sol', 'frob.sol', 'flip.t.sol', 'heal.sol', 'drip.t.sol', 'drip.sol', 'frob.t.sol']
2,['flop.sol', 'transferFrom.sol', 'frob.sol', 'flip.t.sol', 'heal.sol', 'drip.t.sol', 'drip.sol', 'tune.sol']
2,['flop.sol', 'transferFrom.sol', 'frob.sol', 'flip.t.sol', 'heal.sol', 'drip.t.sol', 'drip.sol', 'bite.sol']
3,['flop.sol', 'transferFrom.sol', 'frob.sol', 'flip.t.sol', 'heal.sol', 'drip.t.sol', 'frob.t.sol', 'tune.sol']
5,['flop.sol', 'transferFrom.sol', 'frob.sol', 'flip.t.sol', 'heal.sol', 'drip.t.sol', 'frob.t.sol', 'bite.sol']
2,['flop.sol', 'transferFrom.sol', 'frob.sol', 'flip.t.sol', 'heal.sol', 'drip.t.sol', 'tune.sol', 'bite.sol']
3,['flop.sol', 'transferFrom.sol', 'frob.sol', 'flip.t.sol', 'heal.sol', 'heal.t.sol', 'flap.sol', 'drip.sol']
3,['flop.sol', 'transferFrom.sol', 'frob.sol', 'flip.t.sol', 'heal.sol', 'heal.t.sol', 'flap.sol', 'frob.t.sol']
3,['flop.sol', 'transferFrom.sol', 'frob.sol', 'flip.t.sol', 'heal.sol', 'heal.t.sol', 'flap.sol', 'tune.sol']
4,['flop.sol', 'transferFrom.sol', 'frob.sol', 'flip.t.sol', 'heal.sol', 'heal.t.sol', 'flap.sol', 'bite.sol']
2,['flop.sol', 'transferFrom.sol', 'frob.sol', 'flip.t.sol', 'heal.sol', 'heal.t.sol', 'drip.sol', 'frob.t.sol']
2,['flop.sol', 'transferFrom.sol', 'frob.sol', 'flip.t.sol', 'heal.sol', 'heal.t.sol', 'drip.sol', 'tune.sol']
3,['flop.sol', 'transferFrom.sol', 'frob.sol', 'flip.t.sol', 'heal.sol', 'heal.t.sol', 'drip.sol', 'bite.sol']
3,['flop.sol', 'transferFrom.sol', 'frob.sol', 'flip.t.sol', 'heal.sol', 'heal.t.sol', 'frob.t.sol', 'tune.sol']
3,['flop.sol', 'transferFrom.sol', 'frob.sol', 'flip.t.sol', 'heal.sol', 'heal.t.sol', 'frob.t.sol', 'bite.sol']
3,['flop.sol', 'transferFrom.sol', 'frob.sol', 'flip.t.sol', 'heal.sol', 'heal.t.sol', 'tune.sol', 'bite.sol']
3,['flop.sol', 'transferFrom.sol', 'frob.sol', 'flip.t.sol', 'heal.sol', 'flap.sol', 'drip.sol', 'frob.t.sol']
2,['flop.sol', 'transferFrom.sol', 'frob.sol', 'flip.t.sol', 'heal.sol', 'flap.sol', 'drip.sol', 'tune.sol']
2,['flop.sol', 'transferFrom.sol', 'frob.sol', 'flip.t.sol', 'heal.sol', 'flap.sol', 'drip.sol', 'bite.sol']
3,['flop.sol', 'transferFrom.sol', 'frob.sol', 'flip.t.sol', 'heal.sol', 'flap.sol', 'frob.t.sol', 'tune.sol']
4,['flop.sol', 'transferFrom.sol', 'frob.sol', 'flip.t.sol', 'heal.sol', 'flap.sol', 'frob.t.sol', 'bite.sol']
2,['flop.sol', 'transferFrom.sol', 'frob.sol', 'flip.t.sol', 'heal.sol', 'flap.sol', 'tune.sol', 'bite.sol']
2,['flop.sol', 'transferFrom.sol', 'frob.sol', 'flip.t.sol', 'heal.sol', 'drip.sol', 'frob.t.sol', 'tune.sol']
6,['flop.sol', 'transferFrom.sol', 'frob.sol', 'flip.t.sol', 'heal.sol', 'drip.sol', 'frob.t.sol', 'bite.sol']
2,['flop.sol', 'transferFrom.sol', 'frob.sol', 'flip.t.sol', 'heal.sol', 'drip.sol', 'tune.sol', 'bite.sol']
3,['flop.sol', 'transferFrom.sol', 'frob.sol', 'flip.t.sol', 'heal.sol', 'frob.t.sol', 'tune.sol', 'bite.sol']
4,['flop.sol', 'transferFrom.sol', 'frob.sol', 'flip.t.sol', 'drip.t.sol', 'heal.t.sol', 'flap.sol', 'drip.sol']
2,['flop.sol', 'transferFrom.sol', 'frob.sol', 'flip.t.sol', 'drip.t.sol', 'heal.t.sol', 'flap.sol', 'frob.t.sol']
2,['flop.sol', 'transferFrom.sol', 'frob.sol', 'flip.t.sol', 'drip.t.sol', 'heal.t.sol', 'flap.sol', 'tune.sol']
2,['flop.sol', 'transferFrom.sol', 'frob.sol', 'flip.t.sol', 'drip.t.sol', 'heal.t.sol', 'flap.sol', 'bite.sol']
3,['flop.sol', 'transferFrom.sol', 'frob.sol', 'flip.t.sol', 'drip.t.sol', 'heal.t.sol', 'drip.sol', 'frob.t.sol']
2,['flop.sol', 'transferFrom.sol', 'frob.sol', 'flip.t.sol', 'drip.t.sol', 'heal.t.sol', 'drip.sol', 'tune.sol']
2,['flop.sol', 'transferFrom.sol', 'frob.sol', 'flip.t.sol', 'drip.t.sol', 'heal.t.sol', 'drip.sol', 'bite.sol']
2,['flop.sol', 'transferFrom.sol', 'frob.sol', 'flip.t.sol', 'drip.t.sol', 'heal.t.sol', 'frob.t.sol', 'tune.sol']
2,['flop.sol', 'transferFrom.sol', 'frob.sol', 'flip.t.sol', 'drip.t.sol', 'heal.t.sol', 'frob.t.sol', 'bite.sol']
2,['flop.sol', 'transferFrom.sol', 'frob.sol', 'flip.t.sol', 'drip.t.sol', 'heal.t.sol', 'tune.sol', 'bite.sol']
3,['flop.sol', 'transferFrom.sol', 'frob.sol', 'flip.t.sol', 'drip.t.sol', 'flap.sol', 'drip.sol', 'frob.t.sol']
2,['flop.sol', 'transferFrom.sol', 'frob.sol', 'flip.t.sol', 'drip.t.sol', 'flap.sol', 'drip.sol', 'tune.sol']
2,['flop.sol', 'transferFrom.sol', 'frob.sol', 'flip.t.sol', 'drip.t.sol', 'flap.sol', 'drip.sol', 'bite.sol']
2,['flop.sol', 'transferFrom.sol', 'frob.sol', 'flip.t.sol', 'drip.t.sol', 'flap.sol', 'frob.t.sol', 'tune.sol']
3,['flop.sol', 'transferFrom.sol', 'frob.sol', 'flip.t.sol', 'drip.t.sol', 'flap.sol', 'frob.t.sol', 'bite.sol']
2,['flop.sol', 'transferFrom.sol', 'frob.sol', 'flip.t.sol', 'drip.t.sol', 'flap.sol', 'tune.sol', 'bite.sol']
2,['flop.sol', 'transferFrom.sol', 'frob.sol', 'flip.t.sol', 'drip.t.sol', 'drip.sol', 'frob.t.sol', 'tune.sol']
6,['flop.sol', 'transferFrom.sol', 'frob.sol', 'flip.t.sol', 'drip.t.sol', 'drip.sol', 'frob.t.sol', 'bite.sol']
3,['flop.sol', 'transferFrom.sol', 'frob.sol', 'flip.t.sol', 'drip.t.sol', 'drip.sol', 'tune.sol', 'bite.sol']
2,['flop.sol', 'transferFrom.sol', 'frob.sol', 'flip.t.sol', 'drip.t.sol', 'frob.t.sol', 'tune.sol', 'bite.sol']
2,['flop.sol', 'transferFrom.sol', 'frob.sol', 'flip.t.sol', 'heal.t.sol', 'flap.sol', 'drip.sol', 'frob.t.sol']
2,['flop.sol', 'transferFrom.sol', 'frob.sol', 'flip.t.sol', 'heal.t.sol', 'flap.sol', 'drip.sol', 'tune.sol']
3,['flop.sol', 'transferFrom.sol', 'frob.sol', 'flip.t.sol', 'heal.t.sol', 'flap.sol', 'drip.sol', 'bite.sol']
3,['flop.sol', 'transferFrom.sol', 'frob.sol', 'flip.t.sol', 'heal.t.sol', 'flap.sol', 'frob.t.sol', 'tune.sol']
3,['flop.sol', 'transferFrom.sol', 'frob.sol', 'flip.t.sol', 'heal.t.sol', 'flap.sol', 'frob.t.sol', 'bite.sol']
3,['flop.sol', 'transferFrom.sol', 'frob.sol', 'flip.t.sol', 'heal.t.sol', 'flap.sol', 'tune.sol', 'bite.sol']
2,['flop.sol', 'transferFrom.sol', 'frob.sol', 'flip.t.sol', 'heal.t.sol', 'drip.sol', 'frob.t.sol', 'tune.sol']
2,['flop.sol', 'transferFrom.sol', 'frob.sol', 'flip.t.sol', 'heal.t.sol', 'drip.sol', 'frob.t.sol', 'bite.sol']
2,['flop.sol', 'transferFrom.sol', 'frob.sol', 'flip.t.sol', 'heal.t.sol', 'drip.sol', 'tune.sol', 'bite.sol']
3,['flop.sol', 'transferFrom.sol', 'frob.sol', 'flip.t.sol', 'heal.t.sol', 'frob.t.sol', 'tune.sol', 'bite.sol']
2,['flop.sol', 'transferFrom.sol', 'frob.sol', 'flip.t.sol', 'flap.sol', 'drip.sol', 'frob.t.sol', 'tune.sol']
3,['flop.sol', 'transferFrom.sol', 'frob.sol', 'flip.t.sol', 'flap.sol', 'drip.sol', 'frob.t.sol', 'bite.sol']
2,['flop.sol', 'transferFrom.sol', 'frob.sol', 'flip.t.sol', 'flap.sol', 'drip.sol', 'tune.sol', 'bite.sol']
3,['flop.sol', 'transferFrom.sol', 'frob.sol', 'flip.t.sol', 'flap.sol', 'frob.t.sol', 'tune.sol', 'bite.sol']
2,['flop.sol', 'transferFrom.sol', 'frob.sol', 'flip.t.sol', 'drip.sol', 'frob.t.sol', 'tune.sol', 'bite.sol']
3,['flop.sol', 'transferFrom.sol', 'frob.sol', 'flop.t.sol', 'flap.t.sol', 'heal.sol', 'drip.t.sol', 'heal.t.sol']
4,['flop.sol', 'transferFrom.sol', 'frob.sol', 'flop.t.sol', 'flap.t.sol', 'heal.sol', 'drip.t.sol', 'flap.sol']
4,['flop.sol', 'transferFrom.sol', 'frob.sol', 'flop.t.sol', 'flap.t.sol', 'heal.sol', 'drip.t.sol', 'drip.sol']
3,['flop.sol', 'transferFrom.sol', 'frob.sol', 'flop.t.sol', 'flap.t.sol', 'heal.sol', 'drip.t.sol', 'frob.t.sol']
2,['flop.sol', 'transferFrom.sol', 'frob.sol', 'flop.t.sol', 'flap.t.sol', 'heal.sol', 'drip.t.sol', 'tune.sol']
3,['flop.sol', 'transferFrom.sol', 'frob.sol', 'flop.t.sol', 'flap.t.sol', 'heal.sol', 'drip.t.sol', 'bite.sol']
4,['flop.sol', 'transferFrom.sol', 'frob.sol', 'flop.t.sol', 'flap.t.sol', 'heal.sol', 'heal.t.sol', 'flap.sol']
3,['flop.sol', 'transferFrom.sol', 'frob.sol', 'flop.t.sol', 'flap.t.sol', 'heal.sol', 'heal.t.sol', 'drip.sol']
3,['flop.sol', 'transferFrom.sol', 'frob.sol', 'flop.t.sol', 'flap.t.sol', 'heal.sol', 'heal.t.sol', 'frob.t.sol']
4,['flop.sol', 'transferFrom.sol', 'frob.sol', 'flop.t.sol', 'flap.t.sol', 'heal.sol', 'heal.t.sol', 'tune.sol']
4,['flop.sol', 'transferFrom.sol', 'frob.sol', 'flop.t.sol', 'flap.t.sol', 'heal.sol', 'heal.t.sol', 'bite.sol']
4,['flop.sol', 'transferFrom.sol', 'frob.sol', 'flop.t.sol', 'flap.t.sol', 'heal.sol', 'flap.sol', 'drip.sol']
4,['flop.sol', 'transferFrom.sol', 'frob.sol', 'flop.t.sol', 'flap.t.sol', 'heal.sol', 'flap.sol', 'frob.t.sol']
2,['flop.sol', 'transferFrom.sol', 'frob.sol', 'flop.t.sol', 'flap.t.sol', 'heal.sol', 'flap.sol', 'tune.sol']
3,['flop.sol', 'transferFrom.sol', 'frob.sol', 'flop.t.sol', 'flap.t.sol', 'heal.sol', 'flap.sol', 'bite.sol']
3,['flop.sol', 'transferFrom.sol', 'frob.sol', 'flop.t.sol', 'flap.t.sol', 'heal.sol', 'drip.sol', 'frob.t.sol']
2,['flop.sol', 'transferFrom.sol', 'frob.sol', 'flop.t.sol', 'flap.t.sol', 'heal.sol', 'drip.sol', 'tune.sol']
3,['flop.sol', 'transferFrom.sol', 'frob.sol', 'flop.t.sol', 'flap.t.sol', 'heal.sol', 'drip.sol', 'bite.sol']
3,['flop.sol', 'transferFrom.sol', 'frob.sol', 'flop.t.sol', 'flap.t.sol', 'heal.sol', 'frob.t.sol', 'tune.sol']
4,['flop.sol', 'transferFrom.sol', 'frob.sol', 'flop.t.sol', 'flap.t.sol', 'heal.sol', 'frob.t.sol', 'bite.sol']
2,['flop.sol', 'transferFrom.sol', 'frob.sol', 'flop.t.sol', 'flap.t.sol', 'heal.sol', 'tune.sol', 'bite.sol']
3,['flop.sol', 'transferFrom.sol', 'frob.sol', 'flop.t.sol', 'flap.t.sol', 'drip.t.sol', 'heal.t.sol', 'flap.sol']
3,['flop.sol', 'transferFrom.sol', 'frob.sol', 'flop.t.sol', 'flap.t.sol', 'drip.t.sol', 'heal.t.sol', 'drip.sol']
2,['flop.sol', 'transferFrom.sol', 'frob.sol', 'flop.t.sol', 'flap.t.sol', 'drip.t.sol', 'heal.t.sol', 'frob.t.sol']
3,['flop.sol', 'transferFrom.sol', 'frob.sol', 'flop.t.sol', 'flap.t.sol', 'drip.t.sol', 'heal.t.sol', 'tune.sol']
3,['flop.sol', 'transferFrom.sol', 'frob.sol', 'flop.t.sol', 'flap.t.sol', 'drip.t.sol', 'heal.t.sol', 'bite.sol']
7,['flop.sol', 'transferFrom.sol', 'frob.sol', 'flop.t.sol', 'flap.t.sol', 'drip.t.sol', 'flap.sol', 'drip.sol']
3,['flop.sol', 'transferFrom.sol', 'frob.sol', 'flop.t.sol', 'flap.t.sol', 'drip.t.sol', 'flap.sol', 'frob.t.sol']
3,['flop.sol', 'transferFrom.sol', 'frob.sol', 'flop.t.sol', 'flap.t.sol', 'drip.t.sol', 'flap.sol', 'tune.sol']
3,['flop.sol', 'transferFrom.sol', 'frob.sol', 'flop.t.sol', 'flap.t.sol', 'drip.t.sol', 'flap.sol', 'bite.sol']
3,['flop.sol', 'transferFrom.sol', 'frob.sol', 'flop.t.sol', 'flap.t.sol', 'drip.t.sol', 'drip.sol', 'frob.t.sol']
3,['flop.sol', 'transferFrom.sol', 'frob.sol', 'flop.t.sol', 'flap.t.sol', 'drip.t.sol', 'drip.sol', 'tune.sol']
4,['flop.sol', 'transferFrom.sol', 'frob.sol', 'flop.t.sol', 'flap.t.sol', 'drip.t.sol', 'drip.sol', 'bite.sol']
2,['flop.sol', 'transferFrom.sol', 'frob.sol', 'flop.t.sol', 'flap.t.sol', 'drip.t.sol', 'frob.t.sol', 'tune.sol']
3,['flop.sol', 'transferFrom.sol', 'frob.sol', 'flop.t.sol', 'flap.t.sol', 'drip.t.sol', 'frob.t.sol', 'bite.sol']
2,['flop.sol', 'transferFrom.sol', 'frob.sol', 'flop.t.sol', 'flap.t.sol', 'drip.t.sol', 'tune.sol', 'bite.sol']
3,['flop.sol', 'transferFrom.sol', 'frob.sol', 'flop.t.sol', 'flap.t.sol', 'heal.t.sol', 'flap.sol', 'drip.sol']
3,['flop.sol', 'transferFrom.sol', 'frob.sol', 'flop.t.sol', 'flap.t.sol', 'heal.t.sol', 'flap.sol', 'frob.t.sol']
4,['flop.sol', 'transferFrom.sol', 'frob.sol', 'flop.t.sol', 'flap.t.sol', 'heal.t.sol', 'flap.sol', 'tune.sol']
4,['flop.sol', 'transferFrom.sol', 'frob.sol', 'flop.t.sol', 'flap.t.sol', 'heal.t.sol', 'flap.sol', 'bite.sol']
2,['flop.sol', 'transferFrom.sol', 'frob.sol', 'flop.t.sol', 'flap.t.sol', 'heal.t.sol', 'drip.sol', 'frob.t.sol']
2,['flop.sol', 'transferFrom.sol', 'frob.sol', 'flop.t.sol', 'flap.t.sol', 'heal.t.sol', 'drip.sol', 'tune.sol']
3,['flop.sol', 'transferFrom.sol', 'frob.sol', 'flop.t.sol', 'flap.t.sol', 'heal.t.sol', 'drip.sol', 'bite.sol']
3,['flop.sol', 'transferFrom.sol', 'frob.sol', 'flop.t.sol', 'flap.t.sol', 'heal.t.sol', 'frob.t.sol', 'tune.sol']
3,['flop.sol', 'transferFrom.sol', 'frob.sol', 'flop.t.sol', 'flap.t.sol', 'heal.t.sol', 'frob.t.sol', 'bite.sol']
4,['flop.sol', 'transferFrom.sol', 'frob.sol', 'flop.t.sol', 'flap.t.sol', 'heal.t.sol', 'tune.sol', 'bite.sol']
3,['flop.sol', 'transferFrom.sol', 'frob.sol', 'flop.t.sol', 'flap.t.sol', 'flap.sol', 'drip.sol', 'frob.t.sol']
3,['flop.sol', 'transferFrom.sol', 'frob.sol', 'flop.t.sol', 'flap.t.sol', 'flap.sol', 'drip.sol', 'tune.sol']
4,['flop.sol', 'transferFrom.sol', 'frob.sol', 'flop.t.sol', 'flap.t.sol', 'flap.sol', 'drip.sol', 'bite.sol']
3,['flop.sol', 'transferFrom.sol', 'frob.sol', 'flop.t.sol', 'flap.t.sol', 'flap.sol', 'frob.t.sol', 'tune.sol']
4,['flop.sol', 'transferFrom.sol', 'frob.sol', 'flop.t.sol', 'flap.t.sol', 'flap.sol', 'frob.t.sol', 'bite.sol']
3,['flop.sol', 'transferFrom.sol', 'frob.sol', 'flop.t.sol', 'flap.t.sol', 'flap.sol', 'tune.sol', 'bite.sol']
2,['flop.sol', 'transferFrom.sol', 'frob.sol', 'flop.t.sol', 'flap.t.sol', 'drip.sol', 'frob.t.sol', 'tune.sol']
3,['flop.sol', 'transferFrom.sol', 'frob.sol', 'flop.t.sol', 'flap.t.sol', 'drip.sol', 'frob.t.sol', 'bite.sol']
2,['flop.sol', 'transferFrom.sol', 'frob.sol', 'flop.t.sol', 'flap.t.sol', 'drip.sol', 'tune.sol', 'bite.sol']
3,['flop.sol', 'transferFrom.sol', 'frob.sol', 'flop.t.sol', 'flap.t.sol', 'frob.t.sol', 'tune.sol', 'bite.sol']
4,['flop.sol', 'transferFrom.sol', 'frob.sol', 'flop.t.sol', 'heal.sol', 'drip.t.sol', 'heal.t.sol', 'flap.sol']
4,['flop.sol', 'transferFrom.sol', 'frob.sol', 'flop.t.sol', 'heal.sol', 'drip.t.sol', 'heal.t.sol', 'drip.sol']
2,['flop.sol', 'transferFrom.sol', 'frob.sol', 'flop.t.sol', 'heal.sol', 'drip.t.sol', 'heal.t.sol', 'frob.t.sol']
2,['flop.sol', 'transferFrom.sol', 'frob.sol', 'flop.t.sol', 'heal.sol', 'drip.t.sol', 'heal.t.sol', 'tune.sol']
4,['flop.sol', 'transferFrom.sol', 'frob.sol', 'flop.t.sol', 'heal.sol', 'drip.t.sol', 'heal.t.sol', 'bite.sol']
2,['flop.sol', 'transferFrom.sol', 'frob.sol', 'flop.t.sol', 'heal.sol', 'drip.t.sol', 'flap.sol', 'drip.sol']
2,['flop.sol', 'transferFrom.sol', 'frob.sol', 'flop.t.sol', 'heal.sol', 'drip.t.sol', 'flap.sol', 'frob.t.sol']
2,['flop.sol', 'transferFrom.sol', 'frob.sol', 'flop.t.sol', 'heal.sol', 'drip.t.sol', 'flap.sol', 'tune.sol']
2,['flop.sol', 'transferFrom.sol', 'frob.sol', 'flop.t.sol', 'heal.sol', 'drip.t.sol', 'flap.sol', 'bite.sol']
3,['flop.sol', 'transferFrom.sol', 'frob.sol', 'flop.t.sol', 'heal.sol', 'drip.t.sol', 'drip.sol', 'frob.t.sol']
2,['flop.sol', 'transferFrom.sol', 'frob.sol', 'flop.t.sol', 'heal.sol', 'drip.t.sol', 'drip.sol', 'tune.sol']
2,['flop.sol', 'transferFrom.sol', 'frob.sol', 'flop.t.sol', 'heal.sol', 'drip.t.sol', 'drip.sol', 'bite.sol']
2,['flop.sol', 'transferFrom.sol', 'frob.sol', 'flop.t.sol', 'heal.sol', 'drip.t.sol', 'frob.t.sol', 'tune.sol']
3,['flop.sol', 'transferFrom.sol', 'frob.sol', 'flop.t.sol', 'heal.sol', 'drip.t.sol', 'frob.t.sol', 'bite.sol']
2,['flop.sol', 'transferFrom.sol', 'frob.sol', 'flop.t.sol', 'heal.sol', 'drip.t.sol', 'tune.sol', 'bite.sol']
4,['flop.sol', 'transferFrom.sol', 'frob.sol', 'flop.t.sol', 'heal.sol', 'heal.t.sol', 'flap.sol', 'drip.sol']
3,['flop.sol', 'transferFrom.sol', 'frob.sol', 'flop.t.sol', 'heal.sol', 'heal.t.sol', 'flap.sol', 'frob.t.sol']
4,['flop.sol', 'transferFrom.sol', 'frob.sol', 'flop.t.sol', 'heal.sol', 'heal.t.sol', 'flap.sol', 'tune.sol']
5,['flop.sol', 'transferFrom.sol', 'frob.sol', 'flop.t.sol', 'heal.sol', 'heal.t.sol', 'flap.sol', 'bite.sol']
2,['flop.sol', 'transferFrom.sol', 'frob.sol', 'flop.t.sol', 'heal.sol', 'heal.t.sol', 'drip.sol', 'frob.t.sol']
2,['flop.sol', 'transferFrom.sol', 'frob.sol', 'flop.t.sol', 'heal.sol', 'heal.t.sol', 'drip.sol', 'tune.sol']
4,['flop.sol', 'transferFrom.sol', 'frob.sol', 'flop.t.sol', 'heal.sol', 'heal.t.sol', 'drip.sol', 'bite.sol']
3,['flop.sol', 'transferFrom.sol', 'frob.sol', 'flop.t.sol', 'heal.sol', 'heal.t.sol', 'frob.t.sol', 'tune.sol']
3,['flop.sol', 'transferFrom.sol', 'frob.sol', 'flop.t.sol', 'heal.sol', 'heal.t.sol', 'frob.t.sol', 'bite.sol']
3,['flop.sol', 'transferFrom.sol', 'frob.sol', 'flop.t.sol', 'heal.sol', 'heal.t.sol', 'tune.sol', 'bite.sol']
2,['flop.sol', 'transferFrom.sol', 'frob.sol', 'flop.t.sol', 'heal.sol', 'flap.sol', 'drip.sol', 'frob.t.sol']
2,['flop.sol', 'transferFrom.sol', 'frob.sol', 'flop.t.sol', 'heal.sol', 'flap.sol', 'drip.sol', 'tune.sol']
2,['flop.sol', 'transferFrom.sol', 'frob.sol', 'flop.t.sol', 'heal.sol', 'flap.sol', 'drip.sol', 'bite.sol']
4,['flop.sol', 'transferFrom.sol', 'frob.sol', 'flop.t.sol', 'heal.sol', 'flap.sol', 'frob.t.sol', 'tune.sol']
3,['flop.sol', 'transferFrom.sol', 'frob.sol', 'flop.t.sol', 'heal.sol', 'flap.sol', 'frob.t.sol', 'bite.sol']
2,['flop.sol', 'transferFrom.sol', 'frob.sol', 'flop.t.sol', 'heal.sol', 'flap.sol', 'tune.sol', 'bite.sol']
3,['flop.sol', 'transferFrom.sol', 'frob.sol', 'flop.t.sol', 'heal.sol', 'drip.sol', 'frob.t.sol', 'tune.sol']
3,['flop.sol', 'transferFrom.sol', 'frob.sol', 'flop.t.sol', 'heal.sol', 'drip.sol', 'frob.t.sol', 'bite.sol']
2,['flop.sol', 'transferFrom.sol', 'frob.sol', 'flop.t.sol', 'heal.sol', 'drip.sol', 'tune.sol', 'bite.sol']
3,['flop.sol', 'transferFrom.sol', 'frob.sol', 'flop.t.sol', 'heal.sol', 'frob.t.sol', 'tune.sol', 'bite.sol']
4,['flop.sol', 'transferFrom.sol', 'frob.sol', 'flop.t.sol', 'drip.t.sol', 'heal.t.sol', 'flap.sol', 'drip.sol']
2,['flop.sol', 'transferFrom.sol', 'frob.sol', 'flop.t.sol', 'drip.t.sol', 'heal.t.sol', 'flap.sol', 'frob.t.sol']
2,['flop.sol', 'transferFrom.sol', 'frob.sol', 'flop.t.sol', 'drip.t.sol', 'heal.t.sol', 'flap.sol', 'tune.sol']
4,['flop.sol', 'transferFrom.sol', 'frob.sol', 'flop.t.sol', 'drip.t.sol', 'heal.t.sol', 'flap.sol', 'bite.sol']
2,['flop.sol', 'transferFrom.sol', 'frob.sol', 'flop.t.sol', 'drip.t.sol', 'heal.t.sol', 'drip.sol', 'frob.t.sol']
2,['flop.sol', 'transferFrom.sol', 'frob.sol', 'flop.t.sol', 'drip.t.sol', 'heal.t.sol', 'drip.sol', 'tune.sol']
4,['flop.sol', 'transferFrom.sol', 'frob.sol', 'flop.t.sol', 'drip.t.sol', 'heal.t.sol', 'drip.sol', 'bite.sol']
2,['flop.sol', 'transferFrom.sol', 'frob.sol', 'flop.t.sol', 'drip.t.sol', 'heal.t.sol', 'frob.t.sol', 'tune.sol']
2,['flop.sol', 'transferFrom.sol', 'frob.sol', 'flop.t.sol', 'drip.t.sol', 'heal.t.sol', 'frob.t.sol', 'bite.sol']
2,['flop.sol', 'transferFrom.sol', 'frob.sol', 'flop.t.sol', 'drip.t.sol', 'heal.t.sol', 'tune.sol', 'bite.sol']
3,['flop.sol', 'transferFrom.sol', 'frob.sol', 'flop.t.sol', 'drip.t.sol', 'flap.sol', 'drip.sol', 'frob.t.sol']
3,['flop.sol', 'transferFrom.sol', 'frob.sol', 'flop.t.sol', 'drip.t.sol', 'flap.sol', 'drip.sol', 'tune.sol']
2,['flop.sol', 'transferFrom.sol', 'frob.sol', 'flop.t.sol', 'drip.t.sol', 'flap.sol', 'drip.sol', 'bite.sol']
3,['flop.sol', 'transferFrom.sol', 'frob.sol', 'flop.t.sol', 'drip.t.sol', 'flap.sol', 'frob.t.sol', 'tune.sol']
3,['flop.sol', 'transferFrom.sol', 'frob.sol', 'flop.t.sol', 'drip.t.sol', 'flap.sol', 'frob.t.sol', 'bite.sol']
2,['flop.sol', 'transferFrom.sol', 'frob.sol', 'flop.t.sol', 'drip.t.sol', 'flap.sol', 'tune.sol', 'bite.sol']
3,['flop.sol', 'transferFrom.sol', 'frob.sol', 'flop.t.sol', 'drip.t.sol', 'drip.sol', 'frob.t.sol', 'tune.sol']
3,['flop.sol', 'transferFrom.sol', 'frob.sol', 'flop.t.sol', 'drip.t.sol', 'drip.sol', 'frob.t.sol', 'bite.sol']
2,['flop.sol', 'transferFrom.sol', 'frob.sol', 'flop.t.sol', 'drip.t.sol', 'drip.sol', 'tune.sol', 'bite.sol']
3,['flop.sol', 'transferFrom.sol', 'frob.sol', 'flop.t.sol', 'drip.t.sol', 'frob.t.sol', 'tune.sol', 'bite.sol']
2,['flop.sol', 'transferFrom.sol', 'frob.sol', 'flop.t.sol', 'heal.t.sol', 'flap.sol', 'drip.sol', 'frob.t.sol']
2,['flop.sol', 'transferFrom.sol', 'frob.sol', 'flop.t.sol', 'heal.t.sol', 'flap.sol', 'drip.sol', 'tune.sol']
4,['flop.sol', 'transferFrom.sol', 'frob.sol', 'flop.t.sol', 'heal.t.sol', 'flap.sol', 'drip.sol', 'bite.sol']
3,['flop.sol', 'transferFrom.sol', 'frob.sol', 'flop.t.sol', 'heal.t.sol', 'flap.sol', 'frob.t.sol', 'tune.sol']
3,['flop.sol', 'transferFrom.sol', 'frob.sol', 'flop.t.sol', 'heal.t.sol', 'flap.sol', 'frob.t.sol', 'bite.sol']
3,['flop.sol', 'transferFrom.sol', 'frob.sol', 'flop.t.sol', 'heal.t.sol', 'flap.sol', 'tune.sol', 'bite.sol']
2,['flop.sol', 'transferFrom.sol', 'frob.sol', 'flop.t.sol', 'heal.t.sol', 'drip.sol', 'frob.t.sol', 'tune.sol']
2,['flop.sol', 'transferFrom.sol', 'frob.sol', 'flop.t.sol', 'heal.t.sol', 'drip.sol', 'frob.t.sol', 'bite.sol']
2,['flop.sol', 'transferFrom.sol', 'frob.sol', 'flop.t.sol', 'heal.t.sol', 'drip.sol', 'tune.sol', 'bite.sol']
3,['flop.sol', 'transferFrom.sol', 'frob.sol', 'flop.t.sol', 'heal.t.sol', 'frob.t.sol', 'tune.sol', 'bite.sol']
3,['flop.sol', 'transferFrom.sol', 'frob.sol', 'flop.t.sol', 'flap.sol', 'drip.sol', 'frob.t.sol', 'tune.sol']
2,['flop.sol', 'transferFrom.sol', 'frob.sol', 'flop.t.sol', 'flap.sol', 'drip.sol', 'frob.t.sol', 'bite.sol']
3,['flop.sol', 'transferFrom.sol', 'frob.sol', 'flop.t.sol', 'flap.sol', 'drip.sol', 'tune.sol', 'bite.sol']
4,['flop.sol', 'transferFrom.sol', 'frob.sol', 'flop.t.sol', 'flap.sol', 'frob.t.sol', 'tune.sol', 'bite.sol']
3,['flop.sol', 'transferFrom.sol', 'frob.sol', 'flop.t.sol', 'drip.sol', 'frob.t.sol', 'tune.sol', 'bite.sol']
4,['flop.sol', 'transferFrom.sol', 'frob.sol', 'flap.t.sol', 'heal.sol', 'drip.t.sol', 'heal.t.sol', 'flap.sol']
4,['flop.sol', 'transferFrom.sol', 'frob.sol', 'flap.t.sol', 'heal.sol', 'drip.t.sol', 'heal.t.sol', 'drip.sol']
2,['flop.sol', 'transferFrom.sol', 'frob.sol', 'flap.t.sol', 'heal.sol', 'drip.t.sol', 'heal.t.sol', 'frob.t.sol']
2,['flop.sol', 'transferFrom.sol', 'frob.sol', 'flap.t.sol', 'heal.sol', 'drip.t.sol', 'heal.t.sol', 'tune.sol']
4,['flop.sol', 'transferFrom.sol', 'frob.sol', 'flap.t.sol', 'heal.sol', 'drip.t.sol', 'heal.t.sol', 'bite.sol']
2,['flop.sol', 'transferFrom.sol', 'frob.sol', 'flap.t.sol', 'heal.sol', 'drip.t.sol', 'flap.sol', 'drip.sol']
2,['flop.sol', 'transferFrom.sol', 'frob.sol', 'flap.t.sol', 'heal.sol', 'drip.t.sol', 'flap.sol', 'frob.t.sol']
2,['flop.sol', 'transferFrom.sol', 'frob.sol', 'flap.t.sol', 'heal.sol', 'drip.t.sol', 'flap.sol', 'tune.sol']
2,['flop.sol', 'transferFrom.sol', 'frob.sol', 'flap.t.sol', 'heal.sol', 'drip.t.sol', 'flap.sol', 'bite.sol']
3,['flop.sol', 'transferFrom.sol', 'frob.sol', 'flap.t.sol', 'heal.sol', 'drip.t.sol', 'drip.sol', 'frob.t.sol']
2,['flop.sol', 'transferFrom.sol', 'frob.sol', 'flap.t.sol', 'heal.sol', 'drip.t.sol', 'drip.sol', 'tune.sol']
2,['flop.sol', 'transferFrom.sol', 'frob.sol', 'flap.t.sol', 'heal.sol', 'drip.t.sol', 'drip.sol', 'bite.sol']
2,['flop.sol', 'transferFrom.sol', 'frob.sol', 'flap.t.sol', 'heal.sol', 'drip.t.sol', 'frob.t.sol', 'tune.sol']
3,['flop.sol', 'transferFrom.sol', 'frob.sol', 'flap.t.sol', 'heal.sol', 'drip.t.sol', 'frob.t.sol', 'bite.sol']
1,['flop.sol', 'transferFrom.sol', 'frob.sol', 'flap.t.sol', 'heal.sol', 'drip.t.sol', 'tune.sol', 'bite.sol']
4,['flop.sol', 'transferFrom.sol', 'frob.sol', 'flap.t.sol', 'heal.sol', 'heal.t.sol', 'flap.sol', 'drip.sol']
3,['flop.sol', 'transferFrom.sol', 'frob.sol', 'flap.t.sol', 'heal.sol', 'heal.t.sol', 'flap.sol', 'frob.t.sol']
4,['flop.sol', 'transferFrom.sol', 'frob.sol', 'flap.t.sol', 'heal.sol', 'heal.t.sol', 'flap.sol', 'tune.sol']
5,['flop.sol', 'transferFrom.sol', 'frob.sol', 'flap.t.sol', 'heal.sol', 'heal.t.sol', 'flap.sol', 'bite.sol']
2,['flop.sol', 'transferFrom.sol', 'frob.sol', 'flap.t.sol', 'heal.sol', 'heal.t.sol', 'drip.sol', 'frob.t.sol']
2,['flop.sol', 'transferFrom.sol', 'frob.sol', 'flap.t.sol', 'heal.sol', 'heal.t.sol', 'drip.sol', 'tune.sol']
4,['flop.sol', 'transferFrom.sol', 'frob.sol', 'flap.t.sol', 'heal.sol', 'heal.t.sol', 'drip.sol', 'bite.sol']
3,['flop.sol', 'transferFrom.sol', 'frob.sol', 'flap.t.sol', 'heal.sol', 'heal.t.sol', 'frob.t.sol', 'tune.sol']
3,['flop.sol', 'transferFrom.sol', 'frob.sol', 'flap.t.sol', 'heal.sol', 'heal.t.sol', 'frob.t.sol', 'bite.sol']
3,['flop.sol', 'transferFrom.sol', 'frob.sol', 'flap.t.sol', 'heal.sol', 'heal.t.sol', 'tune.sol', 'bite.sol']
2,['flop.sol', 'transferFrom.sol', 'frob.sol', 'flap.t.sol', 'heal.sol', 'flap.sol', 'drip.sol', 'frob.t.sol']
2,['flop.sol', 'transferFrom.sol', 'frob.sol', 'flap.t.sol', 'heal.sol', 'flap.sol', 'drip.sol', 'tune.sol']
2,['flop.sol', 'transferFrom.sol', 'frob.sol', 'flap.t.sol', 'heal.sol', 'flap.sol', 'drip.sol', 'bite.sol']
4,['flop.sol', 'transferFrom.sol', 'frob.sol', 'flap.t.sol', 'heal.sol', 'flap.sol', 'frob.t.sol', 'tune.sol']
3,['flop.sol', 'transferFrom.sol', 'frob.sol', 'flap.t.sol', 'heal.sol', 'flap.sol', 'frob.t.sol', 'bite.sol']
2,['flop.sol', 'transferFrom.sol', 'frob.sol', 'flap.t.sol', 'heal.sol', 'flap.sol', 'tune.sol', 'bite.sol']
3,['flop.sol', 'transferFrom.sol', 'frob.sol', 'flap.t.sol', 'heal.sol', 'drip.sol', 'frob.t.sol', 'tune.sol']
2,['flop.sol', 'transferFrom.sol', 'frob.sol', 'flap.t.sol', 'heal.sol', 'drip.sol', 'frob.t.sol', 'bite.sol']
2,['flop.sol', 'transferFrom.sol', 'frob.sol', 'flap.t.sol', 'heal.sol', 'drip.sol', 'tune.sol', 'bite.sol']
3,['flop.sol', 'transferFrom.sol', 'frob.sol', 'flap.t.sol', 'heal.sol', 'frob.t.sol', 'tune.sol', 'bite.sol']
4,['flop.sol', 'transferFrom.sol', 'frob.sol', 'flap.t.sol', 'drip.t.sol', 'heal.t.sol', 'flap.sol', 'drip.sol']
2,['flop.sol', 'transferFrom.sol', 'frob.sol', 'flap.t.sol', 'drip.t.sol', 'heal.t.sol', 'flap.sol', 'frob.t.sol']
2,['flop.sol', 'transferFrom.sol', 'frob.sol', 'flap.t.sol', 'drip.t.sol', 'heal.t.sol', 'flap.sol', 'tune.sol']
4,['flop.sol', 'transferFrom.sol', 'frob.sol', 'flap.t.sol', 'drip.t.sol', 'heal.t.sol', 'flap.sol', 'bite.sol']
2,['flop.sol', 'transferFrom.sol', 'frob.sol', 'flap.t.sol', 'drip.t.sol', 'heal.t.sol', 'drip.sol', 'frob.t.sol']
2,['flop.sol', 'transferFrom.sol', 'frob.sol', 'flap.t.sol', 'drip.t.sol', 'heal.t.sol', 'drip.sol', 'tune.sol']
4,['flop.sol', 'transferFrom.sol', 'frob.sol', 'flap.t.sol', 'drip.t.sol', 'heal.t.sol', 'drip.sol', 'bite.sol']
2,['flop.sol', 'transferFrom.sol', 'frob.sol', 'flap.t.sol', 'drip.t.sol', 'heal.t.sol', 'frob.t.sol', 'tune.sol']
2,['flop.sol', 'transferFrom.sol', 'frob.sol', 'flap.t.sol', 'drip.t.sol', 'heal.t.sol', 'frob.t.sol', 'bite.sol']
2,['flop.sol', 'transferFrom.sol', 'frob.sol', 'flap.t.sol', 'drip.t.sol', 'heal.t.sol', 'tune.sol', 'bite.sol']
2,['flop.sol', 'transferFrom.sol', 'frob.sol', 'flap.t.sol', 'drip.t.sol', 'flap.sol', 'drip.sol', 'frob.t.sol']
3,['flop.sol', 'transferFrom.sol', 'frob.sol', 'flap.t.sol', 'drip.t.sol', 'flap.sol', 'drip.sol', 'tune.sol']
2,['flop.sol', 'transferFrom.sol', 'frob.sol', 'flap.t.sol', 'drip.t.sol', 'flap.sol', 'drip.sol', 'bite.sol']
3,['flop.sol', 'transferFrom.sol', 'frob.sol', 'flap.t.sol', 'drip.t.sol', 'flap.sol', 'frob.t.sol', 'tune.sol']
2,['flop.sol', 'transferFrom.sol', 'frob.sol', 'flap.t.sol', 'drip.t.sol', 'flap.sol', 'frob.t.sol', 'bite.sol']
2,['flop.sol', 'transferFrom.sol', 'frob.sol', 'flap.t.sol', 'drip.t.sol', 'flap.sol', 'tune.sol', 'bite.sol']
3,['flop.sol', 'transferFrom.sol', 'frob.sol', 'flap.t.sol', 'drip.t.sol', 'drip.sol', 'frob.t.sol', 'tune.sol']
3,['flop.sol', 'transferFrom.sol', 'frob.sol', 'flap.t.sol', 'drip.t.sol', 'drip.sol', 'frob.t.sol', 'bite.sol']
2,['flop.sol', 'transferFrom.sol', 'frob.sol', 'flap.t.sol', 'drip.t.sol', 'drip.sol', 'tune.sol', 'bite.sol']
3,['flop.sol', 'transferFrom.sol', 'frob.sol', 'flap.t.sol', 'drip.t.sol', 'frob.t.sol', 'tune.sol', 'bite.sol']
2,['flop.sol', 'transferFrom.sol', 'frob.sol', 'flap.t.sol', 'heal.t.sol', 'flap.sol', 'drip.sol', 'frob.t.sol']
2,['flop.sol', 'transferFrom.sol', 'frob.sol', 'flap.t.sol', 'heal.t.sol', 'flap.sol', 'drip.sol', 'tune.sol']
4,['flop.sol', 'transferFrom.sol', 'frob.sol', 'flap.t.sol', 'heal.t.sol', 'flap.sol', 'drip.sol', 'bite.sol']
3,['flop.sol', 'transferFrom.sol', 'frob.sol', 'flap.t.sol', 'heal.t.sol', 'flap.sol', 'frob.t.sol', 'tune.sol']
3,['flop.sol', 'transferFrom.sol', 'frob.sol', 'flap.t.sol', 'heal.t.sol', 'flap.sol', 'frob.t.sol', 'bite.sol']
3,['flop.sol', 'transferFrom.sol', 'frob.sol', 'flap.t.sol', 'heal.t.sol', 'flap.sol', 'tune.sol', 'bite.sol']
2,['flop.sol', 'transferFrom.sol', 'frob.sol', 'flap.t.sol', 'heal.t.sol', 'drip.sol', 'frob.t.sol', 'tune.sol']
2,['flop.sol', 'transferFrom.sol', 'frob.sol', 'flap.t.sol', 'heal.t.sol', 'drip.sol', 'frob.t.sol', 'bite.sol']
2,['flop.sol', 'transferFrom.sol', 'frob.sol', 'flap.t.sol', 'heal.t.sol', 'drip.sol', 'tune.sol', 'bite.sol']
3,['flop.sol', 'transferFrom.sol', 'frob.sol', 'flap.t.sol', 'heal.t.sol', 'frob.t.sol', 'tune.sol', 'bite.sol']
3,['flop.sol', 'transferFrom.sol', 'frob.sol', 'flap.t.sol', 'flap.sol', 'drip.sol', 'frob.t.sol', 'tune.sol']
2,['flop.sol', 'transferFrom.sol', 'frob.sol', 'flap.t.sol', 'flap.sol', 'drip.sol', 'frob.t.sol', 'bite.sol']
2,['flop.sol', 'transferFrom.sol', 'frob.sol', 'flap.t.sol', 'flap.sol', 'drip.sol', 'tune.sol', 'bite.sol']
4,['flop.sol', 'transferFrom.sol', 'frob.sol', 'flap.t.sol', 'flap.sol', 'frob.t.sol', 'tune.sol', 'bite.sol']
3,['flop.sol', 'transferFrom.sol', 'frob.sol', 'flap.t.sol', 'drip.sol', 'frob.t.sol', 'tune.sol', 'bite.sol']
4,['flop.sol', 'transferFrom.sol', 'frob.sol', 'heal.sol', 'drip.t.sol', 'heal.t.sol', 'flap.sol', 'drip.sol']
3,['flop.sol', 'transferFrom.sol', 'frob.sol', 'heal.sol', 'drip.t.sol', 'heal.t.sol', 'flap.sol', 'frob.t.sol']
3,['flop.sol', 'transferFrom.sol', 'frob.sol', 'heal.sol', 'drip.t.sol', 'heal.t.sol', 'flap.sol', 'tune.sol']
2,['flop.sol', 'transferFrom.sol', 'frob.sol', 'heal.sol', 'drip.t.sol', 'heal.t.sol', 'flap.sol', 'bite.sol']
5,['flop.sol', 'transferFrom.sol', 'frob.sol', 'heal.sol', 'drip.t.sol', 'heal.t.sol', 'drip.sol', 'frob.t.sol']
3,['flop.sol', 'transferFrom.sol', 'frob.sol', 'heal.sol', 'drip.t.sol', 'heal.t.sol', 'drip.sol', 'tune.sol']
2,['flop.sol', 'transferFrom.sol', 'frob.sol', 'heal.sol', 'drip.t.sol', 'heal.t.sol', 'drip.sol', 'bite.sol']
3,['flop.sol', 'transferFrom.sol', 'frob.sol', 'heal.sol', 'drip.t.sol', 'heal.t.sol', 'frob.t.sol', 'tune.sol']
4,['flop.sol', 'transferFrom.sol', 'frob.sol', 'heal.sol', 'drip.t.sol', 'heal.t.sol', 'frob.t.sol', 'bite.sol']
3,['flop.sol', 'transferFrom.sol', 'frob.sol', 'heal.sol', 'drip.t.sol', 'heal.t.sol', 'tune.sol', 'bite.sol']
3,['flop.sol', 'transferFrom.sol', 'frob.sol', 'heal.sol', 'drip.t.sol', 'flap.sol', 'drip.sol', 'frob.t.sol']
2,['flop.sol', 'transferFrom.sol', 'frob.sol', 'heal.sol', 'drip.t.sol', 'flap.sol', 'drip.sol', 'tune.sol']
2,['flop.sol', 'transferFrom.sol', 'frob.sol', 'heal.sol', 'drip.t.sol', 'flap.sol', 'drip.sol', 'bite.sol']
2,['flop.sol', 'transferFrom.sol', 'frob.sol', 'heal.sol', 'drip.t.sol', 'flap.sol', 'frob.t.sol', 'tune.sol']
3,['flop.sol', 'transferFrom.sol', 'frob.sol', 'heal.sol', 'drip.t.sol', 'flap.sol', 'frob.t.sol', 'bite.sol']
1,['flop.sol', 'transferFrom.sol', 'frob.sol', 'heal.sol', 'drip.t.sol', 'flap.sol', 'tune.sol', 'bite.sol']
2,['flop.sol', 'transferFrom.sol', 'frob.sol', 'heal.sol', 'drip.t.sol', 'drip.sol', 'frob.t.sol', 'tune.sol']
3,['flop.sol', 'transferFrom.sol', 'frob.sol', 'heal.sol', 'drip.t.sol', 'drip.sol', 'frob.t.sol', 'bite.sol']
2,['flop.sol', 'transferFrom.sol', 'frob.sol', 'heal.sol', 'drip.t.sol', 'drip.sol', 'tune.sol', 'bite.sol']
2,['flop.sol', 'transferFrom.sol', 'frob.sol', 'heal.sol', 'drip.t.sol', 'frob.t.sol', 'tune.sol', 'bite.sol']
3,['flop.sol', 'transferFrom.sol', 'frob.sol', 'heal.sol', 'heal.t.sol', 'flap.sol', 'drip.sol', 'frob.t.sol']
3,['flop.sol', 'transferFrom.sol', 'frob.sol', 'heal.sol', 'heal.t.sol', 'flap.sol', 'drip.sol', 'tune.sol']
2,['flop.sol', 'transferFrom.sol', 'frob.sol', 'heal.sol', 'heal.t.sol', 'flap.sol', 'drip.sol', 'bite.sol']
4,['flop.sol', 'transferFrom.sol', 'frob.sol', 'heal.sol', 'heal.t.sol', 'flap.sol', 'frob.t.sol', 'tune.sol']
4,['flop.sol', 'transferFrom.sol', 'frob.sol', 'heal.sol', 'heal.t.sol', 'flap.sol', 'frob.t.sol', 'bite.sol']
4,['flop.sol', 'transferFrom.sol', 'frob.sol', 'heal.sol', 'heal.t.sol', 'flap.sol', 'tune.sol', 'bite.sol']
3,['flop.sol', 'transferFrom.sol', 'frob.sol', 'heal.sol', 'heal.t.sol', 'drip.sol', 'frob.t.sol', 'tune.sol']
5,['flop.sol', 'transferFrom.sol', 'frob.sol', 'heal.sol', 'heal.t.sol', 'drip.sol', 'frob.t.sol', 'bite.sol']
3,['flop.sol', 'transferFrom.sol', 'frob.sol', 'heal.sol', 'heal.t.sol', 'drip.sol', 'tune.sol', 'bite.sol']
3,['flop.sol', 'transferFrom.sol', 'frob.sol', 'heal.sol', 'heal.t.sol', 'frob.t.sol', 'tune.sol', 'bite.sol']
2,['flop.sol', 'transferFrom.sol', 'frob.sol', 'heal.sol', 'flap.sol', 'drip.sol', 'frob.t.sol', 'tune.sol']
2,['flop.sol', 'transferFrom.sol', 'frob.sol', 'heal.sol', 'flap.sol', 'drip.sol', 'frob.t.sol', 'bite.sol']
2,['flop.sol', 'transferFrom.sol', 'frob.sol', 'heal.sol', 'flap.sol', 'drip.sol', 'tune.sol', 'bite.sol']
2,['flop.sol', 'transferFrom.sol', 'frob.sol', 'heal.sol', 'flap.sol', 'frob.t.sol', 'tune.sol', 'bite.sol']
2,['flop.sol', 'transferFrom.sol', 'frob.sol', 'heal.sol', 'drip.sol', 'frob.t.sol', 'tune.sol', 'bite.sol']
3,['flop.sol', 'transferFrom.sol', 'frob.sol', 'drip.t.sol', 'heal.t.sol', 'flap.sol', 'drip.sol', 'frob.t.sol']
3,['flop.sol', 'transferFrom.sol', 'frob.sol', 'drip.t.sol', 'heal.t.sol', 'flap.sol', 'drip.sol', 'tune.sol']
2,['flop.sol', 'transferFrom.sol', 'frob.sol', 'drip.t.sol', 'heal.t.sol', 'flap.sol', 'drip.sol', 'bite.sol']
3,['flop.sol', 'transferFrom.sol', 'frob.sol', 'drip.t.sol', 'heal.t.sol', 'flap.sol', 'frob.t.sol', 'tune.sol']
3,['flop.sol', 'transferFrom.sol', 'frob.sol', 'drip.t.sol', 'heal.t.sol', 'flap.sol', 'frob.t.sol', 'bite.sol']
3,['flop.sol', 'transferFrom.sol', 'frob.sol', 'drip.t.sol', 'heal.t.sol', 'flap.sol', 'tune.sol', 'bite.sol']
3,['flop.sol', 'transferFrom.sol', 'frob.sol', 'drip.t.sol', 'heal.t.sol', 'drip.sol', 'frob.t.sol', 'tune.sol']
4,['flop.sol', 'transferFrom.sol', 'frob.sol', 'drip.t.sol', 'heal.t.sol', 'drip.sol', 'frob.t.sol', 'bite.sol']
3,['flop.sol', 'transferFrom.sol', 'frob.sol', 'drip.t.sol', 'heal.t.sol', 'drip.sol', 'tune.sol', 'bite.sol']
2,['flop.sol', 'transferFrom.sol', 'frob.sol', 'drip.t.sol', 'heal.t.sol', 'frob.t.sol', 'tune.sol', 'bite.sol']
2,['flop.sol', 'transferFrom.sol', 'frob.sol', 'drip.t.sol', 'flap.sol', 'drip.sol', 'frob.t.sol', 'tune.sol']
3,['flop.sol', 'transferFrom.sol', 'frob.sol', 'drip.t.sol', 'flap.sol', 'drip.sol', 'frob.t.sol', 'bite.sol']
2,['flop.sol', 'transferFrom.sol', 'frob.sol', 'drip.t.sol', 'flap.sol', 'drip.sol', 'tune.sol', 'bite.sol']
2,['flop.sol', 'transferFrom.sol', 'frob.sol', 'drip.t.sol', 'flap.sol', 'frob.t.sol', 'tune.sol', 'bite.sol']
2,['flop.sol', 'transferFrom.sol', 'frob.sol', 'drip.t.sol', 'drip.sol', 'frob.t.sol', 'tune.sol', 'bite.sol']
2,['flop.sol', 'transferFrom.sol', 'frob.sol', 'heal.t.sol', 'flap.sol', 'drip.sol', 'frob.t.sol', 'tune.sol']
3,['flop.sol', 'transferFrom.sol', 'frob.sol', 'heal.t.sol', 'flap.sol', 'drip.sol', 'frob.t.sol', 'bite.sol']
3,['flop.sol', 'transferFrom.sol', 'frob.sol', 'heal.t.sol', 'flap.sol', 'drip.sol', 'tune.sol', 'bite.sol']
3,['flop.sol', 'transferFrom.sol', 'frob.sol', 'heal.t.sol', 'flap.sol', 'frob.t.sol', 'tune.sol', 'bite.sol']
2,['flop.sol', 'transferFrom.sol', 'frob.sol', 'heal.t.sol', 'drip.sol', 'frob.t.sol', 'tune.sol', 'bite.sol']
2,['flop.sol', 'transferFrom.sol', 'frob.sol', 'flap.sol', 'drip.sol', 'frob.t.sol', 'tune.sol', 'bite.sol']
3,['flop.sol', 'transferFrom.sol', 'flip.t.sol', 'flop.t.sol', 'flap.t.sol', 'heal.sol', 'drip.t.sol', 'heal.t.sol']
3,['flop.sol', 'transferFrom.sol', 'flip.t.sol', 'flop.t.sol', 'flap.t.sol', 'heal.sol', 'drip.t.sol', 'flap.sol']
3,['flop.sol', 'transferFrom.sol', 'flip.t.sol', 'flop.t.sol', 'flap.t.sol', 'heal.sol', 'drip.t.sol', 'drip.sol']
2,['flop.sol', 'transferFrom.sol', 'flip.t.sol', 'flop.t.sol', 'flap.t.sol', 'heal.sol', 'drip.t.sol', 'frob.t.sol']
1,['flop.sol', 'transferFrom.sol', 'flip.t.sol', 'flop.t.sol', 'flap.t.sol', 'heal.sol', 'drip.t.sol', 'tune.sol']
3,['flop.sol', 'transferFrom.sol', 'flip.t.sol', 'flop.t.sol', 'flap.t.sol', 'heal.sol', 'drip.t.sol', 'bite.sol']
4,['flop.sol', 'transferFrom.sol', 'flip.t.sol', 'flop.t.sol', 'flap.t.sol', 'heal.sol', 'heal.t.sol', 'flap.sol']
3,['flop.sol', 'transferFrom.sol', 'flip.t.sol', 'flop.t.sol', 'flap.t.sol', 'heal.sol', 'heal.t.sol', 'drip.sol']
3,['flop.sol', 'transferFrom.sol', 'flip.t.sol', 'flop.t.sol', 'flap.t.sol', 'heal.sol', 'heal.t.sol', 'frob.t.sol']
3,['flop.sol', 'transferFrom.sol', 'flip.t.sol', 'flop.t.sol', 'flap.t.sol', 'heal.sol', 'heal.t.sol', 'tune.sol']
2,['flop.sol', 'transferFrom.sol', 'flip.t.sol', 'flop.t.sol', 'flap.t.sol', 'heal.sol', 'heal.t.sol', 'bite.sol']
3,['flop.sol', 'transferFrom.sol', 'flip.t.sol', 'flop.t.sol', 'flap.t.sol', 'heal.sol', 'flap.sol', 'drip.sol']
3,['flop.sol', 'transferFrom.sol', 'flip.t.sol', 'flop.t.sol', 'flap.t.sol', 'heal.sol', 'flap.sol', 'frob.t.sol']
3,['flop.sol', 'transferFrom.sol', 'flip.t.sol', 'flop.t.sol', 'flap.t.sol', 'heal.sol', 'flap.sol', 'tune.sol']
3,['flop.sol', 'transferFrom.sol', 'flip.t.sol', 'flop.t.sol', 'flap.t.sol', 'heal.sol', 'flap.sol', 'bite.sol']
2,['flop.sol', 'transferFrom.sol', 'flip.t.sol', 'flop.t.sol', 'flap.t.sol', 'heal.sol', 'drip.sol', 'frob.t.sol']
2,['flop.sol', 'transferFrom.sol', 'flip.t.sol', 'flop.t.sol', 'flap.t.sol', 'heal.sol', 'drip.sol', 'tune.sol']
3,['flop.sol', 'transferFrom.sol', 'flip.t.sol', 'flop.t.sol', 'flap.t.sol', 'heal.sol', 'drip.sol', 'bite.sol']
3,['flop.sol', 'transferFrom.sol', 'flip.t.sol', 'flop.t.sol', 'flap.t.sol', 'heal.sol', 'frob.t.sol', 'tune.sol']
3,['flop.sol', 'transferFrom.sol', 'flip.t.sol', 'flop.t.sol', 'flap.t.sol', 'heal.sol', 'frob.t.sol', 'bite.sol']
3,['flop.sol', 'transferFrom.sol', 'flip.t.sol', 'flop.t.sol', 'flap.t.sol', 'heal.sol', 'tune.sol', 'bite.sol']
3,['flop.sol', 'transferFrom.sol', 'flip.t.sol', 'flop.t.sol', 'flap.t.sol', 'drip.t.sol', 'heal.t.sol', 'flap.sol']
3,['flop.sol', 'transferFrom.sol', 'flip.t.sol', 'flop.t.sol', 'flap.t.sol', 'drip.t.sol', 'heal.t.sol', 'drip.sol']
2,['flop.sol', 'transferFrom.sol', 'flip.t.sol', 'flop.t.sol', 'flap.t.sol', 'drip.t.sol', 'heal.t.sol', 'frob.t.sol']
3,['flop.sol', 'transferFrom.sol', 'flip.t.sol', 'flop.t.sol', 'flap.t.sol', 'drip.t.sol', 'heal.t.sol', 'tune.sol']
3,['flop.sol', 'transferFrom.sol', 'flip.t.sol', 'flop.t.sol', 'flap.t.sol', 'drip.t.sol', 'heal.t.sol', 'bite.sol']
4,['flop.sol', 'transferFrom.sol', 'flip.t.sol', 'flop.t.sol', 'flap.t.sol', 'drip.t.sol', 'flap.sol', 'drip.sol']
2,['flop.sol', 'transferFrom.sol', 'flip.t.sol', 'flop.t.sol', 'flap.t.sol', 'drip.t.sol', 'flap.sol', 'frob.t.sol']
4,['flop.sol', 'transferFrom.sol', 'flip.t.sol', 'flop.t.sol', 'flap.t.sol', 'drip.t.sol', 'flap.sol', 'tune.sol']
3,['flop.sol', 'transferFrom.sol', 'flip.t.sol', 'flop.t.sol', 'flap.t.sol', 'drip.t.sol', 'flap.sol', 'bite.sol']
2,['flop.sol', 'transferFrom.sol', 'flip.t.sol', 'flop.t.sol', 'flap.t.sol', 'drip.t.sol', 'drip.sol', 'frob.t.sol']
2,['flop.sol', 'transferFrom.sol', 'flip.t.sol', 'flop.t.sol', 'flap.t.sol', 'drip.t.sol', 'drip.sol', 'tune.sol']
3,['flop.sol', 'transferFrom.sol', 'flip.t.sol', 'flop.t.sol', 'flap.t.sol', 'drip.t.sol', 'drip.sol', 'bite.sol']
2,['flop.sol', 'transferFrom.sol', 'flip.t.sol', 'flop.t.sol', 'flap.t.sol', 'drip.t.sol', 'frob.t.sol', 'tune.sol']
2,['flop.sol', 'transferFrom.sol', 'flip.t.sol', 'flop.t.sol', 'flap.t.sol', 'drip.t.sol', 'frob.t.sol', 'bite.sol']
2,['flop.sol', 'transferFrom.sol', 'flip.t.sol', 'flop.t.sol', 'flap.t.sol', 'drip.t.sol', 'tune.sol', 'bite.sol']
3,['flop.sol', 'transferFrom.sol', 'flip.t.sol', 'flop.t.sol', 'flap.t.sol', 'heal.t.sol', 'flap.sol', 'drip.sol']
3,['flop.sol', 'transferFrom.sol', 'flip.t.sol', 'flop.t.sol', 'flap.t.sol', 'heal.t.sol', 'flap.sol', 'frob.t.sol']
3,['flop.sol', 'transferFrom.sol', 'flip.t.sol', 'flop.t.sol', 'flap.t.sol', 'heal.t.sol', 'flap.sol', 'tune.sol']
4,['flop.sol', 'transferFrom.sol', 'flip.t.sol', 'flop.t.sol', 'flap.t.sol', 'heal.t.sol', 'flap.sol', 'bite.sol']
2,['flop.sol', 'transferFrom.sol', 'flip.t.sol', 'flop.t.sol', 'flap.t.sol', 'heal.t.sol', 'drip.sol', 'frob.t.sol']
2,['flop.sol', 'transferFrom.sol', 'flip.t.sol', 'flop.t.sol', 'flap.t.sol', 'heal.t.sol', 'drip.sol', 'tune.sol']
3,['flop.sol', 'transferFrom.sol', 'flip.t.sol', 'flop.t.sol', 'flap.t.sol', 'heal.t.sol', 'drip.sol', 'bite.sol']
3,['flop.sol', 'transferFrom.sol', 'flip.t.sol', 'flop.t.sol', 'flap.t.sol', 'heal.t.sol', 'frob.t.sol', 'tune.sol']
3,['flop.sol', 'transferFrom.sol', 'flip.t.sol', 'flop.t.sol', 'flap.t.sol', 'heal.t.sol', 'frob.t.sol', 'bite.sol']
2,['flop.sol', 'transferFrom.sol', 'flip.t.sol', 'flop.t.sol', 'flap.t.sol', 'heal.t.sol', 'tune.sol', 'bite.sol']
2,['flop.sol', 'transferFrom.sol', 'flip.t.sol', 'flop.t.sol', 'flap.t.sol', 'flap.sol', 'drip.sol', 'frob.t.sol']
4,['flop.sol', 'transferFrom.sol', 'flip.t.sol', 'flop.t.sol', 'flap.t.sol', 'flap.sol', 'drip.sol', 'tune.sol']
3,['flop.sol', 'transferFrom.sol', 'flip.t.sol', 'flop.t.sol', 'flap.t.sol', 'flap.sol', 'drip.sol', 'bite.sol']
3,['flop.sol', 'transferFrom.sol', 'flip.t.sol', 'flop.t.sol', 'flap.t.sol', 'flap.sol', 'frob.t.sol', 'tune.sol']
3,['flop.sol', 'transferFrom.sol', 'flip.t.sol', 'flop.t.sol', 'flap.t.sol', 'flap.sol', 'frob.t.sol', 'bite.sol']
4,['flop.sol', 'transferFrom.sol', 'flip.t.sol', 'flop.t.sol', 'flap.t.sol', 'flap.sol', 'tune.sol', 'bite.sol']
2,['flop.sol', 'transferFrom.sol', 'flip.t.sol', 'flop.t.sol', 'flap.t.sol', 'drip.sol', 'frob.t.sol', 'tune.sol']
2,['flop.sol', 'transferFrom.sol', 'flip.t.sol', 'flop.t.sol', 'flap.t.sol', 'drip.sol', 'frob.t.sol', 'bite.sol']
3,['flop.sol', 'transferFrom.sol', 'flip.t.sol', 'flop.t.sol', 'flap.t.sol', 'drip.sol', 'tune.sol', 'bite.sol']
3,['flop.sol', 'transferFrom.sol', 'flip.t.sol', 'flop.t.sol', 'flap.t.sol', 'frob.t.sol', 'tune.sol', 'bite.sol']
3,['flop.sol', 'transferFrom.sol', 'flip.t.sol', 'flop.t.sol', 'heal.sol', 'drip.t.sol', 'heal.t.sol', 'flap.sol']
3,['flop.sol', 'transferFrom.sol', 'flip.t.sol', 'flop.t.sol', 'heal.sol', 'drip.t.sol', 'heal.t.sol', 'drip.sol']
2,['flop.sol', 'transferFrom.sol', 'flip.t.sol', 'flop.t.sol', 'heal.sol', 'drip.t.sol', 'heal.t.sol', 'frob.t.sol']
2,['flop.sol', 'transferFrom.sol', 'flip.t.sol', 'flop.t.sol', 'heal.sol', 'drip.t.sol', 'heal.t.sol', 'tune.sol']
3,['flop.sol', 'transferFrom.sol', 'flip.t.sol', 'flop.t.sol', 'heal.sol', 'drip.t.sol', 'heal.t.sol', 'bite.sol']
4,['flop.sol', 'transferFrom.sol', 'flip.t.sol', 'flop.t.sol', 'heal.sol', 'drip.t.sol', 'flap.sol', 'drip.sol']
2,['flop.sol', 'transferFrom.sol', 'flip.t.sol', 'flop.t.sol', 'heal.sol', 'drip.t.sol', 'flap.sol', 'frob.t.sol']
2,['flop.sol', 'transferFrom.sol', 'flip.t.sol', 'flop.t.sol', 'heal.sol', 'drip.t.sol', 'flap.sol', 'tune.sol']
3,['flop.sol', 'transferFrom.sol', 'flip.t.sol', 'flop.t.sol', 'heal.sol', 'drip.t.sol', 'flap.sol', 'bite.sol']
3,['flop.sol', 'transferFrom.sol', 'flip.t.sol', 'flop.t.sol', 'heal.sol', 'drip.t.sol', 'drip.sol', 'frob.t.sol']
2,['flop.sol', 'transferFrom.sol', 'flip.t.sol', 'flop.t.sol', 'heal.sol', 'drip.t.sol', 'drip.sol', 'tune.sol']
2,['flop.sol', 'transferFrom.sol', 'flip.t.sol', 'flop.t.sol', 'heal.sol', 'drip.t.sol', 'drip.sol', 'bite.sol']
2,['flop.sol', 'transferFrom.sol', 'flip.t.sol', 'flop.t.sol', 'heal.sol', 'drip.t.sol', 'frob.t.sol', 'tune.sol']
2,['flop.sol', 'transferFrom.sol', 'flip.t.sol', 'flop.t.sol', 'heal.sol', 'drip.t.sol', 'frob.t.sol', 'bite.sol']
2,['flop.sol', 'transferFrom.sol', 'flip.t.sol', 'flop.t.sol', 'heal.sol', 'drip.t.sol', 'tune.sol', 'bite.sol']
3,['flop.sol', 'transferFrom.sol', 'flip.t.sol', 'flop.t.sol', 'heal.sol', 'heal.t.sol', 'flap.sol', 'drip.sol']
3,['flop.sol', 'transferFrom.sol', 'flip.t.sol', 'flop.t.sol', 'heal.sol', 'heal.t.sol', 'flap.sol', 'frob.t.sol']
3,['flop.sol', 'transferFrom.sol', 'flip.t.sol', 'flop.t.sol', 'heal.sol', 'heal.t.sol', 'flap.sol', 'tune.sol']
4,['flop.sol', 'transferFrom.sol', 'flip.t.sol', 'flop.t.sol', 'heal.sol', 'heal.t.sol', 'flap.sol', 'bite.sol']
2,['flop.sol', 'transferFrom.sol', 'flip.t.sol', 'flop.t.sol', 'heal.sol', 'heal.t.sol', 'drip.sol', 'frob.t.sol']
2,['flop.sol', 'transferFrom.sol', 'flip.t.sol', 'flop.t.sol', 'heal.sol', 'heal.t.sol', 'drip.sol', 'tune.sol']
3,['flop.sol', 'transferFrom.sol', 'flip.t.sol', 'flop.t.sol', 'heal.sol', 'heal.t.sol', 'drip.sol', 'bite.sol']
3,['flop.sol', 'transferFrom.sol', 'flip.t.sol', 'flop.t.sol', 'heal.sol', 'heal.t.sol', 'frob.t.sol', 'tune.sol']
3,['flop.sol', 'transferFrom.sol', 'flip.t.sol', 'flop.t.sol', 'heal.sol', 'heal.t.sol', 'frob.t.sol', 'bite.sol']
3,['flop.sol', 'transferFrom.sol', 'flip.t.sol', 'flop.t.sol', 'heal.sol', 'heal.t.sol', 'tune.sol', 'bite.sol']
2,['flop.sol', 'transferFrom.sol', 'flip.t.sol', 'flop.t.sol', 'heal.sol', 'flap.sol', 'drip.sol', 'frob.t.sol']
2,['flop.sol', 'transferFrom.sol', 'flip.t.sol', 'flop.t.sol', 'heal.sol', 'flap.sol', 'drip.sol', 'tune.sol']
3,['flop.sol', 'transferFrom.sol', 'flip.t.sol', 'flop.t.sol', 'heal.sol', 'flap.sol', 'drip.sol', 'bite.sol']
3,['flop.sol', 'transferFrom.sol', 'flip.t.sol', 'flop.t.sol', 'heal.sol', 'flap.sol', 'frob.t.sol', 'tune.sol']
3,['flop.sol', 'transferFrom.sol', 'flip.t.sol', 'flop.t.sol', 'heal.sol', 'flap.sol', 'frob.t.sol', 'bite.sol']
1,['flop.sol', 'transferFrom.sol', 'flip.t.sol', 'flop.t.sol', 'heal.sol', 'flap.sol', 'tune.sol', 'bite.sol']
2,['flop.sol', 'transferFrom.sol', 'flip.t.sol', 'flop.t.sol', 'heal.sol', 'drip.sol', 'frob.t.sol', 'tune.sol']
2,['flop.sol', 'transferFrom.sol', 'flip.t.sol', 'flop.t.sol', 'heal.sol', 'drip.sol', 'frob.t.sol', 'bite.sol']
2,['flop.sol', 'transferFrom.sol', 'flip.t.sol', 'flop.t.sol', 'heal.sol', 'drip.sol', 'tune.sol', 'bite.sol']
3,['flop.sol', 'transferFrom.sol', 'flip.t.sol', 'flop.t.sol', 'heal.sol', 'frob.t.sol', 'tune.sol', 'bite.sol']
3,['flop.sol', 'transferFrom.sol', 'flip.t.sol', 'flop.t.sol', 'drip.t.sol', 'heal.t.sol', 'flap.sol', 'drip.sol']
2,['flop.sol', 'transferFrom.sol', 'flip.t.sol', 'flop.t.sol', 'drip.t.sol', 'heal.t.sol', 'flap.sol', 'frob.t.sol']
2,['flop.sol', 'transferFrom.sol', 'flip.t.sol', 'flop.t.sol', 'drip.t.sol', 'heal.t.sol', 'flap.sol', 'tune.sol']
3,['flop.sol', 'transferFrom.sol', 'flip.t.sol', 'flop.t.sol', 'drip.t.sol', 'heal.t.sol', 'flap.sol', 'bite.sol']
2,['flop.sol', 'transferFrom.sol', 'flip.t.sol', 'flop.t.sol', 'drip.t.sol', 'heal.t.sol', 'drip.sol', 'frob.t.sol']
2,['flop.sol', 'transferFrom.sol', 'flip.t.sol', 'flop.t.sol', 'drip.t.sol', 'heal.t.sol', 'drip.sol', 'tune.sol']
3,['flop.sol', 'transferFrom.sol', 'flip.t.sol', 'flop.t.sol', 'drip.t.sol', 'heal.t.sol', 'drip.sol', 'bite.sol']
2,['flop.sol', 'transferFrom.sol', 'flip.t.sol', 'flop.t.sol', 'drip.t.sol', 'heal.t.sol', 'frob.t.sol', 'tune.sol']
2,['flop.sol', 'transferFrom.sol', 'flip.t.sol', 'flop.t.sol', 'drip.t.sol', 'heal.t.sol', 'frob.t.sol', 'bite.sol']
2,['flop.sol', 'transferFrom.sol', 'flip.t.sol', 'flop.t.sol', 'drip.t.sol', 'heal.t.sol', 'tune.sol', 'bite.sol']
2,['flop.sol', 'transferFrom.sol', 'flip.t.sol', 'flop.t.sol', 'drip.t.sol', 'flap.sol', 'drip.sol', 'frob.t.sol']
2,['flop.sol', 'transferFrom.sol', 'flip.t.sol', 'flop.t.sol', 'drip.t.sol', 'flap.sol', 'drip.sol', 'tune.sol']
3,['flop.sol', 'transferFrom.sol', 'flip.t.sol', 'flop.t.sol', 'drip.t.sol', 'flap.sol', 'drip.sol', 'bite.sol']
2,['flop.sol', 'transferFrom.sol', 'flip.t.sol', 'flop.t.sol', 'drip.t.sol', 'flap.sol', 'frob.t.sol', 'tune.sol']
2,['flop.sol', 'transferFrom.sol', 'flip.t.sol', 'flop.t.sol', 'drip.t.sol', 'flap.sol', 'frob.t.sol', 'bite.sol']
2,['flop.sol', 'transferFrom.sol', 'flip.t.sol', 'flop.t.sol', 'drip.t.sol', 'flap.sol', 'tune.sol', 'bite.sol']
2,['flop.sol', 'transferFrom.sol', 'flip.t.sol', 'flop.t.sol', 'drip.t.sol', 'drip.sol', 'frob.t.sol', 'tune.sol']
2,['flop.sol', 'transferFrom.sol', 'flip.t.sol', 'flop.t.sol', 'drip.t.sol', 'drip.sol', 'frob.t.sol', 'bite.sol']
2,['flop.sol', 'transferFrom.sol', 'flip.t.sol', 'flop.t.sol', 'drip.t.sol', 'drip.sol', 'tune.sol', 'bite.sol']
2,['flop.sol', 'transferFrom.sol', 'flip.t.sol', 'flop.t.sol', 'drip.t.sol', 'frob.t.sol', 'tune.sol', 'bite.sol']
2,['flop.sol', 'transferFrom.sol', 'flip.t.sol', 'flop.t.sol', 'heal.t.sol', 'flap.sol', 'drip.sol', 'frob.t.sol']
2,['flop.sol', 'transferFrom.sol', 'flip.t.sol', 'flop.t.sol', 'heal.t.sol', 'flap.sol', 'drip.sol', 'tune.sol']
3,['flop.sol', 'transferFrom.sol', 'flip.t.sol', 'flop.t.sol', 'heal.t.sol', 'flap.sol', 'drip.sol', 'bite.sol']
3,['flop.sol', 'transferFrom.sol', 'flip.t.sol', 'flop.t.sol', 'heal.t.sol', 'flap.sol', 'frob.t.sol', 'tune.sol']
3,['flop.sol', 'transferFrom.sol', 'flip.t.sol', 'flop.t.sol', 'heal.t.sol', 'flap.sol', 'frob.t.sol', 'bite.sol']
3,['flop.sol', 'transferFrom.sol', 'flip.t.sol', 'flop.t.sol', 'heal.t.sol', 'flap.sol', 'tune.sol', 'bite.sol']
2,['flop.sol', 'transferFrom.sol', 'flip.t.sol', 'flop.t.sol', 'heal.t.sol', 'drip.sol', 'frob.t.sol', 'tune.sol']
2,['flop.sol', 'transferFrom.sol', 'flip.t.sol', 'flop.t.sol', 'heal.t.sol', 'drip.sol', 'frob.t.sol', 'bite.sol']
2,['flop.sol', 'transferFrom.sol', 'flip.t.sol', 'flop.t.sol', 'heal.t.sol', 'drip.sol', 'tune.sol', 'bite.sol']
3,['flop.sol', 'transferFrom.sol', 'flip.t.sol', 'flop.t.sol', 'heal.t.sol', 'frob.t.sol', 'tune.sol', 'bite.sol']
2,['flop.sol', 'transferFrom.sol', 'flip.t.sol', 'flop.t.sol', 'flap.sol', 'drip.sol', 'frob.t.sol', 'tune.sol']
2,['flop.sol', 'transferFrom.sol', 'flip.t.sol', 'flop.t.sol', 'flap.sol', 'drip.sol', 'frob.t.sol', 'bite.sol']
2,['flop.sol', 'transferFrom.sol', 'flip.t.sol', 'flop.t.sol', 'flap.sol', 'drip.sol', 'tune.sol', 'bite.sol']
3,['flop.sol', 'transferFrom.sol', 'flip.t.sol', 'flop.t.sol', 'flap.sol', 'frob.t.sol', 'tune.sol', 'bite.sol']
2,['flop.sol', 'transferFrom.sol', 'flip.t.sol', 'flop.t.sol', 'drip.sol', 'frob.t.sol', 'tune.sol', 'bite.sol']
3,['flop.sol', 'transferFrom.sol', 'flip.t.sol', 'flap.t.sol', 'heal.sol', 'drip.t.sol', 'heal.t.sol', 'flap.sol']
3,['flop.sol', 'transferFrom.sol', 'flip.t.sol', 'flap.t.sol', 'heal.sol', 'drip.t.sol', 'heal.t.sol', 'drip.sol']
2,['flop.sol', 'transferFrom.sol', 'flip.t.sol', 'flap.t.sol', 'heal.sol', 'drip.t.sol', 'heal.t.sol', 'frob.t.sol']
2,['flop.sol', 'transferFrom.sol', 'flip.t.sol', 'flap.t.sol', 'heal.sol', 'drip.t.sol', 'heal.t.sol', 'tune.sol']
3,['flop.sol', 'transferFrom.sol', 'flip.t.sol', 'flap.t.sol', 'heal.sol', 'drip.t.sol', 'heal.t.sol', 'bite.sol']
3,['flop.sol', 'transferFrom.sol', 'flip.t.sol', 'flap.t.sol', 'heal.sol', 'drip.t.sol', 'flap.sol', 'drip.sol']
2,['flop.sol', 'transferFrom.sol', 'flip.t.sol', 'flap.t.sol', 'heal.sol', 'drip.t.sol', 'flap.sol', 'frob.t.sol']
1,['flop.sol', 'transferFrom.sol', 'flip.t.sol', 'flap.t.sol', 'heal.sol', 'drip.t.sol', 'flap.sol', 'tune.sol']
3,['flop.sol', 'transferFrom.sol', 'flip.t.sol', 'flap.t.sol', 'heal.sol', 'drip.t.sol', 'flap.sol', 'bite.sol']
3,['flop.sol', 'transferFrom.sol', 'flip.t.sol', 'flap.t.sol', 'heal.sol', 'drip.t.sol', 'drip.sol', 'frob.t.sol']
2,['flop.sol', 'transferFrom.sol', 'flip.t.sol', 'flap.t.sol', 'heal.sol', 'drip.t.sol', 'drip.sol', 'tune.sol']
2,['flop.sol', 'transferFrom.sol', 'flip.t.sol', 'flap.t.sol', 'heal.sol', 'drip.t.sol', 'drip.sol', 'bite.sol']
2,['flop.sol', 'transferFrom.sol', 'flip.t.sol', 'flap.t.sol', 'heal.sol', 'drip.t.sol', 'frob.t.sol', 'tune.sol']
2,['flop.sol', 'transferFrom.sol', 'flip.t.sol', 'flap.t.sol', 'heal.sol', 'drip.t.sol', 'frob.t.sol', 'bite.sol']
2,['flop.sol', 'transferFrom.sol', 'flip.t.sol', 'flap.t.sol', 'heal.sol', 'drip.t.sol', 'tune.sol', 'bite.sol']
3,['flop.sol', 'transferFrom.sol', 'flip.t.sol', 'flap.t.sol', 'heal.sol', 'heal.t.sol', 'flap.sol', 'drip.sol']
3,['flop.sol', 'transferFrom.sol', 'flip.t.sol', 'flap.t.sol', 'heal.sol', 'heal.t.sol', 'flap.sol', 'frob.t.sol']
3,['flop.sol', 'transferFrom.sol', 'flip.t.sol', 'flap.t.sol', 'heal.sol', 'heal.t.sol', 'flap.sol', 'tune.sol']
4,['flop.sol', 'transferFrom.sol', 'flip.t.sol', 'flap.t.sol', 'heal.sol', 'heal.t.sol', 'flap.sol', 'bite.sol']
2,['flop.sol', 'transferFrom.sol', 'flip.t.sol', 'flap.t.sol', 'heal.sol', 'heal.t.sol', 'drip.sol', 'frob.t.sol']
2,['flop.sol', 'transferFrom.sol', 'flip.t.sol', 'flap.t.sol', 'heal.sol', 'heal.t.sol', 'drip.sol', 'tune.sol']
3,['flop.sol', 'transferFrom.sol', 'flip.t.sol', 'flap.t.sol', 'heal.sol', 'heal.t.sol', 'drip.sol', 'bite.sol']
3,['flop.sol', 'transferFrom.sol', 'flip.t.sol', 'flap.t.sol', 'heal.sol', 'heal.t.sol', 'frob.t.sol', 'tune.sol']
3,['flop.sol', 'transferFrom.sol', 'flip.t.sol', 'flap.t.sol', 'heal.sol', 'heal.t.sol', 'frob.t.sol', 'bite.sol']
3,['flop.sol', 'transferFrom.sol', 'flip.t.sol', 'flap.t.sol', 'heal.sol', 'heal.t.sol', 'tune.sol', 'bite.sol']
2,['flop.sol', 'transferFrom.sol', 'flip.t.sol', 'flap.t.sol', 'heal.sol', 'flap.sol', 'drip.sol', 'frob.t.sol']
2,['flop.sol', 'transferFrom.sol', 'flip.t.sol', 'flap.t.sol', 'heal.sol', 'flap.sol', 'drip.sol', 'tune.sol']
3,['flop.sol', 'transferFrom.sol', 'flip.t.sol', 'flap.t.sol', 'heal.sol', 'flap.sol', 'drip.sol', 'bite.sol']
3,['flop.sol', 'transferFrom.sol', 'flip.t.sol', 'flap.t.sol', 'heal.sol', 'flap.sol', 'frob.t.sol', 'tune.sol']
3,['flop.sol', 'transferFrom.sol', 'flip.t.sol', 'flap.t.sol', 'heal.sol', 'flap.sol', 'frob.t.sol', 'bite.sol']
1,['flop.sol', 'transferFrom.sol', 'flip.t.sol', 'flap.t.sol', 'heal.sol', 'flap.sol', 'tune.sol', 'bite.sol']
2,['flop.sol', 'transferFrom.sol', 'flip.t.sol', 'flap.t.sol', 'heal.sol', 'drip.sol', 'frob.t.sol', 'tune.sol']
2,['flop.sol', 'transferFrom.sol', 'flip.t.sol', 'flap.t.sol', 'heal.sol', 'drip.sol', 'frob.t.sol', 'bite.sol']
2,['flop.sol', 'transferFrom.sol', 'flip.t.sol', 'flap.t.sol', 'heal.sol', 'drip.sol', 'tune.sol', 'bite.sol']
3,['flop.sol', 'transferFrom.sol', 'flip.t.sol', 'flap.t.sol', 'heal.sol', 'frob.t.sol', 'tune.sol', 'bite.sol']
3,['flop.sol', 'transferFrom.sol', 'flip.t.sol', 'flap.t.sol', 'drip.t.sol', 'heal.t.sol', 'flap.sol', 'drip.sol']
2,['flop.sol', 'transferFrom.sol', 'flip.t.sol', 'flap.t.sol', 'drip.t.sol', 'heal.t.sol', 'flap.sol', 'frob.t.sol']
2,['flop.sol', 'transferFrom.sol', 'flip.t.sol', 'flap.t.sol', 'drip.t.sol', 'heal.t.sol', 'flap.sol', 'tune.sol']
3,['flop.sol', 'transferFrom.sol', 'flip.t.sol', 'flap.t.sol', 'drip.t.sol', 'heal.t.sol', 'flap.sol', 'bite.sol']
2,['flop.sol', 'transferFrom.sol', 'flip.t.sol', 'flap.t.sol', 'drip.t.sol', 'heal.t.sol', 'drip.sol', 'frob.t.sol']
2,['flop.sol', 'transferFrom.sol', 'flip.t.sol', 'flap.t.sol', 'drip.t.sol', 'heal.t.sol', 'drip.sol', 'tune.sol']
3,['flop.sol', 'transferFrom.sol', 'flip.t.sol', 'flap.t.sol', 'drip.t.sol', 'heal.t.sol', 'drip.sol', 'bite.sol']
2,['flop.sol', 'transferFrom.sol', 'flip.t.sol', 'flap.t.sol', 'drip.t.sol', 'heal.t.sol', 'frob.t.sol', 'tune.sol']
2,['flop.sol', 'transferFrom.sol', 'flip.t.sol', 'flap.t.sol', 'drip.t.sol', 'heal.t.sol', 'frob.t.sol', 'bite.sol']
2,['flop.sol', 'transferFrom.sol', 'flip.t.sol', 'flap.t.sol', 'drip.t.sol', 'heal.t.sol', 'tune.sol', 'bite.sol']
2,['flop.sol', 'transferFrom.sol', 'flip.t.sol', 'flap.t.sol', 'drip.t.sol', 'flap.sol', 'drip.sol', 'frob.t.sol']
2,['flop.sol', 'transferFrom.sol', 'flip.t.sol', 'flap.t.sol', 'drip.t.sol', 'flap.sol', 'drip.sol', 'tune.sol']
2,['flop.sol', 'transferFrom.sol', 'flip.t.sol', 'flap.t.sol', 'drip.t.sol', 'flap.sol', 'drip.sol', 'bite.sol']
2,['flop.sol', 'transferFrom.sol', 'flip.t.sol', 'flap.t.sol', 'drip.t.sol', 'flap.sol', 'frob.t.sol', 'tune.sol']
2,['flop.sol', 'transferFrom.sol', 'flip.t.sol', 'flap.t.sol', 'drip.t.sol', 'flap.sol', 'frob.t.sol', 'bite.sol']
2,['flop.sol', 'transferFrom.sol', 'flip.t.sol', 'flap.t.sol', 'drip.t.sol', 'flap.sol', 'tune.sol', 'bite.sol']
2,['flop.sol', 'transferFrom.sol', 'flip.t.sol', 'flap.t.sol', 'drip.t.sol', 'drip.sol', 'frob.t.sol', 'tune.sol']
2,['flop.sol', 'transferFrom.sol', 'flip.t.sol', 'flap.t.sol', 'drip.t.sol', 'drip.sol', 'frob.t.sol', 'bite.sol']
2,['flop.sol', 'transferFrom.sol', 'flip.t.sol', 'flap.t.sol', 'drip.t.sol', 'drip.sol', 'tune.sol', 'bite.sol']
2,['flop.sol', 'transferFrom.sol', 'flip.t.sol', 'flap.t.sol', 'drip.t.sol', 'frob.t.sol', 'tune.sol', 'bite.sol']
2,['flop.sol', 'transferFrom.sol', 'flip.t.sol', 'flap.t.sol', 'heal.t.sol', 'flap.sol', 'drip.sol', 'frob.t.sol']
2,['flop.sol', 'transferFrom.sol', 'flip.t.sol', 'flap.t.sol', 'heal.t.sol', 'flap.sol', 'drip.sol', 'tune.sol']
3,['flop.sol', 'transferFrom.sol', 'flip.t.sol', 'flap.t.sol', 'heal.t.sol', 'flap.sol', 'drip.sol', 'bite.sol']
3,['flop.sol', 'transferFrom.sol', 'flip.t.sol', 'flap.t.sol', 'heal.t.sol', 'flap.sol', 'frob.t.sol', 'tune.sol']
3,['flop.sol', 'transferFrom.sol', 'flip.t.sol', 'flap.t.sol', 'heal.t.sol', 'flap.sol', 'frob.t.sol', 'bite.sol']
3,['flop.sol', 'transferFrom.sol', 'flip.t.sol', 'flap.t.sol', 'heal.t.sol', 'flap.sol', 'tune.sol', 'bite.sol']
2,['flop.sol', 'transferFrom.sol', 'flip.t.sol', 'flap.t.sol', 'heal.t.sol', 'drip.sol', 'frob.t.sol', 'tune.sol']
2,['flop.sol', 'transferFrom.sol', 'flip.t.sol', 'flap.t.sol', 'heal.t.sol', 'drip.sol', 'frob.t.sol', 'bite.sol']
2,['flop.sol', 'transferFrom.sol', 'flip.t.sol', 'flap.t.sol', 'heal.t.sol', 'drip.sol', 'tune.sol', 'bite.sol']
3,['flop.sol', 'transferFrom.sol', 'flip.t.sol', 'flap.t.sol', 'heal.t.sol', 'frob.t.sol', 'tune.sol', 'bite.sol']
2,['flop.sol', 'transferFrom.sol', 'flip.t.sol', 'flap.t.sol', 'flap.sol', 'drip.sol', 'frob.t.sol', 'tune.sol']
2,['flop.sol', 'transferFrom.sol', 'flip.t.sol', 'flap.t.sol', 'flap.sol', 'drip.sol', 'frob.t.sol', 'bite.sol']
2,['flop.sol', 'transferFrom.sol', 'flip.t.sol', 'flap.t.sol', 'flap.sol', 'drip.sol', 'tune.sol', 'bite.sol']
3,['flop.sol', 'transferFrom.sol', 'flip.t.sol', 'flap.t.sol', 'flap.sol', 'frob.t.sol', 'tune.sol', 'bite.sol']
2,['flop.sol', 'transferFrom.sol', 'flip.t.sol', 'flap.t.sol', 'drip.sol', 'frob.t.sol', 'tune.sol', 'bite.sol']
3,['flop.sol', 'transferFrom.sol', 'flip.t.sol', 'heal.sol', 'drip.t.sol', 'heal.t.sol', 'flap.sol', 'drip.sol']
2,['flop.sol', 'transferFrom.sol', 'flip.t.sol', 'heal.sol', 'drip.t.sol', 'heal.t.sol', 'flap.sol', 'frob.t.sol']
2,['flop.sol', 'transferFrom.sol', 'flip.t.sol', 'heal.sol', 'drip.t.sol', 'heal.t.sol', 'flap.sol', 'tune.sol']
3,['flop.sol', 'transferFrom.sol', 'flip.t.sol', 'heal.sol', 'drip.t.sol', 'heal.t.sol', 'flap.sol', 'bite.sol']
3,['flop.sol', 'transferFrom.sol', 'flip.t.sol', 'heal.sol', 'drip.t.sol', 'heal.t.sol', 'drip.sol', 'frob.t.sol']
2,['flop.sol', 'transferFrom.sol', 'flip.t.sol', 'heal.sol', 'drip.t.sol', 'heal.t.sol', 'drip.sol', 'tune.sol']
2,['flop.sol', 'transferFrom.sol', 'flip.t.sol', 'heal.sol', 'drip.t.sol', 'heal.t.sol', 'drip.sol', 'bite.sol']
2,['flop.sol', 'transferFrom.sol', 'flip.t.sol', 'heal.sol', 'drip.t.sol', 'heal.t.sol', 'frob.t.sol', 'tune.sol']
2,['flop.sol', 'transferFrom.sol', 'flip.t.sol', 'heal.sol', 'drip.t.sol', 'heal.t.sol', 'frob.t.sol', 'bite.sol']
2,['flop.sol', 'transferFrom.sol', 'flip.t.sol', 'heal.sol', 'drip.t.sol', 'heal.t.sol', 'tune.sol', 'bite.sol']
5,['flop.sol', 'transferFrom.sol', 'flip.t.sol', 'heal.sol', 'drip.t.sol', 'flap.sol', 'drip.sol', 'frob.t.sol']
2,['flop.sol', 'transferFrom.sol', 'flip.t.sol', 'heal.sol', 'drip.t.sol', 'flap.sol', 'drip.sol', 'tune.sol']
2,['flop.sol', 'transferFrom.sol', 'flip.t.sol', 'heal.sol', 'drip.t.sol', 'flap.sol', 'drip.sol', 'bite.sol']
3,['flop.sol', 'transferFrom.sol', 'flip.t.sol', 'heal.sol', 'drip.t.sol', 'flap.sol', 'frob.t.sol', 'tune.sol']
4,['flop.sol', 'transferFrom.sol', 'flip.t.sol', 'heal.sol', 'drip.t.sol', 'flap.sol', 'frob.t.sol', 'bite.sol']
2,['flop.sol', 'transferFrom.sol', 'flip.t.sol', 'heal.sol', 'drip.t.sol', 'flap.sol', 'tune.sol', 'bite.sol']
5,['flop.sol', 'transferFrom.sol', 'flip.t.sol', 'heal.sol', 'drip.t.sol', 'drip.sol', 'frob.t.sol', 'tune.sol']
4,['flop.sol', 'transferFrom.sol', 'flip.t.sol', 'heal.sol', 'drip.t.sol', 'drip.sol', 'frob.t.sol', 'bite.sol']
2,['flop.sol', 'transferFrom.sol', 'flip.t.sol', 'heal.sol', 'drip.t.sol', 'drip.sol', 'tune.sol', 'bite.sol']
4,['flop.sol', 'transferFrom.sol', 'flip.t.sol', 'heal.sol', 'drip.t.sol', 'frob.t.sol', 'tune.sol', 'bite.sol']
2,['flop.sol', 'transferFrom.sol', 'flip.t.sol', 'heal.sol', 'heal.t.sol', 'flap.sol', 'drip.sol', 'frob.t.sol']
2,['flop.sol', 'transferFrom.sol', 'flip.t.sol', 'heal.sol', 'heal.t.sol', 'flap.sol', 'drip.sol', 'tune.sol']
3,['flop.sol', 'transferFrom.sol', 'flip.t.sol', 'heal.sol', 'heal.t.sol', 'flap.sol', 'drip.sol', 'bite.sol']
3,['flop.sol', 'transferFrom.sol', 'flip.t.sol', 'heal.sol', 'heal.t.sol', 'flap.sol', 'frob.t.sol', 'tune.sol']
3,['flop.sol', 'transferFrom.sol', 'flip.t.sol', 'heal.sol', 'heal.t.sol', 'flap.sol', 'frob.t.sol', 'bite.sol']
3,['flop.sol', 'transferFrom.sol', 'flip.t.sol', 'heal.sol', 'heal.t.sol', 'flap.sol', 'tune.sol', 'bite.sol']
2,['flop.sol', 'transferFrom.sol', 'flip.t.sol', 'heal.sol', 'heal.t.sol', 'drip.sol', 'frob.t.sol', 'tune.sol']
2,['flop.sol', 'transferFrom.sol', 'flip.t.sol', 'heal.sol', 'heal.t.sol', 'drip.sol', 'frob.t.sol', 'bite.sol']
2,['flop.sol', 'transferFrom.sol', 'flip.t.sol', 'heal.sol', 'heal.t.sol', 'drip.sol', 'tune.sol', 'bite.sol']
3,['flop.sol', 'transferFrom.sol', 'flip.t.sol', 'heal.sol', 'heal.t.sol', 'frob.t.sol', 'tune.sol', 'bite.sol']
3,['flop.sol', 'transferFrom.sol', 'flip.t.sol', 'heal.sol', 'flap.sol', 'drip.sol', 'frob.t.sol', 'tune.sol']
3,['flop.sol', 'transferFrom.sol', 'flip.t.sol', 'heal.sol', 'flap.sol', 'drip.sol', 'frob.t.sol', 'bite.sol']
2,['flop.sol', 'transferFrom.sol', 'flip.t.sol', 'heal.sol', 'flap.sol', 'drip.sol', 'tune.sol', 'bite.sol']
3,['flop.sol', 'transferFrom.sol', 'flip.t.sol', 'heal.sol', 'flap.sol', 'frob.t.sol', 'tune.sol', 'bite.sol']
2,['flop.sol', 'transferFrom.sol', 'flip.t.sol', 'heal.sol', 'drip.sol', 'frob.t.sol', 'tune.sol', 'bite.sol']
2,['flop.sol', 'transferFrom.sol', 'flip.t.sol', 'drip.t.sol', 'heal.t.sol', 'flap.sol', 'drip.sol', 'frob.t.sol']
2,['flop.sol', 'transferFrom.sol', 'flip.t.sol', 'drip.t.sol', 'heal.t.sol', 'flap.sol', 'drip.sol', 'tune.sol']
2,['flop.sol', 'transferFrom.sol', 'flip.t.sol', 'drip.t.sol', 'heal.t.sol', 'flap.sol', 'drip.sol', 'bite.sol']
2,['flop.sol', 'transferFrom.sol', 'flip.t.sol', 'drip.t.sol', 'heal.t.sol', 'flap.sol', 'frob.t.sol', 'tune.sol']
2,['flop.sol', 'transferFrom.sol', 'flip.t.sol', 'drip.t.sol', 'heal.t.sol', 'flap.sol', 'frob.t.sol', 'bite.sol']
2,['flop.sol', 'transferFrom.sol', 'flip.t.sol', 'drip.t.sol', 'heal.t.sol', 'flap.sol', 'tune.sol', 'bite.sol']
2,['flop.sol', 'transferFrom.sol', 'flip.t.sol', 'drip.t.sol', 'heal.t.sol', 'drip.sol', 'frob.t.sol', 'tune.sol']
2,['flop.sol', 'transferFrom.sol', 'flip.t.sol', 'drip.t.sol', 'heal.t.sol', 'drip.sol', 'frob.t.sol', 'bite.sol']
2,['flop.sol', 'transferFrom.sol', 'flip.t.sol', 'drip.t.sol', 'heal.t.sol', 'drip.sol', 'tune.sol', 'bite.sol']
2,['flop.sol', 'transferFrom.sol', 'flip.t.sol', 'drip.t.sol', 'heal.t.sol', 'frob.t.sol', 'tune.sol', 'bite.sol']
3,['flop.sol', 'transferFrom.sol', 'flip.t.sol', 'drip.t.sol', 'flap.sol', 'drip.sol', 'frob.t.sol', 'tune.sol']
4,['flop.sol', 'transferFrom.sol', 'flip.t.sol', 'drip.t.sol', 'flap.sol', 'drip.sol', 'frob.t.sol', 'bite.sol']
2,['flop.sol', 'transferFrom.sol', 'flip.t.sol', 'drip.t.sol', 'flap.sol', 'drip.sol', 'tune.sol', 'bite.sol']
2,['flop.sol', 'transferFrom.sol', 'flip.t.sol', 'drip.t.sol', 'flap.sol', 'frob.t.sol', 'tune.sol', 'bite.sol']
4,['flop.sol', 'transferFrom.sol', 'flip.t.sol', 'drip.t.sol', 'drip.sol', 'frob.t.sol', 'tune.sol', 'bite.sol']
2,['flop.sol', 'transferFrom.sol', 'flip.t.sol', 'heal.t.sol', 'flap.sol', 'drip.sol', 'frob.t.sol', 'tune.sol']
2,['flop.sol', 'transferFrom.sol', 'flip.t.sol', 'heal.t.sol', 'flap.sol', 'drip.sol', 'frob.t.sol', 'bite.sol']
2,['flop.sol', 'transferFrom.sol', 'flip.t.sol', 'heal.t.sol', 'flap.sol', 'drip.sol', 'tune.sol', 'bite.sol']
3,['flop.sol', 'transferFrom.sol', 'flip.t.sol', 'heal.t.sol', 'flap.sol', 'frob.t.sol', 'tune.sol', 'bite.sol']
2,['flop.sol', 'transferFrom.sol', 'flip.t.sol', 'heal.t.sol', 'drip.sol', 'frob.t.sol', 'tune.sol', 'bite.sol']
2,['flop.sol', 'transferFrom.sol', 'flip.t.sol', 'flap.sol', 'drip.sol', 'frob.t.sol', 'tune.sol', 'bite.sol']
3,['flop.sol', 'transferFrom.sol', 'flop.t.sol', 'flap.t.sol', 'heal.sol', 'drip.t.sol', 'heal.t.sol', 'flap.sol']
3,['flop.sol', 'transferFrom.sol', 'flop.t.sol', 'flap.t.sol', 'heal.sol', 'drip.t.sol', 'heal.t.sol', 'drip.sol']
2,['flop.sol', 'transferFrom.sol', 'flop.t.sol', 'flap.t.sol', 'heal.sol', 'drip.t.sol', 'heal.t.sol', 'frob.t.sol']
3,['flop.sol', 'transferFrom.sol', 'flop.t.sol', 'flap.t.sol', 'heal.sol', 'drip.t.sol', 'heal.t.sol', 'tune.sol']
3,['flop.sol', 'transferFrom.sol', 'flop.t.sol', 'flap.t.sol', 'heal.sol', 'drip.t.sol', 'heal.t.sol', 'bite.sol']
4,['flop.sol', 'transferFrom.sol', 'flop.t.sol', 'flap.t.sol', 'heal.sol', 'drip.t.sol', 'flap.sol', 'drip.sol']
3,['flop.sol', 'transferFrom.sol', 'flop.t.sol', 'flap.t.sol', 'heal.sol', 'drip.t.sol', 'flap.sol', 'frob.t.sol']
2,['flop.sol', 'transferFrom.sol', 'flop.t.sol', 'flap.t.sol', 'heal.sol', 'drip.t.sol', 'flap.sol', 'tune.sol']
3,['flop.sol', 'transferFrom.sol', 'flop.t.sol', 'flap.t.sol', 'heal.sol', 'drip.t.sol', 'flap.sol', 'bite.sol']
5,['flop.sol', 'transferFrom.sol', 'flop.t.sol', 'flap.t.sol', 'heal.sol', 'drip.t.sol', 'drip.sol', 'frob.t.sol']
2,['flop.sol', 'transferFrom.sol', 'flop.t.sol', 'flap.t.sol', 'heal.sol', 'drip.t.sol', 'drip.sol', 'tune.sol']
3,['flop.sol', 'transferFrom.sol', 'flop.t.sol', 'flap.t.sol', 'heal.sol', 'drip.t.sol', 'drip.sol', 'bite.sol']
3,['flop.sol', 'transferFrom.sol', 'flop.t.sol', 'flap.t.sol', 'heal.sol', 'drip.t.sol', 'frob.t.sol', 'tune.sol']
3,['flop.sol', 'transferFrom.sol', 'flop.t.sol', 'flap.t.sol', 'heal.sol', 'drip.t.sol', 'frob.t.sol', 'bite.sol']
2,['flop.sol', 'transferFrom.sol', 'flop.t.sol', 'flap.t.sol', 'heal.sol', 'drip.t.sol', 'tune.sol', 'bite.sol']
3,['flop.sol', 'transferFrom.sol', 'flop.t.sol', 'flap.t.sol', 'heal.sol', 'heal.t.sol', 'flap.sol', 'drip.sol']
3,['flop.sol', 'transferFrom.sol', 'flop.t.sol', 'flap.t.sol', 'heal.sol', 'heal.t.sol', 'flap.sol', 'frob.t.sol']
4,['flop.sol', 'transferFrom.sol', 'flop.t.sol', 'flap.t.sol', 'heal.sol', 'heal.t.sol', 'flap.sol', 'tune.sol']
4,['flop.sol', 'transferFrom.sol', 'flop.t.sol', 'flap.t.sol', 'heal.sol', 'heal.t.sol', 'flap.sol', 'bite.sol']
2,['flop.sol', 'transferFrom.sol', 'flop.t.sol', 'flap.t.sol', 'heal.sol', 'heal.t.sol', 'drip.sol', 'frob.t.sol']
2,['flop.sol', 'transferFrom.sol', 'flop.t.sol', 'flap.t.sol', 'heal.sol', 'heal.t.sol', 'drip.sol', 'tune.sol']
3,['flop.sol', 'transferFrom.sol', 'flop.t.sol', 'flap.t.sol', 'heal.sol', 'heal.t.sol', 'drip.sol', 'bite.sol']
3,['flop.sol', 'transferFrom.sol', 'flop.t.sol', 'flap.t.sol', 'heal.sol', 'heal.t.sol', 'frob.t.sol', 'tune.sol']
3,['flop.sol', 'transferFrom.sol', 'flop.t.sol', 'flap.t.sol', 'heal.sol', 'heal.t.sol', 'frob.t.sol', 'bite.sol']
3,['flop.sol', 'transferFrom.sol', 'flop.t.sol', 'flap.t.sol', 'heal.sol', 'heal.t.sol', 'tune.sol', 'bite.sol']
3,['flop.sol', 'transferFrom.sol', 'flop.t.sol', 'flap.t.sol', 'heal.sol', 'flap.sol', 'drip.sol', 'frob.t.sol']
2,['flop.sol', 'transferFrom.sol', 'flop.t.sol', 'flap.t.sol', 'heal.sol', 'flap.sol', 'drip.sol', 'tune.sol']
3,['flop.sol', 'transferFrom.sol', 'flop.t.sol', 'flap.t.sol', 'heal.sol', 'flap.sol', 'drip.sol', 'bite.sol']
4,['flop.sol', 'transferFrom.sol', 'flop.t.sol', 'flap.t.sol', 'heal.sol', 'flap.sol', 'frob.t.sol', 'tune.sol']
4,['flop.sol', 'transferFrom.sol', 'flop.t.sol', 'flap.t.sol', 'heal.sol', 'flap.sol', 'frob.t.sol', 'bite.sol']
2,['flop.sol', 'transferFrom.sol', 'flop.t.sol', 'flap.t.sol', 'heal.sol', 'flap.sol', 'tune.sol', 'bite.sol']
3,['flop.sol', 'transferFrom.sol', 'flop.t.sol', 'flap.t.sol', 'heal.sol', 'drip.sol', 'frob.t.sol', 'tune.sol']
3,['flop.sol', 'transferFrom.sol', 'flop.t.sol', 'flap.t.sol', 'heal.sol', 'drip.sol', 'frob.t.sol', 'bite.sol']
2,['flop.sol', 'transferFrom.sol', 'flop.t.sol', 'flap.t.sol', 'heal.sol', 'drip.sol', 'tune.sol', 'bite.sol']
3,['flop.sol', 'transferFrom.sol', 'flop.t.sol', 'flap.t.sol', 'heal.sol', 'frob.t.sol', 'tune.sol', 'bite.sol']
3,['flop.sol', 'transferFrom.sol', 'flop.t.sol', 'flap.t.sol', 'drip.t.sol', 'heal.t.sol', 'flap.sol', 'drip.sol']
2,['flop.sol', 'transferFrom.sol', 'flop.t.sol', 'flap.t.sol', 'drip.t.sol', 'heal.t.sol', 'flap.sol', 'frob.t.sol']
3,['flop.sol', 'transferFrom.sol', 'flop.t.sol', 'flap.t.sol', 'drip.t.sol', 'heal.t.sol', 'flap.sol', 'tune.sol']
3,['flop.sol', 'transferFrom.sol', 'flop.t.sol', 'flap.t.sol', 'drip.t.sol', 'heal.t.sol', 'flap.sol', 'bite.sol']
2,['flop.sol', 'transferFrom.sol', 'flop.t.sol', 'flap.t.sol', 'drip.t.sol', 'heal.t.sol', 'drip.sol', 'frob.t.sol']
3,['flop.sol', 'transferFrom.sol', 'flop.t.sol', 'flap.t.sol', 'drip.t.sol', 'heal.t.sol', 'drip.sol', 'tune.sol']
3,['flop.sol', 'transferFrom.sol', 'flop.t.sol', 'flap.t.sol', 'drip.t.sol', 'heal.t.sol', 'drip.sol', 'bite.sol']
2,['flop.sol', 'transferFrom.sol', 'flop.t.sol', 'flap.t.sol', 'drip.t.sol', 'heal.t.sol', 'frob.t.sol', 'tune.sol']
2,['flop.sol', 'transferFrom.sol', 'flop.t.sol', 'flap.t.sol', 'drip.t.sol', 'heal.t.sol', 'frob.t.sol', 'bite.sol']
2,['flop.sol', 'transferFrom.sol', 'flop.t.sol', 'flap.t.sol', 'drip.t.sol', 'heal.t.sol', 'tune.sol', 'bite.sol']
3,['flop.sol', 'transferFrom.sol', 'flop.t.sol', 'flap.t.sol', 'drip.t.sol', 'flap.sol', 'drip.sol', 'frob.t.sol']
3,['flop.sol', 'transferFrom.sol', 'flop.t.sol', 'flap.t.sol', 'drip.t.sol', 'flap.sol', 'drip.sol', 'tune.sol']
3,['flop.sol', 'transferFrom.sol', 'flop.t.sol', 'flap.t.sol', 'drip.t.sol', 'flap.sol', 'drip.sol', 'bite.sol']
3,['flop.sol', 'transferFrom.sol', 'flop.t.sol', 'flap.t.sol', 'drip.t.sol', 'flap.sol', 'frob.t.sol', 'tune.sol']
3,['flop.sol', 'transferFrom.sol', 'flop.t.sol', 'flap.t.sol', 'drip.t.sol', 'flap.sol', 'frob.t.sol', 'bite.sol']
2,['flop.sol', 'transferFrom.sol', 'flop.t.sol', 'flap.t.sol', 'drip.t.sol', 'flap.sol', 'tune.sol', 'bite.sol']
3,['flop.sol', 'transferFrom.sol', 'flop.t.sol', 'flap.t.sol', 'drip.t.sol', 'drip.sol', 'frob.t.sol', 'tune.sol']
3,['flop.sol', 'transferFrom.sol', 'flop.t.sol', 'flap.t.sol', 'drip.t.sol', 'drip.sol', 'frob.t.sol', 'bite.sol']
3,['flop.sol', 'transferFrom.sol', 'flop.t.sol', 'flap.t.sol', 'drip.t.sol', 'drip.sol', 'tune.sol', 'bite.sol']
2,['flop.sol', 'transferFrom.sol', 'flop.t.sol', 'flap.t.sol', 'drip.t.sol', 'frob.t.sol', 'tune.sol', 'bite.sol']
2,['flop.sol', 'transferFrom.sol', 'flop.t.sol', 'flap.t.sol', 'heal.t.sol', 'flap.sol', 'drip.sol', 'frob.t.sol']
2,['flop.sol', 'transferFrom.sol', 'flop.t.sol', 'flap.t.sol', 'heal.t.sol', 'flap.sol', 'drip.sol', 'tune.sol']
3,['flop.sol', 'transferFrom.sol', 'flop.t.sol', 'flap.t.sol', 'heal.t.sol', 'flap.sol', 'drip.sol', 'bite.sol']
3,['flop.sol', 'transferFrom.sol', 'flop.t.sol', 'flap.t.sol', 'heal.t.sol', 'flap.sol', 'frob.t.sol', 'tune.sol']
3,['flop.sol', 'transferFrom.sol', 'flop.t.sol', 'flap.t.sol', 'heal.t.sol', 'flap.sol', 'frob.t.sol', 'bite.sol']
3,['flop.sol', 'transferFrom.sol', 'flop.t.sol', 'flap.t.sol', 'heal.t.sol', 'flap.sol', 'tune.sol', 'bite.sol']
2,['flop.sol', 'transferFrom.sol', 'flop.t.sol', 'flap.t.sol', 'heal.t.sol', 'drip.sol', 'frob.t.sol', 'tune.sol']
2,['flop.sol', 'transferFrom.sol', 'flop.t.sol', 'flap.t.sol', 'heal.t.sol', 'drip.sol', 'frob.t.sol', 'bite.sol']
2,['flop.sol', 'transferFrom.sol', 'flop.t.sol', 'flap.t.sol', 'heal.t.sol', 'drip.sol', 'tune.sol', 'bite.sol']
3,['flop.sol', 'transferFrom.sol', 'flop.t.sol', 'flap.t.sol', 'heal.t.sol', 'frob.t.sol', 'tune.sol', 'bite.sol']
2,['flop.sol', 'transferFrom.sol', 'flop.t.sol', 'flap.t.sol', 'flap.sol', 'drip.sol', 'frob.t.sol', 'tune.sol']
3,['flop.sol', 'transferFrom.sol', 'flop.t.sol', 'flap.t.sol', 'flap.sol', 'drip.sol', 'frob.t.sol', 'bite.sol']
2,['flop.sol', 'transferFrom.sol', 'flop.t.sol', 'flap.t.sol', 'flap.sol', 'drip.sol', 'tune.sol', 'bite.sol']
3,['flop.sol', 'transferFrom.sol', 'flop.t.sol', 'flap.t.sol', 'flap.sol', 'frob.t.sol', 'tune.sol', 'bite.sol']
2,['flop.sol', 'transferFrom.sol', 'flop.t.sol', 'flap.t.sol', 'drip.sol', 'frob.t.sol', 'tune.sol', 'bite.sol']
4,['flop.sol', 'transferFrom.sol', 'flop.t.sol', 'heal.sol', 'drip.t.sol', 'heal.t.sol', 'flap.sol', 'drip.sol']
2,['flop.sol', 'transferFrom.sol', 'flop.t.sol', 'heal.sol', 'drip.t.sol', 'heal.t.sol', 'flap.sol', 'frob.t.sol']
2,['flop.sol', 'transferFrom.sol', 'flop.t.sol', 'heal.sol', 'drip.t.sol', 'heal.t.sol', 'flap.sol', 'tune.sol']
4,['flop.sol', 'transferFrom.sol', 'flop.t.sol', 'heal.sol', 'drip.t.sol', 'heal.t.sol', 'flap.sol', 'bite.sol']
3,['flop.sol', 'transferFrom.sol', 'flop.t.sol', 'heal.sol', 'drip.t.sol', 'heal.t.sol', 'drip.sol', 'frob.t.sol']
2,['flop.sol', 'transferFrom.sol', 'flop.t.sol', 'heal.sol', 'drip.t.sol', 'heal.t.sol', 'drip.sol', 'tune.sol']
4,['flop.sol', 'transferFrom.sol', 'flop.t.sol', 'heal.sol', 'drip.t.sol', 'heal.t.sol', 'drip.sol', 'bite.sol']
2,['flop.sol', 'transferFrom.sol', 'flop.t.sol', 'heal.sol', 'drip.t.sol', 'heal.t.sol', 'frob.t.sol', 'tune.sol']
2,['flop.sol', 'transferFrom.sol', 'flop.t.sol', 'heal.sol', 'drip.t.sol', 'heal.t.sol', 'frob.t.sol', 'bite.sol']
2,['flop.sol', 'transferFrom.sol', 'flop.t.sol', 'heal.sol', 'drip.t.sol', 'heal.t.sol', 'tune.sol', 'bite.sol']
3,['flop.sol', 'transferFrom.sol', 'flop.t.sol', 'heal.sol', 'drip.t.sol', 'flap.sol', 'drip.sol', 'frob.t.sol']
2,['flop.sol', 'transferFrom.sol', 'flop.t.sol', 'heal.sol', 'drip.t.sol', 'flap.sol', 'drip.sol', 'tune.sol']
2,['flop.sol', 'transferFrom.sol', 'flop.t.sol', 'heal.sol', 'drip.t.sol', 'flap.sol', 'drip.sol', 'bite.sol']
2,['flop.sol', 'transferFrom.sol', 'flop.t.sol', 'heal.sol', 'drip.t.sol', 'flap.sol', 'frob.t.sol', 'tune.sol']
2,['flop.sol', 'transferFrom.sol', 'flop.t.sol', 'heal.sol', 'drip.t.sol', 'flap.sol', 'frob.t.sol', 'bite.sol']
1,['flop.sol', 'transferFrom.sol', 'flop.t.sol', 'heal.sol', 'drip.t.sol', 'flap.sol', 'tune.sol', 'bite.sol']
3,['flop.sol', 'transferFrom.sol', 'flop.t.sol', 'heal.sol', 'drip.t.sol', 'drip.sol', 'frob.t.sol', 'tune.sol']
3,['flop.sol', 'transferFrom.sol', 'flop.t.sol', 'heal.sol', 'drip.t.sol', 'drip.sol', 'frob.t.sol', 'bite.sol']
2,['flop.sol', 'transferFrom.sol', 'flop.t.sol', 'heal.sol', 'drip.t.sol', 'drip.sol', 'tune.sol', 'bite.sol']
3,['flop.sol', 'transferFrom.sol', 'flop.t.sol', 'heal.sol', 'drip.t.sol', 'frob.t.sol', 'tune.sol', 'bite.sol']
2,['flop.sol', 'transferFrom.sol', 'flop.t.sol', 'heal.sol', 'heal.t.sol', 'flap.sol', 'drip.sol', 'frob.t.sol']
2,['flop.sol', 'transferFrom.sol', 'flop.t.sol', 'heal.sol', 'heal.t.sol', 'flap.sol', 'drip.sol', 'tune.sol']
4,['flop.sol', 'transferFrom.sol', 'flop.t.sol', 'heal.sol', 'heal.t.sol', 'flap.sol', 'drip.sol', 'bite.sol']
3,['flop.sol', 'transferFrom.sol', 'flop.t.sol', 'heal.sol', 'heal.t.sol', 'flap.sol', 'frob.t.sol', 'tune.sol']
3,['flop.sol', 'transferFrom.sol', 'flop.t.sol', 'heal.sol', 'heal.t.sol', 'flap.sol', 'frob.t.sol', 'bite.sol']
3,['flop.sol', 'transferFrom.sol', 'flop.t.sol', 'heal.sol', 'heal.t.sol', 'flap.sol', 'tune.sol', 'bite.sol']
2,['flop.sol', 'transferFrom.sol', 'flop.t.sol', 'heal.sol', 'heal.t.sol', 'drip.sol', 'frob.t.sol', 'tune.sol']
2,['flop.sol', 'transferFrom.sol', 'flop.t.sol', 'heal.sol', 'heal.t.sol', 'drip.sol', 'frob.t.sol', 'bite.sol']
2,['flop.sol', 'transferFrom.sol', 'flop.t.sol', 'heal.sol', 'heal.t.sol', 'drip.sol', 'tune.sol', 'bite.sol']
3,['flop.sol', 'transferFrom.sol', 'flop.t.sol', 'heal.sol', 'heal.t.sol', 'frob.t.sol', 'tune.sol', 'bite.sol']
2,['flop.sol', 'transferFrom.sol', 'flop.t.sol', 'heal.sol', 'flap.sol', 'drip.sol', 'frob.t.sol', 'tune.sol']
2,['flop.sol', 'transferFrom.sol', 'flop.t.sol', 'heal.sol', 'flap.sol', 'drip.sol', 'frob.t.sol', 'bite.sol']
2,['flop.sol', 'transferFrom.sol', 'flop.t.sol', 'heal.sol', 'flap.sol', 'drip.sol', 'tune.sol', 'bite.sol']
3,['flop.sol', 'transferFrom.sol', 'flop.t.sol', 'heal.sol', 'flap.sol', 'frob.t.sol', 'tune.sol', 'bite.sol']
3,['flop.sol', 'transferFrom.sol', 'flop.t.sol', 'heal.sol', 'drip.sol', 'frob.t.sol', 'tune.sol', 'bite.sol']
2,['flop.sol', 'transferFrom.sol', 'flop.t.sol', 'drip.t.sol', 'heal.t.sol', 'flap.sol', 'drip.sol', 'frob.t.sol']
2,['flop.sol', 'transferFrom.sol', 'flop.t.sol', 'drip.t.sol', 'heal.t.sol', 'flap.sol', 'drip.sol', 'tune.sol']
4,['flop.sol', 'transferFrom.sol', 'flop.t.sol', 'drip.t.sol', 'heal.t.sol', 'flap.sol', 'drip.sol', 'bite.sol']
2,['flop.sol', 'transferFrom.sol', 'flop.t.sol', 'drip.t.sol', 'heal.t.sol', 'flap.sol', 'frob.t.sol', 'tune.sol']
2,['flop.sol', 'transferFrom.sol', 'flop.t.sol', 'drip.t.sol', 'heal.t.sol', 'flap.sol', 'frob.t.sol', 'bite.sol']
2,['flop.sol', 'transferFrom.sol', 'flop.t.sol', 'drip.t.sol', 'heal.t.sol', 'flap.sol', 'tune.sol', 'bite.sol']
2,['flop.sol', 'transferFrom.sol', 'flop.t.sol', 'drip.t.sol', 'heal.t.sol', 'drip.sol', 'frob.t.sol', 'tune.sol']
3,['flop.sol', 'transferFrom.sol', 'flop.t.sol', 'drip.t.sol', 'heal.t.sol', 'drip.sol', 'frob.t.sol', 'bite.sol']
2,['flop.sol', 'transferFrom.sol', 'flop.t.sol', 'drip.t.sol', 'heal.t.sol', 'drip.sol', 'tune.sol', 'bite.sol']
2,['flop.sol', 'transferFrom.sol', 'flop.t.sol', 'drip.t.sol', 'heal.t.sol', 'frob.t.sol', 'tune.sol', 'bite.sol']
2,['flop.sol', 'transferFrom.sol', 'flop.t.sol', 'drip.t.sol', 'flap.sol', 'drip.sol', 'frob.t.sol', 'tune.sol']
2,['flop.sol', 'transferFrom.sol', 'flop.t.sol', 'drip.t.sol', 'flap.sol', 'drip.sol', 'frob.t.sol', 'bite.sol']
2,['flop.sol', 'transferFrom.sol', 'flop.t.sol', 'drip.t.sol', 'flap.sol', 'drip.sol', 'tune.sol', 'bite.sol']
3,['flop.sol', 'transferFrom.sol', 'flop.t.sol', 'drip.t.sol', 'flap.sol', 'frob.t.sol', 'tune.sol', 'bite.sol']
3,['flop.sol', 'transferFrom.sol', 'flop.t.sol', 'drip.t.sol', 'drip.sol', 'frob.t.sol', 'tune.sol', 'bite.sol']
2,['flop.sol', 'transferFrom.sol', 'flop.t.sol', 'heal.t.sol', 'flap.sol', 'drip.sol', 'frob.t.sol', 'tune.sol']
2,['flop.sol', 'transferFrom.sol', 'flop.t.sol', 'heal.t.sol', 'flap.sol', 'drip.sol', 'frob.t.sol', 'bite.sol']
2,['flop.sol', 'transferFrom.sol', 'flop.t.sol', 'heal.t.sol', 'flap.sol', 'drip.sol', 'tune.sol', 'bite.sol']
3,['flop.sol', 'transferFrom.sol', 'flop.t.sol', 'heal.t.sol', 'flap.sol', 'frob.t.sol', 'tune.sol', 'bite.sol']
2,['flop.sol', 'transferFrom.sol', 'flop.t.sol', 'heal.t.sol', 'drip.sol', 'frob.t.sol', 'tune.sol', 'bite.sol']
3,['flop.sol', 'transferFrom.sol', 'flop.t.sol', 'flap.sol', 'drip.sol', 'frob.t.sol', 'tune.sol', 'bite.sol']
4,['flop.sol', 'transferFrom.sol', 'flap.t.sol', 'heal.sol', 'drip.t.sol', 'heal.t.sol', 'flap.sol', 'drip.sol']
2,['flop.sol', 'transferFrom.sol', 'flap.t.sol', 'heal.sol', 'drip.t.sol', 'heal.t.sol', 'flap.sol', 'frob.t.sol']
2,['flop.sol', 'transferFrom.sol', 'flap.t.sol', 'heal.sol', 'drip.t.sol', 'heal.t.sol', 'flap.sol', 'tune.sol']
4,['flop.sol', 'transferFrom.sol', 'flap.t.sol', 'heal.sol', 'drip.t.sol', 'heal.t.sol', 'flap.sol', 'bite.sol']
3,['flop.sol', 'transferFrom.sol', 'flap.t.sol', 'heal.sol', 'drip.t.sol', 'heal.t.sol', 'drip.sol', 'frob.t.sol']
2,['flop.sol', 'transferFrom.sol', 'flap.t.sol', 'heal.sol', 'drip.t.sol', 'heal.t.sol', 'drip.sol', 'tune.sol']
4,['flop.sol', 'transferFrom.sol', 'flap.t.sol', 'heal.sol', 'drip.t.sol', 'heal.t.sol', 'drip.sol', 'bite.sol']
2,['flop.sol', 'transferFrom.sol', 'flap.t.sol', 'heal.sol', 'drip.t.sol', 'heal.t.sol', 'frob.t.sol', 'tune.sol']
2,['flop.sol', 'transferFrom.sol', 'flap.t.sol', 'heal.sol', 'drip.t.sol', 'heal.t.sol', 'frob.t.sol', 'bite.sol']
2,['flop.sol', 'transferFrom.sol', 'flap.t.sol', 'heal.sol', 'drip.t.sol', 'heal.t.sol', 'tune.sol', 'bite.sol']
3,['flop.sol', 'transferFrom.sol', 'flap.t.sol', 'heal.sol', 'drip.t.sol', 'flap.sol', 'drip.sol', 'frob.t.sol']
2,['flop.sol', 'transferFrom.sol', 'flap.t.sol', 'heal.sol', 'drip.t.sol', 'flap.sol', 'drip.sol', 'tune.sol']
2,['flop.sol', 'transferFrom.sol', 'flap.t.sol', 'heal.sol', 'drip.t.sol', 'flap.sol', 'drip.sol', 'bite.sol']
2,['flop.sol', 'transferFrom.sol', 'flap.t.sol', 'heal.sol', 'drip.t.sol', 'flap.sol', 'frob.t.sol', 'tune.sol']
2,['flop.sol', 'transferFrom.sol', 'flap.t.sol', 'heal.sol', 'drip.t.sol', 'flap.sol', 'frob.t.sol', 'bite.sol']
1,['flop.sol', 'transferFrom.sol', 'flap.t.sol', 'heal.sol', 'drip.t.sol', 'flap.sol', 'tune.sol', 'bite.sol']
3,['flop.sol', 'transferFrom.sol', 'flap.t.sol', 'heal.sol', 'drip.t.sol', 'drip.sol', 'frob.t.sol', 'tune.sol']
3,['flop.sol', 'transferFrom.sol', 'flap.t.sol', 'heal.sol', 'drip.t.sol', 'drip.sol', 'frob.t.sol', 'bite.sol']
2,['flop.sol', 'transferFrom.sol', 'flap.t.sol', 'heal.sol', 'drip.t.sol', 'drip.sol', 'tune.sol', 'bite.sol']
3,['flop.sol', 'transferFrom.sol', 'flap.t.sol', 'heal.sol', 'drip.t.sol', 'frob.t.sol', 'tune.sol', 'bite.sol']
2,['flop.sol', 'transferFrom.sol', 'flap.t.sol', 'heal.sol', 'heal.t.sol', 'flap.sol', 'drip.sol', 'frob.t.sol']
2,['flop.sol', 'transferFrom.sol', 'flap.t.sol', 'heal.sol', 'heal.t.sol', 'flap.sol', 'drip.sol', 'tune.sol']
4,['flop.sol', 'transferFrom.sol', 'flap.t.sol', 'heal.sol', 'heal.t.sol', 'flap.sol', 'drip.sol', 'bite.sol']
3,['flop.sol', 'transferFrom.sol', 'flap.t.sol', 'heal.sol', 'heal.t.sol', 'flap.sol', 'frob.t.sol', 'tune.sol']
3,['flop.sol', 'transferFrom.sol', 'flap.t.sol', 'heal.sol', 'heal.t.sol', 'flap.sol', 'frob.t.sol', 'bite.sol']
3,['flop.sol', 'transferFrom.sol', 'flap.t.sol', 'heal.sol', 'heal.t.sol', 'flap.sol', 'tune.sol', 'bite.sol']
2,['flop.sol', 'transferFrom.sol', 'flap.t.sol', 'heal.sol', 'heal.t.sol', 'drip.sol', 'frob.t.sol', 'tune.sol']
2,['flop.sol', 'transferFrom.sol', 'flap.t.sol', 'heal.sol', 'heal.t.sol', 'drip.sol', 'frob.t.sol', 'bite.sol']
2,['flop.sol', 'transferFrom.sol', 'flap.t.sol', 'heal.sol', 'heal.t.sol', 'drip.sol', 'tune.sol', 'bite.sol']
3,['flop.sol', 'transferFrom.sol', 'flap.t.sol', 'heal.sol', 'heal.t.sol', 'frob.t.sol', 'tune.sol', 'bite.sol']
2,['flop.sol', 'transferFrom.sol', 'flap.t.sol', 'heal.sol', 'flap.sol', 'drip.sol', 'frob.t.sol', 'tune.sol']
2,['flop.sol', 'transferFrom.sol', 'flap.t.sol', 'heal.sol', 'flap.sol', 'drip.sol', 'frob.t.sol', 'bite.sol']
2,['flop.sol', 'transferFrom.sol', 'flap.t.sol', 'heal.sol', 'flap.sol', 'drip.sol', 'tune.sol', 'bite.sol']
3,['flop.sol', 'transferFrom.sol', 'flap.t.sol', 'heal.sol', 'flap.sol', 'frob.t.sol', 'tune.sol', 'bite.sol']
3,['flop.sol', 'transferFrom.sol', 'flap.t.sol', 'heal.sol', 'drip.sol', 'frob.t.sol', 'tune.sol', 'bite.sol']
2,['flop.sol', 'transferFrom.sol', 'flap.t.sol', 'drip.t.sol', 'heal.t.sol', 'flap.sol', 'drip.sol', 'frob.t.sol']
2,['flop.sol', 'transferFrom.sol', 'flap.t.sol', 'drip.t.sol', 'heal.t.sol', 'flap.sol', 'drip.sol', 'tune.sol']
4,['flop.sol', 'transferFrom.sol', 'flap.t.sol', 'drip.t.sol', 'heal.t.sol', 'flap.sol', 'drip.sol', 'bite.sol']
2,['flop.sol', 'transferFrom.sol', 'flap.t.sol', 'drip.t.sol', 'heal.t.sol', 'flap.sol', 'frob.t.sol', 'tune.sol']
2,['flop.sol', 'transferFrom.sol', 'flap.t.sol', 'drip.t.sol', 'heal.t.sol', 'flap.sol', 'frob.t.sol', 'bite.sol']
2,['flop.sol', 'transferFrom.sol', 'flap.t.sol', 'drip.t.sol', 'heal.t.sol', 'flap.sol', 'tune.sol', 'bite.sol']
2,['flop.sol', 'transferFrom.sol', 'flap.t.sol', 'drip.t.sol', 'heal.t.sol', 'drip.sol', 'frob.t.sol', 'tune.sol']
2,['flop.sol', 'transferFrom.sol', 'flap.t.sol', 'drip.t.sol', 'heal.t.sol', 'drip.sol', 'frob.t.sol', 'bite.sol']
2,['flop.sol', 'transferFrom.sol', 'flap.t.sol', 'drip.t.sol', 'heal.t.sol', 'drip.sol', 'tune.sol', 'bite.sol']
2,['flop.sol', 'transferFrom.sol', 'flap.t.sol', 'drip.t.sol', 'heal.t.sol', 'frob.t.sol', 'tune.sol', 'bite.sol']
2,['flop.sol', 'transferFrom.sol', 'flap.t.sol', 'drip.t.sol', 'flap.sol', 'drip.sol', 'frob.t.sol', 'tune.sol']
2,['flop.sol', 'transferFrom.sol', 'flap.t.sol', 'drip.t.sol', 'flap.sol', 'drip.sol', 'frob.t.sol', 'bite.sol']
2,['flop.sol', 'transferFrom.sol', 'flap.t.sol', 'drip.t.sol', 'flap.sol', 'drip.sol', 'tune.sol', 'bite.sol']
3,['flop.sol', 'transferFrom.sol', 'flap.t.sol', 'drip.t.sol', 'flap.sol', 'frob.t.sol', 'tune.sol', 'bite.sol']
3,['flop.sol', 'transferFrom.sol', 'flap.t.sol', 'drip.t.sol', 'drip.sol', 'frob.t.sol', 'tune.sol', 'bite.sol']
2,['flop.sol', 'transferFrom.sol', 'flap.t.sol', 'heal.t.sol', 'flap.sol', 'drip.sol', 'frob.t.sol', 'tune.sol']
2,['flop.sol', 'transferFrom.sol', 'flap.t.sol', 'heal.t.sol', 'flap.sol', 'drip.sol', 'frob.t.sol', 'bite.sol']
2,['flop.sol', 'transferFrom.sol', 'flap.t.sol', 'heal.t.sol', 'flap.sol', 'drip.sol', 'tune.sol', 'bite.sol']
3,['flop.sol', 'transferFrom.sol', 'flap.t.sol', 'heal.t.sol', 'flap.sol', 'frob.t.sol', 'tune.sol', 'bite.sol']
2,['flop.sol', 'transferFrom.sol', 'flap.t.sol', 'heal.t.sol', 'drip.sol', 'frob.t.sol', 'tune.sol', 'bite.sol']
3,['flop.sol', 'transferFrom.sol', 'flap.t.sol', 'flap.sol', 'drip.sol', 'frob.t.sol', 'tune.sol', 'bite.sol']
4,['flop.sol', 'transferFrom.sol', 'heal.sol', 'drip.t.sol', 'heal.t.sol', 'flap.sol', 'drip.sol', 'frob.t.sol']
3,['flop.sol', 'transferFrom.sol', 'heal.sol', 'drip.t.sol', 'heal.t.sol', 'flap.sol', 'drip.sol', 'tune.sol']
2,['flop.sol', 'transferFrom.sol', 'heal.sol', 'drip.t.sol', 'heal.t.sol', 'flap.sol', 'drip.sol', 'bite.sol']
3,['flop.sol', 'transferFrom.sol', 'heal.sol', 'drip.t.sol', 'heal.t.sol', 'flap.sol', 'frob.t.sol', 'tune.sol']
4,['flop.sol', 'transferFrom.sol', 'heal.sol', 'drip.t.sol', 'heal.t.sol', 'flap.sol', 'frob.t.sol', 'bite.sol']
2,['flop.sol', 'transferFrom.sol', 'heal.sol', 'drip.t.sol', 'heal.t.sol', 'flap.sol', 'tune.sol', 'bite.sol']
4,['flop.sol', 'transferFrom.sol', 'heal.sol', 'drip.t.sol', 'heal.t.sol', 'drip.sol', 'frob.t.sol', 'tune.sol']
4,['flop.sol', 'transferFrom.sol', 'heal.sol', 'drip.t.sol', 'heal.t.sol', 'drip.sol', 'frob.t.sol', 'bite.sol']
3,['flop.sol', 'transferFrom.sol', 'heal.sol', 'drip.t.sol', 'heal.t.sol', 'drip.sol', 'tune.sol', 'bite.sol']
3,['flop.sol', 'transferFrom.sol', 'heal.sol', 'drip.t.sol', 'heal.t.sol', 'frob.t.sol', 'tune.sol', 'bite.sol']
2,['flop.sol', 'transferFrom.sol', 'heal.sol', 'drip.t.sol', 'flap.sol', 'drip.sol', 'frob.t.sol', 'tune.sol']
3,['flop.sol', 'transferFrom.sol', 'heal.sol', 'drip.t.sol', 'flap.sol', 'drip.sol', 'frob.t.sol', 'bite.sol']
2,['flop.sol', 'transferFrom.sol', 'heal.sol', 'drip.t.sol', 'flap.sol', 'drip.sol', 'tune.sol', 'bite.sol']
2,['flop.sol', 'transferFrom.sol', 'heal.sol', 'drip.t.sol', 'flap.sol', 'frob.t.sol', 'tune.sol', 'bite.sol']
2,['flop.sol', 'transferFrom.sol', 'heal.sol', 'drip.t.sol', 'drip.sol', 'frob.t.sol', 'tune.sol', 'bite.sol']
3,['flop.sol', 'transferFrom.sol', 'heal.sol', 'heal.t.sol', 'flap.sol', 'drip.sol', 'frob.t.sol', 'tune.sol']
3,['flop.sol', 'transferFrom.sol', 'heal.sol', 'heal.t.sol', 'flap.sol', 'drip.sol', 'frob.t.sol', 'bite.sol']
3,['flop.sol', 'transferFrom.sol', 'heal.sol', 'heal.t.sol', 'flap.sol', 'drip.sol', 'tune.sol', 'bite.sol']
3,['flop.sol', 'transferFrom.sol', 'heal.sol', 'heal.t.sol', 'flap.sol', 'frob.t.sol', 'tune.sol', 'bite.sol']
2,['flop.sol', 'transferFrom.sol', 'heal.sol', 'heal.t.sol', 'drip.sol', 'frob.t.sol', 'tune.sol', 'bite.sol']
2,['flop.sol', 'transferFrom.sol', 'heal.sol', 'flap.sol', 'drip.sol', 'frob.t.sol', 'tune.sol', 'bite.sol']
3,['flop.sol', 'transferFrom.sol', 'drip.t.sol', 'heal.t.sol', 'flap.sol', 'drip.sol', 'frob.t.sol', 'tune.sol']
4,['flop.sol', 'transferFrom.sol', 'drip.t.sol', 'heal.t.sol', 'flap.sol', 'drip.sol', 'frob.t.sol', 'bite.sol']
3,['flop.sol', 'transferFrom.sol', 'drip.t.sol', 'heal.t.sol', 'flap.sol', 'drip.sol', 'tune.sol', 'bite.sol']
3,['flop.sol', 'transferFrom.sol', 'drip.t.sol', 'heal.t.sol', 'flap.sol', 'frob.t.sol', 'tune.sol', 'bite.sol']
2,['flop.sol', 'transferFrom.sol', 'drip.t.sol', 'heal.t.sol', 'drip.sol', 'frob.t.sol', 'tune.sol', 'bite.sol']
2,['flop.sol', 'transferFrom.sol', 'drip.t.sol', 'flap.sol', 'drip.sol', 'frob.t.sol', 'tune.sol', 'bite.sol']
2,['flop.sol', 'transferFrom.sol', 'heal.t.sol', 'flap.sol', 'drip.sol', 'frob.t.sol', 'tune.sol', 'bite.sol']
3,['flop.sol', 'frob.sol', 'flip.t.sol', 'flop.t.sol', 'flap.t.sol', 'heal.sol', 'drip.t.sol', 'heal.t.sol']
3,['flop.sol', 'frob.sol', 'flip.t.sol', 'flop.t.sol', 'flap.t.sol', 'heal.sol', 'drip.t.sol', 'flap.sol']
3,['flop.sol', 'frob.sol', 'flip.t.sol', 'flop.t.sol', 'flap.t.sol', 'heal.sol', 'drip.t.sol', 'drip.sol']
2,['flop.sol', 'frob.sol', 'flip.t.sol', 'flop.t.sol', 'flap.t.sol', 'heal.sol', 'drip.t.sol', 'frob.t.sol']
1,['flop.sol', 'frob.sol', 'flip.t.sol', 'flop.t.sol', 'flap.t.sol', 'heal.sol', 'drip.t.sol', 'tune.sol']
3,['flop.sol', 'frob.sol', 'flip.t.sol', 'flop.t.sol', 'flap.t.sol', 'heal.sol', 'drip.t.sol', 'bite.sol']
2,['flop.sol', 'frob.sol', 'flip.t.sol', 'flop.t.sol', 'flap.t.sol', 'heal.sol', 'heal.t.sol', 'flap.sol']
3,['flop.sol', 'frob.sol', 'flip.t.sol', 'flop.t.sol', 'flap.t.sol', 'heal.sol', 'heal.t.sol', 'drip.sol']
3,['flop.sol', 'frob.sol', 'flip.t.sol', 'flop.t.sol', 'flap.t.sol', 'heal.sol', 'heal.t.sol', 'frob.t.sol']
3,['flop.sol', 'frob.sol', 'flip.t.sol', 'flop.t.sol', 'flap.t.sol', 'heal.sol', 'heal.t.sol', 'tune.sol']
2,['flop.sol', 'frob.sol', 'flip.t.sol', 'flop.t.sol', 'flap.t.sol', 'heal.sol', 'heal.t.sol', 'bite.sol']
3,['flop.sol', 'frob.sol', 'flip.t.sol', 'flop.t.sol', 'flap.t.sol', 'heal.sol', 'flap.sol', 'drip.sol']
3,['flop.sol', 'frob.sol', 'flip.t.sol', 'flop.t.sol', 'flap.t.sol', 'heal.sol', 'flap.sol', 'frob.t.sol']
2,['flop.sol', 'frob.sol', 'flip.t.sol', 'flop.t.sol', 'flap.t.sol', 'heal.sol', 'flap.sol', 'tune.sol']
3,['flop.sol', 'frob.sol', 'flip.t.sol', 'flop.t.sol', 'flap.t.sol', 'heal.sol', 'flap.sol', 'bite.sol']
2,['flop.sol', 'frob.sol', 'flip.t.sol', 'flop.t.sol', 'flap.t.sol', 'heal.sol', 'drip.sol', 'frob.t.sol']
3,['flop.sol', 'frob.sol', 'flip.t.sol', 'flop.t.sol', 'flap.t.sol', 'heal.sol', 'drip.sol', 'tune.sol']
3,['flop.sol', 'frob.sol', 'flip.t.sol', 'flop.t.sol', 'flap.t.sol', 'heal.sol', 'drip.sol', 'bite.sol']
3,['flop.sol', 'frob.sol', 'flip.t.sol', 'flop.t.sol', 'flap.t.sol', 'heal.sol', 'frob.t.sol', 'tune.sol']
3,['flop.sol', 'frob.sol', 'flip.t.sol', 'flop.t.sol', 'flap.t.sol', 'heal.sol', 'frob.t.sol', 'bite.sol']
2,['flop.sol', 'frob.sol', 'flip.t.sol', 'flop.t.sol', 'flap.t.sol', 'heal.sol', 'tune.sol', 'bite.sol']
3,['flop.sol', 'frob.sol', 'flip.t.sol', 'flop.t.sol', 'flap.t.sol', 'drip.t.sol', 'heal.t.sol', 'flap.sol']
3,['flop.sol', 'frob.sol', 'flip.t.sol', 'flop.t.sol', 'flap.t.sol', 'drip.t.sol', 'heal.t.sol', 'drip.sol']
2,['flop.sol', 'frob.sol', 'flip.t.sol', 'flop.t.sol', 'flap.t.sol', 'drip.t.sol', 'heal.t.sol', 'frob.t.sol']
2,['flop.sol', 'frob.sol', 'flip.t.sol', 'flop.t.sol', 'flap.t.sol', 'drip.t.sol', 'heal.t.sol', 'tune.sol']
3,['flop.sol', 'frob.sol', 'flip.t.sol', 'flop.t.sol', 'flap.t.sol', 'drip.t.sol', 'heal.t.sol', 'bite.sol']
3,['flop.sol', 'frob.sol', 'flip.t.sol', 'flop.t.sol', 'flap.t.sol', 'drip.t.sol', 'flap.sol', 'drip.sol']
2,['flop.sol', 'frob.sol', 'flip.t.sol', 'flop.t.sol', 'flap.t.sol', 'drip.t.sol', 'flap.sol', 'frob.t.sol']
2,['flop.sol', 'frob.sol', 'flip.t.sol', 'flop.t.sol', 'flap.t.sol', 'drip.t.sol', 'flap.sol', 'tune.sol']
3,['flop.sol', 'frob.sol', 'flip.t.sol', 'flop.t.sol', 'flap.t.sol', 'drip.t.sol', 'flap.sol', 'bite.sol']
2,['flop.sol', 'frob.sol', 'flip.t.sol', 'flop.t.sol', 'flap.t.sol', 'drip.t.sol', 'drip.sol', 'frob.t.sol']
2,['flop.sol', 'frob.sol', 'flip.t.sol', 'flop.t.sol', 'flap.t.sol', 'drip.t.sol', 'drip.sol', 'tune.sol']
3,['flop.sol', 'frob.sol', 'flip.t.sol', 'flop.t.sol', 'flap.t.sol', 'drip.t.sol', 'drip.sol', 'bite.sol']
2,['flop.sol', 'frob.sol', 'flip.t.sol', 'flop.t.sol', 'flap.t.sol', 'drip.t.sol', 'frob.t.sol', 'tune.sol']
2,['flop.sol', 'frob.sol', 'flip.t.sol', 'flop.t.sol', 'flap.t.sol', 'drip.t.sol', 'frob.t.sol', 'bite.sol']
2,['flop.sol', 'frob.sol', 'flip.t.sol', 'flop.t.sol', 'flap.t.sol', 'drip.t.sol', 'tune.sol', 'bite.sol']
3,['flop.sol', 'frob.sol', 'flip.t.sol', 'flop.t.sol', 'flap.t.sol', 'heal.t.sol', 'flap.sol', 'drip.sol']
3,['flop.sol', 'frob.sol', 'flip.t.sol', 'flop.t.sol', 'flap.t.sol', 'heal.t.sol', 'flap.sol', 'frob.t.sol']
3,['flop.sol', 'frob.sol', 'flip.t.sol', 'flop.t.sol', 'flap.t.sol', 'heal.t.sol', 'flap.sol', 'tune.sol']
2,['flop.sol', 'frob.sol', 'flip.t.sol', 'flop.t.sol', 'flap.t.sol', 'heal.t.sol', 'flap.sol', 'bite.sol']
2,['flop.sol', 'frob.sol', 'flip.t.sol', 'flop.t.sol', 'flap.t.sol', 'heal.t.sol', 'drip.sol', 'frob.t.sol']
2,['flop.sol', 'frob.sol', 'flip.t.sol', 'flop.t.sol', 'flap.t.sol', 'heal.t.sol', 'drip.sol', 'tune.sol']
3,['flop.sol', 'frob.sol', 'flip.t.sol', 'flop.t.sol', 'flap.t.sol', 'heal.t.sol', 'drip.sol', 'bite.sol']
3,['flop.sol', 'frob.sol', 'flip.t.sol', 'flop.t.sol', 'flap.t.sol', 'heal.t.sol', 'frob.t.sol', 'tune.sol']
3,['flop.sol', 'frob.sol', 'flip.t.sol', 'flop.t.sol', 'flap.t.sol', 'heal.t.sol', 'frob.t.sol', 'bite.sol']
2,['flop.sol', 'frob.sol', 'flip.t.sol', 'flop.t.sol', 'flap.t.sol', 'heal.t.sol', 'tune.sol', 'bite.sol']
3,['flop.sol', 'frob.sol', 'flip.t.sol', 'flop.t.sol', 'flap.t.sol', 'flap.sol', 'drip.sol', 'frob.t.sol']
2,['flop.sol', 'frob.sol', 'flip.t.sol', 'flop.t.sol', 'flap.t.sol', 'flap.sol', 'drip.sol', 'tune.sol']
3,['flop.sol', 'frob.sol', 'flip.t.sol', 'flop.t.sol', 'flap.t.sol', 'flap.sol', 'drip.sol', 'bite.sol']
3,['flop.sol', 'frob.sol', 'flip.t.sol', 'flop.t.sol', 'flap.t.sol', 'flap.sol', 'frob.t.sol', 'tune.sol']
3,['flop.sol', 'frob.sol', 'flip.t.sol', 'flop.t.sol', 'flap.t.sol', 'flap.sol', 'frob.t.sol', 'bite.sol']
2,['flop.sol', 'frob.sol', 'flip.t.sol', 'flop.t.sol', 'flap.t.sol', 'flap.sol', 'tune.sol', 'bite.sol']
3,['flop.sol', 'frob.sol', 'flip.t.sol', 'flop.t.sol', 'flap.t.sol', 'drip.sol', 'frob.t.sol', 'tune.sol']
2,['flop.sol', 'frob.sol', 'flip.t.sol', 'flop.t.sol', 'flap.t.sol', 'drip.sol', 'frob.t.sol', 'bite.sol']
2,['flop.sol', 'frob.sol', 'flip.t.sol', 'flop.t.sol', 'flap.t.sol', 'drip.sol', 'tune.sol', 'bite.sol']
3,['flop.sol', 'frob.sol', 'flip.t.sol', 'flop.t.sol', 'flap.t.sol', 'frob.t.sol', 'tune.sol', 'bite.sol']
3,['flop.sol', 'frob.sol', 'flip.t.sol', 'flop.t.sol', 'heal.sol', 'drip.t.sol', 'heal.t.sol', 'flap.sol']
3,['flop.sol', 'frob.sol', 'flip.t.sol', 'flop.t.sol', 'heal.sol', 'drip.t.sol', 'heal.t.sol', 'drip.sol']
2,['flop.sol', 'frob.sol', 'flip.t.sol', 'flop.t.sol', 'heal.sol', 'drip.t.sol', 'heal.t.sol', 'frob.t.sol']
1,['flop.sol', 'frob.sol', 'flip.t.sol', 'flop.t.sol', 'heal.sol', 'drip.t.sol', 'heal.t.sol', 'tune.sol']
3,['flop.sol', 'frob.sol', 'flip.t.sol', 'flop.t.sol', 'heal.sol', 'drip.t.sol', 'heal.t.sol', 'bite.sol']
2,['flop.sol', 'frob.sol', 'flip.t.sol', 'flop.t.sol', 'heal.sol', 'drip.t.sol', 'flap.sol', 'drip.sol']
2,['flop.sol', 'frob.sol', 'flip.t.sol', 'flop.t.sol', 'heal.sol', 'drip.t.sol', 'flap.sol', 'frob.t.sol']
1,['flop.sol', 'frob.sol', 'flip.t.sol', 'flop.t.sol', 'heal.sol', 'drip.t.sol', 'flap.sol', 'tune.sol']
2,['flop.sol', 'frob.sol', 'flip.t.sol', 'flop.t.sol', 'heal.sol', 'drip.t.sol', 'flap.sol', 'bite.sol']
3,['flop.sol', 'frob.sol', 'flip.t.sol', 'flop.t.sol', 'heal.sol', 'drip.t.sol', 'drip.sol', 'frob.t.sol']
2,['flop.sol', 'frob.sol', 'flip.t.sol', 'flop.t.sol', 'heal.sol', 'drip.t.sol', 'drip.sol', 'tune.sol']
2,['flop.sol', 'frob.sol', 'flip.t.sol', 'flop.t.sol', 'heal.sol', 'drip.t.sol', 'drip.sol', 'bite.sol']
2,['flop.sol', 'frob.sol', 'flip.t.sol', 'flop.t.sol', 'heal.sol', 'drip.t.sol', 'frob.t.sol', 'tune.sol']
2,['flop.sol', 'frob.sol', 'flip.t.sol', 'flop.t.sol', 'heal.sol', 'drip.t.sol', 'frob.t.sol', 'bite.sol']
2,['flop.sol', 'frob.sol', 'flip.t.sol', 'flop.t.sol', 'heal.sol', 'drip.t.sol', 'tune.sol', 'bite.sol']
3,['flop.sol', 'frob.sol', 'flip.t.sol', 'flop.t.sol', 'heal.sol', 'heal.t.sol', 'flap.sol', 'drip.sol']
3,['flop.sol', 'frob.sol', 'flip.t.sol', 'flop.t.sol', 'heal.sol', 'heal.t.sol', 'flap.sol', 'frob.t.sol']
2,['flop.sol', 'frob.sol', 'flip.t.sol', 'flop.t.sol', 'heal.sol', 'heal.t.sol', 'flap.sol', 'tune.sol']
2,['flop.sol', 'frob.sol', 'flip.t.sol', 'flop.t.sol', 'heal.sol', 'heal.t.sol', 'flap.sol', 'bite.sol']
2,['flop.sol', 'frob.sol', 'flip.t.sol', 'flop.t.sol', 'heal.sol', 'heal.t.sol', 'drip.sol', 'frob.t.sol']
2,['flop.sol', 'frob.sol', 'flip.t.sol', 'flop.t.sol', 'heal.sol', 'heal.t.sol', 'drip.sol', 'tune.sol']
3,['flop.sol', 'frob.sol', 'flip.t.sol', 'flop.t.sol', 'heal.sol', 'heal.t.sol', 'drip.sol', 'bite.sol']
3,['flop.sol', 'frob.sol', 'flip.t.sol', 'flop.t.sol', 'heal.sol', 'heal.t.sol', 'frob.t.sol', 'tune.sol']
3,['flop.sol', 'frob.sol', 'flip.t.sol', 'flop.t.sol', 'heal.sol', 'heal.t.sol', 'frob.t.sol', 'bite.sol']
2,['flop.sol', 'frob.sol', 'flip.t.sol', 'flop.t.sol', 'heal.sol', 'heal.t.sol', 'tune.sol', 'bite.sol']
2,['flop.sol', 'frob.sol', 'flip.t.sol', 'flop.t.sol', 'heal.sol', 'flap.sol', 'drip.sol', 'frob.t.sol']
2,['flop.sol', 'frob.sol', 'flip.t.sol', 'flop.t.sol', 'heal.sol', 'flap.sol', 'drip.sol', 'tune.sol']
2,['flop.sol', 'frob.sol', 'flip.t.sol', 'flop.t.sol', 'heal.sol', 'flap.sol', 'drip.sol', 'bite.sol']
3,['flop.sol', 'frob.sol', 'flip.t.sol', 'flop.t.sol', 'heal.sol', 'flap.sol', 'frob.t.sol', 'tune.sol']
3,['flop.sol', 'frob.sol', 'flip.t.sol', 'flop.t.sol', 'heal.sol', 'flap.sol', 'frob.t.sol', 'bite.sol']
2,['flop.sol', 'frob.sol', 'flip.t.sol', 'flop.t.sol', 'heal.sol', 'flap.sol', 'tune.sol', 'bite.sol']
2,['flop.sol', 'frob.sol', 'flip.t.sol', 'flop.t.sol', 'heal.sol', 'drip.sol', 'frob.t.sol', 'tune.sol']
2,['flop.sol', 'frob.sol', 'flip.t.sol', 'flop.t.sol', 'heal.sol', 'drip.sol', 'frob.t.sol', 'bite.sol']
2,['flop.sol', 'frob.sol', 'flip.t.sol', 'flop.t.sol', 'heal.sol', 'drip.sol', 'tune.sol', 'bite.sol']
3,['flop.sol', 'frob.sol', 'flip.t.sol', 'flop.t.sol', 'heal.sol', 'frob.t.sol', 'tune.sol', 'bite.sol']
3,['flop.sol', 'frob.sol', 'flip.t.sol', 'flop.t.sol', 'drip.t.sol', 'heal.t.sol', 'flap.sol', 'drip.sol']
2,['flop.sol', 'frob.sol', 'flip.t.sol', 'flop.t.sol', 'drip.t.sol', 'heal.t.sol', 'flap.sol', 'frob.t.sol']
2,['flop.sol', 'frob.sol', 'flip.t.sol', 'flop.t.sol', 'drip.t.sol', 'heal.t.sol', 'flap.sol', 'tune.sol']
3,['flop.sol', 'frob.sol', 'flip.t.sol', 'flop.t.sol', 'drip.t.sol', 'heal.t.sol', 'flap.sol', 'bite.sol']
2,['flop.sol', 'frob.sol', 'flip.t.sol', 'flop.t.sol', 'drip.t.sol', 'heal.t.sol', 'drip.sol', 'frob.t.sol']
2,['flop.sol', 'frob.sol', 'flip.t.sol', 'flop.t.sol', 'drip.t.sol', 'heal.t.sol', 'drip.sol', 'tune.sol']
3,['flop.sol', 'frob.sol', 'flip.t.sol', 'flop.t.sol', 'drip.t.sol', 'heal.t.sol', 'drip.sol', 'bite.sol']
2,['flop.sol', 'frob.sol', 'flip.t.sol', 'flop.t.sol', 'drip.t.sol', 'heal.t.sol', 'frob.t.sol', 'tune.sol']
2,['flop.sol', 'frob.sol', 'flip.t.sol', 'flop.t.sol', 'drip.t.sol', 'heal.t.sol', 'frob.t.sol', 'bite.sol']
2,['flop.sol', 'frob.sol', 'flip.t.sol', 'flop.t.sol', 'drip.t.sol', 'heal.t.sol', 'tune.sol', 'bite.sol']
2,['flop.sol', 'frob.sol', 'flip.t.sol', 'flop.t.sol', 'drip.t.sol', 'flap.sol', 'drip.sol', 'frob.t.sol']
2,['flop.sol', 'frob.sol', 'flip.t.sol', 'flop.t.sol', 'drip.t.sol', 'flap.sol', 'drip.sol', 'tune.sol']
3,['flop.sol', 'frob.sol', 'flip.t.sol', 'flop.t.sol', 'drip.t.sol', 'flap.sol', 'drip.sol', 'bite.sol']
2,['flop.sol', 'frob.sol', 'flip.t.sol', 'flop.t.sol', 'drip.t.sol', 'flap.sol', 'frob.t.sol', 'tune.sol']
2,['flop.sol', 'frob.sol', 'flip.t.sol', 'flop.t.sol', 'drip.t.sol', 'flap.sol', 'frob.t.sol', 'bite.sol']
2,['flop.sol', 'frob.sol', 'flip.t.sol', 'flop.t.sol', 'drip.t.sol', 'flap.sol', 'tune.sol', 'bite.sol']
2,['flop.sol', 'frob.sol', 'flip.t.sol', 'flop.t.sol', 'drip.t.sol', 'drip.sol', 'frob.t.sol', 'tune.sol']
3,['flop.sol', 'frob.sol', 'flip.t.sol', 'flop.t.sol', 'drip.t.sol', 'drip.sol', 'frob.t.sol', 'bite.sol']
2,['flop.sol', 'frob.sol', 'flip.t.sol', 'flop.t.sol', 'drip.t.sol', 'drip.sol', 'tune.sol', 'bite.sol']
2,['flop.sol', 'frob.sol', 'flip.t.sol', 'flop.t.sol', 'drip.t.sol', 'frob.t.sol', 'tune.sol', 'bite.sol']
2,['flop.sol', 'frob.sol', 'flip.t.sol', 'flop.t.sol', 'heal.t.sol', 'flap.sol', 'drip.sol', 'frob.t.sol']
2,['flop.sol', 'frob.sol', 'flip.t.sol', 'flop.t.sol', 'heal.t.sol', 'flap.sol', 'drip.sol', 'tune.sol']
3,['flop.sol', 'frob.sol', 'flip.t.sol', 'flop.t.sol', 'heal.t.sol', 'flap.sol', 'drip.sol', 'bite.sol']
3,['flop.sol', 'frob.sol', 'flip.t.sol', 'flop.t.sol', 'heal.t.sol', 'flap.sol', 'frob.t.sol', 'tune.sol']
3,['flop.sol', 'frob.sol', 'flip.t.sol', 'flop.t.sol', 'heal.t.sol', 'flap.sol', 'frob.t.sol', 'bite.sol']
2,['flop.sol', 'frob.sol', 'flip.t.sol', 'flop.t.sol', 'heal.t.sol', 'flap.sol', 'tune.sol', 'bite.sol']
2,['flop.sol', 'frob.sol', 'flip.t.sol', 'flop.t.sol', 'heal.t.sol', 'drip.sol', 'frob.t.sol', 'tune.sol']
2,['flop.sol', 'frob.sol', 'flip.t.sol', 'flop.t.sol', 'heal.t.sol', 'drip.sol', 'frob.t.sol', 'bite.sol']
2,['flop.sol', 'frob.sol', 'flip.t.sol', 'flop.t.sol', 'heal.t.sol', 'drip.sol', 'tune.sol', 'bite.sol']
3,['flop.sol', 'frob.sol', 'flip.t.sol', 'flop.t.sol', 'heal.t.sol', 'frob.t.sol', 'tune.sol', 'bite.sol']
3,['flop.sol', 'frob.sol', 'flip.t.sol', 'flop.t.sol', 'flap.sol', 'drip.sol', 'frob.t.sol', 'tune.sol']
2,['flop.sol', 'frob.sol', 'flip.t.sol', 'flop.t.sol', 'flap.sol', 'drip.sol', 'frob.t.sol', 'bite.sol']
2,['flop.sol', 'frob.sol', 'flip.t.sol', 'flop.t.sol', 'flap.sol', 'drip.sol', 'tune.sol', 'bite.sol']
3,['flop.sol', 'frob.sol', 'flip.t.sol', 'flop.t.sol', 'flap.sol', 'frob.t.sol', 'tune.sol', 'bite.sol']
2,['flop.sol', 'frob.sol', 'flip.t.sol', 'flop.t.sol', 'drip.sol', 'frob.t.sol', 'tune.sol', 'bite.sol']
3,['flop.sol', 'frob.sol', 'flip.t.sol', 'flap.t.sol', 'heal.sol', 'drip.t.sol', 'heal.t.sol', 'flap.sol']
3,['flop.sol', 'frob.sol', 'flip.t.sol', 'flap.t.sol', 'heal.sol', 'drip.t.sol', 'heal.t.sol', 'drip.sol']
2,['flop.sol', 'frob.sol', 'flip.t.sol', 'flap.t.sol', 'heal.sol', 'drip.t.sol', 'heal.t.sol', 'frob.t.sol']
1,['flop.sol', 'frob.sol', 'flip.t.sol', 'flap.t.sol', 'heal.sol', 'drip.t.sol', 'heal.t.sol', 'tune.sol']
3,['flop.sol', 'frob.sol', 'flip.t.sol', 'flap.t.sol', 'heal.sol', 'drip.t.sol', 'heal.t.sol', 'bite.sol']
2,['flop.sol', 'frob.sol', 'flip.t.sol', 'flap.t.sol', 'heal.sol', 'drip.t.sol', 'flap.sol', 'drip.sol']
2,['flop.sol', 'frob.sol', 'flip.t.sol', 'flap.t.sol', 'heal.sol', 'drip.t.sol', 'flap.sol', 'frob.t.sol']
2,['flop.sol', 'frob.sol', 'flip.t.sol', 'flap.t.sol', 'heal.sol', 'drip.t.sol', 'flap.sol', 'tune.sol']
2,['flop.sol', 'frob.sol', 'flip.t.sol', 'flap.t.sol', 'heal.sol', 'drip.t.sol', 'flap.sol', 'bite.sol']
3,['flop.sol', 'frob.sol', 'flip.t.sol', 'flap.t.sol', 'heal.sol', 'drip.t.sol', 'drip.sol', 'frob.t.sol']
2,['flop.sol', 'frob.sol', 'flip.t.sol', 'flap.t.sol', 'heal.sol', 'drip.t.sol', 'drip.sol', 'tune.sol']
2,['flop.sol', 'frob.sol', 'flip.t.sol', 'flap.t.sol', 'heal.sol', 'drip.t.sol', 'drip.sol', 'bite.sol']
2,['flop.sol', 'frob.sol', 'flip.t.sol', 'flap.t.sol', 'heal.sol', 'drip.t.sol', 'frob.t.sol', 'tune.sol']
2,['flop.sol', 'frob.sol', 'flip.t.sol', 'flap.t.sol', 'heal.sol', 'drip.t.sol', 'frob.t.sol', 'bite.sol']
2,['flop.sol', 'frob.sol', 'flip.t.sol', 'flap.t.sol', 'heal.sol', 'drip.t.sol', 'tune.sol', 'bite.sol']
3,['flop.sol', 'frob.sol', 'flip.t.sol', 'flap.t.sol', 'heal.sol', 'heal.t.sol', 'flap.sol', 'drip.sol']
3,['flop.sol', 'frob.sol', 'flip.t.sol', 'flap.t.sol', 'heal.sol', 'heal.t.sol', 'flap.sol', 'frob.t.sol']
2,['flop.sol', 'frob.sol', 'flip.t.sol', 'flap.t.sol', 'heal.sol', 'heal.t.sol', 'flap.sol', 'tune.sol']
2,['flop.sol', 'frob.sol', 'flip.t.sol', 'flap.t.sol', 'heal.sol', 'heal.t.sol', 'flap.sol', 'bite.sol']
2,['flop.sol', 'frob.sol', 'flip.t.sol', 'flap.t.sol', 'heal.sol', 'heal.t.sol', 'drip.sol', 'frob.t.sol']
2,['flop.sol', 'frob.sol', 'flip.t.sol', 'flap.t.sol', 'heal.sol', 'heal.t.sol', 'drip.sol', 'tune.sol']
3,['flop.sol', 'frob.sol', 'flip.t.sol', 'flap.t.sol', 'heal.sol', 'heal.t.sol', 'drip.sol', 'bite.sol']
3,['flop.sol', 'frob.sol', 'flip.t.sol', 'flap.t.sol', 'heal.sol', 'heal.t.sol', 'frob.t.sol', 'tune.sol']
3,['flop.sol', 'frob.sol', 'flip.t.sol', 'flap.t.sol', 'heal.sol', 'heal.t.sol', 'frob.t.sol', 'bite.sol']
2,['flop.sol', 'frob.sol', 'flip.t.sol', 'flap.t.sol', 'heal.sol', 'heal.t.sol', 'tune.sol', 'bite.sol']
2,['flop.sol', 'frob.sol', 'flip.t.sol', 'flap.t.sol', 'heal.sol', 'flap.sol', 'drip.sol', 'frob.t.sol']
2,['flop.sol', 'frob.sol', 'flip.t.sol', 'flap.t.sol', 'heal.sol', 'flap.sol', 'drip.sol', 'tune.sol']
3,['flop.sol', 'frob.sol', 'flip.t.sol', 'flap.t.sol', 'heal.sol', 'flap.sol', 'drip.sol', 'bite.sol']
3,['flop.sol', 'frob.sol', 'flip.t.sol', 'flap.t.sol', 'heal.sol', 'flap.sol', 'frob.t.sol', 'tune.sol']
3,['flop.sol', 'frob.sol', 'flip.t.sol', 'flap.t.sol', 'heal.sol', 'flap.sol', 'frob.t.sol', 'bite.sol']
2,['flop.sol', 'frob.sol', 'flip.t.sol', 'flap.t.sol', 'heal.sol', 'flap.sol', 'tune.sol', 'bite.sol']
2,['flop.sol', 'frob.sol', 'flip.t.sol', 'flap.t.sol', 'heal.sol', 'drip.sol', 'frob.t.sol', 'tune.sol']
2,['flop.sol', 'frob.sol', 'flip.t.sol', 'flap.t.sol', 'heal.sol', 'drip.sol', 'frob.t.sol', 'bite.sol']
2,['flop.sol', 'frob.sol', 'flip.t.sol', 'flap.t.sol', 'heal.sol', 'drip.sol', 'tune.sol', 'bite.sol']
3,['flop.sol', 'frob.sol', 'flip.t.sol', 'flap.t.sol', 'heal.sol', 'frob.t.sol', 'tune.sol', 'bite.sol']
3,['flop.sol', 'frob.sol', 'flip.t.sol', 'flap.t.sol', 'drip.t.sol', 'heal.t.sol', 'flap.sol', 'drip.sol']
2,['flop.sol', 'frob.sol', 'flip.t.sol', 'flap.t.sol', 'drip.t.sol', 'heal.t.sol', 'flap.sol', 'frob.t.sol']
2,['flop.sol', 'frob.sol', 'flip.t.sol', 'flap.t.sol', 'drip.t.sol', 'heal.t.sol', 'flap.sol', 'tune.sol']
3,['flop.sol', 'frob.sol', 'flip.t.sol', 'flap.t.sol', 'drip.t.sol', 'heal.t.sol', 'flap.sol', 'bite.sol']
2,['flop.sol', 'frob.sol', 'flip.t.sol', 'flap.t.sol', 'drip.t.sol', 'heal.t.sol', 'drip.sol', 'frob.t.sol']
2,['flop.sol', 'frob.sol', 'flip.t.sol', 'flap.t.sol', 'drip.t.sol', 'heal.t.sol', 'drip.sol', 'tune.sol']
3,['flop.sol', 'frob.sol', 'flip.t.sol', 'flap.t.sol', 'drip.t.sol', 'heal.t.sol', 'drip.sol', 'bite.sol']
2,['flop.sol', 'frob.sol', 'flip.t.sol', 'flap.t.sol', 'drip.t.sol', 'heal.t.sol', 'frob.t.sol', 'tune.sol']
2,['flop.sol', 'frob.sol', 'flip.t.sol', 'flap.t.sol', 'drip.t.sol', 'heal.t.sol', 'frob.t.sol', 'bite.sol']
2,['flop.sol', 'frob.sol', 'flip.t.sol', 'flap.t.sol', 'drip.t.sol', 'heal.t.sol', 'tune.sol', 'bite.sol']
2,['flop.sol', 'frob.sol', 'flip.t.sol', 'flap.t.sol', 'drip.t.sol', 'flap.sol', 'drip.sol', 'frob.t.sol']
2,['flop.sol', 'frob.sol', 'flip.t.sol', 'flap.t.sol', 'drip.t.sol', 'flap.sol', 'drip.sol', 'tune.sol']
2,['flop.sol', 'frob.sol', 'flip.t.sol', 'flap.t.sol', 'drip.t.sol', 'flap.sol', 'drip.sol', 'bite.sol']
2,['flop.sol', 'frob.sol', 'flip.t.sol', 'flap.t.sol', 'drip.t.sol', 'flap.sol', 'frob.t.sol', 'tune.sol']
2,['flop.sol', 'frob.sol', 'flip.t.sol', 'flap.t.sol', 'drip.t.sol', 'flap.sol', 'frob.t.sol', 'bite.sol']
2,['flop.sol', 'frob.sol', 'flip.t.sol', 'flap.t.sol', 'drip.t.sol', 'flap.sol', 'tune.sol', 'bite.sol']
2,['flop.sol', 'frob.sol', 'flip.t.sol', 'flap.t.sol', 'drip.t.sol', 'drip.sol', 'frob.t.sol', 'tune.sol']
2,['flop.sol', 'frob.sol', 'flip.t.sol', 'flap.t.sol', 'drip.t.sol', 'drip.sol', 'frob.t.sol', 'bite.sol']
2,['flop.sol', 'frob.sol', 'flip.t.sol', 'flap.t.sol', 'drip.t.sol', 'drip.sol', 'tune.sol', 'bite.sol']
2,['flop.sol', 'frob.sol', 'flip.t.sol', 'flap.t.sol', 'drip.t.sol', 'frob.t.sol', 'tune.sol', 'bite.sol']
2,['flop.sol', 'frob.sol', 'flip.t.sol', 'flap.t.sol', 'heal.t.sol', 'flap.sol', 'drip.sol', 'frob.t.sol']
2,['flop.sol', 'frob.sol', 'flip.t.sol', 'flap.t.sol', 'heal.t.sol', 'flap.sol', 'drip.sol', 'tune.sol']
3,['flop.sol', 'frob.sol', 'flip.t.sol', 'flap.t.sol', 'heal.t.sol', 'flap.sol', 'drip.sol', 'bite.sol']
3,['flop.sol', 'frob.sol', 'flip.t.sol', 'flap.t.sol', 'heal.t.sol', 'flap.sol', 'frob.t.sol', 'tune.sol']
3,['flop.sol', 'frob.sol', 'flip.t.sol', 'flap.t.sol', 'heal.t.sol', 'flap.sol', 'frob.t.sol', 'bite.sol']
2,['flop.sol', 'frob.sol', 'flip.t.sol', 'flap.t.sol', 'heal.t.sol', 'flap.sol', 'tune.sol', 'bite.sol']
2,['flop.sol', 'frob.sol', 'flip.t.sol', 'flap.t.sol', 'heal.t.sol', 'drip.sol', 'frob.t.sol', 'tune.sol']
2,['flop.sol', 'frob.sol', 'flip.t.sol', 'flap.t.sol', 'heal.t.sol', 'drip.sol', 'frob.t.sol', 'bite.sol']
2,['flop.sol', 'frob.sol', 'flip.t.sol', 'flap.t.sol', 'heal.t.sol', 'drip.sol', 'tune.sol', 'bite.sol']
3,['flop.sol', 'frob.sol', 'flip.t.sol', 'flap.t.sol', 'heal.t.sol', 'frob.t.sol', 'tune.sol', 'bite.sol']
3,['flop.sol', 'frob.sol', 'flip.t.sol', 'flap.t.sol', 'flap.sol', 'drip.sol', 'frob.t.sol', 'tune.sol']
2,['flop.sol', 'frob.sol', 'flip.t.sol', 'flap.t.sol', 'flap.sol', 'drip.sol', 'frob.t.sol', 'bite.sol']
2,['flop.sol', 'frob.sol', 'flip.t.sol', 'flap.t.sol', 'flap.sol', 'drip.sol', 'tune.sol', 'bite.sol']
2,['flop.sol', 'frob.sol', 'flip.t.sol', 'flap.t.sol', 'flap.sol', 'frob.t.sol', 'tune.sol', 'bite.sol']
2,['flop.sol', 'frob.sol', 'flip.t.sol', 'flap.t.sol', 'drip.sol', 'frob.t.sol', 'tune.sol', 'bite.sol']
2,['flop.sol', 'frob.sol', 'flip.t.sol', 'heal.sol', 'drip.t.sol', 'heal.t.sol', 'flap.sol', 'drip.sol']
2,['flop.sol', 'frob.sol', 'flip.t.sol', 'heal.sol', 'drip.t.sol', 'heal.t.sol', 'flap.sol', 'frob.t.sol']
2,['flop.sol', 'frob.sol', 'flip.t.sol', 'heal.sol', 'drip.t.sol', 'heal.t.sol', 'flap.sol', 'tune.sol']
2,['flop.sol', 'frob.sol', 'flip.t.sol', 'heal.sol', 'drip.t.sol', 'heal.t.sol', 'flap.sol', 'bite.sol']
2,['flop.sol', 'frob.sol', 'flip.t.sol', 'heal.sol', 'drip.t.sol', 'heal.t.sol', 'drip.sol', 'frob.t.sol']
2,['flop.sol', 'frob.sol', 'flip.t.sol', 'heal.sol', 'drip.t.sol', 'heal.t.sol', 'drip.sol', 'tune.sol']
5,['flop.sol', 'frob.sol', 'flip.t.sol', 'heal.sol', 'drip.t.sol', 'heal.t.sol', 'drip.sol', 'bite.sol']
2,['flop.sol', 'frob.sol', 'flip.t.sol', 'heal.sol', 'drip.t.sol', 'heal.t.sol', 'frob.t.sol', 'tune.sol']
2,['flop.sol', 'frob.sol', 'flip.t.sol', 'heal.sol', 'drip.t.sol', 'heal.t.sol', 'frob.t.sol', 'bite.sol']
2,['flop.sol', 'frob.sol', 'flip.t.sol', 'heal.sol', 'drip.t.sol', 'heal.t.sol', 'tune.sol', 'bite.sol']
4,['flop.sol', 'frob.sol', 'flip.t.sol', 'heal.sol', 'drip.t.sol', 'flap.sol', 'drip.sol', 'frob.t.sol']
2,['flop.sol', 'frob.sol', 'flip.t.sol', 'heal.sol', 'drip.t.sol', 'flap.sol', 'drip.sol', 'tune.sol']
2,['flop.sol', 'frob.sol', 'flip.t.sol', 'heal.sol', 'drip.t.sol', 'flap.sol', 'drip.sol', 'bite.sol']
2,['flop.sol', 'frob.sol', 'flip.t.sol', 'heal.sol', 'drip.t.sol', 'flap.sol', 'frob.t.sol', 'tune.sol']
5,['flop.sol', 'frob.sol', 'flip.t.sol', 'heal.sol', 'drip.t.sol', 'flap.sol', 'frob.t.sol', 'bite.sol']
2,['flop.sol', 'frob.sol', 'flip.t.sol', 'heal.sol', 'drip.t.sol', 'flap.sol', 'tune.sol', 'bite.sol']
4,['flop.sol', 'frob.sol', 'flip.t.sol', 'heal.sol', 'drip.t.sol', 'drip.sol', 'frob.t.sol', 'tune.sol']
5,['flop.sol', 'frob.sol', 'flip.t.sol', 'heal.sol', 'drip.t.sol', 'drip.sol', 'frob.t.sol', 'bite.sol']
2,['flop.sol', 'frob.sol', 'flip.t.sol', 'heal.sol', 'drip.t.sol', 'drip.sol', 'tune.sol', 'bite.sol']
4,['flop.sol', 'frob.sol', 'flip.t.sol', 'heal.sol', 'drip.t.sol', 'frob.t.sol', 'tune.sol', 'bite.sol']
2,['flop.sol', 'frob.sol', 'flip.t.sol', 'heal.sol', 'heal.t.sol', 'flap.sol', 'drip.sol', 'frob.t.sol']
2,['flop.sol', 'frob.sol', 'flip.t.sol', 'heal.sol', 'heal.t.sol', 'flap.sol', 'drip.sol', 'tune.sol']
2,['flop.sol', 'frob.sol', 'flip.t.sol', 'heal.sol', 'heal.t.sol', 'flap.sol', 'drip.sol', 'bite.sol']
3,['flop.sol', 'frob.sol', 'flip.t.sol', 'heal.sol', 'heal.t.sol', 'flap.sol', 'frob.t.sol', 'tune.sol']
3,['flop.sol', 'frob.sol', 'flip.t.sol', 'heal.sol', 'heal.t.sol', 'flap.sol', 'frob.t.sol', 'bite.sol']
2,['flop.sol', 'frob.sol', 'flip.t.sol', 'heal.sol', 'heal.t.sol', 'flap.sol', 'tune.sol', 'bite.sol']
2,['flop.sol', 'frob.sol', 'flip.t.sol', 'heal.sol', 'heal.t.sol', 'drip.sol', 'frob.t.sol', 'tune.sol']
2,['flop.sol', 'frob.sol', 'flip.t.sol', 'heal.sol', 'heal.t.sol', 'drip.sol', 'frob.t.sol', 'bite.sol']
2,['flop.sol', 'frob.sol', 'flip.t.sol', 'heal.sol', 'heal.t.sol', 'drip.sol', 'tune.sol', 'bite.sol']
3,['flop.sol', 'frob.sol', 'flip.t.sol', 'heal.sol', 'heal.t.sol', 'frob.t.sol', 'tune.sol', 'bite.sol']
2,['flop.sol', 'frob.sol', 'flip.t.sol', 'heal.sol', 'flap.sol', 'drip.sol', 'frob.t.sol', 'tune.sol']
3,['flop.sol', 'frob.sol', 'flip.t.sol', 'heal.sol', 'flap.sol', 'drip.sol', 'frob.t.sol', 'bite.sol']
2,['flop.sol', 'frob.sol', 'flip.t.sol', 'heal.sol', 'flap.sol', 'drip.sol', 'tune.sol', 'bite.sol']
2,['flop.sol', 'frob.sol', 'flip.t.sol', 'heal.sol', 'flap.sol', 'frob.t.sol', 'tune.sol', 'bite.sol']
2,['flop.sol', 'frob.sol', 'flip.t.sol', 'heal.sol', 'drip.sol', 'frob.t.sol', 'tune.sol', 'bite.sol']
2,['flop.sol', 'frob.sol', 'flip.t.sol', 'drip.t.sol', 'heal.t.sol', 'flap.sol', 'drip.sol', 'frob.t.sol']
2,['flop.sol', 'frob.sol', 'flip.t.sol', 'drip.t.sol', 'heal.t.sol', 'flap.sol', 'drip.sol', 'tune.sol']
2,['flop.sol', 'frob.sol', 'flip.t.sol', 'drip.t.sol', 'heal.t.sol', 'flap.sol', 'drip.sol', 'bite.sol']
2,['flop.sol', 'frob.sol', 'flip.t.sol', 'drip.t.sol', 'heal.t.sol', 'flap.sol', 'frob.t.sol', 'tune.sol']
2,['flop.sol', 'frob.sol', 'flip.t.sol', 'drip.t.sol', 'heal.t.sol', 'flap.sol', 'frob.t.sol', 'bite.sol']
2,['flop.sol', 'frob.sol', 'flip.t.sol', 'drip.t.sol', 'heal.t.sol', 'flap.sol', 'tune.sol', 'bite.sol']
2,['flop.sol', 'frob.sol', 'flip.t.sol', 'drip.t.sol', 'heal.t.sol', 'drip.sol', 'frob.t.sol', 'tune.sol']
2,['flop.sol', 'frob.sol', 'flip.t.sol', 'drip.t.sol', 'heal.t.sol', 'drip.sol', 'frob.t.sol', 'bite.sol']
2,['flop.sol', 'frob.sol', 'flip.t.sol', 'drip.t.sol', 'heal.t.sol', 'drip.sol', 'tune.sol', 'bite.sol']
2,['flop.sol', 'frob.sol', 'flip.t.sol', 'drip.t.sol', 'heal.t.sol', 'frob.t.sol', 'tune.sol', 'bite.sol']
2,['flop.sol', 'frob.sol', 'flip.t.sol', 'drip.t.sol', 'flap.sol', 'drip.sol', 'frob.t.sol', 'tune.sol']
5,['flop.sol', 'frob.sol', 'flip.t.sol', 'drip.t.sol', 'flap.sol', 'drip.sol', 'frob.t.sol', 'bite.sol']
2,['flop.sol', 'frob.sol', 'flip.t.sol', 'drip.t.sol', 'flap.sol', 'drip.sol', 'tune.sol', 'bite.sol']
2,['flop.sol', 'frob.sol', 'flip.t.sol', 'drip.t.sol', 'flap.sol', 'frob.t.sol', 'tune.sol', 'bite.sol']
4,['flop.sol', 'frob.sol', 'flip.t.sol', 'drip.t.sol', 'drip.sol', 'frob.t.sol', 'tune.sol', 'bite.sol']
2,['flop.sol', 'frob.sol', 'flip.t.sol', 'heal.t.sol', 'flap.sol', 'drip.sol', 'frob.t.sol', 'tune.sol']
2,['flop.sol', 'frob.sol', 'flip.t.sol', 'heal.t.sol', 'flap.sol', 'drip.sol', 'frob.t.sol', 'bite.sol']
2,['flop.sol', 'frob.sol', 'flip.t.sol', 'heal.t.sol', 'flap.sol', 'drip.sol', 'tune.sol', 'bite.sol']
3,['flop.sol', 'frob.sol', 'flip.t.sol', 'heal.t.sol', 'flap.sol', 'frob.t.sol', 'tune.sol', 'bite.sol']
2,['flop.sol', 'frob.sol', 'flip.t.sol', 'heal.t.sol', 'drip.sol', 'frob.t.sol', 'tune.sol', 'bite.sol']
2,['flop.sol', 'frob.sol', 'flip.t.sol', 'flap.sol', 'drip.sol', 'frob.t.sol', 'tune.sol', 'bite.sol']
3,['flop.sol', 'frob.sol', 'flop.t.sol', 'flap.t.sol', 'heal.sol', 'drip.t.sol', 'heal.t.sol', 'flap.sol']
4,['flop.sol', 'frob.sol', 'flop.t.sol', 'flap.t.sol', 'heal.sol', 'drip.t.sol', 'heal.t.sol', 'drip.sol']
2,['flop.sol', 'frob.sol', 'flop.t.sol', 'flap.t.sol', 'heal.sol', 'drip.t.sol', 'heal.t.sol', 'frob.t.sol']
3,['flop.sol', 'frob.sol', 'flop.t.sol', 'flap.t.sol', 'heal.sol', 'drip.t.sol', 'heal.t.sol', 'tune.sol']
3,['flop.sol', 'frob.sol', 'flop.t.sol', 'flap.t.sol', 'heal.sol', 'drip.t.sol', 'heal.t.sol', 'bite.sol']
3,['flop.sol', 'frob.sol', 'flop.t.sol', 'flap.t.sol', 'heal.sol', 'drip.t.sol', 'flap.sol', 'drip.sol']
3,['flop.sol', 'frob.sol', 'flop.t.sol', 'flap.t.sol', 'heal.sol', 'drip.t.sol', 'flap.sol', 'frob.t.sol']
2,['flop.sol', 'frob.sol', 'flop.t.sol', 'flap.t.sol', 'heal.sol', 'drip.t.sol', 'flap.sol', 'tune.sol']
3,['flop.sol', 'frob.sol', 'flop.t.sol', 'flap.t.sol', 'heal.sol', 'drip.t.sol', 'flap.sol', 'bite.sol']
4,['flop.sol', 'frob.sol', 'flop.t.sol', 'flap.t.sol', 'heal.sol', 'drip.t.sol', 'drip.sol', 'frob.t.sol']
2,['flop.sol', 'frob.sol', 'flop.t.sol', 'flap.t.sol', 'heal.sol', 'drip.t.sol', 'drip.sol', 'tune.sol']
2,['flop.sol', 'frob.sol', 'flop.t.sol', 'flap.t.sol', 'heal.sol', 'drip.t.sol', 'drip.sol', 'bite.sol']
2,['flop.sol', 'frob.sol', 'flop.t.sol', 'flap.t.sol', 'heal.sol', 'drip.t.sol', 'frob.t.sol', 'tune.sol']
3,['flop.sol', 'frob.sol', 'flop.t.sol', 'flap.t.sol', 'heal.sol', 'drip.t.sol', 'frob.t.sol', 'bite.sol']
2,['flop.sol', 'frob.sol', 'flop.t.sol', 'flap.t.sol', 'heal.sol', 'drip.t.sol', 'tune.sol', 'bite.sol']
3,['flop.sol', 'frob.sol', 'flop.t.sol', 'flap.t.sol', 'heal.sol', 'heal.t.sol', 'flap.sol', 'drip.sol']
3,['flop.sol', 'frob.sol', 'flop.t.sol', 'flap.t.sol', 'heal.sol', 'heal.t.sol', 'flap.sol', 'frob.t.sol']
3,['flop.sol', 'frob.sol', 'flop.t.sol', 'flap.t.sol', 'heal.sol', 'heal.t.sol', 'flap.sol', 'tune.sol']
4,['flop.sol', 'frob.sol', 'flop.t.sol', 'flap.t.sol', 'heal.sol', 'heal.t.sol', 'flap.sol', 'bite.sol']
2,['flop.sol', 'frob.sol', 'flop.t.sol', 'flap.t.sol', 'heal.sol', 'heal.t.sol', 'drip.sol', 'frob.t.sol']
2,['flop.sol', 'frob.sol', 'flop.t.sol', 'flap.t.sol', 'heal.sol', 'heal.t.sol', 'drip.sol', 'tune.sol']
3,['flop.sol', 'frob.sol', 'flop.t.sol', 'flap.t.sol', 'heal.sol', 'heal.t.sol', 'drip.sol', 'bite.sol']
3,['flop.sol', 'frob.sol', 'flop.t.sol', 'flap.t.sol', 'heal.sol', 'heal.t.sol', 'frob.t.sol', 'tune.sol']
3,['flop.sol', 'frob.sol', 'flop.t.sol', 'flap.t.sol', 'heal.sol', 'heal.t.sol', 'frob.t.sol', 'bite.sol']
3,['flop.sol', 'frob.sol', 'flop.t.sol', 'flap.t.sol', 'heal.sol', 'heal.t.sol', 'tune.sol', 'bite.sol']
3,['flop.sol', 'frob.sol', 'flop.t.sol', 'flap.t.sol', 'heal.sol', 'flap.sol', 'drip.sol', 'frob.t.sol']
2,['flop.sol', 'frob.sol', 'flop.t.sol', 'flap.t.sol', 'heal.sol', 'flap.sol', 'drip.sol', 'tune.sol']
3,['flop.sol', 'frob.sol', 'flop.t.sol', 'flap.t.sol', 'heal.sol', 'flap.sol', 'drip.sol', 'bite.sol']
3,['flop.sol', 'frob.sol', 'flop.t.sol', 'flap.t.sol', 'heal.sol', 'flap.sol', 'frob.t.sol', 'tune.sol']
4,['flop.sol', 'frob.sol', 'flop.t.sol', 'flap.t.sol', 'heal.sol', 'flap.sol', 'frob.t.sol', 'bite.sol']
2,['flop.sol', 'frob.sol', 'flop.t.sol', 'flap.t.sol', 'heal.sol', 'flap.sol', 'tune.sol', 'bite.sol']
2,['flop.sol', 'frob.sol', 'flop.t.sol', 'flap.t.sol', 'heal.sol', 'drip.sol', 'frob.t.sol', 'tune.sol']
3,['flop.sol', 'frob.sol', 'flop.t.sol', 'flap.t.sol', 'heal.sol', 'drip.sol', 'frob.t.sol', 'bite.sol']
2,['flop.sol', 'frob.sol', 'flop.t.sol', 'flap.t.sol', 'heal.sol', 'drip.sol', 'tune.sol', 'bite.sol']
3,['flop.sol', 'frob.sol', 'flop.t.sol', 'flap.t.sol', 'heal.sol', 'frob.t.sol', 'tune.sol', 'bite.sol']
3,['flop.sol', 'frob.sol', 'flop.t.sol', 'flap.t.sol', 'drip.t.sol', 'heal.t.sol', 'flap.sol', 'drip.sol']
2,['flop.sol', 'frob.sol', 'flop.t.sol', 'flap.t.sol', 'drip.t.sol', 'heal.t.sol', 'flap.sol', 'frob.t.sol']
2,['flop.sol', 'frob.sol', 'flop.t.sol', 'flap.t.sol', 'drip.t.sol', 'heal.t.sol', 'flap.sol', 'tune.sol']
3,['flop.sol', 'frob.sol', 'flop.t.sol', 'flap.t.sol', 'drip.t.sol', 'heal.t.sol', 'flap.sol', 'bite.sol']
2,['flop.sol', 'frob.sol', 'flop.t.sol', 'flap.t.sol', 'drip.t.sol', 'heal.t.sol', 'drip.sol', 'frob.t.sol']
2,['flop.sol', 'frob.sol', 'flop.t.sol', 'flap.t.sol', 'drip.t.sol', 'heal.t.sol', 'drip.sol', 'tune.sol']
3,['flop.sol', 'frob.sol', 'flop.t.sol', 'flap.t.sol', 'drip.t.sol', 'heal.t.sol', 'drip.sol', 'bite.sol']
2,['flop.sol', 'frob.sol', 'flop.t.sol', 'flap.t.sol', 'drip.t.sol', 'heal.t.sol', 'frob.t.sol', 'tune.sol']
2,['flop.sol', 'frob.sol', 'flop.t.sol', 'flap.t.sol', 'drip.t.sol', 'heal.t.sol', 'frob.t.sol', 'bite.sol']
2,['flop.sol', 'frob.sol', 'flop.t.sol', 'flap.t.sol', 'drip.t.sol', 'heal.t.sol', 'tune.sol', 'bite.sol']
3,['flop.sol', 'frob.sol', 'flop.t.sol', 'flap.t.sol', 'drip.t.sol', 'flap.sol', 'drip.sol', 'frob.t.sol']
3,['flop.sol', 'frob.sol', 'flop.t.sol', 'flap.t.sol', 'drip.t.sol', 'flap.sol', 'drip.sol', 'tune.sol']
2,['flop.sol', 'frob.sol', 'flop.t.sol', 'flap.t.sol', 'drip.t.sol', 'flap.sol', 'drip.sol', 'bite.sol']
2,['flop.sol', 'frob.sol', 'flop.t.sol', 'flap.t.sol', 'drip.t.sol', 'flap.sol', 'frob.t.sol', 'tune.sol']
3,['flop.sol', 'frob.sol', 'flop.t.sol', 'flap.t.sol', 'drip.t.sol', 'flap.sol', 'frob.t.sol', 'bite.sol']
2,['flop.sol', 'frob.sol', 'flop.t.sol', 'flap.t.sol', 'drip.t.sol', 'flap.sol', 'tune.sol', 'bite.sol']
2,['flop.sol', 'frob.sol', 'flop.t.sol', 'flap.t.sol', 'drip.t.sol', 'drip.sol', 'frob.t.sol', 'tune.sol']
3,['flop.sol', 'frob.sol', 'flop.t.sol', 'flap.t.sol', 'drip.t.sol', 'drip.sol', 'frob.t.sol', 'bite.sol']
2,['flop.sol', 'frob.sol', 'flop.t.sol', 'flap.t.sol', 'drip.t.sol', 'drip.sol', 'tune.sol', 'bite.sol']
2,['flop.sol', 'frob.sol', 'flop.t.sol', 'flap.t.sol', 'drip.t.sol', 'frob.t.sol', 'tune.sol', 'bite.sol']
2,['flop.sol', 'frob.sol', 'flop.t.sol', 'flap.t.sol', 'heal.t.sol', 'flap.sol', 'drip.sol', 'frob.t.sol']
2,['flop.sol', 'frob.sol', 'flop.t.sol', 'flap.t.sol', 'heal.t.sol', 'flap.sol', 'drip.sol', 'tune.sol']
3,['flop.sol', 'frob.sol', 'flop.t.sol', 'flap.t.sol', 'heal.t.sol', 'flap.sol', 'drip.sol', 'bite.sol']
3,['flop.sol', 'frob.sol', 'flop.t.sol', 'flap.t.sol', 'heal.t.sol', 'flap.sol', 'frob.t.sol', 'tune.sol']
3,['flop.sol', 'frob.sol', 'flop.t.sol', 'flap.t.sol', 'heal.t.sol', 'flap.sol', 'frob.t.sol', 'bite.sol']
2,['flop.sol', 'frob.sol', 'flop.t.sol', 'flap.t.sol', 'heal.t.sol', 'flap.sol', 'tune.sol', 'bite.sol']
2,['flop.sol', 'frob.sol', 'flop.t.sol', 'flap.t.sol', 'heal.t.sol', 'drip.sol', 'frob.t.sol', 'tune.sol']
2,['flop.sol', 'frob.sol', 'flop.t.sol', 'flap.t.sol', 'heal.t.sol', 'drip.sol', 'frob.t.sol', 'bite.sol']
2,['flop.sol', 'frob.sol', 'flop.t.sol', 'flap.t.sol', 'heal.t.sol', 'drip.sol', 'tune.sol', 'bite.sol']
3,['flop.sol', 'frob.sol', 'flop.t.sol', 'flap.t.sol', 'heal.t.sol', 'frob.t.sol', 'tune.sol', 'bite.sol']
2,['flop.sol', 'frob.sol', 'flop.t.sol', 'flap.t.sol', 'flap.sol', 'drip.sol', 'frob.t.sol', 'tune.sol']
3,['flop.sol', 'frob.sol', 'flop.t.sol', 'flap.t.sol', 'flap.sol', 'drip.sol', 'frob.t.sol', 'bite.sol']
3,['flop.sol', 'frob.sol', 'flop.t.sol', 'flap.t.sol', 'flap.sol', 'drip.sol', 'tune.sol', 'bite.sol']
3,['flop.sol', 'frob.sol', 'flop.t.sol', 'flap.t.sol', 'flap.sol', 'frob.t.sol', 'tune.sol', 'bite.sol']
2,['flop.sol', 'frob.sol', 'flop.t.sol', 'flap.t.sol', 'drip.sol', 'frob.t.sol', 'tune.sol', 'bite.sol']
4,['flop.sol', 'frob.sol', 'flop.t.sol', 'heal.sol', 'drip.t.sol', 'heal.t.sol', 'flap.sol', 'drip.sol']
2,['flop.sol', 'frob.sol', 'flop.t.sol', 'heal.sol', 'drip.t.sol', 'heal.t.sol', 'flap.sol', 'frob.t.sol']
2,['flop.sol', 'frob.sol', 'flop.t.sol', 'heal.sol', 'drip.t.sol', 'heal.t.sol', 'flap.sol', 'tune.sol']
4,['flop.sol', 'frob.sol', 'flop.t.sol', 'heal.sol', 'drip.t.sol', 'heal.t.sol', 'flap.sol', 'bite.sol']
3,['flop.sol', 'frob.sol', 'flop.t.sol', 'heal.sol', 'drip.t.sol', 'heal.t.sol', 'drip.sol', 'frob.t.sol']
2,['flop.sol', 'frob.sol', 'flop.t.sol', 'heal.sol', 'drip.t.sol', 'heal.t.sol', 'drip.sol', 'tune.sol']
3,['flop.sol', 'frob.sol', 'flop.t.sol', 'heal.sol', 'drip.t.sol', 'heal.t.sol', 'drip.sol', 'bite.sol']
2,['flop.sol', 'frob.sol', 'flop.t.sol', 'heal.sol', 'drip.t.sol', 'heal.t.sol', 'frob.t.sol', 'tune.sol']
3,['flop.sol', 'frob.sol', 'flop.t.sol', 'heal.sol', 'drip.t.sol', 'heal.t.sol', 'frob.t.sol', 'bite.sol']
2,['flop.sol', 'frob.sol', 'flop.t.sol', 'heal.sol', 'drip.t.sol', 'heal.t.sol', 'tune.sol', 'bite.sol']
3,['flop.sol', 'frob.sol', 'flop.t.sol', 'heal.sol', 'drip.t.sol', 'flap.sol', 'drip.sol', 'frob.t.sol']
2,['flop.sol', 'frob.sol', 'flop.t.sol', 'heal.sol', 'drip.t.sol', 'flap.sol', 'drip.sol', 'tune.sol']
2,['flop.sol', 'frob.sol', 'flop.t.sol', 'heal.sol', 'drip.t.sol', 'flap.sol', 'drip.sol', 'bite.sol']
3,['flop.sol', 'frob.sol', 'flop.t.sol', 'heal.sol', 'drip.t.sol', 'flap.sol', 'frob.t.sol', 'tune.sol']
3,['flop.sol', 'frob.sol', 'flop.t.sol', 'heal.sol', 'drip.t.sol', 'flap.sol', 'frob.t.sol', 'bite.sol']
1,['flop.sol', 'frob.sol', 'flop.t.sol', 'heal.sol', 'drip.t.sol', 'flap.sol', 'tune.sol', 'bite.sol']
5,['flop.sol', 'frob.sol', 'flop.t.sol', 'heal.sol', 'drip.t.sol', 'drip.sol', 'frob.t.sol', 'tune.sol']
3,['flop.sol', 'frob.sol', 'flop.t.sol', 'heal.sol', 'drip.t.sol', 'drip.sol', 'frob.t.sol', 'bite.sol']
2,['flop.sol', 'frob.sol', 'flop.t.sol', 'heal.sol', 'drip.t.sol', 'drip.sol', 'tune.sol', 'bite.sol']
2,['flop.sol', 'frob.sol', 'flop.t.sol', 'heal.sol', 'drip.t.sol', 'frob.t.sol', 'tune.sol', 'bite.sol']
2,['flop.sol', 'frob.sol', 'flop.t.sol', 'heal.sol', 'heal.t.sol', 'flap.sol', 'drip.sol', 'frob.t.sol']
2,['flop.sol', 'frob.sol', 'flop.t.sol', 'heal.sol', 'heal.t.sol', 'flap.sol', 'drip.sol', 'tune.sol']
4,['flop.sol', 'frob.sol', 'flop.t.sol', 'heal.sol', 'heal.t.sol', 'flap.sol', 'drip.sol', 'bite.sol']
3,['flop.sol', 'frob.sol', 'flop.t.sol', 'heal.sol', 'heal.t.sol', 'flap.sol', 'frob.t.sol', 'tune.sol']
3,['flop.sol', 'frob.sol', 'flop.t.sol', 'heal.sol', 'heal.t.sol', 'flap.sol', 'frob.t.sol', 'bite.sol']
3,['flop.sol', 'frob.sol', 'flop.t.sol', 'heal.sol', 'heal.t.sol', 'flap.sol', 'tune.sol', 'bite.sol']
2,['flop.sol', 'frob.sol', 'flop.t.sol', 'heal.sol', 'heal.t.sol', 'drip.sol', 'frob.t.sol', 'tune.sol']
2,['flop.sol', 'frob.sol', 'flop.t.sol', 'heal.sol', 'heal.t.sol', 'drip.sol', 'frob.t.sol', 'bite.sol']
2,['flop.sol', 'frob.sol', 'flop.t.sol', 'heal.sol', 'heal.t.sol', 'drip.sol', 'tune.sol', 'bite.sol']
3,['flop.sol', 'frob.sol', 'flop.t.sol', 'heal.sol', 'heal.t.sol', 'frob.t.sol', 'tune.sol', 'bite.sol']
3,['flop.sol', 'frob.sol', 'flop.t.sol', 'heal.sol', 'flap.sol', 'drip.sol', 'frob.t.sol', 'tune.sol']
2,['flop.sol', 'frob.sol', 'flop.t.sol', 'heal.sol', 'flap.sol', 'drip.sol', 'frob.t.sol', 'bite.sol']
2,['flop.sol', 'frob.sol', 'flop.t.sol', 'heal.sol', 'flap.sol', 'drip.sol', 'tune.sol', 'bite.sol']
3,['flop.sol', 'frob.sol', 'flop.t.sol', 'heal.sol', 'flap.sol', 'frob.t.sol', 'tune.sol', 'bite.sol']
3,['flop.sol', 'frob.sol', 'flop.t.sol', 'heal.sol', 'drip.sol', 'frob.t.sol', 'tune.sol', 'bite.sol']
2,['flop.sol', 'frob.sol', 'flop.t.sol', 'drip.t.sol', 'heal.t.sol', 'flap.sol', 'drip.sol', 'frob.t.sol']
2,['flop.sol', 'frob.sol', 'flop.t.sol', 'drip.t.sol', 'heal.t.sol', 'flap.sol', 'drip.sol', 'tune.sol']
3,['flop.sol', 'frob.sol', 'flop.t.sol', 'drip.t.sol', 'heal.t.sol', 'flap.sol', 'drip.sol', 'bite.sol']
2,['flop.sol', 'frob.sol', 'flop.t.sol', 'drip.t.sol', 'heal.t.sol', 'flap.sol', 'frob.t.sol', 'tune.sol']
2,['flop.sol', 'frob.sol', 'flop.t.sol', 'drip.t.sol', 'heal.t.sol', 'flap.sol', 'frob.t.sol', 'bite.sol']
2,['flop.sol', 'frob.sol', 'flop.t.sol', 'drip.t.sol', 'heal.t.sol', 'flap.sol', 'tune.sol', 'bite.sol']
2,['flop.sol', 'frob.sol', 'flop.t.sol', 'drip.t.sol', 'heal.t.sol', 'drip.sol', 'frob.t.sol', 'tune.sol']
3,['flop.sol', 'frob.sol', 'flop.t.sol', 'drip.t.sol', 'heal.t.sol', 'drip.sol', 'frob.t.sol', 'bite.sol']
2,['flop.sol', 'frob.sol', 'flop.t.sol', 'drip.t.sol', 'heal.t.sol', 'drip.sol', 'tune.sol', 'bite.sol']
2,['flop.sol', 'frob.sol', 'flop.t.sol', 'drip.t.sol', 'heal.t.sol', 'frob.t.sol', 'tune.sol', 'bite.sol']
3,['flop.sol', 'frob.sol', 'flop.t.sol', 'drip.t.sol', 'flap.sol', 'drip.sol', 'frob.t.sol', 'tune.sol']
3,['flop.sol', 'frob.sol', 'flop.t.sol', 'drip.t.sol', 'flap.sol', 'drip.sol', 'frob.t.sol', 'bite.sol']
2,['flop.sol', 'frob.sol', 'flop.t.sol', 'drip.t.sol', 'flap.sol', 'drip.sol', 'tune.sol', 'bite.sol']
2,['flop.sol', 'frob.sol', 'flop.t.sol', 'drip.t.sol', 'flap.sol', 'frob.t.sol', 'tune.sol', 'bite.sol']
2,['flop.sol', 'frob.sol', 'flop.t.sol', 'drip.t.sol', 'drip.sol', 'frob.t.sol', 'tune.sol', 'bite.sol']
2,['flop.sol', 'frob.sol', 'flop.t.sol', 'heal.t.sol', 'flap.sol', 'drip.sol', 'frob.t.sol', 'tune.sol']
2,['flop.sol', 'frob.sol', 'flop.t.sol', 'heal.t.sol', 'flap.sol', 'drip.sol', 'frob.t.sol', 'bite.sol']
2,['flop.sol', 'frob.sol', 'flop.t.sol', 'heal.t.sol', 'flap.sol', 'drip.sol', 'tune.sol', 'bite.sol']
3,['flop.sol', 'frob.sol', 'flop.t.sol', 'heal.t.sol', 'flap.sol', 'frob.t.sol', 'tune.sol', 'bite.sol']
2,['flop.sol', 'frob.sol', 'flop.t.sol', 'heal.t.sol', 'drip.sol', 'frob.t.sol', 'tune.sol', 'bite.sol']
3,['flop.sol', 'frob.sol', 'flop.t.sol', 'flap.sol', 'drip.sol', 'frob.t.sol', 'tune.sol', 'bite.sol']
4,['flop.sol', 'frob.sol', 'flap.t.sol', 'heal.sol', 'drip.t.sol', 'heal.t.sol', 'flap.sol', 'drip.sol']
2,['flop.sol', 'frob.sol', 'flap.t.sol', 'heal.sol', 'drip.t.sol', 'heal.t.sol', 'flap.sol', 'frob.t.sol']
2,['flop.sol', 'frob.sol', 'flap.t.sol', 'heal.sol', 'drip.t.sol', 'heal.t.sol', 'flap.sol', 'tune.sol']
4,['flop.sol', 'frob.sol', 'flap.t.sol', 'heal.sol', 'drip.t.sol', 'heal.t.sol', 'flap.sol', 'bite.sol']
3,['flop.sol', 'frob.sol', 'flap.t.sol', 'heal.sol', 'drip.t.sol', 'heal.t.sol', 'drip.sol', 'frob.t.sol']
2,['flop.sol', 'frob.sol', 'flap.t.sol', 'heal.sol', 'drip.t.sol', 'heal.t.sol', 'drip.sol', 'tune.sol']
4,['flop.sol', 'frob.sol', 'flap.t.sol', 'heal.sol', 'drip.t.sol', 'heal.t.sol', 'drip.sol', 'bite.sol']
2,['flop.sol', 'frob.sol', 'flap.t.sol', 'heal.sol', 'drip.t.sol', 'heal.t.sol', 'frob.t.sol', 'tune.sol']
2,['flop.sol', 'frob.sol', 'flap.t.sol', 'heal.sol', 'drip.t.sol', 'heal.t.sol', 'frob.t.sol', 'bite.sol']
2,['flop.sol', 'frob.sol', 'flap.t.sol', 'heal.sol', 'drip.t.sol', 'heal.t.sol', 'tune.sol', 'bite.sol']
3,['flop.sol', 'frob.sol', 'flap.t.sol', 'heal.sol', 'drip.t.sol', 'flap.sol', 'drip.sol', 'frob.t.sol']
2,['flop.sol', 'frob.sol', 'flap.t.sol', 'heal.sol', 'drip.t.sol', 'flap.sol', 'drip.sol', 'tune.sol']
2,['flop.sol', 'frob.sol', 'flap.t.sol', 'heal.sol', 'drip.t.sol', 'flap.sol', 'drip.sol', 'bite.sol']
3,['flop.sol', 'frob.sol', 'flap.t.sol', 'heal.sol', 'drip.t.sol', 'flap.sol', 'frob.t.sol', 'tune.sol']
2,['flop.sol', 'frob.sol', 'flap.t.sol', 'heal.sol', 'drip.t.sol', 'flap.sol', 'frob.t.sol', 'bite.sol']
1,['flop.sol', 'frob.sol', 'flap.t.sol', 'heal.sol', 'drip.t.sol', 'flap.sol', 'tune.sol', 'bite.sol']
5,['flop.sol', 'frob.sol', 'flap.t.sol', 'heal.sol', 'drip.t.sol', 'drip.sol', 'frob.t.sol', 'tune.sol']
3,['flop.sol', 'frob.sol', 'flap.t.sol', 'heal.sol', 'drip.t.sol', 'drip.sol', 'frob.t.sol', 'bite.sol']
2,['flop.sol', 'frob.sol', 'flap.t.sol', 'heal.sol', 'drip.t.sol', 'drip.sol', 'tune.sol', 'bite.sol']
2,['flop.sol', 'frob.sol', 'flap.t.sol', 'heal.sol', 'drip.t.sol', 'frob.t.sol', 'tune.sol', 'bite.sol']
2,['flop.sol', 'frob.sol', 'flap.t.sol', 'heal.sol', 'heal.t.sol', 'flap.sol', 'drip.sol', 'frob.t.sol']
2,['flop.sol', 'frob.sol', 'flap.t.sol', 'heal.sol', 'heal.t.sol', 'flap.sol', 'drip.sol', 'tune.sol']
4,['flop.sol', 'frob.sol', 'flap.t.sol', 'heal.sol', 'heal.t.sol', 'flap.sol', 'drip.sol', 'bite.sol']
3,['flop.sol', 'frob.sol', 'flap.t.sol', 'heal.sol', 'heal.t.sol', 'flap.sol', 'frob.t.sol', 'tune.sol']
3,['flop.sol', 'frob.sol', 'flap.t.sol', 'heal.sol', 'heal.t.sol', 'flap.sol', 'frob.t.sol', 'bite.sol']
3,['flop.sol', 'frob.sol', 'flap.t.sol', 'heal.sol', 'heal.t.sol', 'flap.sol', 'tune.sol', 'bite.sol']
2,['flop.sol', 'frob.sol', 'flap.t.sol', 'heal.sol', 'heal.t.sol', 'drip.sol', 'frob.t.sol', 'tune.sol']
2,['flop.sol', 'frob.sol', 'flap.t.sol', 'heal.sol', 'heal.t.sol', 'drip.sol', 'frob.t.sol', 'bite.sol']
2,['flop.sol', 'frob.sol', 'flap.t.sol', 'heal.sol', 'heal.t.sol', 'drip.sol', 'tune.sol', 'bite.sol']
3,['flop.sol', 'frob.sol', 'flap.t.sol', 'heal.sol', 'heal.t.sol', 'frob.t.sol', 'tune.sol', 'bite.sol']
3,['flop.sol', 'frob.sol', 'flap.t.sol', 'heal.sol', 'flap.sol', 'drip.sol', 'frob.t.sol', 'tune.sol']
2,['flop.sol', 'frob.sol', 'flap.t.sol', 'heal.sol', 'flap.sol', 'drip.sol', 'frob.t.sol', 'bite.sol']
2,['flop.sol', 'frob.sol', 'flap.t.sol', 'heal.sol', 'flap.sol', 'drip.sol', 'tune.sol', 'bite.sol']
3,['flop.sol', 'frob.sol', 'flap.t.sol', 'heal.sol', 'flap.sol', 'frob.t.sol', 'tune.sol', 'bite.sol']
3,['flop.sol', 'frob.sol', 'flap.t.sol', 'heal.sol', 'drip.sol', 'frob.t.sol', 'tune.sol', 'bite.sol']
2,['flop.sol', 'frob.sol', 'flap.t.sol', 'drip.t.sol', 'heal.t.sol', 'flap.sol', 'drip.sol', 'frob.t.sol']
2,['flop.sol', 'frob.sol', 'flap.t.sol', 'drip.t.sol', 'heal.t.sol', 'flap.sol', 'drip.sol', 'tune.sol']
3,['flop.sol', 'frob.sol', 'flap.t.sol', 'drip.t.sol', 'heal.t.sol', 'flap.sol', 'drip.sol', 'bite.sol']
2,['flop.sol', 'frob.sol', 'flap.t.sol', 'drip.t.sol', 'heal.t.sol', 'flap.sol', 'frob.t.sol', 'tune.sol']
2,['flop.sol', 'frob.sol', 'flap.t.sol', 'drip.t.sol', 'heal.t.sol', 'flap.sol', 'frob.t.sol', 'bite.sol']
2,['flop.sol', 'frob.sol', 'flap.t.sol', 'drip.t.sol', 'heal.t.sol', 'flap.sol', 'tune.sol', 'bite.sol']
2,['flop.sol', 'frob.sol', 'flap.t.sol', 'drip.t.sol', 'heal.t.sol', 'drip.sol', 'frob.t.sol', 'tune.sol']
3,['flop.sol', 'frob.sol', 'flap.t.sol', 'drip.t.sol', 'heal.t.sol', 'drip.sol', 'frob.t.sol', 'bite.sol']
2,['flop.sol', 'frob.sol', 'flap.t.sol', 'drip.t.sol', 'heal.t.sol', 'drip.sol', 'tune.sol', 'bite.sol']
2,['flop.sol', 'frob.sol', 'flap.t.sol', 'drip.t.sol', 'heal.t.sol', 'frob.t.sol', 'tune.sol', 'bite.sol']
3,['flop.sol', 'frob.sol', 'flap.t.sol', 'drip.t.sol', 'flap.sol', 'drip.sol', 'frob.t.sol', 'tune.sol']
2,['flop.sol', 'frob.sol', 'flap.t.sol', 'drip.t.sol', 'flap.sol', 'drip.sol', 'frob.t.sol', 'bite.sol']
2,['flop.sol', 'frob.sol', 'flap.t.sol', 'drip.t.sol', 'flap.sol', 'drip.sol', 'tune.sol', 'bite.sol']
2,['flop.sol', 'frob.sol', 'flap.t.sol', 'drip.t.sol', 'flap.sol', 'frob.t.sol', 'tune.sol', 'bite.sol']
2,['flop.sol', 'frob.sol', 'flap.t.sol', 'drip.t.sol', 'drip.sol', 'frob.t.sol', 'tune.sol', 'bite.sol']
2,['flop.sol', 'frob.sol', 'flap.t.sol', 'heal.t.sol', 'flap.sol', 'drip.sol', 'frob.t.sol', 'tune.sol']
2,['flop.sol', 'frob.sol', 'flap.t.sol', 'heal.t.sol', 'flap.sol', 'drip.sol', 'frob.t.sol', 'bite.sol']
2,['flop.sol', 'frob.sol', 'flap.t.sol', 'heal.t.sol', 'flap.sol', 'drip.sol', 'tune.sol', 'bite.sol']
3,['flop.sol', 'frob.sol', 'flap.t.sol', 'heal.t.sol', 'flap.sol', 'frob.t.sol', 'tune.sol', 'bite.sol']
2,['flop.sol', 'frob.sol', 'flap.t.sol', 'heal.t.sol', 'drip.sol', 'frob.t.sol', 'tune.sol', 'bite.sol']
3,['flop.sol', 'frob.sol', 'flap.t.sol', 'flap.sol', 'drip.sol', 'frob.t.sol', 'tune.sol', 'bite.sol']
4,['flop.sol', 'frob.sol', 'heal.sol', 'drip.t.sol', 'heal.t.sol', 'flap.sol', 'drip.sol', 'frob.t.sol']
3,['flop.sol', 'frob.sol', 'heal.sol', 'drip.t.sol', 'heal.t.sol', 'flap.sol', 'drip.sol', 'tune.sol']
2,['flop.sol', 'frob.sol', 'heal.sol', 'drip.t.sol', 'heal.t.sol', 'flap.sol', 'drip.sol', 'bite.sol']
3,['flop.sol', 'frob.sol', 'heal.sol', 'drip.t.sol', 'heal.t.sol', 'flap.sol', 'frob.t.sol', 'tune.sol']
4,['flop.sol', 'frob.sol', 'heal.sol', 'drip.t.sol', 'heal.t.sol', 'flap.sol', 'frob.t.sol', 'bite.sol']
3,['flop.sol', 'frob.sol', 'heal.sol', 'drip.t.sol', 'heal.t.sol', 'flap.sol', 'tune.sol', 'bite.sol']
4,['flop.sol', 'frob.sol', 'heal.sol', 'drip.t.sol', 'heal.t.sol', 'drip.sol', 'frob.t.sol', 'tune.sol']
5,['flop.sol', 'frob.sol', 'heal.sol', 'drip.t.sol', 'heal.t.sol', 'drip.sol', 'frob.t.sol', 'bite.sol']
2,['flop.sol', 'frob.sol', 'heal.sol', 'drip.t.sol', 'heal.t.sol', 'drip.sol', 'tune.sol', 'bite.sol']
2,['flop.sol', 'frob.sol', 'heal.sol', 'drip.t.sol', 'heal.t.sol', 'frob.t.sol', 'tune.sol', 'bite.sol']
2,['flop.sol', 'frob.sol', 'heal.sol', 'drip.t.sol', 'flap.sol', 'drip.sol', 'frob.t.sol', 'tune.sol']
3,['flop.sol', 'frob.sol', 'heal.sol', 'drip.t.sol', 'flap.sol', 'drip.sol', 'frob.t.sol', 'bite.sol']
1,['flop.sol', 'frob.sol', 'heal.sol', 'drip.t.sol', 'flap.sol', 'drip.sol', 'tune.sol', 'bite.sol']
2,['flop.sol', 'frob.sol', 'heal.sol', 'drip.t.sol', 'flap.sol', 'frob.t.sol', 'tune.sol', 'bite.sol']
2,['flop.sol', 'frob.sol', 'heal.sol', 'drip.t.sol', 'drip.sol', 'frob.t.sol', 'tune.sol', 'bite.sol']
2,['flop.sol', 'frob.sol', 'heal.sol', 'heal.t.sol', 'flap.sol', 'drip.sol', 'frob.t.sol', 'tune.sol']
3,['flop.sol', 'frob.sol', 'heal.sol', 'heal.t.sol', 'flap.sol', 'drip.sol', 'frob.t.sol', 'bite.sol']
3,['flop.sol', 'frob.sol', 'heal.sol', 'heal.t.sol', 'flap.sol', 'drip.sol', 'tune.sol', 'bite.sol']
3,['flop.sol', 'frob.sol', 'heal.sol', 'heal.t.sol', 'flap.sol', 'frob.t.sol', 'tune.sol', 'bite.sol']
2,['flop.sol', 'frob.sol', 'heal.sol', 'heal.t.sol', 'drip.sol', 'frob.t.sol', 'tune.sol', 'bite.sol']
2,['flop.sol', 'frob.sol', 'heal.sol', 'flap.sol', 'drip.sol', 'frob.t.sol', 'tune.sol', 'bite.sol']
2,['flop.sol', 'frob.sol', 'drip.t.sol', 'heal.t.sol', 'flap.sol', 'drip.sol', 'frob.t.sol', 'tune.sol']
5,['flop.sol', 'frob.sol', 'drip.t.sol', 'heal.t.sol', 'flap.sol', 'drip.sol', 'frob.t.sol', 'bite.sol']
3,['flop.sol', 'frob.sol', 'drip.t.sol', 'heal.t.sol', 'flap.sol', 'drip.sol', 'tune.sol', 'bite.sol']
2,['flop.sol', 'frob.sol', 'drip.t.sol', 'heal.t.sol', 'flap.sol', 'frob.t.sol', 'tune.sol', 'bite.sol']
4,['flop.sol', 'frob.sol', 'drip.t.sol', 'heal.t.sol', 'drip.sol', 'frob.t.sol', 'tune.sol', 'bite.sol']
2,['flop.sol', 'frob.sol', 'drip.t.sol', 'flap.sol', 'drip.sol', 'frob.t.sol', 'tune.sol', 'bite.sol']
2,['flop.sol', 'frob.sol', 'heal.t.sol', 'flap.sol', 'drip.sol', 'frob.t.sol', 'tune.sol', 'bite.sol']
2,['flop.sol', 'flip.t.sol', 'flop.t.sol', 'flap.t.sol', 'heal.sol', 'drip.t.sol', 'heal.t.sol', 'flap.sol']
3,['flop.sol', 'flip.t.sol', 'flop.t.sol', 'flap.t.sol', 'heal.sol', 'drip.t.sol', 'heal.t.sol', 'drip.sol']
2,['flop.sol', 'flip.t.sol', 'flop.t.sol', 'flap.t.sol', 'heal.sol', 'drip.t.sol', 'heal.t.sol', 'frob.t.sol']
2,['flop.sol', 'flip.t.sol', 'flop.t.sol', 'flap.t.sol', 'heal.sol', 'drip.t.sol', 'heal.t.sol', 'tune.sol']
2,['flop.sol', 'flip.t.sol', 'flop.t.sol', 'flap.t.sol', 'heal.sol', 'drip.t.sol', 'heal.t.sol', 'bite.sol']
3,['flop.sol', 'flip.t.sol', 'flop.t.sol', 'flap.t.sol', 'heal.sol', 'drip.t.sol', 'flap.sol', 'drip.sol']
2,['flop.sol', 'flip.t.sol', 'flop.t.sol', 'flap.t.sol', 'heal.sol', 'drip.t.sol', 'flap.sol', 'frob.t.sol']
2,['flop.sol', 'flip.t.sol', 'flop.t.sol', 'flap.t.sol', 'heal.sol', 'drip.t.sol', 'flap.sol', 'tune.sol']
3,['flop.sol', 'flip.t.sol', 'flop.t.sol', 'flap.t.sol', 'heal.sol', 'drip.t.sol', 'flap.sol', 'bite.sol']
2,['flop.sol', 'flip.t.sol', 'flop.t.sol', 'flap.t.sol', 'heal.sol', 'drip.t.sol', 'drip.sol', 'frob.t.sol']
2,['flop.sol', 'flip.t.sol', 'flop.t.sol', 'flap.t.sol', 'heal.sol', 'drip.t.sol', 'drip.sol', 'tune.sol']
3,['flop.sol', 'flip.t.sol', 'flop.t.sol', 'flap.t.sol', 'heal.sol', 'drip.t.sol', 'drip.sol', 'bite.sol']
2,['flop.sol', 'flip.t.sol', 'flop.t.sol', 'flap.t.sol', 'heal.sol', 'drip.t.sol', 'frob.t.sol', 'tune.sol']
2,['flop.sol', 'flip.t.sol', 'flop.t.sol', 'flap.t.sol', 'heal.sol', 'drip.t.sol', 'frob.t.sol', 'bite.sol']
1,['flop.sol', 'flip.t.sol', 'flop.t.sol', 'flap.t.sol', 'heal.sol', 'drip.t.sol', 'tune.sol', 'bite.sol']
3,['flop.sol', 'flip.t.sol', 'flop.t.sol', 'flap.t.sol', 'heal.sol', 'heal.t.sol', 'flap.sol', 'drip.sol']
3,['flop.sol', 'flip.t.sol', 'flop.t.sol', 'flap.t.sol', 'heal.sol', 'heal.t.sol', 'flap.sol', 'frob.t.sol']
3,['flop.sol', 'flip.t.sol', 'flop.t.sol', 'flap.t.sol', 'heal.sol', 'heal.t.sol', 'flap.sol', 'tune.sol']
2,['flop.sol', 'flip.t.sol', 'flop.t.sol', 'flap.t.sol', 'heal.sol', 'heal.t.sol', 'flap.sol', 'bite.sol']
2,['flop.sol', 'flip.t.sol', 'flop.t.sol', 'flap.t.sol', 'heal.sol', 'heal.t.sol', 'drip.sol', 'frob.t.sol']
2,['flop.sol', 'flip.t.sol', 'flop.t.sol', 'flap.t.sol', 'heal.sol', 'heal.t.sol', 'drip.sol', 'tune.sol']
3,['flop.sol', 'flip.t.sol', 'flop.t.sol', 'flap.t.sol', 'heal.sol', 'heal.t.sol', 'drip.sol', 'bite.sol']
3,['flop.sol', 'flip.t.sol', 'flop.t.sol', 'flap.t.sol', 'heal.sol', 'heal.t.sol', 'frob.t.sol', 'tune.sol']
3,['flop.sol', 'flip.t.sol', 'flop.t.sol', 'flap.t.sol', 'heal.sol', 'heal.t.sol', 'frob.t.sol', 'bite.sol']
2,['flop.sol', 'flip.t.sol', 'flop.t.sol', 'flap.t.sol', 'heal.sol', 'heal.t.sol', 'tune.sol', 'bite.sol']
2,['flop.sol', 'flip.t.sol', 'flop.t.sol', 'flap.t.sol', 'heal.sol', 'flap.sol', 'drip.sol', 'frob.t.sol']
3,['flop.sol', 'flip.t.sol', 'flop.t.sol', 'flap.t.sol', 'heal.sol', 'flap.sol', 'drip.sol', 'tune.sol']
3,['flop.sol', 'flip.t.sol', 'flop.t.sol', 'flap.t.sol', 'heal.sol', 'flap.sol', 'drip.sol', 'bite.sol']
2,['flop.sol', 'flip.t.sol', 'flop.t.sol', 'flap.t.sol', 'heal.sol', 'flap.sol', 'frob.t.sol', 'tune.sol']
3,['flop.sol', 'flip.t.sol', 'flop.t.sol', 'flap.t.sol', 'heal.sol', 'flap.sol', 'frob.t.sol', 'bite.sol']
2,['flop.sol', 'flip.t.sol', 'flop.t.sol', 'flap.t.sol', 'heal.sol', 'flap.sol', 'tune.sol', 'bite.sol']
2,['flop.sol', 'flip.t.sol', 'flop.t.sol', 'flap.t.sol', 'heal.sol', 'drip.sol', 'frob.t.sol', 'tune.sol']
2,['flop.sol', 'flip.t.sol', 'flop.t.sol', 'flap.t.sol', 'heal.sol', 'drip.sol', 'frob.t.sol', 'bite.sol']
2,['flop.sol', 'flip.t.sol', 'flop.t.sol', 'flap.t.sol', 'heal.sol', 'drip.sol', 'tune.sol', 'bite.sol']
3,['flop.sol', 'flip.t.sol', 'flop.t.sol', 'flap.t.sol', 'heal.sol', 'frob.t.sol', 'tune.sol', 'bite.sol']
3,['flop.sol', 'flip.t.sol', 'flop.t.sol', 'flap.t.sol', 'drip.t.sol', 'heal.t.sol', 'flap.sol', 'drip.sol']
2,['flop.sol', 'flip.t.sol', 'flop.t.sol', 'flap.t.sol', 'drip.t.sol', 'heal.t.sol', 'flap.sol', 'frob.t.sol']
3,['flop.sol', 'flip.t.sol', 'flop.t.sol', 'flap.t.sol', 'drip.t.sol', 'heal.t.sol', 'flap.sol', 'tune.sol']
3,['flop.sol', 'flip.t.sol', 'flop.t.sol', 'flap.t.sol', 'drip.t.sol', 'heal.t.sol', 'flap.sol', 'bite.sol']
2,['flop.sol', 'flip.t.sol', 'flop.t.sol', 'flap.t.sol', 'drip.t.sol', 'heal.t.sol', 'drip.sol', 'frob.t.sol']
3,['flop.sol', 'flip.t.sol', 'flop.t.sol', 'flap.t.sol', 'drip.t.sol', 'heal.t.sol', 'drip.sol', 'tune.sol']
3,['flop.sol', 'flip.t.sol', 'flop.t.sol', 'flap.t.sol', 'drip.t.sol', 'heal.t.sol', 'drip.sol', 'bite.sol']
2,['flop.sol', 'flip.t.sol', 'flop.t.sol', 'flap.t.sol', 'drip.t.sol', 'heal.t.sol', 'frob.t.sol', 'tune.sol']
2,['flop.sol', 'flip.t.sol', 'flop.t.sol', 'flap.t.sol', 'drip.t.sol', 'heal.t.sol', 'frob.t.sol', 'bite.sol']
1,['flop.sol', 'flip.t.sol', 'flop.t.sol', 'flap.t.sol', 'drip.t.sol', 'heal.t.sol', 'tune.sol', 'bite.sol']
2,['flop.sol', 'flip.t.sol', 'flop.t.sol', 'flap.t.sol', 'drip.t.sol', 'flap.sol', 'drip.sol', 'frob.t.sol']
2,['flop.sol', 'flip.t.sol', 'flop.t.sol', 'flap.t.sol', 'drip.t.sol', 'flap.sol', 'drip.sol', 'tune.sol']
3,['flop.sol', 'flip.t.sol', 'flop.t.sol', 'flap.t.sol', 'drip.t.sol', 'flap.sol', 'drip.sol', 'bite.sol']
3,['flop.sol', 'flip.t.sol', 'flop.t.sol', 'flap.t.sol', 'drip.t.sol', 'flap.sol', 'frob.t.sol', 'tune.sol']
2,['flop.sol', 'flip.t.sol', 'flop.t.sol', 'flap.t.sol', 'drip.t.sol', 'flap.sol', 'frob.t.sol', 'bite.sol']
2,['flop.sol', 'flip.t.sol', 'flop.t.sol', 'flap.t.sol', 'drip.t.sol', 'flap.sol', 'tune.sol', 'bite.sol']
2,['flop.sol', 'flip.t.sol', 'flop.t.sol', 'flap.t.sol', 'drip.t.sol', 'drip.sol', 'frob.t.sol', 'tune.sol']
2,['flop.sol', 'flip.t.sol', 'flop.t.sol', 'flap.t.sol', 'drip.t.sol', 'drip.sol', 'frob.t.sol', 'bite.sol']
2,['flop.sol', 'flip.t.sol', 'flop.t.sol', 'flap.t.sol', 'drip.t.sol', 'drip.sol', 'tune.sol', 'bite.sol']
2,['flop.sol', 'flip.t.sol', 'flop.t.sol', 'flap.t.sol', 'drip.t.sol', 'frob.t.sol', 'tune.sol', 'bite.sol']
2,['flop.sol', 'flip.t.sol', 'flop.t.sol', 'flap.t.sol', 'heal.t.sol', 'flap.sol', 'drip.sol', 'frob.t.sol']
3,['flop.sol', 'flip.t.sol', 'flop.t.sol', 'flap.t.sol', 'heal.t.sol', 'flap.sol', 'drip.sol', 'tune.sol']
3,['flop.sol', 'flip.t.sol', 'flop.t.sol', 'flap.t.sol', 'heal.t.sol', 'flap.sol', 'drip.sol', 'bite.sol']
3,['flop.sol', 'flip.t.sol', 'flop.t.sol', 'flap.t.sol', 'heal.t.sol', 'flap.sol', 'frob.t.sol', 'tune.sol']
3,['flop.sol', 'flip.t.sol', 'flop.t.sol', 'flap.t.sol', 'heal.t.sol', 'flap.sol', 'frob.t.sol', 'bite.sol']
3,['flop.sol', 'flip.t.sol', 'flop.t.sol', 'flap.t.sol', 'heal.t.sol', 'flap.sol', 'tune.sol', 'bite.sol']
2,['flop.sol', 'flip.t.sol', 'flop.t.sol', 'flap.t.sol', 'heal.t.sol', 'drip.sol', 'frob.t.sol', 'tune.sol']
2,['flop.sol', 'flip.t.sol', 'flop.t.sol', 'flap.t.sol', 'heal.t.sol', 'drip.sol', 'frob.t.sol', 'bite.sol']
2,['flop.sol', 'flip.t.sol', 'flop.t.sol', 'flap.t.sol', 'heal.t.sol', 'drip.sol', 'tune.sol', 'bite.sol']
3,['flop.sol', 'flip.t.sol', 'flop.t.sol', 'flap.t.sol', 'heal.t.sol', 'frob.t.sol', 'tune.sol', 'bite.sol']
2,['flop.sol', 'flip.t.sol', 'flop.t.sol', 'flap.t.sol', 'flap.sol', 'drip.sol', 'frob.t.sol', 'tune.sol']
2,['flop.sol', 'flip.t.sol', 'flop.t.sol', 'flap.t.sol', 'flap.sol', 'drip.sol', 'frob.t.sol', 'bite.sol']
2,['flop.sol', 'flip.t.sol', 'flop.t.sol', 'flap.t.sol', 'flap.sol', 'drip.sol', 'tune.sol', 'bite.sol']
2,['flop.sol', 'flip.t.sol', 'flop.t.sol', 'flap.t.sol', 'flap.sol', 'frob.t.sol', 'tune.sol', 'bite.sol']
2,['flop.sol', 'flip.t.sol', 'flop.t.sol', 'flap.t.sol', 'drip.sol', 'frob.t.sol', 'tune.sol', 'bite.sol']
3,['flop.sol', 'flip.t.sol', 'flop.t.sol', 'heal.sol', 'drip.t.sol', 'heal.t.sol', 'flap.sol', 'drip.sol']
2,['flop.sol', 'flip.t.sol', 'flop.t.sol', 'heal.sol', 'drip.t.sol', 'heal.t.sol', 'flap.sol', 'frob.t.sol']
1,['flop.sol', 'flip.t.sol', 'flop.t.sol', 'heal.sol', 'drip.t.sol', 'heal.t.sol', 'flap.sol', 'tune.sol']
3,['flop.sol', 'flip.t.sol', 'flop.t.sol', 'heal.sol', 'drip.t.sol', 'heal.t.sol', 'flap.sol', 'bite.sol']
2,['flop.sol', 'flip.t.sol', 'flop.t.sol', 'heal.sol', 'drip.t.sol', 'heal.t.sol', 'drip.sol', 'frob.t.sol']
2,['flop.sol', 'flip.t.sol', 'flop.t.sol', 'heal.sol', 'drip.t.sol', 'heal.t.sol', 'drip.sol', 'tune.sol']
3,['flop.sol', 'flip.t.sol', 'flop.t.sol', 'heal.sol', 'drip.t.sol', 'heal.t.sol', 'drip.sol', 'bite.sol']
2,['flop.sol', 'flip.t.sol', 'flop.t.sol', 'heal.sol', 'drip.t.sol', 'heal.t.sol', 'frob.t.sol', 'tune.sol']
2,['flop.sol', 'flip.t.sol', 'flop.t.sol', 'heal.sol', 'drip.t.sol', 'heal.t.sol', 'frob.t.sol', 'bite.sol']
1,['flop.sol', 'flip.t.sol', 'flop.t.sol', 'heal.sol', 'drip.t.sol', 'heal.t.sol', 'tune.sol', 'bite.sol']
2,['flop.sol', 'flip.t.sol', 'flop.t.sol', 'heal.sol', 'drip.t.sol', 'flap.sol', 'drip.sol', 'frob.t.sol']
2,['flop.sol', 'flip.t.sol', 'flop.t.sol', 'heal.sol', 'drip.t.sol', 'flap.sol', 'drip.sol', 'tune.sol']
2,['flop.sol', 'flip.t.sol', 'flop.t.sol', 'heal.sol', 'drip.t.sol', 'flap.sol', 'drip.sol', 'bite.sol']
2,['flop.sol', 'flip.t.sol', 'flop.t.sol', 'heal.sol', 'drip.t.sol', 'flap.sol', 'frob.t.sol', 'tune.sol']
2,['flop.sol', 'flip.t.sol', 'flop.t.sol', 'heal.sol', 'drip.t.sol', 'flap.sol', 'frob.t.sol', 'bite.sol']
2,['flop.sol', 'flip.t.sol', 'flop.t.sol', 'heal.sol', 'drip.t.sol', 'flap.sol', 'tune.sol', 'bite.sol']
2,['flop.sol', 'flip.t.sol', 'flop.t.sol', 'heal.sol', 'drip.t.sol', 'drip.sol', 'frob.t.sol', 'tune.sol']
2,['flop.sol', 'flip.t.sol', 'flop.t.sol', 'heal.sol', 'drip.t.sol', 'drip.sol', 'frob.t.sol', 'bite.sol']
2,['flop.sol', 'flip.t.sol', 'flop.t.sol', 'heal.sol', 'drip.t.sol', 'drip.sol', 'tune.sol', 'bite.sol']
2,['flop.sol', 'flip.t.sol', 'flop.t.sol', 'heal.sol', 'drip.t.sol', 'frob.t.sol', 'tune.sol', 'bite.sol']
2,['flop.sol', 'flip.t.sol', 'flop.t.sol', 'heal.sol', 'heal.t.sol', 'flap.sol', 'drip.sol', 'frob.t.sol']
2,['flop.sol', 'flip.t.sol', 'flop.t.sol', 'heal.sol', 'heal.t.sol', 'flap.sol', 'drip.sol', 'tune.sol']
3,['flop.sol', 'flip.t.sol', 'flop.t.sol', 'heal.sol', 'heal.t.sol', 'flap.sol', 'drip.sol', 'bite.sol']
3,['flop.sol', 'flip.t.sol', 'flop.t.sol', 'heal.sol', 'heal.t.sol', 'flap.sol', 'frob.t.sol', 'tune.sol']
3,['flop.sol', 'flip.t.sol', 'flop.t.sol', 'heal.sol', 'heal.t.sol', 'flap.sol', 'frob.t.sol', 'bite.sol']
2,['flop.sol', 'flip.t.sol', 'flop.t.sol', 'heal.sol', 'heal.t.sol', 'flap.sol', 'tune.sol', 'bite.sol']
2,['flop.sol', 'flip.t.sol', 'flop.t.sol', 'heal.sol', 'heal.t.sol', 'drip.sol', 'frob.t.sol', 'tune.sol']
2,['flop.sol', 'flip.t.sol', 'flop.t.sol', 'heal.sol', 'heal.t.sol', 'drip.sol', 'frob.t.sol', 'bite.sol']
2,['flop.sol', 'flip.t.sol', 'flop.t.sol', 'heal.sol', 'heal.t.sol', 'drip.sol', 'tune.sol', 'bite.sol']
3,['flop.sol', 'flip.t.sol', 'flop.t.sol', 'heal.sol', 'heal.t.sol', 'frob.t.sol', 'tune.sol', 'bite.sol']
2,['flop.sol', 'flip.t.sol', 'flop.t.sol', 'heal.sol', 'flap.sol', 'drip.sol', 'frob.t.sol', 'tune.sol']
2,['flop.sol', 'flip.t.sol', 'flop.t.sol', 'heal.sol', 'flap.sol', 'drip.sol', 'frob.t.sol', 'bite.sol']
2,['flop.sol', 'flip.t.sol', 'flop.t.sol', 'heal.sol', 'flap.sol', 'drip.sol', 'tune.sol', 'bite.sol']
3,['flop.sol', 'flip.t.sol', 'flop.t.sol', 'heal.sol', 'flap.sol', 'frob.t.sol', 'tune.sol', 'bite.sol']
2,['flop.sol', 'flip.t.sol', 'flop.t.sol', 'heal.sol', 'drip.sol', 'frob.t.sol', 'tune.sol', 'bite.sol']
2,['flop.sol', 'flip.t.sol', 'flop.t.sol', 'drip.t.sol', 'heal.t.sol', 'flap.sol', 'drip.sol', 'frob.t.sol']
2,['flop.sol', 'flip.t.sol', 'flop.t.sol', 'drip.t.sol', 'heal.t.sol', 'flap.sol', 'drip.sol', 'tune.sol']
3,['flop.sol', 'flip.t.sol', 'flop.t.sol', 'drip.t.sol', 'heal.t.sol', 'flap.sol', 'drip.sol', 'bite.sol']
2,['flop.sol', 'flip.t.sol', 'flop.t.sol', 'drip.t.sol', 'heal.t.sol', 'flap.sol', 'frob.t.sol', 'tune.sol']
2,['flop.sol', 'flip.t.sol', 'flop.t.sol', 'drip.t.sol', 'heal.t.sol', 'flap.sol', 'frob.t.sol', 'bite.sol']
1,['flop.sol', 'flip.t.sol', 'flop.t.sol', 'drip.t.sol', 'heal.t.sol', 'flap.sol', 'tune.sol', 'bite.sol']
2,['flop.sol', 'flip.t.sol', 'flop.t.sol', 'drip.t.sol', 'heal.t.sol', 'drip.sol', 'frob.t.sol', 'tune.sol']
2,['flop.sol', 'flip.t.sol', 'flop.t.sol', 'drip.t.sol', 'heal.t.sol', 'drip.sol', 'frob.t.sol', 'bite.sol']
2,['flop.sol', 'flip.t.sol', 'flop.t.sol', 'drip.t.sol', 'heal.t.sol', 'drip.sol', 'tune.sol', 'bite.sol']
2,['flop.sol', 'flip.t.sol', 'flop.t.sol', 'drip.t.sol', 'heal.t.sol', 'frob.t.sol', 'tune.sol', 'bite.sol']
2,['flop.sol', 'flip.t.sol', 'flop.t.sol', 'drip.t.sol', 'flap.sol', 'drip.sol', 'frob.t.sol', 'tune.sol']
2,['flop.sol', 'flip.t.sol', 'flop.t.sol', 'drip.t.sol', 'flap.sol', 'drip.sol', 'frob.t.sol', 'bite.sol']
2,['flop.sol', 'flip.t.sol', 'flop.t.sol', 'drip.t.sol', 'flap.sol', 'drip.sol', 'tune.sol', 'bite.sol']
2,['flop.sol', 'flip.t.sol', 'flop.t.sol', 'drip.t.sol', 'flap.sol', 'frob.t.sol', 'tune.sol', 'bite.sol']
1,['flop.sol', 'flip.t.sol', 'flop.t.sol', 'drip.t.sol', 'drip.sol', 'frob.t.sol', 'tune.sol', 'bite.sol']
2,['flop.sol', 'flip.t.sol', 'flop.t.sol', 'heal.t.sol', 'flap.sol', 'drip.sol', 'frob.t.sol', 'tune.sol']
2,['flop.sol', 'flip.t.sol', 'flop.t.sol', 'heal.t.sol', 'flap.sol', 'drip.sol', 'frob.t.sol', 'bite.sol']
2,['flop.sol', 'flip.t.sol', 'flop.t.sol', 'heal.t.sol', 'flap.sol', 'drip.sol', 'tune.sol', 'bite.sol']
3,['flop.sol', 'flip.t.sol', 'flop.t.sol', 'heal.t.sol', 'flap.sol', 'frob.t.sol', 'tune.sol', 'bite.sol']
2,['flop.sol', 'flip.t.sol', 'flop.t.sol', 'heal.t.sol', 'drip.sol', 'frob.t.sol', 'tune.sol', 'bite.sol']
2,['flop.sol', 'flip.t.sol', 'flop.t.sol', 'flap.sol', 'drip.sol', 'frob.t.sol', 'tune.sol', 'bite.sol']
3,['flop.sol', 'flip.t.sol', 'flap.t.sol', 'heal.sol', 'drip.t.sol', 'heal.t.sol', 'flap.sol', 'drip.sol']
2,['flop.sol', 'flip.t.sol', 'flap.t.sol', 'heal.sol', 'drip.t.sol', 'heal.t.sol', 'flap.sol', 'frob.t.sol']
1,['flop.sol', 'flip.t.sol', 'flap.t.sol', 'heal.sol', 'drip.t.sol', 'heal.t.sol', 'flap.sol', 'tune.sol']
3,['flop.sol', 'flip.t.sol', 'flap.t.sol', 'heal.sol', 'drip.t.sol', 'heal.t.sol', 'flap.sol', 'bite.sol']
2,['flop.sol', 'flip.t.sol', 'flap.t.sol', 'heal.sol', 'drip.t.sol', 'heal.t.sol', 'drip.sol', 'frob.t.sol']
2,['flop.sol', 'flip.t.sol', 'flap.t.sol', 'heal.sol', 'drip.t.sol', 'heal.t.sol', 'drip.sol', 'tune.sol']
3,['flop.sol', 'flip.t.sol', 'flap.t.sol', 'heal.sol', 'drip.t.sol', 'heal.t.sol', 'drip.sol', 'bite.sol']
2,['flop.sol', 'flip.t.sol', 'flap.t.sol', 'heal.sol', 'drip.t.sol', 'heal.t.sol', 'frob.t.sol', 'tune.sol']
2,['flop.sol', 'flip.t.sol', 'flap.t.sol', 'heal.sol', 'drip.t.sol', 'heal.t.sol', 'frob.t.sol', 'bite.sol']
1,['flop.sol', 'flip.t.sol', 'flap.t.sol', 'heal.sol', 'drip.t.sol', 'heal.t.sol', 'tune.sol', 'bite.sol']
2,['flop.sol', 'flip.t.sol', 'flap.t.sol', 'heal.sol', 'drip.t.sol', 'flap.sol', 'drip.sol', 'frob.t.sol']
2,['flop.sol', 'flip.t.sol', 'flap.t.sol', 'heal.sol', 'drip.t.sol', 'flap.sol', 'drip.sol', 'tune.sol']
2,['flop.sol', 'flip.t.sol', 'flap.t.sol', 'heal.sol', 'drip.t.sol', 'flap.sol', 'drip.sol', 'bite.sol']
2,['flop.sol', 'flip.t.sol', 'flap.t.sol', 'heal.sol', 'drip.t.sol', 'flap.sol', 'frob.t.sol', 'tune.sol']
2,['flop.sol', 'flip.t.sol', 'flap.t.sol', 'heal.sol', 'drip.t.sol', 'flap.sol', 'frob.t.sol', 'bite.sol']
2,['flop.sol', 'flip.t.sol', 'flap.t.sol', 'heal.sol', 'drip.t.sol', 'flap.sol', 'tune.sol', 'bite.sol']
2,['flop.sol', 'flip.t.sol', 'flap.t.sol', 'heal.sol', 'drip.t.sol', 'drip.sol', 'frob.t.sol', 'tune.sol']
2,['flop.sol', 'flip.t.sol', 'flap.t.sol', 'heal.sol', 'drip.t.sol', 'drip.sol', 'frob.t.sol', 'bite.sol']
2,['flop.sol', 'flip.t.sol', 'flap.t.sol', 'heal.sol', 'drip.t.sol', 'drip.sol', 'tune.sol', 'bite.sol']
2,['flop.sol', 'flip.t.sol', 'flap.t.sol', 'heal.sol', 'drip.t.sol', 'frob.t.sol', 'tune.sol', 'bite.sol']
2,['flop.sol', 'flip.t.sol', 'flap.t.sol', 'heal.sol', 'heal.t.sol', 'flap.sol', 'drip.sol', 'frob.t.sol']
2,['flop.sol', 'flip.t.sol', 'flap.t.sol', 'heal.sol', 'heal.t.sol', 'flap.sol', 'drip.sol', 'tune.sol']
3,['flop.sol', 'flip.t.sol', 'flap.t.sol', 'heal.sol', 'heal.t.sol', 'flap.sol', 'drip.sol', 'bite.sol']
3,['flop.sol', 'flip.t.sol', 'flap.t.sol', 'heal.sol', 'heal.t.sol', 'flap.sol', 'frob.t.sol', 'tune.sol']
3,['flop.sol', 'flip.t.sol', 'flap.t.sol', 'heal.sol', 'heal.t.sol', 'flap.sol', 'frob.t.sol', 'bite.sol']
2,['flop.sol', 'flip.t.sol', 'flap.t.sol', 'heal.sol', 'heal.t.sol', 'flap.sol', 'tune.sol', 'bite.sol']
2,['flop.sol', 'flip.t.sol', 'flap.t.sol', 'heal.sol', 'heal.t.sol', 'drip.sol', 'frob.t.sol', 'tune.sol']
2,['flop.sol', 'flip.t.sol', 'flap.t.sol', 'heal.sol', 'heal.t.sol', 'drip.sol', 'frob.t.sol', 'bite.sol']
2,['flop.sol', 'flip.t.sol', 'flap.t.sol', 'heal.sol', 'heal.t.sol', 'drip.sol', 'tune.sol', 'bite.sol']
3,['flop.sol', 'flip.t.sol', 'flap.t.sol', 'heal.sol', 'heal.t.sol', 'frob.t.sol', 'tune.sol', 'bite.sol']
2,['flop.sol', 'flip.t.sol', 'flap.t.sol', 'heal.sol', 'flap.sol', 'drip.sol', 'frob.t.sol', 'tune.sol']
2,['flop.sol', 'flip.t.sol', 'flap.t.sol', 'heal.sol', 'flap.sol', 'drip.sol', 'frob.t.sol', 'bite.sol']
2,['flop.sol', 'flip.t.sol', 'flap.t.sol', 'heal.sol', 'flap.sol', 'drip.sol', 'tune.sol', 'bite.sol']
3,['flop.sol', 'flip.t.sol', 'flap.t.sol', 'heal.sol', 'flap.sol', 'frob.t.sol', 'tune.sol', 'bite.sol']
2,['flop.sol', 'flip.t.sol', 'flap.t.sol', 'heal.sol', 'drip.sol', 'frob.t.sol', 'tune.sol', 'bite.sol']
2,['flop.sol', 'flip.t.sol', 'flap.t.sol', 'drip.t.sol', 'heal.t.sol', 'flap.sol', 'drip.sol', 'frob.t.sol']
2,['flop.sol', 'flip.t.sol', 'flap.t.sol', 'drip.t.sol', 'heal.t.sol', 'flap.sol', 'drip.sol', 'tune.sol']
3,['flop.sol', 'flip.t.sol', 'flap.t.sol', 'drip.t.sol', 'heal.t.sol', 'flap.sol', 'drip.sol', 'bite.sol']
2,['flop.sol', 'flip.t.sol', 'flap.t.sol', 'drip.t.sol', 'heal.t.sol', 'flap.sol', 'frob.t.sol', 'tune.sol']
2,['flop.sol', 'flip.t.sol', 'flap.t.sol', 'drip.t.sol', 'heal.t.sol', 'flap.sol', 'frob.t.sol', 'bite.sol']
1,['flop.sol', 'flip.t.sol', 'flap.t.sol', 'drip.t.sol', 'heal.t.sol', 'flap.sol', 'tune.sol', 'bite.sol']
2,['flop.sol', 'flip.t.sol', 'flap.t.sol', 'drip.t.sol', 'heal.t.sol', 'drip.sol', 'frob.t.sol', 'tune.sol']
2,['flop.sol', 'flip.t.sol', 'flap.t.sol', 'drip.t.sol', 'heal.t.sol', 'drip.sol', 'frob.t.sol', 'bite.sol']
2,['flop.sol', 'flip.t.sol', 'flap.t.sol', 'drip.t.sol', 'heal.t.sol', 'drip.sol', 'tune.sol', 'bite.sol']
2,['flop.sol', 'flip.t.sol', 'flap.t.sol', 'drip.t.sol', 'heal.t.sol', 'frob.t.sol', 'tune.sol', 'bite.sol']
2,['flop.sol', 'flip.t.sol', 'flap.t.sol', 'drip.t.sol', 'flap.sol', 'drip.sol', 'frob.t.sol', 'tune.sol']
2,['flop.sol', 'flip.t.sol', 'flap.t.sol', 'drip.t.sol', 'flap.sol', 'drip.sol', 'frob.t.sol', 'bite.sol']
2,['flop.sol', 'flip.t.sol', 'flap.t.sol', 'drip.t.sol', 'flap.sol', 'drip.sol', 'tune.sol', 'bite.sol']
2,['flop.sol', 'flip.t.sol', 'flap.t.sol', 'drip.t.sol', 'flap.sol', 'frob.t.sol', 'tune.sol', 'bite.sol']
1,['flop.sol', 'flip.t.sol', 'flap.t.sol', 'drip.t.sol', 'drip.sol', 'frob.t.sol', 'tune.sol', 'bite.sol']
2,['flop.sol', 'flip.t.sol', 'flap.t.sol', 'heal.t.sol', 'flap.sol', 'drip.sol', 'frob.t.sol', 'tune.sol']
2,['flop.sol', 'flip.t.sol', 'flap.t.sol', 'heal.t.sol', 'flap.sol', 'drip.sol', 'frob.t.sol', 'bite.sol']
2,['flop.sol', 'flip.t.sol', 'flap.t.sol', 'heal.t.sol', 'flap.sol', 'drip.sol', 'tune.sol', 'bite.sol']
3,['flop.sol', 'flip.t.sol', 'flap.t.sol', 'heal.t.sol', 'flap.sol', 'frob.t.sol', 'tune.sol', 'bite.sol']
2,['flop.sol', 'flip.t.sol', 'flap.t.sol', 'heal.t.sol', 'drip.sol', 'frob.t.sol', 'tune.sol', 'bite.sol']
2,['flop.sol', 'flip.t.sol', 'flap.t.sol', 'flap.sol', 'drip.sol', 'frob.t.sol', 'tune.sol', 'bite.sol']
2,['flop.sol', 'flip.t.sol', 'heal.sol', 'drip.t.sol', 'heal.t.sol', 'flap.sol', 'drip.sol', 'frob.t.sol']
2,['flop.sol', 'flip.t.sol', 'heal.sol', 'drip.t.sol', 'heal.t.sol', 'flap.sol', 'drip.sol', 'tune.sol']
2,['flop.sol', 'flip.t.sol', 'heal.sol', 'drip.t.sol', 'heal.t.sol', 'flap.sol', 'drip.sol', 'bite.sol']
2,['flop.sol', 'flip.t.sol', 'heal.sol', 'drip.t.sol', 'heal.t.sol', 'flap.sol', 'frob.t.sol', 'tune.sol']
2,['flop.sol', 'flip.t.sol', 'heal.sol', 'drip.t.sol', 'heal.t.sol', 'flap.sol', 'frob.t.sol', 'bite.sol']
1,['flop.sol', 'flip.t.sol', 'heal.sol', 'drip.t.sol', 'heal.t.sol', 'flap.sol', 'tune.sol', 'bite.sol']
2,['flop.sol', 'flip.t.sol', 'heal.sol', 'drip.t.sol', 'heal.t.sol', 'drip.sol', 'frob.t.sol', 'tune.sol']
2,['flop.sol', 'flip.t.sol', 'heal.sol', 'drip.t.sol', 'heal.t.sol', 'drip.sol', 'frob.t.sol', 'bite.sol']
2,['flop.sol', 'flip.t.sol', 'heal.sol', 'drip.t.sol', 'heal.t.sol', 'drip.sol', 'tune.sol', 'bite.sol']
2,['flop.sol', 'flip.t.sol', 'heal.sol', 'drip.t.sol', 'heal.t.sol', 'frob.t.sol', 'tune.sol', 'bite.sol']
3,['flop.sol', 'flip.t.sol', 'heal.sol', 'drip.t.sol', 'flap.sol', 'drip.sol', 'frob.t.sol', 'tune.sol']
4,['flop.sol', 'flip.t.sol', 'heal.sol', 'drip.t.sol', 'flap.sol', 'drip.sol', 'frob.t.sol', 'bite.sol']
2,['flop.sol', 'flip.t.sol', 'heal.sol', 'drip.t.sol', 'flap.sol', 'drip.sol', 'tune.sol', 'bite.sol']
1,['flop.sol', 'flip.t.sol', 'heal.sol', 'drip.t.sol', 'flap.sol', 'frob.t.sol', 'tune.sol', 'bite.sol']
4,['flop.sol', 'flip.t.sol', 'heal.sol', 'drip.t.sol', 'drip.sol', 'frob.t.sol', 'tune.sol', 'bite.sol']
2,['flop.sol', 'flip.t.sol', 'heal.sol', 'heal.t.sol', 'flap.sol', 'drip.sol', 'frob.t.sol', 'tune.sol']
2,['flop.sol', 'flip.t.sol', 'heal.sol', 'heal.t.sol', 'flap.sol', 'drip.sol', 'frob.t.sol', 'bite.sol']
2,['flop.sol', 'flip.t.sol', 'heal.sol', 'heal.t.sol', 'flap.sol', 'drip.sol', 'tune.sol', 'bite.sol']
3,['flop.sol', 'flip.t.sol', 'heal.sol', 'heal.t.sol', 'flap.sol', 'frob.t.sol', 'tune.sol', 'bite.sol']
2,['flop.sol', 'flip.t.sol', 'heal.sol', 'heal.t.sol', 'drip.sol', 'frob.t.sol', 'tune.sol', 'bite.sol']
2,['flop.sol', 'flip.t.sol', 'heal.sol', 'flap.sol', 'drip.sol', 'frob.t.sol', 'tune.sol', 'bite.sol']
2,['flop.sol', 'flip.t.sol', 'drip.t.sol', 'heal.t.sol', 'flap.sol', 'drip.sol', 'frob.t.sol', 'tune.sol']
2,['flop.sol', 'flip.t.sol', 'drip.t.sol', 'heal.t.sol', 'flap.sol', 'drip.sol', 'frob.t.sol', 'bite.sol']
2,['flop.sol', 'flip.t.sol', 'drip.t.sol', 'heal.t.sol', 'flap.sol', 'drip.sol', 'tune.sol', 'bite.sol']
2,['flop.sol', 'flip.t.sol', 'drip.t.sol', 'heal.t.sol', 'flap.sol', 'frob.t.sol', 'tune.sol', 'bite.sol']
2,['flop.sol', 'flip.t.sol', 'drip.t.sol', 'heal.t.sol', 'drip.sol', 'frob.t.sol', 'tune.sol', 'bite.sol']
2,['flop.sol', 'flip.t.sol', 'drip.t.sol', 'flap.sol', 'drip.sol', 'frob.t.sol', 'tune.sol', 'bite.sol']
2,['flop.sol', 'flip.t.sol', 'heal.t.sol', 'flap.sol', 'drip.sol', 'frob.t.sol', 'tune.sol', 'bite.sol']
3,['flop.sol', 'flop.t.sol', 'flap.t.sol', 'heal.sol', 'drip.t.sol', 'heal.t.sol', 'flap.sol', 'drip.sol']
2,['flop.sol', 'flop.t.sol', 'flap.t.sol', 'heal.sol', 'drip.t.sol', 'heal.t.sol', 'flap.sol', 'frob.t.sol']
3,['flop.sol', 'flop.t.sol', 'flap.t.sol', 'heal.sol', 'drip.t.sol', 'heal.t.sol', 'flap.sol', 'tune.sol']
3,['flop.sol', 'flop.t.sol', 'flap.t.sol', 'heal.sol', 'drip.t.sol', 'heal.t.sol', 'flap.sol', 'bite.sol']
2,['flop.sol', 'flop.t.sol', 'flap.t.sol', 'heal.sol', 'drip.t.sol', 'heal.t.sol', 'drip.sol', 'frob.t.sol']
2,['flop.sol', 'flop.t.sol', 'flap.t.sol', 'heal.sol', 'drip.t.sol', 'heal.t.sol', 'drip.sol', 'tune.sol']
3,['flop.sol', 'flop.t.sol', 'flap.t.sol', 'heal.sol', 'drip.t.sol', 'heal.t.sol', 'drip.sol', 'bite.sol']
2,['flop.sol', 'flop.t.sol', 'flap.t.sol', 'heal.sol', 'drip.t.sol', 'heal.t.sol', 'frob.t.sol', 'tune.sol']
2,['flop.sol', 'flop.t.sol', 'flap.t.sol', 'heal.sol', 'drip.t.sol', 'heal.t.sol', 'frob.t.sol', 'bite.sol']
2,['flop.sol', 'flop.t.sol', 'flap.t.sol', 'heal.sol', 'drip.t.sol', 'heal.t.sol', 'tune.sol', 'bite.sol']
3,['flop.sol', 'flop.t.sol', 'flap.t.sol', 'heal.sol', 'drip.t.sol', 'flap.sol', 'drip.sol', 'frob.t.sol']
2,['flop.sol', 'flop.t.sol', 'flap.t.sol', 'heal.sol', 'drip.t.sol', 'flap.sol', 'drip.sol', 'tune.sol']
3,['flop.sol', 'flop.t.sol', 'flap.t.sol', 'heal.sol', 'drip.t.sol', 'flap.sol', 'drip.sol', 'bite.sol']
3,['flop.sol', 'flop.t.sol', 'flap.t.sol', 'heal.sol', 'drip.t.sol', 'flap.sol', 'frob.t.sol', 'tune.sol']
3,['flop.sol', 'flop.t.sol', 'flap.t.sol', 'heal.sol', 'drip.t.sol', 'flap.sol', 'frob.t.sol', 'bite.sol']
2,['flop.sol', 'flop.t.sol', 'flap.t.sol', 'heal.sol', 'drip.t.sol', 'flap.sol', 'tune.sol', 'bite.sol']
3,['flop.sol', 'flop.t.sol', 'flap.t.sol', 'heal.sol', 'drip.t.sol', 'drip.sol', 'frob.t.sol', 'tune.sol']
5,['flop.sol', 'flop.t.sol', 'flap.t.sol', 'heal.sol', 'drip.t.sol', 'drip.sol', 'frob.t.sol', 'bite.sol']
2,['flop.sol', 'flop.t.sol', 'flap.t.sol', 'heal.sol', 'drip.t.sol', 'drip.sol', 'tune.sol', 'bite.sol']
2,['flop.sol', 'flop.t.sol', 'flap.t.sol', 'heal.sol', 'drip.t.sol', 'frob.t.sol', 'tune.sol', 'bite.sol']
2,['flop.sol', 'flop.t.sol', 'flap.t.sol', 'heal.sol', 'heal.t.sol', 'flap.sol', 'drip.sol', 'frob.t.sol']
2,['flop.sol', 'flop.t.sol', 'flap.t.sol', 'heal.sol', 'heal.t.sol', 'flap.sol', 'drip.sol', 'tune.sol']
3,['flop.sol', 'flop.t.sol', 'flap.t.sol', 'heal.sol', 'heal.t.sol', 'flap.sol', 'drip.sol', 'bite.sol']
3,['flop.sol', 'flop.t.sol', 'flap.t.sol', 'heal.sol', 'heal.t.sol', 'flap.sol', 'frob.t.sol', 'tune.sol']
3,['flop.sol', 'flop.t.sol', 'flap.t.sol', 'heal.sol', 'heal.t.sol', 'flap.sol', 'frob.t.sol', 'bite.sol']
3,['flop.sol', 'flop.t.sol', 'flap.t.sol', 'heal.sol', 'heal.t.sol', 'flap.sol', 'tune.sol', 'bite.sol']
2,['flop.sol', 'flop.t.sol', 'flap.t.sol', 'heal.sol', 'heal.t.sol', 'drip.sol', 'frob.t.sol', 'tune.sol']
2,['flop.sol', 'flop.t.sol', 'flap.t.sol', 'heal.sol', 'heal.t.sol', 'drip.sol', 'frob.t.sol', 'bite.sol']
2,['flop.sol', 'flop.t.sol', 'flap.t.sol', 'heal.sol', 'heal.t.sol', 'drip.sol', 'tune.sol', 'bite.sol']
3,['flop.sol', 'flop.t.sol', 'flap.t.sol', 'heal.sol', 'heal.t.sol', 'frob.t.sol', 'tune.sol', 'bite.sol']
2,['flop.sol', 'flop.t.sol', 'flap.t.sol', 'heal.sol', 'flap.sol', 'drip.sol', 'frob.t.sol', 'tune.sol']
3,['flop.sol', 'flop.t.sol', 'flap.t.sol', 'heal.sol', 'flap.sol', 'drip.sol', 'frob.t.sol', 'bite.sol']
2,['flop.sol', 'flop.t.sol', 'flap.t.sol', 'heal.sol', 'flap.sol', 'drip.sol', 'tune.sol', 'bite.sol']
3,['flop.sol', 'flop.t.sol', 'flap.t.sol', 'heal.sol', 'flap.sol', 'frob.t.sol', 'tune.sol', 'bite.sol']
2,['flop.sol', 'flop.t.sol', 'flap.t.sol', 'heal.sol', 'drip.sol', 'frob.t.sol', 'tune.sol', 'bite.sol']
2,['flop.sol', 'flop.t.sol', 'flap.t.sol', 'drip.t.sol', 'heal.t.sol', 'flap.sol', 'drip.sol', 'frob.t.sol']
2,['flop.sol', 'flop.t.sol', 'flap.t.sol', 'drip.t.sol', 'heal.t.sol', 'flap.sol', 'drip.sol', 'tune.sol']
3,['flop.sol', 'flop.t.sol', 'flap.t.sol', 'drip.t.sol', 'heal.t.sol', 'flap.sol', 'drip.sol', 'bite.sol']
2,['flop.sol', 'flop.t.sol', 'flap.t.sol', 'drip.t.sol', 'heal.t.sol', 'flap.sol', 'frob.t.sol', 'tune.sol']
2,['flop.sol', 'flop.t.sol', 'flap.t.sol', 'drip.t.sol', 'heal.t.sol', 'flap.sol', 'frob.t.sol', 'bite.sol']
2,['flop.sol', 'flop.t.sol', 'flap.t.sol', 'drip.t.sol', 'heal.t.sol', 'flap.sol', 'tune.sol', 'bite.sol']
2,['flop.sol', 'flop.t.sol', 'flap.t.sol', 'drip.t.sol', 'heal.t.sol', 'drip.sol', 'frob.t.sol', 'tune.sol']
2,['flop.sol', 'flop.t.sol', 'flap.t.sol', 'drip.t.sol', 'heal.t.sol', 'drip.sol', 'frob.t.sol', 'bite.sol']
2,['flop.sol', 'flop.t.sol', 'flap.t.sol', 'drip.t.sol', 'heal.t.sol', 'drip.sol', 'tune.sol', 'bite.sol']
2,['flop.sol', 'flop.t.sol', 'flap.t.sol', 'drip.t.sol', 'heal.t.sol', 'frob.t.sol', 'tune.sol', 'bite.sol']
2,['flop.sol', 'flop.t.sol', 'flap.t.sol', 'drip.t.sol', 'flap.sol', 'drip.sol', 'frob.t.sol', 'tune.sol']
3,['flop.sol', 'flop.t.sol', 'flap.t.sol', 'drip.t.sol', 'flap.sol', 'drip.sol', 'frob.t.sol', 'bite.sol']
2,['flop.sol', 'flop.t.sol', 'flap.t.sol', 'drip.t.sol', 'flap.sol', 'drip.sol', 'tune.sol', 'bite.sol']
2,['flop.sol', 'flop.t.sol', 'flap.t.sol', 'drip.t.sol', 'flap.sol', 'frob.t.sol', 'tune.sol', 'bite.sol']
2,['flop.sol', 'flop.t.sol', 'flap.t.sol', 'drip.t.sol', 'drip.sol', 'frob.t.sol', 'tune.sol', 'bite.sol']
2,['flop.sol', 'flop.t.sol', 'flap.t.sol', 'heal.t.sol', 'flap.sol', 'drip.sol', 'frob.t.sol', 'tune.sol']
2,['flop.sol', 'flop.t.sol', 'flap.t.sol', 'heal.t.sol', 'flap.sol', 'drip.sol', 'frob.t.sol', 'bite.sol']
2,['flop.sol', 'flop.t.sol', 'flap.t.sol', 'heal.t.sol', 'flap.sol', 'drip.sol', 'tune.sol', 'bite.sol']
3,['flop.sol', 'flop.t.sol', 'flap.t.sol', 'heal.t.sol', 'flap.sol', 'frob.t.sol', 'tune.sol', 'bite.sol']
2,['flop.sol', 'flop.t.sol', 'flap.t.sol', 'heal.t.sol', 'drip.sol', 'frob.t.sol', 'tune.sol', 'bite.sol']
2,['flop.sol', 'flop.t.sol', 'flap.t.sol', 'flap.sol', 'drip.sol', 'frob.t.sol', 'tune.sol', 'bite.sol']
3,['flop.sol', 'flop.t.sol', 'heal.sol', 'drip.t.sol', 'heal.t.sol', 'flap.sol', 'drip.sol', 'frob.t.sol']
2,['flop.sol', 'flop.t.sol', 'heal.sol', 'drip.t.sol', 'heal.t.sol', 'flap.sol', 'drip.sol', 'tune.sol']
4,['flop.sol', 'flop.t.sol', 'heal.sol', 'drip.t.sol', 'heal.t.sol', 'flap.sol', 'drip.sol', 'bite.sol']
2,['flop.sol', 'flop.t.sol', 'heal.sol', 'drip.t.sol', 'heal.t.sol', 'flap.sol', 'frob.t.sol', 'tune.sol']
2,['flop.sol', 'flop.t.sol', 'heal.sol', 'drip.t.sol', 'heal.t.sol', 'flap.sol', 'frob.t.sol', 'bite.sol']
2,['flop.sol', 'flop.t.sol', 'heal.sol', 'drip.t.sol', 'heal.t.sol', 'flap.sol', 'tune.sol', 'bite.sol']
2,['flop.sol', 'flop.t.sol', 'heal.sol', 'drip.t.sol', 'heal.t.sol', 'drip.sol', 'frob.t.sol', 'tune.sol']
2,['flop.sol', 'flop.t.sol', 'heal.sol', 'drip.t.sol', 'heal.t.sol', 'drip.sol', 'frob.t.sol', 'bite.sol']
2,['flop.sol', 'flop.t.sol', 'heal.sol', 'drip.t.sol', 'heal.t.sol', 'drip.sol', 'tune.sol', 'bite.sol']
2,['flop.sol', 'flop.t.sol', 'heal.sol', 'drip.t.sol', 'heal.t.sol', 'frob.t.sol', 'tune.sol', 'bite.sol']
2,['flop.sol', 'flop.t.sol', 'heal.sol', 'drip.t.sol', 'flap.sol', 'drip.sol', 'frob.t.sol', 'tune.sol']
3,['flop.sol', 'flop.t.sol', 'heal.sol', 'drip.t.sol', 'flap.sol', 'drip.sol', 'frob.t.sol', 'bite.sol']
2,['flop.sol', 'flop.t.sol', 'heal.sol', 'drip.t.sol', 'flap.sol', 'drip.sol', 'tune.sol', 'bite.sol']
3,['flop.sol', 'flop.t.sol', 'heal.sol', 'drip.t.sol', 'flap.sol', 'frob.t.sol', 'tune.sol', 'bite.sol']
4,['flop.sol', 'flop.t.sol', 'heal.sol', 'drip.t.sol', 'drip.sol', 'frob.t.sol', 'tune.sol', 'bite.sol']
2,['flop.sol', 'flop.t.sol', 'heal.sol', 'heal.t.sol', 'flap.sol', 'drip.sol', 'frob.t.sol', 'tune.sol']
2,['flop.sol', 'flop.t.sol', 'heal.sol', 'heal.t.sol', 'flap.sol', 'drip.sol', 'frob.t.sol', 'bite.sol']
2,['flop.sol', 'flop.t.sol', 'heal.sol', 'heal.t.sol', 'flap.sol', 'drip.sol', 'tune.sol', 'bite.sol']
3,['flop.sol', 'flop.t.sol', 'heal.sol', 'heal.t.sol', 'flap.sol', 'frob.t.sol', 'tune.sol', 'bite.sol']
2,['flop.sol', 'flop.t.sol', 'heal.sol', 'heal.t.sol', 'drip.sol', 'frob.t.sol', 'tune.sol', 'bite.sol']
3,['flop.sol', 'flop.t.sol', 'heal.sol', 'flap.sol', 'drip.sol', 'frob.t.sol', 'tune.sol', 'bite.sol']
2,['flop.sol', 'flop.t.sol', 'drip.t.sol', 'heal.t.sol', 'flap.sol', 'drip.sol', 'frob.t.sol', 'tune.sol']
2,['flop.sol', 'flop.t.sol', 'drip.t.sol', 'heal.t.sol', 'flap.sol', 'drip.sol', 'frob.t.sol', 'bite.sol']
2,['flop.sol', 'flop.t.sol', 'drip.t.sol', 'heal.t.sol', 'flap.sol', 'drip.sol', 'tune.sol', 'bite.sol']
2,['flop.sol', 'flop.t.sol', 'drip.t.sol', 'heal.t.sol', 'flap.sol', 'frob.t.sol', 'tune.sol', 'bite.sol']
2,['flop.sol', 'flop.t.sol', 'drip.t.sol', 'heal.t.sol', 'drip.sol', 'frob.t.sol', 'tune.sol', 'bite.sol']
2,['flop.sol', 'flop.t.sol', 'drip.t.sol', 'flap.sol', 'drip.sol', 'frob.t.sol', 'tune.sol', 'bite.sol']
2,['flop.sol', 'flop.t.sol', 'heal.t.sol', 'flap.sol', 'drip.sol', 'frob.t.sol', 'tune.sol', 'bite.sol']
2,['flop.sol', 'flap.t.sol', 'heal.sol', 'drip.t.sol', 'heal.t.sol', 'flap.sol', 'drip.sol', 'frob.t.sol']
2,['flop.sol', 'flap.t.sol', 'heal.sol', 'drip.t.sol', 'heal.t.sol', 'flap.sol', 'drip.sol', 'tune.sol']
4,['flop.sol', 'flap.t.sol', 'heal.sol', 'drip.t.sol', 'heal.t.sol', 'flap.sol', 'drip.sol', 'bite.sol']
2,['flop.sol', 'flap.t.sol', 'heal.sol', 'drip.t.sol', 'heal.t.sol', 'flap.sol', 'frob.t.sol', 'tune.sol']
2,['flop.sol', 'flap.t.sol', 'heal.sol', 'drip.t.sol', 'heal.t.sol', 'flap.sol', 'frob.t.sol', 'bite.sol']
2,['flop.sol', 'flap.t.sol', 'heal.sol', 'drip.t.sol', 'heal.t.sol', 'flap.sol', 'tune.sol', 'bite.sol']
2,['flop.sol', 'flap.t.sol', 'heal.sol', 'drip.t.sol', 'heal.t.sol', 'drip.sol', 'frob.t.sol', 'tune.sol']
2,['flop.sol', 'flap.t.sol', 'heal.sol', 'drip.t.sol', 'heal.t.sol', 'drip.sol', 'frob.t.sol', 'bite.sol']
2,['flop.sol', 'flap.t.sol', 'heal.sol', 'drip.t.sol', 'heal.t.sol', 'drip.sol', 'tune.sol', 'bite.sol']
2,['flop.sol', 'flap.t.sol', 'heal.sol', 'drip.t.sol', 'heal.t.sol', 'frob.t.sol', 'tune.sol', 'bite.sol']
2,['flop.sol', 'flap.t.sol', 'heal.sol', 'drip.t.sol', 'flap.sol', 'drip.sol', 'frob.t.sol', 'tune.sol']
3,['flop.sol', 'flap.t.sol', 'heal.sol', 'drip.t.sol', 'flap.sol', 'drip.sol', 'frob.t.sol', 'bite.sol']
2,['flop.sol', 'flap.t.sol', 'heal.sol', 'drip.t.sol', 'flap.sol', 'drip.sol', 'tune.sol', 'bite.sol']
3,['flop.sol', 'flap.t.sol', 'heal.sol', 'drip.t.sol', 'flap.sol', 'frob.t.sol', 'tune.sol', 'bite.sol']
4,['flop.sol', 'flap.t.sol', 'heal.sol', 'drip.t.sol', 'drip.sol', 'frob.t.sol', 'tune.sol', 'bite.sol']
2,['flop.sol', 'flap.t.sol', 'heal.sol', 'heal.t.sol', 'flap.sol', 'drip.sol', 'frob.t.sol', 'tune.sol']
2,['flop.sol', 'flap.t.sol', 'heal.sol', 'heal.t.sol', 'flap.sol', 'drip.sol', 'frob.t.sol', 'bite.sol']
2,['flop.sol', 'flap.t.sol', 'heal.sol', 'heal.t.sol', 'flap.sol', 'drip.sol', 'tune.sol', 'bite.sol']
3,['flop.sol', 'flap.t.sol', 'heal.sol', 'heal.t.sol', 'flap.sol', 'frob.t.sol', 'tune.sol', 'bite.sol']
2,['flop.sol', 'flap.t.sol', 'heal.sol', 'heal.t.sol', 'drip.sol', 'frob.t.sol', 'tune.sol', 'bite.sol']
3,['flop.sol', 'flap.t.sol', 'heal.sol', 'flap.sol', 'drip.sol', 'frob.t.sol', 'tune.sol', 'bite.sol']
2,['flop.sol', 'flap.t.sol', 'drip.t.sol', 'heal.t.sol', 'flap.sol', 'drip.sol', 'frob.t.sol', 'tune.sol']
2,['flop.sol', 'flap.t.sol', 'drip.t.sol', 'heal.t.sol', 'flap.sol', 'drip.sol', 'frob.t.sol', 'bite.sol']
2,['flop.sol', 'flap.t.sol', 'drip.t.sol', 'heal.t.sol', 'flap.sol', 'drip.sol', 'tune.sol', 'bite.sol']
2,['flop.sol', 'flap.t.sol', 'drip.t.sol', 'heal.t.sol', 'flap.sol', 'frob.t.sol', 'tune.sol', 'bite.sol']
2,['flop.sol', 'flap.t.sol', 'drip.t.sol', 'heal.t.sol', 'drip.sol', 'frob.t.sol', 'tune.sol', 'bite.sol']
2,['flop.sol', 'flap.t.sol', 'drip.t.sol', 'flap.sol', 'drip.sol', 'frob.t.sol', 'tune.sol', 'bite.sol']
2,['flop.sol', 'flap.t.sol', 'heal.t.sol', 'flap.sol', 'drip.sol', 'frob.t.sol', 'tune.sol', 'bite.sol']
4,['flop.sol', 'heal.sol', 'drip.t.sol', 'heal.t.sol', 'flap.sol', 'drip.sol', 'frob.t.sol', 'tune.sol']
4,['flop.sol', 'heal.sol', 'drip.t.sol', 'heal.t.sol', 'flap.sol', 'drip.sol', 'frob.t.sol', 'bite.sol']
3,['flop.sol', 'heal.sol', 'drip.t.sol', 'heal.t.sol', 'flap.sol', 'drip.sol', 'tune.sol', 'bite.sol']
2,['flop.sol', 'heal.sol', 'drip.t.sol', 'heal.t.sol', 'flap.sol', 'frob.t.sol', 'tune.sol', 'bite.sol']
4,['flop.sol', 'heal.sol', 'drip.t.sol', 'heal.t.sol', 'drip.sol', 'frob.t.sol', 'tune.sol', 'bite.sol']
2,['flop.sol', 'heal.sol', 'drip.t.sol', 'flap.sol', 'drip.sol', 'frob.t.sol', 'tune.sol', 'bite.sol']
2,['flop.sol', 'heal.sol', 'heal.t.sol', 'flap.sol', 'drip.sol', 'frob.t.sol', 'tune.sol', 'bite.sol']
1,['flop.sol', 'drip.t.sol', 'heal.t.sol', 'flap.sol', 'drip.sol', 'frob.t.sol', 'tune.sol', 'bite.sol']
3,['join.sol', 'flip.sol', 'transferFrom.sol', 'frob.sol', 'flip.t.sol', 'flop.t.sol', 'flap.t.sol', 'heal.sol']
3,['join.sol', 'flip.sol', 'transferFrom.sol', 'frob.sol', 'flip.t.sol', 'flop.t.sol', 'flap.t.sol', 'drip.t.sol']
4,['join.sol', 'flip.sol', 'transferFrom.sol', 'frob.sol', 'flip.t.sol', 'flop.t.sol', 'flap.t.sol', 'heal.t.sol']
4,['join.sol', 'flip.sol', 'transferFrom.sol', 'frob.sol', 'flip.t.sol', 'flop.t.sol', 'flap.t.sol', 'flap.sol']
4,['join.sol', 'flip.sol', 'transferFrom.sol', 'frob.sol', 'flip.t.sol', 'flop.t.sol', 'flap.t.sol', 'drip.sol']
3,['join.sol', 'flip.sol', 'transferFrom.sol', 'frob.sol', 'flip.t.sol', 'flop.t.sol', 'flap.t.sol', 'frob.t.sol']
2,['join.sol', 'flip.sol', 'transferFrom.sol', 'frob.sol', 'flip.t.sol', 'flop.t.sol', 'flap.t.sol', 'tune.sol']
3,['join.sol', 'flip.sol', 'transferFrom.sol', 'frob.sol', 'flip.t.sol', 'flop.t.sol', 'flap.t.sol', 'bite.sol']
2,['join.sol', 'flip.sol', 'transferFrom.sol', 'frob.sol', 'flip.t.sol', 'flop.t.sol', 'heal.sol', 'drip.t.sol']
4,['join.sol', 'flip.sol', 'transferFrom.sol', 'frob.sol', 'flip.t.sol', 'flop.t.sol', 'heal.sol', 'heal.t.sol']
2,['join.sol', 'flip.sol', 'transferFrom.sol', 'frob.sol', 'flip.t.sol', 'flop.t.sol', 'heal.sol', 'flap.sol']
3,['join.sol', 'flip.sol', 'transferFrom.sol', 'frob.sol', 'flip.t.sol', 'flop.t.sol', 'heal.sol', 'drip.sol']
3,['join.sol', 'flip.sol', 'transferFrom.sol', 'frob.sol', 'flip.t.sol', 'flop.t.sol', 'heal.sol', 'frob.t.sol']
2,['join.sol', 'flip.sol', 'transferFrom.sol', 'frob.sol', 'flip.t.sol', 'flop.t.sol', 'heal.sol', 'tune.sol']
2,['join.sol', 'flip.sol', 'transferFrom.sol', 'frob.sol', 'flip.t.sol', 'flop.t.sol', 'heal.sol', 'bite.sol']
3,['join.sol', 'flip.sol', 'transferFrom.sol', 'frob.sol', 'flip.t.sol', 'flop.t.sol', 'drip.t.sol', 'heal.t.sol']
3,['join.sol', 'flip.sol', 'transferFrom.sol', 'frob.sol', 'flip.t.sol', 'flop.t.sol', 'drip.t.sol', 'flap.sol']
5,['join.sol', 'flip.sol', 'transferFrom.sol', 'frob.sol', 'flip.t.sol', 'flop.t.sol', 'drip.t.sol', 'drip.sol']
2,['join.sol', 'flip.sol', 'transferFrom.sol', 'frob.sol', 'flip.t.sol', 'flop.t.sol', 'drip.t.sol', 'frob.t.sol']
2,['join.sol', 'flip.sol', 'transferFrom.sol', 'frob.sol', 'flip.t.sol', 'flop.t.sol', 'drip.t.sol', 'tune.sol']
3,['join.sol', 'flip.sol', 'transferFrom.sol', 'frob.sol', 'flip.t.sol', 'flop.t.sol', 'drip.t.sol', 'bite.sol']
4,['join.sol', 'flip.sol', 'transferFrom.sol', 'frob.sol', 'flip.t.sol', 'flop.t.sol', 'heal.t.sol', 'flap.sol']
3,['join.sol', 'flip.sol', 'transferFrom.sol', 'frob.sol', 'flip.t.sol', 'flop.t.sol', 'heal.t.sol', 'drip.sol']
3,['join.sol', 'flip.sol', 'transferFrom.sol', 'frob.sol', 'flip.t.sol', 'flop.t.sol', 'heal.t.sol', 'frob.t.sol']
3,['join.sol', 'flip.sol', 'transferFrom.sol', 'frob.sol', 'flip.t.sol', 'flop.t.sol', 'heal.t.sol', 'tune.sol']
4,['join.sol', 'flip.sol', 'transferFrom.sol', 'frob.sol', 'flip.t.sol', 'flop.t.sol', 'heal.t.sol', 'bite.sol']
5,['join.sol', 'flip.sol', 'transferFrom.sol', 'frob.sol', 'flip.t.sol', 'flop.t.sol', 'flap.sol', 'drip.sol']
3,['join.sol', 'flip.sol', 'transferFrom.sol', 'frob.sol', 'flip.t.sol', 'flop.t.sol', 'flap.sol', 'frob.t.sol']
2,['join.sol', 'flip.sol', 'transferFrom.sol', 'frob.sol', 'flip.t.sol', 'flop.t.sol', 'flap.sol', 'tune.sol']
3,['join.sol', 'flip.sol', 'transferFrom.sol', 'frob.sol', 'flip.t.sol', 'flop.t.sol', 'flap.sol', 'bite.sol']
2,['join.sol', 'flip.sol', 'transferFrom.sol', 'frob.sol', 'flip.t.sol', 'flop.t.sol', 'drip.sol', 'frob.t.sol']
4,['join.sol', 'flip.sol', 'transferFrom.sol', 'frob.sol', 'flip.t.sol', 'flop.t.sol', 'drip.sol', 'tune.sol']
5,['join.sol', 'flip.sol', 'transferFrom.sol', 'frob.sol', 'flip.t.sol', 'flop.t.sol', 'drip.sol', 'bite.sol']
3,['join.sol', 'flip.sol', 'transferFrom.sol', 'frob.sol', 'flip.t.sol', 'flop.t.sol', 'frob.t.sol', 'tune.sol']
3,['join.sol', 'flip.sol', 'transferFrom.sol', 'frob.sol', 'flip.t.sol', 'flop.t.sol', 'frob.t.sol', 'bite.sol']
2,['join.sol', 'flip.sol', 'transferFrom.sol', 'frob.sol', 'flip.t.sol', 'flop.t.sol', 'tune.sol', 'bite.sol']
2,['join.sol', 'flip.sol', 'transferFrom.sol', 'frob.sol', 'flip.t.sol', 'flap.t.sol', 'heal.sol', 'drip.t.sol']
4,['join.sol', 'flip.sol', 'transferFrom.sol', 'frob.sol', 'flip.t.sol', 'flap.t.sol', 'heal.sol', 'heal.t.sol']
2,['join.sol', 'flip.sol', 'transferFrom.sol', 'frob.sol', 'flip.t.sol', 'flap.t.sol', 'heal.sol', 'flap.sol']
2,['join.sol', 'flip.sol', 'transferFrom.sol', 'frob.sol', 'flip.t.sol', 'flap.t.sol', 'heal.sol', 'drip.sol']
3,['join.sol', 'flip.sol', 'transferFrom.sol', 'frob.sol', 'flip.t.sol', 'flap.t.sol', 'heal.sol', 'frob.t.sol']
2,['join.sol', 'flip.sol', 'transferFrom.sol', 'frob.sol', 'flip.t.sol', 'flap.t.sol', 'heal.sol', 'tune.sol']
2,['join.sol', 'flip.sol', 'transferFrom.sol', 'frob.sol', 'flip.t.sol', 'flap.t.sol', 'heal.sol', 'bite.sol']
3,['join.sol', 'flip.sol', 'transferFrom.sol', 'frob.sol', 'flip.t.sol', 'flap.t.sol', 'drip.t.sol', 'heal.t.sol']
3,['join.sol', 'flip.sol', 'transferFrom.sol', 'frob.sol', 'flip.t.sol', 'flap.t.sol', 'drip.t.sol', 'flap.sol']
5,['join.sol', 'flip.sol', 'transferFrom.sol', 'frob.sol', 'flip.t.sol', 'flap.t.sol', 'drip.t.sol', 'drip.sol']
2,['join.sol', 'flip.sol', 'transferFrom.sol', 'frob.sol', 'flip.t.sol', 'flap.t.sol', 'drip.t.sol', 'frob.t.sol']
2,['join.sol', 'flip.sol', 'transferFrom.sol', 'frob.sol', 'flip.t.sol', 'flap.t.sol', 'drip.t.sol', 'tune.sol']
5,['join.sol', 'flip.sol', 'transferFrom.sol', 'frob.sol', 'flip.t.sol', 'flap.t.sol', 'drip.t.sol', 'bite.sol']
4,['join.sol', 'flip.sol', 'transferFrom.sol', 'frob.sol', 'flip.t.sol', 'flap.t.sol', 'heal.t.sol', 'flap.sol']
3,['join.sol', 'flip.sol', 'transferFrom.sol', 'frob.sol', 'flip.t.sol', 'flap.t.sol', 'heal.t.sol', 'drip.sol']
3,['join.sol', 'flip.sol', 'transferFrom.sol', 'frob.sol', 'flip.t.sol', 'flap.t.sol', 'heal.t.sol', 'frob.t.sol']
3,['join.sol', 'flip.sol', 'transferFrom.sol', 'frob.sol', 'flip.t.sol', 'flap.t.sol', 'heal.t.sol', 'tune.sol']
4,['join.sol', 'flip.sol', 'transferFrom.sol', 'frob.sol', 'flip.t.sol', 'flap.t.sol', 'heal.t.sol', 'bite.sol']
3,['join.sol', 'flip.sol', 'transferFrom.sol', 'frob.sol', 'flip.t.sol', 'flap.t.sol', 'flap.sol', 'drip.sol']
3,['join.sol', 'flip.sol', 'transferFrom.sol', 'frob.sol', 'flip.t.sol', 'flap.t.sol', 'flap.sol', 'frob.t.sol']
2,['join.sol', 'flip.sol', 'transferFrom.sol', 'frob.sol', 'flip.t.sol', 'flap.t.sol', 'flap.sol', 'tune.sol']
3,['join.sol', 'flip.sol', 'transferFrom.sol', 'frob.sol', 'flip.t.sol', 'flap.t.sol', 'flap.sol', 'bite.sol']
2,['join.sol', 'flip.sol', 'transferFrom.sol', 'frob.sol', 'flip.t.sol', 'flap.t.sol', 'drip.sol', 'frob.t.sol']
4,['join.sol', 'flip.sol', 'transferFrom.sol', 'frob.sol', 'flip.t.sol', 'flap.t.sol', 'drip.sol', 'tune.sol']
5,['join.sol', 'flip.sol', 'transferFrom.sol', 'frob.sol', 'flip.t.sol', 'flap.t.sol', 'drip.sol', 'bite.sol']
3,['join.sol', 'flip.sol', 'transferFrom.sol', 'frob.sol', 'flip.t.sol', 'flap.t.sol', 'frob.t.sol', 'tune.sol']
3,['join.sol', 'flip.sol', 'transferFrom.sol', 'frob.sol', 'flip.t.sol', 'flap.t.sol', 'frob.t.sol', 'bite.sol']
2,['join.sol', 'flip.sol', 'transferFrom.sol', 'frob.sol', 'flip.t.sol', 'flap.t.sol', 'tune.sol', 'bite.sol']
2,['join.sol', 'flip.sol', 'transferFrom.sol', 'frob.sol', 'flip.t.sol', 'heal.sol', 'drip.t.sol', 'heal.t.sol']
2,['join.sol', 'flip.sol', 'transferFrom.sol', 'frob.sol', 'flip.t.sol', 'heal.sol', 'drip.t.sol', 'flap.sol']
2,['join.sol', 'flip.sol', 'transferFrom.sol', 'frob.sol', 'flip.t.sol', 'heal.sol', 'drip.t.sol', 'drip.sol']
5,['join.sol', 'flip.sol', 'transferFrom.sol', 'frob.sol', 'flip.t.sol', 'heal.sol', 'drip.t.sol', 'frob.t.sol']
2,['join.sol', 'flip.sol', 'transferFrom.sol', 'frob.sol', 'flip.t.sol', 'heal.sol', 'drip.t.sol', 'tune.sol']
2,['join.sol', 'flip.sol', 'transferFrom.sol', 'frob.sol', 'flip.t.sol', 'heal.sol', 'drip.t.sol', 'bite.sol']
4,['join.sol', 'flip.sol', 'transferFrom.sol', 'frob.sol', 'flip.t.sol', 'heal.sol', 'heal.t.sol', 'flap.sol']
2,['join.sol', 'flip.sol', 'transferFrom.sol', 'frob.sol', 'flip.t.sol', 'heal.sol', 'heal.t.sol', 'drip.sol']
3,['join.sol', 'flip.sol', 'transferFrom.sol', 'frob.sol', 'flip.t.sol', 'heal.sol', 'heal.t.sol', 'frob.t.sol']
3,['join.sol', 'flip.sol', 'transferFrom.sol', 'frob.sol', 'flip.t.sol', 'heal.sol', 'heal.t.sol', 'tune.sol']
3,['join.sol', 'flip.sol', 'transferFrom.sol', 'frob.sol', 'flip.t.sol', 'heal.sol', 'heal.t.sol', 'bite.sol']
2,['join.sol', 'flip.sol', 'transferFrom.sol', 'frob.sol', 'flip.t.sol', 'heal.sol', 'flap.sol', 'drip.sol']
4,['join.sol', 'flip.sol', 'transferFrom.sol', 'frob.sol', 'flip.t.sol', 'heal.sol', 'flap.sol', 'frob.t.sol']
2,['join.sol', 'flip.sol', 'transferFrom.sol', 'frob.sol', 'flip.t.sol', 'heal.sol', 'flap.sol', 'tune.sol']
2,['join.sol', 'flip.sol', 'transferFrom.sol', 'frob.sol', 'flip.t.sol', 'heal.sol', 'flap.sol', 'bite.sol']
5,['join.sol', 'flip.sol', 'transferFrom.sol', 'frob.sol', 'flip.t.sol', 'heal.sol', 'drip.sol', 'frob.t.sol']
2,['join.sol', 'flip.sol', 'transferFrom.sol', 'frob.sol', 'flip.t.sol', 'heal.sol', 'drip.sol', 'tune.sol']
2,['join.sol', 'flip.sol', 'transferFrom.sol', 'frob.sol', 'flip.t.sol', 'heal.sol', 'drip.sol', 'bite.sol']
2,['join.sol', 'flip.sol', 'transferFrom.sol', 'frob.sol', 'flip.t.sol', 'heal.sol', 'frob.t.sol', 'tune.sol']
4,['join.sol', 'flip.sol', 'transferFrom.sol', 'frob.sol', 'flip.t.sol', 'heal.sol', 'frob.t.sol', 'bite.sol']
2,['join.sol', 'flip.sol', 'transferFrom.sol', 'frob.sol', 'flip.t.sol', 'heal.sol', 'tune.sol', 'bite.sol']
2,['join.sol', 'flip.sol', 'transferFrom.sol', 'frob.sol', 'flip.t.sol', 'drip.t.sol', 'heal.t.sol', 'flap.sol']
2,['join.sol', 'flip.sol', 'transferFrom.sol', 'frob.sol', 'flip.t.sol', 'drip.t.sol', 'heal.t.sol', 'drip.sol']
2,['join.sol', 'flip.sol', 'transferFrom.sol', 'frob.sol', 'flip.t.sol', 'drip.t.sol', 'heal.t.sol', 'frob.t.sol']
2,['join.sol', 'flip.sol', 'transferFrom.sol', 'frob.sol', 'flip.t.sol', 'drip.t.sol', 'heal.t.sol', 'tune.sol']
2,['join.sol', 'flip.sol', 'transferFrom.sol', 'frob.sol', 'flip.t.sol', 'drip.t.sol', 'heal.t.sol', 'bite.sol']
4,['join.sol', 'flip.sol', 'transferFrom.sol', 'frob.sol', 'flip.t.sol', 'drip.t.sol', 'flap.sol', 'drip.sol']
3,['join.sol', 'flip.sol', 'transferFrom.sol', 'frob.sol', 'flip.t.sol', 'drip.t.sol', 'flap.sol', 'frob.t.sol']
3,['join.sol', 'flip.sol', 'transferFrom.sol', 'frob.sol', 'flip.t.sol', 'drip.t.sol', 'flap.sol', 'tune.sol']
4,['join.sol', 'flip.sol', 'transferFrom.sol', 'frob.sol', 'flip.t.sol', 'drip.t.sol', 'flap.sol', 'bite.sol']
5,['join.sol', 'flip.sol', 'transferFrom.sol', 'frob.sol', 'flip.t.sol', 'drip.t.sol', 'drip.sol', 'frob.t.sol']
5,['join.sol', 'flip.sol', 'transferFrom.sol', 'frob.sol', 'flip.t.sol', 'drip.t.sol', 'drip.sol', 'tune.sol']
2,['join.sol', 'flip.sol', 'transferFrom.sol', 'frob.sol', 'flip.t.sol', 'drip.t.sol', 'drip.sol', 'bite.sol']
2,['join.sol', 'flip.sol', 'transferFrom.sol', 'frob.sol', 'flip.t.sol', 'drip.t.sol', 'frob.t.sol', 'tune.sol']
5,['join.sol', 'flip.sol', 'transferFrom.sol', 'frob.sol', 'flip.t.sol', 'drip.t.sol', 'frob.t.sol', 'bite.sol']
4,['join.sol', 'flip.sol', 'transferFrom.sol', 'frob.sol', 'flip.t.sol', 'drip.t.sol', 'tune.sol', 'bite.sol']
2,['join.sol', 'flip.sol', 'transferFrom.sol', 'frob.sol', 'flip.t.sol', 'heal.t.sol', 'flap.sol', 'drip.sol']
3,['join.sol', 'flip.sol', 'transferFrom.sol', 'frob.sol', 'flip.t.sol', 'heal.t.sol', 'flap.sol', 'frob.t.sol']
3,['join.sol', 'flip.sol', 'transferFrom.sol', 'frob.sol', 'flip.t.sol', 'heal.t.sol', 'flap.sol', 'tune.sol']
3,['join.sol', 'flip.sol', 'transferFrom.sol', 'frob.sol', 'flip.t.sol', 'heal.t.sol', 'flap.sol', 'bite.sol']
2,['join.sol', 'flip.sol', 'transferFrom.sol', 'frob.sol', 'flip.t.sol', 'heal.t.sol', 'drip.sol', 'frob.t.sol']
2,['join.sol', 'flip.sol', 'transferFrom.sol', 'frob.sol', 'flip.t.sol', 'heal.t.sol', 'drip.sol', 'tune.sol']
2,['join.sol', 'flip.sol', 'transferFrom.sol', 'frob.sol', 'flip.t.sol', 'heal.t.sol', 'drip.sol', 'bite.sol']
3,['join.sol', 'flip.sol', 'transferFrom.sol', 'frob.sol', 'flip.t.sol', 'heal.t.sol', 'frob.t.sol', 'tune.sol']
3,['join.sol', 'flip.sol', 'transferFrom.sol', 'frob.sol', 'flip.t.sol', 'heal.t.sol', 'frob.t.sol', 'bite.sol']
3,['join.sol', 'flip.sol', 'transferFrom.sol', 'frob.sol', 'flip.t.sol', 'heal.t.sol', 'tune.sol', 'bite.sol']
3,['join.sol', 'flip.sol', 'transferFrom.sol', 'frob.sol', 'flip.t.sol', 'flap.sol', 'drip.sol', 'frob.t.sol']
5,['join.sol', 'flip.sol', 'transferFrom.sol', 'frob.sol', 'flip.t.sol', 'flap.sol', 'drip.sol', 'tune.sol']
4,['join.sol', 'flip.sol', 'transferFrom.sol', 'frob.sol', 'flip.t.sol', 'flap.sol', 'drip.sol', 'bite.sol']
2,['join.sol', 'flip.sol', 'transferFrom.sol', 'frob.sol', 'flip.t.sol', 'flap.sol', 'frob.t.sol', 'tune.sol']
3,['join.sol', 'flip.sol', 'transferFrom.sol', 'frob.sol', 'flip.t.sol', 'flap.sol', 'frob.t.sol', 'bite.sol']
2,['join.sol', 'flip.sol', 'transferFrom.sol', 'frob.sol', 'flip.t.sol', 'flap.sol', 'tune.sol', 'bite.sol']
2,['join.sol', 'flip.sol', 'transferFrom.sol', 'frob.sol', 'flip.t.sol', 'drip.sol', 'frob.t.sol', 'tune.sol']
3,['join.sol', 'flip.sol', 'transferFrom.sol', 'frob.sol', 'flip.t.sol', 'drip.sol', 'frob.t.sol', 'bite.sol']
4,['join.sol', 'flip.sol', 'transferFrom.sol', 'frob.sol', 'flip.t.sol', 'drip.sol', 'tune.sol', 'bite.sol']
2,['join.sol', 'flip.sol', 'transferFrom.sol', 'frob.sol', 'flip.t.sol', 'frob.t.sol', 'tune.sol', 'bite.sol']
2,['join.sol', 'flip.sol', 'transferFrom.sol', 'frob.sol', 'flop.t.sol', 'flap.t.sol', 'heal.sol', 'drip.t.sol']
4,['join.sol', 'flip.sol', 'transferFrom.sol', 'frob.sol', 'flop.t.sol', 'flap.t.sol', 'heal.sol', 'heal.t.sol']
3,['join.sol', 'flip.sol', 'transferFrom.sol', 'frob.sol', 'flop.t.sol', 'flap.t.sol', 'heal.sol', 'flap.sol']
3,['join.sol', 'flip.sol', 'transferFrom.sol', 'frob.sol', 'flop.t.sol', 'flap.t.sol', 'heal.sol', 'drip.sol']
4,['join.sol', 'flip.sol', 'transferFrom.sol', 'frob.sol', 'flop.t.sol', 'flap.t.sol', 'heal.sol', 'frob.t.sol']
2,['join.sol', 'flip.sol', 'transferFrom.sol', 'frob.sol', 'flop.t.sol', 'flap.t.sol', 'heal.sol', 'tune.sol']
2,['join.sol', 'flip.sol', 'transferFrom.sol', 'frob.sol', 'flop.t.sol', 'flap.t.sol', 'heal.sol', 'bite.sol']
3,['join.sol', 'flip.sol', 'transferFrom.sol', 'frob.sol', 'flop.t.sol', 'flap.t.sol', 'drip.t.sol', 'heal.t.sol']
5,['join.sol', 'flip.sol', 'transferFrom.sol', 'frob.sol', 'flop.t.sol', 'flap.t.sol', 'drip.t.sol', 'flap.sol']
2,['join.sol', 'flip.sol', 'transferFrom.sol', 'frob.sol', 'flop.t.sol', 'flap.t.sol', 'drip.t.sol', 'drip.sol']
3,['join.sol', 'flip.sol', 'transferFrom.sol', 'frob.sol', 'flop.t.sol', 'flap.t.sol', 'drip.t.sol', 'frob.t.sol']
3,['join.sol', 'flip.sol', 'transferFrom.sol', 'frob.sol', 'flop.t.sol', 'flap.t.sol', 'drip.t.sol', 'tune.sol']
2,['join.sol', 'flip.sol', 'transferFrom.sol', 'frob.sol', 'flop.t.sol', 'flap.t.sol', 'drip.t.sol', 'bite.sol']
4,['join.sol', 'flip.sol', 'transferFrom.sol', 'frob.sol', 'flop.t.sol', 'flap.t.sol', 'heal.t.sol', 'flap.sol']
3,['join.sol', 'flip.sol', 'transferFrom.sol', 'frob.sol', 'flop.t.sol', 'flap.t.sol', 'heal.t.sol', 'drip.sol']
3,['join.sol', 'flip.sol', 'transferFrom.sol', 'frob.sol', 'flop.t.sol', 'flap.t.sol', 'heal.t.sol', 'frob.t.sol']
3,['join.sol', 'flip.sol', 'transferFrom.sol', 'frob.sol', 'flop.t.sol', 'flap.t.sol', 'heal.t.sol', 'tune.sol']
4,['join.sol', 'flip.sol', 'transferFrom.sol', 'frob.sol', 'flop.t.sol', 'flap.t.sol', 'heal.t.sol', 'bite.sol']
6,['join.sol', 'flip.sol', 'transferFrom.sol', 'frob.sol', 'flop.t.sol', 'flap.t.sol', 'flap.sol', 'drip.sol']
4,['join.sol', 'flip.sol', 'transferFrom.sol', 'frob.sol', 'flop.t.sol', 'flap.t.sol', 'flap.sol', 'frob.t.sol']
3,['join.sol', 'flip.sol', 'transferFrom.sol', 'frob.sol', 'flop.t.sol', 'flap.t.sol', 'flap.sol', 'tune.sol']
5,['join.sol', 'flip.sol', 'transferFrom.sol', 'frob.sol', 'flop.t.sol', 'flap.t.sol', 'flap.sol', 'bite.sol']
3,['join.sol', 'flip.sol', 'transferFrom.sol', 'frob.sol', 'flop.t.sol', 'flap.t.sol', 'drip.sol', 'frob.t.sol']
5,['join.sol', 'flip.sol', 'transferFrom.sol', 'frob.sol', 'flop.t.sol', 'flap.t.sol', 'drip.sol', 'tune.sol']
2,['join.sol', 'flip.sol', 'transferFrom.sol', 'frob.sol', 'flop.t.sol', 'flap.t.sol', 'drip.sol', 'bite.sol']
3,['join.sol', 'flip.sol', 'transferFrom.sol', 'frob.sol', 'flop.t.sol', 'flap.t.sol', 'frob.t.sol', 'tune.sol']
4,['join.sol', 'flip.sol', 'transferFrom.sol', 'frob.sol', 'flop.t.sol', 'flap.t.sol', 'frob.t.sol', 'bite.sol']
5,['join.sol', 'flip.sol', 'transferFrom.sol', 'frob.sol', 'flop.t.sol', 'flap.t.sol', 'tune.sol', 'bite.sol']
4,['join.sol', 'flip.sol', 'transferFrom.sol', 'frob.sol', 'flop.t.sol', 'heal.sol', 'drip.t.sol', 'heal.t.sol']
2,['join.sol', 'flip.sol', 'transferFrom.sol', 'frob.sol', 'flop.t.sol', 'heal.sol', 'drip.t.sol', 'flap.sol']
2,['join.sol', 'flip.sol', 'transferFrom.sol', 'frob.sol', 'flop.t.sol', 'heal.sol', 'drip.t.sol', 'drip.sol']
3,['join.sol', 'flip.sol', 'transferFrom.sol', 'frob.sol', 'flop.t.sol', 'heal.sol', 'drip.t.sol', 'frob.t.sol']
2,['join.sol', 'flip.sol', 'transferFrom.sol', 'frob.sol', 'flop.t.sol', 'heal.sol', 'drip.t.sol', 'tune.sol']
2,['join.sol', 'flip.sol', 'transferFrom.sol', 'frob.sol', 'flop.t.sol', 'heal.sol', 'drip.t.sol', 'bite.sol']
5,['join.sol', 'flip.sol', 'transferFrom.sol', 'frob.sol', 'flop.t.sol', 'heal.sol', 'heal.t.sol', 'flap.sol']
4,['join.sol', 'flip.sol', 'transferFrom.sol', 'frob.sol', 'flop.t.sol', 'heal.sol', 'heal.t.sol', 'drip.sol']
3,['join.sol', 'flip.sol', 'transferFrom.sol', 'frob.sol', 'flop.t.sol', 'heal.sol', 'heal.t.sol', 'frob.t.sol']
3,['join.sol', 'flip.sol', 'transferFrom.sol', 'frob.sol', 'flop.t.sol', 'heal.sol', 'heal.t.sol', 'tune.sol']
5,['join.sol', 'flip.sol', 'transferFrom.sol', 'frob.sol', 'flop.t.sol', 'heal.sol', 'heal.t.sol', 'bite.sol']
2,['join.sol', 'flip.sol', 'transferFrom.sol', 'frob.sol', 'flop.t.sol', 'heal.sol', 'flap.sol', 'drip.sol']
3,['join.sol', 'flip.sol', 'transferFrom.sol', 'frob.sol', 'flop.t.sol', 'heal.sol', 'flap.sol', 'frob.t.sol']
2,['join.sol', 'flip.sol', 'transferFrom.sol', 'frob.sol', 'flop.t.sol', 'heal.sol', 'flap.sol', 'tune.sol']
3,['join.sol', 'flip.sol', 'transferFrom.sol', 'frob.sol', 'flop.t.sol', 'heal.sol', 'flap.sol', 'bite.sol']
2,['join.sol', 'flip.sol', 'transferFrom.sol', 'frob.sol', 'flop.t.sol', 'heal.sol', 'drip.sol', 'frob.t.sol']
2,['join.sol', 'flip.sol', 'transferFrom.sol', 'frob.sol', 'flop.t.sol', 'heal.sol', 'drip.sol', 'tune.sol']
2,['join.sol', 'flip.sol', 'transferFrom.sol', 'frob.sol', 'flop.t.sol', 'heal.sol', 'drip.sol', 'bite.sol']
3,['join.sol', 'flip.sol', 'transferFrom.sol', 'frob.sol', 'flop.t.sol', 'heal.sol', 'frob.t.sol', 'tune.sol']
3,['join.sol', 'flip.sol', 'transferFrom.sol', 'frob.sol', 'flop.t.sol', 'heal.sol', 'frob.t.sol', 'bite.sol']
3,['join.sol', 'flip.sol', 'transferFrom.sol', 'frob.sol', 'flop.t.sol', 'heal.sol', 'tune.sol', 'bite.sol']
4,['join.sol', 'flip.sol', 'transferFrom.sol', 'frob.sol', 'flop.t.sol', 'drip.t.sol', 'heal.t.sol', 'flap.sol']
3,['join.sol', 'flip.sol', 'transferFrom.sol', 'frob.sol', 'flop.t.sol', 'drip.t.sol', 'heal.t.sol', 'drip.sol']
2,['join.sol', 'flip.sol', 'transferFrom.sol', 'frob.sol', 'flop.t.sol', 'drip.t.sol', 'heal.t.sol', 'frob.t.sol']
2,['join.sol', 'flip.sol', 'transferFrom.sol', 'frob.sol', 'flop.t.sol', 'drip.t.sol', 'heal.t.sol', 'tune.sol']
3,['join.sol', 'flip.sol', 'transferFrom.sol', 'frob.sol', 'flop.t.sol', 'drip.t.sol', 'heal.t.sol', 'bite.sol']
5,['join.sol', 'flip.sol', 'transferFrom.sol', 'frob.sol', 'flop.t.sol', 'drip.t.sol', 'flap.sol', 'drip.sol']
2,['join.sol', 'flip.sol', 'transferFrom.sol', 'frob.sol', 'flop.t.sol', 'drip.t.sol', 'flap.sol', 'frob.t.sol']
4,['join.sol', 'flip.sol', 'transferFrom.sol', 'frob.sol', 'flop.t.sol', 'drip.t.sol', 'flap.sol', 'tune.sol']
2,['join.sol', 'flip.sol', 'transferFrom.sol', 'frob.sol', 'flop.t.sol', 'drip.t.sol', 'flap.sol', 'bite.sol']
3,['join.sol', 'flip.sol', 'transferFrom.sol', 'frob.sol', 'flop.t.sol', 'drip.t.sol', 'drip.sol', 'frob.t.sol']
2,['join.sol', 'flip.sol', 'transferFrom.sol', 'frob.sol', 'flop.t.sol', 'drip.t.sol', 'drip.sol', 'tune.sol']
2,['join.sol', 'flip.sol', 'transferFrom.sol', 'frob.sol', 'flop.t.sol', 'drip.t.sol', 'drip.sol', 'bite.sol']
2,['join.sol', 'flip.sol', 'transferFrom.sol', 'frob.sol', 'flop.t.sol', 'drip.t.sol', 'frob.t.sol', 'tune.sol']
2,['join.sol', 'flip.sol', 'transferFrom.sol', 'frob.sol', 'flop.t.sol', 'drip.t.sol', 'frob.t.sol', 'bite.sol']
2,['join.sol', 'flip.sol', 'transferFrom.sol', 'frob.sol', 'flop.t.sol', 'drip.t.sol', 'tune.sol', 'bite.sol']
4,['join.sol', 'flip.sol', 'transferFrom.sol', 'frob.sol', 'flop.t.sol', 'heal.t.sol', 'flap.sol', 'drip.sol']
3,['join.sol', 'flip.sol', 'transferFrom.sol', 'frob.sol', 'flop.t.sol', 'heal.t.sol', 'flap.sol', 'frob.t.sol']
3,['join.sol', 'flip.sol', 'transferFrom.sol', 'frob.sol', 'flop.t.sol', 'heal.t.sol', 'flap.sol', 'tune.sol']
5,['join.sol', 'flip.sol', 'transferFrom.sol', 'frob.sol', 'flop.t.sol', 'heal.t.sol', 'flap.sol', 'bite.sol']
2,['join.sol', 'flip.sol', 'transferFrom.sol', 'frob.sol', 'flop.t.sol', 'heal.t.sol', 'drip.sol', 'frob.t.sol']
2,['join.sol', 'flip.sol', 'transferFrom.sol', 'frob.sol', 'flop.t.sol', 'heal.t.sol', 'drip.sol', 'tune.sol']
3,['join.sol', 'flip.sol', 'transferFrom.sol', 'frob.sol', 'flop.t.sol', 'heal.t.sol', 'drip.sol', 'bite.sol']
3,['join.sol', 'flip.sol', 'transferFrom.sol', 'frob.sol', 'flop.t.sol', 'heal.t.sol', 'frob.t.sol', 'tune.sol']
3,['join.sol', 'flip.sol', 'transferFrom.sol', 'frob.sol', 'flop.t.sol', 'heal.t.sol', 'frob.t.sol', 'bite.sol']
3,['join.sol', 'flip.sol', 'transferFrom.sol', 'frob.sol', 'flop.t.sol', 'heal.t.sol', 'tune.sol', 'bite.sol']
2,['join.sol', 'flip.sol', 'transferFrom.sol', 'frob.sol', 'flop.t.sol', 'flap.sol', 'drip.sol', 'frob.t.sol']
5,['join.sol', 'flip.sol', 'transferFrom.sol', 'frob.sol', 'flop.t.sol', 'flap.sol', 'drip.sol', 'tune.sol']
4,['join.sol', 'flip.sol', 'transferFrom.sol', 'frob.sol', 'flop.t.sol', 'flap.sol', 'drip.sol', 'bite.sol']
4,['join.sol', 'flip.sol', 'transferFrom.sol', 'frob.sol', 'flop.t.sol', 'flap.sol', 'frob.t.sol', 'tune.sol']
3,['join.sol', 'flip.sol', 'transferFrom.sol', 'frob.sol', 'flop.t.sol', 'flap.sol', 'frob.t.sol', 'bite.sol']
4,['join.sol', 'flip.sol', 'transferFrom.sol', 'frob.sol', 'flop.t.sol', 'flap.sol', 'tune.sol', 'bite.sol']
2,['join.sol', 'flip.sol', 'transferFrom.sol', 'frob.sol', 'flop.t.sol', 'drip.sol', 'frob.t.sol', 'tune.sol']
2,['join.sol', 'flip.sol', 'transferFrom.sol', 'frob.sol', 'flop.t.sol', 'drip.sol', 'frob.t.sol', 'bite.sol']
2,['join.sol', 'flip.sol', 'transferFrom.sol', 'frob.sol', 'flop.t.sol', 'drip.sol', 'tune.sol', 'bite.sol']
3,['join.sol', 'flip.sol', 'transferFrom.sol', 'frob.sol', 'flop.t.sol', 'frob.t.sol', 'tune.sol', 'bite.sol']
4,['join.sol', 'flip.sol', 'transferFrom.sol', 'frob.sol', 'flap.t.sol', 'heal.sol', 'drip.t.sol', 'heal.t.sol']
2,['join.sol', 'flip.sol', 'transferFrom.sol', 'frob.sol', 'flap.t.sol', 'heal.sol', 'drip.t.sol', 'flap.sol']
2,['join.sol', 'flip.sol', 'transferFrom.sol', 'frob.sol', 'flap.t.sol', 'heal.sol', 'drip.t.sol', 'drip.sol']
3,['join.sol', 'flip.sol', 'transferFrom.sol', 'frob.sol', 'flap.t.sol', 'heal.sol', 'drip.t.sol', 'frob.t.sol']
2,['join.sol', 'flip.sol', 'transferFrom.sol', 'frob.sol', 'flap.t.sol', 'heal.sol', 'drip.t.sol', 'tune.sol']
2,['join.sol', 'flip.sol', 'transferFrom.sol', 'frob.sol', 'flap.t.sol', 'heal.sol', 'drip.t.sol', 'bite.sol']
5,['join.sol', 'flip.sol', 'transferFrom.sol', 'frob.sol', 'flap.t.sol', 'heal.sol', 'heal.t.sol', 'flap.sol']
4,['join.sol', 'flip.sol', 'transferFrom.sol', 'frob.sol', 'flap.t.sol', 'heal.sol', 'heal.t.sol', 'drip.sol']
3,['join.sol', 'flip.sol', 'transferFrom.sol', 'frob.sol', 'flap.t.sol', 'heal.sol', 'heal.t.sol', 'frob.t.sol']
3,['join.sol', 'flip.sol', 'transferFrom.sol', 'frob.sol', 'flap.t.sol', 'heal.sol', 'heal.t.sol', 'tune.sol']
5,['join.sol', 'flip.sol', 'transferFrom.sol', 'frob.sol', 'flap.t.sol', 'heal.sol', 'heal.t.sol', 'bite.sol']
2,['join.sol', 'flip.sol', 'transferFrom.sol', 'frob.sol', 'flap.t.sol', 'heal.sol', 'flap.sol', 'drip.sol']
3,['join.sol', 'flip.sol', 'transferFrom.sol', 'frob.sol', 'flap.t.sol', 'heal.sol', 'flap.sol', 'frob.t.sol']
2,['join.sol', 'flip.sol', 'transferFrom.sol', 'frob.sol', 'flap.t.sol', 'heal.sol', 'flap.sol', 'tune.sol']
3,['join.sol', 'flip.sol', 'transferFrom.sol', 'frob.sol', 'flap.t.sol', 'heal.sol', 'flap.sol', 'bite.sol']
2,['join.sol', 'flip.sol', 'transferFrom.sol', 'frob.sol', 'flap.t.sol', 'heal.sol', 'drip.sol', 'frob.t.sol']
2,['join.sol', 'flip.sol', 'transferFrom.sol', 'frob.sol', 'flap.t.sol', 'heal.sol', 'drip.sol', 'tune.sol']
2,['join.sol', 'flip.sol', 'transferFrom.sol', 'frob.sol', 'flap.t.sol', 'heal.sol', 'drip.sol', 'bite.sol']
3,['join.sol', 'flip.sol', 'transferFrom.sol', 'frob.sol', 'flap.t.sol', 'heal.sol', 'frob.t.sol', 'tune.sol']
3,['join.sol', 'flip.sol', 'transferFrom.sol', 'frob.sol', 'flap.t.sol', 'heal.sol', 'frob.t.sol', 'bite.sol']
3,['join.sol', 'flip.sol', 'transferFrom.sol', 'frob.sol', 'flap.t.sol', 'heal.sol', 'tune.sol', 'bite.sol']
4,['join.sol', 'flip.sol', 'transferFrom.sol', 'frob.sol', 'flap.t.sol', 'drip.t.sol', 'heal.t.sol', 'flap.sol']
3,['join.sol', 'flip.sol', 'transferFrom.sol', 'frob.sol', 'flap.t.sol', 'drip.t.sol', 'heal.t.sol', 'drip.sol']
2,['join.sol', 'flip.sol', 'transferFrom.sol', 'frob.sol', 'flap.t.sol', 'drip.t.sol', 'heal.t.sol', 'frob.t.sol']
2,['join.sol', 'flip.sol', 'transferFrom.sol', 'frob.sol', 'flap.t.sol', 'drip.t.sol', 'heal.t.sol', 'tune.sol']
3,['join.sol', 'flip.sol', 'transferFrom.sol', 'frob.sol', 'flap.t.sol', 'drip.t.sol', 'heal.t.sol', 'bite.sol']
4,['join.sol', 'flip.sol', 'transferFrom.sol', 'frob.sol', 'flap.t.sol', 'drip.t.sol', 'flap.sol', 'drip.sol']
2,['join.sol', 'flip.sol', 'transferFrom.sol', 'frob.sol', 'flap.t.sol', 'drip.t.sol', 'flap.sol', 'frob.t.sol']
4,['join.sol', 'flip.sol', 'transferFrom.sol', 'frob.sol', 'flap.t.sol', 'drip.t.sol', 'flap.sol', 'tune.sol']
2,['join.sol', 'flip.sol', 'transferFrom.sol', 'frob.sol', 'flap.t.sol', 'drip.t.sol', 'flap.sol', 'bite.sol']
3,['join.sol', 'flip.sol', 'transferFrom.sol', 'frob.sol', 'flap.t.sol', 'drip.t.sol', 'drip.sol', 'frob.t.sol']
2,['join.sol', 'flip.sol', 'transferFrom.sol', 'frob.sol', 'flap.t.sol', 'drip.t.sol', 'drip.sol', 'tune.sol']
2,['join.sol', 'flip.sol', 'transferFrom.sol', 'frob.sol', 'flap.t.sol', 'drip.t.sol', 'drip.sol', 'bite.sol']
2,['join.sol', 'flip.sol', 'transferFrom.sol', 'frob.sol', 'flap.t.sol', 'drip.t.sol', 'frob.t.sol', 'tune.sol']
2,['join.sol', 'flip.sol', 'transferFrom.sol', 'frob.sol', 'flap.t.sol', 'drip.t.sol', 'frob.t.sol', 'bite.sol']
2,['join.sol', 'flip.sol', 'transferFrom.sol', 'frob.sol', 'flap.t.sol', 'drip.t.sol', 'tune.sol', 'bite.sol']
4,['join.sol', 'flip.sol', 'transferFrom.sol', 'frob.sol', 'flap.t.sol', 'heal.t.sol', 'flap.sol', 'drip.sol']
3,['join.sol', 'flip.sol', 'transferFrom.sol', 'frob.sol', 'flap.t.sol', 'heal.t.sol', 'flap.sol', 'frob.t.sol']
3,['join.sol', 'flip.sol', 'transferFrom.sol', 'frob.sol', 'flap.t.sol', 'heal.t.sol', 'flap.sol', 'tune.sol']
5,['join.sol', 'flip.sol', 'transferFrom.sol', 'frob.sol', 'flap.t.sol', 'heal.t.sol', 'flap.sol', 'bite.sol']
2,['join.sol', 'flip.sol', 'transferFrom.sol', 'frob.sol', 'flap.t.sol', 'heal.t.sol', 'drip.sol', 'frob.t.sol']
2,['join.sol', 'flip.sol', 'transferFrom.sol', 'frob.sol', 'flap.t.sol', 'heal.t.sol', 'drip.sol', 'tune.sol']
3,['join.sol', 'flip.sol', 'transferFrom.sol', 'frob.sol', 'flap.t.sol', 'heal.t.sol', 'drip.sol', 'bite.sol']
3,['join.sol', 'flip.sol', 'transferFrom.sol', 'frob.sol', 'flap.t.sol', 'heal.t.sol', 'frob.t.sol', 'tune.sol']
3,['join.sol', 'flip.sol', 'transferFrom.sol', 'frob.sol', 'flap.t.sol', 'heal.t.sol', 'frob.t.sol', 'bite.sol']
3,['join.sol', 'flip.sol', 'transferFrom.sol', 'frob.sol', 'flap.t.sol', 'heal.t.sol', 'tune.sol', 'bite.sol']
2,['join.sol', 'flip.sol', 'transferFrom.sol', 'frob.sol', 'flap.t.sol', 'flap.sol', 'drip.sol', 'frob.t.sol']
5,['join.sol', 'flip.sol', 'transferFrom.sol', 'frob.sol', 'flap.t.sol', 'flap.sol', 'drip.sol', 'tune.sol']
5,['join.sol', 'flip.sol', 'transferFrom.sol', 'frob.sol', 'flap.t.sol', 'flap.sol', 'drip.sol', 'bite.sol']
3,['join.sol', 'flip.sol', 'transferFrom.sol', 'frob.sol', 'flap.t.sol', 'flap.sol', 'frob.t.sol', 'tune.sol']
3,['join.sol', 'flip.sol', 'transferFrom.sol', 'frob.sol', 'flap.t.sol', 'flap.sol', 'frob.t.sol', 'bite.sol']
4,['join.sol', 'flip.sol', 'transferFrom.sol', 'frob.sol', 'flap.t.sol', 'flap.sol', 'tune.sol', 'bite.sol']
2,['join.sol', 'flip.sol', 'transferFrom.sol', 'frob.sol', 'flap.t.sol', 'drip.sol', 'frob.t.sol', 'tune.sol']
2,['join.sol', 'flip.sol', 'transferFrom.sol', 'frob.sol', 'flap.t.sol', 'drip.sol', 'frob.t.sol', 'bite.sol']
4,['join.sol', 'flip.sol', 'transferFrom.sol', 'frob.sol', 'flap.t.sol', 'drip.sol', 'tune.sol', 'bite.sol']
3,['join.sol', 'flip.sol', 'transferFrom.sol', 'frob.sol', 'flap.t.sol', 'frob.t.sol', 'tune.sol', 'bite.sol']
2,['join.sol', 'flip.sol', 'transferFrom.sol', 'frob.sol', 'heal.sol', 'drip.t.sol', 'heal.t.sol', 'flap.sol']
2,['join.sol', 'flip.sol', 'transferFrom.sol', 'frob.sol', 'heal.sol', 'drip.t.sol', 'heal.t.sol', 'drip.sol']
4,['join.sol', 'flip.sol', 'transferFrom.sol', 'frob.sol', 'heal.sol', 'drip.t.sol', 'heal.t.sol', 'frob.t.sol']
3,['join.sol', 'flip.sol', 'transferFrom.sol', 'frob.sol', 'heal.sol', 'drip.t.sol', 'heal.t.sol', 'tune.sol']
2,['join.sol', 'flip.sol', 'transferFrom.sol', 'frob.sol', 'heal.sol', 'drip.t.sol', 'heal.t.sol', 'bite.sol']
2,['join.sol', 'flip.sol', 'transferFrom.sol', 'frob.sol', 'heal.sol', 'drip.t.sol', 'flap.sol', 'drip.sol']
3,['join.sol', 'flip.sol', 'transferFrom.sol', 'frob.sol', 'heal.sol', 'drip.t.sol', 'flap.sol', 'frob.t.sol']
2,['join.sol', 'flip.sol', 'transferFrom.sol', 'frob.sol', 'heal.sol', 'drip.t.sol', 'flap.sol', 'tune.sol']
2,['join.sol', 'flip.sol', 'transferFrom.sol', 'frob.sol', 'heal.sol', 'drip.t.sol', 'flap.sol', 'bite.sol']
3,['join.sol', 'flip.sol', 'transferFrom.sol', 'frob.sol', 'heal.sol', 'drip.t.sol', 'drip.sol', 'frob.t.sol']
2,['join.sol', 'flip.sol', 'transferFrom.sol', 'frob.sol', 'heal.sol', 'drip.t.sol', 'drip.sol', 'tune.sol']
2,['join.sol', 'flip.sol', 'transferFrom.sol', 'frob.sol', 'heal.sol', 'drip.t.sol', 'drip.sol', 'bite.sol']
2,['join.sol', 'flip.sol', 'transferFrom.sol', 'frob.sol', 'heal.sol', 'drip.t.sol', 'frob.t.sol', 'tune.sol']
2,['join.sol', 'flip.sol', 'transferFrom.sol', 'frob.sol', 'heal.sol', 'drip.t.sol', 'frob.t.sol', 'bite.sol']
2,['join.sol', 'flip.sol', 'transferFrom.sol', 'frob.sol', 'heal.sol', 'drip.t.sol', 'tune.sol', 'bite.sol']
2,['join.sol', 'flip.sol', 'transferFrom.sol', 'frob.sol', 'heal.sol', 'heal.t.sol', 'flap.sol', 'drip.sol']
4,['join.sol', 'flip.sol', 'transferFrom.sol', 'frob.sol', 'heal.sol', 'heal.t.sol', 'flap.sol', 'frob.t.sol']
4,['join.sol', 'flip.sol', 'transferFrom.sol', 'frob.sol', 'heal.sol', 'heal.t.sol', 'flap.sol', 'tune.sol']
3,['join.sol', 'flip.sol', 'transferFrom.sol', 'frob.sol', 'heal.sol', 'heal.t.sol', 'flap.sol', 'bite.sol']
3,['join.sol', 'flip.sol', 'transferFrom.sol', 'frob.sol', 'heal.sol', 'heal.t.sol', 'drip.sol', 'frob.t.sol']
3,['join.sol', 'flip.sol', 'transferFrom.sol', 'frob.sol', 'heal.sol', 'heal.t.sol', 'drip.sol', 'tune.sol']
2,['join.sol', 'flip.sol', 'transferFrom.sol', 'frob.sol', 'heal.sol', 'heal.t.sol', 'drip.sol', 'bite.sol']
3,['join.sol', 'flip.sol', 'transferFrom.sol', 'frob.sol', 'heal.sol', 'heal.t.sol', 'frob.t.sol', 'tune.sol']
3,['join.sol', 'flip.sol', 'transferFrom.sol', 'frob.sol', 'heal.sol', 'heal.t.sol', 'frob.t.sol', 'bite.sol']
4,['join.sol', 'flip.sol', 'transferFrom.sol', 'frob.sol', 'heal.sol', 'heal.t.sol', 'tune.sol', 'bite.sol']
2,['join.sol', 'flip.sol', 'transferFrom.sol', 'frob.sol', 'heal.sol', 'flap.sol', 'drip.sol', 'frob.t.sol']
2,['join.sol', 'flip.sol', 'transferFrom.sol', 'frob.sol', 'heal.sol', 'flap.sol', 'drip.sol', 'tune.sol']
2,['join.sol', 'flip.sol', 'transferFrom.sol', 'frob.sol', 'heal.sol', 'flap.sol', 'drip.sol', 'bite.sol']
2,['join.sol', 'flip.sol', 'transferFrom.sol', 'frob.sol', 'heal.sol', 'flap.sol', 'frob.t.sol', 'tune.sol']
3,['join.sol', 'flip.sol', 'transferFrom.sol', 'frob.sol', 'heal.sol', 'flap.sol', 'frob.t.sol', 'bite.sol']
3,['join.sol', 'flip.sol', 'transferFrom.sol', 'frob.sol', 'heal.sol', 'flap.sol', 'tune.sol', 'bite.sol']
2,['join.sol', 'flip.sol', 'transferFrom.sol', 'frob.sol', 'heal.sol', 'drip.sol', 'frob.t.sol', 'tune.sol']
2,['join.sol', 'flip.sol', 'transferFrom.sol', 'frob.sol', 'heal.sol', 'drip.sol', 'frob.t.sol', 'bite.sol']
2,['join.sol', 'flip.sol', 'transferFrom.sol', 'frob.sol', 'heal.sol', 'drip.sol', 'tune.sol', 'bite.sol']
2,['join.sol', 'flip.sol', 'transferFrom.sol', 'frob.sol', 'heal.sol', 'frob.t.sol', 'tune.sol', 'bite.sol']
2,['join.sol', 'flip.sol', 'transferFrom.sol', 'frob.sol', 'drip.t.sol', 'heal.t.sol', 'flap.sol', 'drip.sol']
3,['join.sol', 'flip.sol', 'transferFrom.sol', 'frob.sol', 'drip.t.sol', 'heal.t.sol', 'flap.sol', 'frob.t.sol']
3,['join.sol', 'flip.sol', 'transferFrom.sol', 'frob.sol', 'drip.t.sol', 'heal.t.sol', 'flap.sol', 'tune.sol']
2,['join.sol', 'flip.sol', 'transferFrom.sol', 'frob.sol', 'drip.t.sol', 'heal.t.sol', 'flap.sol', 'bite.sol']
5,['join.sol', 'flip.sol', 'transferFrom.sol', 'frob.sol', 'drip.t.sol', 'heal.t.sol', 'drip.sol', 'frob.t.sol']
3,['join.sol', 'flip.sol', 'transferFrom.sol', 'frob.sol', 'drip.t.sol', 'heal.t.sol', 'drip.sol', 'tune.sol']
2,['join.sol', 'flip.sol', 'transferFrom.sol', 'frob.sol', 'drip.t.sol', 'heal.t.sol', 'drip.sol', 'bite.sol']
2,['join.sol', 'flip.sol', 'transferFrom.sol', 'frob.sol', 'drip.t.sol', 'heal.t.sol', 'frob.t.sol', 'tune.sol']
3,['join.sol', 'flip.sol', 'transferFrom.sol', 'frob.sol', 'drip.t.sol', 'heal.t.sol', 'frob.t.sol', 'bite.sol']
3,['join.sol', 'flip.sol', 'transferFrom.sol', 'frob.sol', 'drip.t.sol', 'heal.t.sol', 'tune.sol', 'bite.sol']
3,['join.sol', 'flip.sol', 'transferFrom.sol', 'frob.sol', 'drip.t.sol', 'flap.sol', 'drip.sol', 'frob.t.sol']
4,['join.sol', 'flip.sol', 'transferFrom.sol', 'frob.sol', 'drip.t.sol', 'flap.sol', 'drip.sol', 'tune.sol']
2,['join.sol', 'flip.sol', 'transferFrom.sol', 'frob.sol', 'drip.t.sol', 'flap.sol', 'drip.sol', 'bite.sol']
2,['join.sol', 'flip.sol', 'transferFrom.sol', 'frob.sol', 'drip.t.sol', 'flap.sol', 'frob.t.sol', 'tune.sol']
2,['join.sol', 'flip.sol', 'transferFrom.sol', 'frob.sol', 'drip.t.sol', 'flap.sol', 'frob.t.sol', 'bite.sol']
2,['join.sol', 'flip.sol', 'transferFrom.sol', 'frob.sol', 'drip.t.sol', 'flap.sol', 'tune.sol', 'bite.sol']
2,['join.sol', 'flip.sol', 'transferFrom.sol', 'frob.sol', 'drip.t.sol', 'drip.sol', 'frob.t.sol', 'tune.sol']
2,['join.sol', 'flip.sol', 'transferFrom.sol', 'frob.sol', 'drip.t.sol', 'drip.sol', 'frob.t.sol', 'bite.sol']
2,['join.sol', 'flip.sol', 'transferFrom.sol', 'frob.sol', 'drip.t.sol', 'drip.sol', 'tune.sol', 'bite.sol']
1,['join.sol', 'flip.sol', 'transferFrom.sol', 'frob.sol', 'drip.t.sol', 'frob.t.sol', 'tune.sol', 'bite.sol']
3,['join.sol', 'flip.sol', 'transferFrom.sol', 'frob.sol', 'heal.t.sol', 'flap.sol', 'drip.sol', 'frob.t.sol']
3,['join.sol', 'flip.sol', 'transferFrom.sol', 'frob.sol', 'heal.t.sol', 'flap.sol', 'drip.sol', 'tune.sol']
2,['join.sol', 'flip.sol', 'transferFrom.sol', 'frob.sol', 'heal.t.sol', 'flap.sol', 'drip.sol', 'bite.sol']
3,['join.sol', 'flip.sol', 'transferFrom.sol', 'frob.sol', 'heal.t.sol', 'flap.sol', 'frob.t.sol', 'tune.sol']
4,['join.sol', 'flip.sol', 'transferFrom.sol', 'frob.sol', 'heal.t.sol', 'flap.sol', 'frob.t.sol', 'bite.sol']
4,['join.sol', 'flip.sol', 'transferFrom.sol', 'frob.sol', 'heal.t.sol', 'flap.sol', 'tune.sol', 'bite.sol']
2,['join.sol', 'flip.sol', 'transferFrom.sol', 'frob.sol', 'heal.t.sol', 'drip.sol', 'frob.t.sol', 'tune.sol']
3,['join.sol', 'flip.sol', 'transferFrom.sol', 'frob.sol', 'heal.t.sol', 'drip.sol', 'frob.t.sol', 'bite.sol']
3,['join.sol', 'flip.sol', 'transferFrom.sol', 'frob.sol', 'heal.t.sol', 'drip.sol', 'tune.sol', 'bite.sol']
2,['join.sol', 'flip.sol', 'transferFrom.sol', 'frob.sol', 'heal.t.sol', 'frob.t.sol', 'tune.sol', 'bite.sol']
2,['join.sol', 'flip.sol', 'transferFrom.sol', 'frob.sol', 'flap.sol', 'drip.sol', 'frob.t.sol', 'tune.sol']
2,['join.sol', 'flip.sol', 'transferFrom.sol', 'frob.sol', 'flap.sol', 'drip.sol', 'frob.t.sol', 'bite.sol']
4,['join.sol', 'flip.sol', 'transferFrom.sol', 'frob.sol', 'flap.sol', 'drip.sol', 'tune.sol', 'bite.sol']
2,['join.sol', 'flip.sol', 'transferFrom.sol', 'frob.sol', 'flap.sol', 'frob.t.sol', 'tune.sol', 'bite.sol']
2,['join.sol', 'flip.sol', 'transferFrom.sol', 'frob.sol', 'drip.sol', 'frob.t.sol', 'tune.sol', 'bite.sol']
3,['join.sol', 'flip.sol', 'transferFrom.sol', 'flip.t.sol', 'flop.t.sol', 'flap.t.sol', 'heal.sol', 'drip.t.sol']
4,['join.sol', 'flip.sol', 'transferFrom.sol', 'flip.t.sol', 'flop.t.sol', 'flap.t.sol', 'heal.sol', 'heal.t.sol']
3,['join.sol', 'flip.sol', 'transferFrom.sol', 'flip.t.sol', 'flop.t.sol', 'flap.t.sol', 'heal.sol', 'flap.sol']
3,['join.sol', 'flip.sol', 'transferFrom.sol', 'flip.t.sol', 'flop.t.sol', 'flap.t.sol', 'heal.sol', 'drip.sol']
3,['join.sol', 'flip.sol', 'transferFrom.sol', 'flip.t.sol', 'flop.t.sol', 'flap.t.sol', 'heal.sol', 'frob.t.sol']
3,['join.sol', 'flip.sol', 'transferFrom.sol', 'flip.t.sol', 'flop.t.sol', 'flap.t.sol', 'heal.sol', 'tune.sol']
2,['join.sol', 'flip.sol', 'transferFrom.sol', 'flip.t.sol', 'flop.t.sol', 'flap.t.sol', 'heal.sol', 'bite.sol']
3,['join.sol', 'flip.sol', 'transferFrom.sol', 'flip.t.sol', 'flop.t.sol', 'flap.t.sol', 'drip.t.sol', 'heal.t.sol']
3,['join.sol', 'flip.sol', 'transferFrom.sol', 'flip.t.sol', 'flop.t.sol', 'flap.t.sol', 'drip.t.sol', 'flap.sol']
6,['join.sol', 'flip.sol', 'transferFrom.sol', 'flip.t.sol', 'flop.t.sol', 'flap.t.sol', 'drip.t.sol', 'drip.sol']
2,['join.sol', 'flip.sol', 'transferFrom.sol', 'flip.t.sol', 'flop.t.sol', 'flap.t.sol', 'drip.t.sol', 'frob.t.sol']
2,['join.sol', 'flip.sol', 'transferFrom.sol', 'flip.t.sol', 'flop.t.sol', 'flap.t.sol', 'drip.t.sol', 'tune.sol']
2,['join.sol', 'flip.sol', 'transferFrom.sol', 'flip.t.sol', 'flop.t.sol', 'flap.t.sol', 'drip.t.sol', 'bite.sol']
4,['join.sol', 'flip.sol', 'transferFrom.sol', 'flip.t.sol', 'flop.t.sol', 'flap.t.sol', 'heal.t.sol', 'flap.sol']
3,['join.sol', 'flip.sol', 'transferFrom.sol', 'flip.t.sol', 'flop.t.sol', 'flap.t.sol', 'heal.t.sol', 'drip.sol']
3,['join.sol', 'flip.sol', 'transferFrom.sol', 'flip.t.sol', 'flop.t.sol', 'flap.t.sol', 'heal.t.sol', 'frob.t.sol']
3,['join.sol', 'flip.sol', 'transferFrom.sol', 'flip.t.sol', 'flop.t.sol', 'flap.t.sol', 'heal.t.sol', 'tune.sol']
3,['join.sol', 'flip.sol', 'transferFrom.sol', 'flip.t.sol', 'flop.t.sol', 'flap.t.sol', 'heal.t.sol', 'bite.sol']
3,['join.sol', 'flip.sol', 'transferFrom.sol', 'flip.t.sol', 'flop.t.sol', 'flap.t.sol', 'flap.sol', 'drip.sol']
3,['join.sol', 'flip.sol', 'transferFrom.sol', 'flip.t.sol', 'flop.t.sol', 'flap.t.sol', 'flap.sol', 'frob.t.sol']
4,['join.sol', 'flip.sol', 'transferFrom.sol', 'flip.t.sol', 'flop.t.sol', 'flap.t.sol', 'flap.sol', 'tune.sol']
3,['join.sol', 'flip.sol', 'transferFrom.sol', 'flip.t.sol', 'flop.t.sol', 'flap.t.sol', 'flap.sol', 'bite.sol']
2,['join.sol', 'flip.sol', 'transferFrom.sol', 'flip.t.sol', 'flop.t.sol', 'flap.t.sol', 'drip.sol', 'frob.t.sol']
3,['join.sol', 'flip.sol', 'transferFrom.sol', 'flip.t.sol', 'flop.t.sol', 'flap.t.sol', 'drip.sol', 'tune.sol']
3,['join.sol', 'flip.sol', 'transferFrom.sol', 'flip.t.sol', 'flop.t.sol', 'flap.t.sol', 'drip.sol', 'bite.sol']
3,['join.sol', 'flip.sol', 'transferFrom.sol', 'flip.t.sol', 'flop.t.sol', 'flap.t.sol', 'frob.t.sol', 'tune.sol']
3,['join.sol', 'flip.sol', 'transferFrom.sol', 'flip.t.sol', 'flop.t.sol', 'flap.t.sol', 'frob.t.sol', 'bite.sol']
2,['join.sol', 'flip.sol', 'transferFrom.sol', 'flip.t.sol', 'flop.t.sol', 'flap.t.sol', 'tune.sol', 'bite.sol']
3,['join.sol', 'flip.sol', 'transferFrom.sol', 'flip.t.sol', 'flop.t.sol', 'heal.sol', 'drip.t.sol', 'heal.t.sol']
2,['join.sol', 'flip.sol', 'transferFrom.sol', 'flip.t.sol', 'flop.t.sol', 'heal.sol', 'drip.t.sol', 'flap.sol']
3,['join.sol', 'flip.sol', 'transferFrom.sol', 'flip.t.sol', 'flop.t.sol', 'heal.sol', 'drip.t.sol', 'drip.sol']
3,['join.sol', 'flip.sol', 'transferFrom.sol', 'flip.t.sol', 'flop.t.sol', 'heal.sol', 'drip.t.sol', 'frob.t.sol']
1,['join.sol', 'flip.sol', 'transferFrom.sol', 'flip.t.sol', 'flop.t.sol', 'heal.sol', 'drip.t.sol', 'tune.sol']
2,['join.sol', 'flip.sol', 'transferFrom.sol', 'flip.t.sol', 'flop.t.sol', 'heal.sol', 'drip.t.sol', 'bite.sol']
4,['join.sol', 'flip.sol', 'transferFrom.sol', 'flip.t.sol', 'flop.t.sol', 'heal.sol', 'heal.t.sol', 'flap.sol']
3,['join.sol', 'flip.sol', 'transferFrom.sol', 'flip.t.sol', 'flop.t.sol', 'heal.sol', 'heal.t.sol', 'drip.sol']
3,['join.sol', 'flip.sol', 'transferFrom.sol', 'flip.t.sol', 'flop.t.sol', 'heal.sol', 'heal.t.sol', 'frob.t.sol']
3,['join.sol', 'flip.sol', 'transferFrom.sol', 'flip.t.sol', 'flop.t.sol', 'heal.sol', 'heal.t.sol', 'tune.sol']
4,['join.sol', 'flip.sol', 'transferFrom.sol', 'flip.t.sol', 'flop.t.sol', 'heal.sol', 'heal.t.sol', 'bite.sol']
3,['join.sol', 'flip.sol', 'transferFrom.sol', 'flip.t.sol', 'flop.t.sol', 'heal.sol', 'flap.sol', 'drip.sol']
3,['join.sol', 'flip.sol', 'transferFrom.sol', 'flip.t.sol', 'flop.t.sol', 'heal.sol', 'flap.sol', 'frob.t.sol']
2,['join.sol', 'flip.sol', 'transferFrom.sol', 'flip.t.sol', 'flop.t.sol', 'heal.sol', 'flap.sol', 'tune.sol']
2,['join.sol', 'flip.sol', 'transferFrom.sol', 'flip.t.sol', 'flop.t.sol', 'heal.sol', 'flap.sol', 'bite.sol']
2,['join.sol', 'flip.sol', 'transferFrom.sol', 'flip.t.sol', 'flop.t.sol', 'heal.sol', 'drip.sol', 'frob.t.sol']
2,['join.sol', 'flip.sol', 'transferFrom.sol', 'flip.t.sol', 'flop.t.sol', 'heal.sol', 'drip.sol', 'tune.sol']
3,['join.sol', 'flip.sol', 'transferFrom.sol', 'flip.t.sol', 'flop.t.sol', 'heal.sol', 'drip.sol', 'bite.sol']
3,['join.sol', 'flip.sol', 'transferFrom.sol', 'flip.t.sol', 'flop.t.sol', 'heal.sol', 'frob.t.sol', 'tune.sol']
3,['join.sol', 'flip.sol', 'transferFrom.sol', 'flip.t.sol', 'flop.t.sol', 'heal.sol', 'frob.t.sol', 'bite.sol']
2,['join.sol', 'flip.sol', 'transferFrom.sol', 'flip.t.sol', 'flop.t.sol', 'heal.sol', 'tune.sol', 'bite.sol']
3,['join.sol', 'flip.sol', 'transferFrom.sol', 'flip.t.sol', 'flop.t.sol', 'drip.t.sol', 'heal.t.sol', 'flap.sol']
3,['join.sol', 'flip.sol', 'transferFrom.sol', 'flip.t.sol', 'flop.t.sol', 'drip.t.sol', 'heal.t.sol', 'drip.sol']
2,['join.sol', 'flip.sol', 'transferFrom.sol', 'flip.t.sol', 'flop.t.sol', 'drip.t.sol', 'heal.t.sol', 'frob.t.sol']
2,['join.sol', 'flip.sol', 'transferFrom.sol', 'flip.t.sol', 'flop.t.sol', 'drip.t.sol', 'heal.t.sol', 'tune.sol']
2,['join.sol', 'flip.sol', 'transferFrom.sol', 'flip.t.sol', 'flop.t.sol', 'drip.t.sol', 'heal.t.sol', 'bite.sol']
5,['join.sol', 'flip.sol', 'transferFrom.sol', 'flip.t.sol', 'flop.t.sol', 'drip.t.sol', 'flap.sol', 'drip.sol']
2,['join.sol', 'flip.sol', 'transferFrom.sol', 'flip.t.sol', 'flop.t.sol', 'drip.t.sol', 'flap.sol', 'frob.t.sol']
2,['join.sol', 'flip.sol', 'transferFrom.sol', 'flip.t.sol', 'flop.t.sol', 'drip.t.sol', 'flap.sol', 'tune.sol']
2,['join.sol', 'flip.sol', 'transferFrom.sol', 'flip.t.sol', 'flop.t.sol', 'drip.t.sol', 'flap.sol', 'bite.sol']
3,['join.sol', 'flip.sol', 'transferFrom.sol', 'flip.t.sol', 'flop.t.sol', 'drip.t.sol', 'drip.sol', 'frob.t.sol']
4,['join.sol', 'flip.sol', 'transferFrom.sol', 'flip.t.sol', 'flop.t.sol', 'drip.t.sol', 'drip.sol', 'tune.sol']
3,['join.sol', 'flip.sol', 'transferFrom.sol', 'flip.t.sol', 'flop.t.sol', 'drip.t.sol', 'drip.sol', 'bite.sol']
2,['join.sol', 'flip.sol', 'transferFrom.sol', 'flip.t.sol', 'flop.t.sol', 'drip.t.sol', 'frob.t.sol', 'tune.sol']
2,['join.sol', 'flip.sol', 'transferFrom.sol', 'flip.t.sol', 'flop.t.sol', 'drip.t.sol', 'frob.t.sol', 'bite.sol']
2,['join.sol', 'flip.sol', 'transferFrom.sol', 'flip.t.sol', 'flop.t.sol', 'drip.t.sol', 'tune.sol', 'bite.sol']
3,['join.sol', 'flip.sol', 'transferFrom.sol', 'flip.t.sol', 'flop.t.sol', 'heal.t.sol', 'flap.sol', 'drip.sol']
3,['join.sol', 'flip.sol', 'transferFrom.sol', 'flip.t.sol', 'flop.t.sol', 'heal.t.sol', 'flap.sol', 'frob.t.sol']
3,['join.sol', 'flip.sol', 'transferFrom.sol', 'flip.t.sol', 'flop.t.sol', 'heal.t.sol', 'flap.sol', 'tune.sol']
4,['join.sol', 'flip.sol', 'transferFrom.sol', 'flip.t.sol', 'flop.t.sol', 'heal.t.sol', 'flap.sol', 'bite.sol']
2,['join.sol', 'flip.sol', 'transferFrom.sol', 'flip.t.sol', 'flop.t.sol', 'heal.t.sol', 'drip.sol', 'frob.t.sol']
2,['join.sol', 'flip.sol', 'transferFrom.sol', 'flip.t.sol', 'flop.t.sol', 'heal.t.sol', 'drip.sol', 'tune.sol']
3,['join.sol', 'flip.sol', 'transferFrom.sol', 'flip.t.sol', 'flop.t.sol', 'heal.t.sol', 'drip.sol', 'bite.sol']
3,['join.sol', 'flip.sol', 'transferFrom.sol', 'flip.t.sol', 'flop.t.sol', 'heal.t.sol', 'frob.t.sol', 'tune.sol']
3,['join.sol', 'flip.sol', 'transferFrom.sol', 'flip.t.sol', 'flop.t.sol', 'heal.t.sol', 'frob.t.sol', 'bite.sol']
3,['join.sol', 'flip.sol', 'transferFrom.sol', 'flip.t.sol', 'flop.t.sol', 'heal.t.sol', 'tune.sol', 'bite.sol']
2,['join.sol', 'flip.sol', 'transferFrom.sol', 'flip.t.sol', 'flop.t.sol', 'flap.sol', 'drip.sol', 'frob.t.sol']
2,['join.sol', 'flip.sol', 'transferFrom.sol', 'flip.t.sol', 'flop.t.sol', 'flap.sol', 'drip.sol', 'tune.sol']
5,['join.sol', 'flip.sol', 'transferFrom.sol', 'flip.t.sol', 'flop.t.sol', 'flap.sol', 'drip.sol', 'bite.sol']
3,['join.sol', 'flip.sol', 'transferFrom.sol', 'flip.t.sol', 'flop.t.sol', 'flap.sol', 'frob.t.sol', 'tune.sol']
3,['join.sol', 'flip.sol', 'transferFrom.sol', 'flip.t.sol', 'flop.t.sol', 'flap.sol', 'frob.t.sol', 'bite.sol']
2,['join.sol', 'flip.sol', 'transferFrom.sol', 'flip.t.sol', 'flop.t.sol', 'flap.sol', 'tune.sol', 'bite.sol']
2,['join.sol', 'flip.sol', 'transferFrom.sol', 'flip.t.sol', 'flop.t.sol', 'drip.sol', 'frob.t.sol', 'tune.sol']
2,['join.sol', 'flip.sol', 'transferFrom.sol', 'flip.t.sol', 'flop.t.sol', 'drip.sol', 'frob.t.sol', 'bite.sol']
4,['join.sol', 'flip.sol', 'transferFrom.sol', 'flip.t.sol', 'flop.t.sol', 'drip.sol', 'tune.sol', 'bite.sol']
3,['join.sol', 'flip.sol', 'transferFrom.sol', 'flip.t.sol', 'flop.t.sol', 'frob.t.sol', 'tune.sol', 'bite.sol']
3,['join.sol', 'flip.sol', 'transferFrom.sol', 'flip.t.sol', 'flap.t.sol', 'heal.sol', 'drip.t.sol', 'heal.t.sol']
2,['join.sol', 'flip.sol', 'transferFrom.sol', 'flip.t.sol', 'flap.t.sol', 'heal.sol', 'drip.t.sol', 'flap.sol']
3,['join.sol', 'flip.sol', 'transferFrom.sol', 'flip.t.sol', 'flap.t.sol', 'heal.sol', 'drip.t.sol', 'drip.sol']
2,['join.sol', 'flip.sol', 'transferFrom.sol', 'flip.t.sol', 'flap.t.sol', 'heal.sol', 'drip.t.sol', 'frob.t.sol']
1,['join.sol', 'flip.sol', 'transferFrom.sol', 'flip.t.sol', 'flap.t.sol', 'heal.sol', 'drip.t.sol', 'tune.sol']
2,['join.sol', 'flip.sol', 'transferFrom.sol', 'flip.t.sol', 'flap.t.sol', 'heal.sol', 'drip.t.sol', 'bite.sol']
4,['join.sol', 'flip.sol', 'transferFrom.sol', 'flip.t.sol', 'flap.t.sol', 'heal.sol', 'heal.t.sol', 'flap.sol']
3,['join.sol', 'flip.sol', 'transferFrom.sol', 'flip.t.sol', 'flap.t.sol', 'heal.sol', 'heal.t.sol', 'drip.sol']
3,['join.sol', 'flip.sol', 'transferFrom.sol', 'flip.t.sol', 'flap.t.sol', 'heal.sol', 'heal.t.sol', 'frob.t.sol']
3,['join.sol', 'flip.sol', 'transferFrom.sol', 'flip.t.sol', 'flap.t.sol', 'heal.sol', 'heal.t.sol', 'tune.sol']
4,['join.sol', 'flip.sol', 'transferFrom.sol', 'flip.t.sol', 'flap.t.sol', 'heal.sol', 'heal.t.sol', 'bite.sol']
3,['join.sol', 'flip.sol', 'transferFrom.sol', 'flip.t.sol', 'flap.t.sol', 'heal.sol', 'flap.sol', 'drip.sol']
3,['join.sol', 'flip.sol', 'transferFrom.sol', 'flip.t.sol', 'flap.t.sol', 'heal.sol', 'flap.sol', 'frob.t.sol']
2,['join.sol', 'flip.sol', 'transferFrom.sol', 'flip.t.sol', 'flap.t.sol', 'heal.sol', 'flap.sol', 'tune.sol']
2,['join.sol', 'flip.sol', 'transferFrom.sol', 'flip.t.sol', 'flap.t.sol', 'heal.sol', 'flap.sol', 'bite.sol']
2,['join.sol', 'flip.sol', 'transferFrom.sol', 'flip.t.sol', 'flap.t.sol', 'heal.sol', 'drip.sol', 'frob.t.sol']
2,['join.sol', 'flip.sol', 'transferFrom.sol', 'flip.t.sol', 'flap.t.sol', 'heal.sol', 'drip.sol', 'tune.sol']
2,['join.sol', 'flip.sol', 'transferFrom.sol', 'flip.t.sol', 'flap.t.sol', 'heal.sol', 'drip.sol', 'bite.sol']
3,['join.sol', 'flip.sol', 'transferFrom.sol', 'flip.t.sol', 'flap.t.sol', 'heal.sol', 'frob.t.sol', 'tune.sol']
3,['join.sol', 'flip.sol', 'transferFrom.sol', 'flip.t.sol', 'flap.t.sol', 'heal.sol', 'frob.t.sol', 'bite.sol']
1,['join.sol', 'flip.sol', 'transferFrom.sol', 'flip.t.sol', 'flap.t.sol', 'heal.sol', 'tune.sol', 'bite.sol']
3,['join.sol', 'flip.sol', 'transferFrom.sol', 'flip.t.sol', 'flap.t.sol', 'drip.t.sol', 'heal.t.sol', 'flap.sol']
3,['join.sol', 'flip.sol', 'transferFrom.sol', 'flip.t.sol', 'flap.t.sol', 'drip.t.sol', 'heal.t.sol', 'drip.sol']
2,['join.sol', 'flip.sol', 'transferFrom.sol', 'flip.t.sol', 'flap.t.sol', 'drip.t.sol', 'heal.t.sol', 'frob.t.sol']
2,['join.sol', 'flip.sol', 'transferFrom.sol', 'flip.t.sol', 'flap.t.sol', 'drip.t.sol', 'heal.t.sol', 'tune.sol']
2,['join.sol', 'flip.sol', 'transferFrom.sol', 'flip.t.sol', 'flap.t.sol', 'drip.t.sol', 'heal.t.sol', 'bite.sol']
5,['join.sol', 'flip.sol', 'transferFrom.sol', 'flip.t.sol', 'flap.t.sol', 'drip.t.sol', 'flap.sol', 'drip.sol']
2,['join.sol', 'flip.sol', 'transferFrom.sol', 'flip.t.sol', 'flap.t.sol', 'drip.t.sol', 'flap.sol', 'frob.t.sol']
2,['join.sol', 'flip.sol', 'transferFrom.sol', 'flip.t.sol', 'flap.t.sol', 'drip.t.sol', 'flap.sol', 'tune.sol']
2,['join.sol', 'flip.sol', 'transferFrom.sol', 'flip.t.sol', 'flap.t.sol', 'drip.t.sol', 'flap.sol', 'bite.sol']
2,['join.sol', 'flip.sol', 'transferFrom.sol', 'flip.t.sol', 'flap.t.sol', 'drip.t.sol', 'drip.sol', 'frob.t.sol']
4,['join.sol', 'flip.sol', 'transferFrom.sol', 'flip.t.sol', 'flap.t.sol', 'drip.t.sol', 'drip.sol', 'tune.sol']
4,['join.sol', 'flip.sol', 'transferFrom.sol', 'flip.t.sol', 'flap.t.sol', 'drip.t.sol', 'drip.sol', 'bite.sol']
2,['join.sol', 'flip.sol', 'transferFrom.sol', 'flip.t.sol', 'flap.t.sol', 'drip.t.sol', 'frob.t.sol', 'tune.sol']
2,['join.sol', 'flip.sol', 'transferFrom.sol', 'flip.t.sol', 'flap.t.sol', 'drip.t.sol', 'frob.t.sol', 'bite.sol']
2,['join.sol', 'flip.sol', 'transferFrom.sol', 'flip.t.sol', 'flap.t.sol', 'drip.t.sol', 'tune.sol', 'bite.sol']
3,['join.sol', 'flip.sol', 'transferFrom.sol', 'flip.t.sol', 'flap.t.sol', 'heal.t.sol', 'flap.sol', 'drip.sol']
3,['join.sol', 'flip.sol', 'transferFrom.sol', 'flip.t.sol', 'flap.t.sol', 'heal.t.sol', 'flap.sol', 'frob.t.sol']
3,['join.sol', 'flip.sol', 'transferFrom.sol', 'flip.t.sol', 'flap.t.sol', 'heal.t.sol', 'flap.sol', 'tune.sol']
4,['join.sol', 'flip.sol', 'transferFrom.sol', 'flip.t.sol', 'flap.t.sol', 'heal.t.sol', 'flap.sol', 'bite.sol']
2,['join.sol', 'flip.sol', 'transferFrom.sol', 'flip.t.sol', 'flap.t.sol', 'heal.t.sol', 'drip.sol', 'frob.t.sol']
2,['join.sol', 'flip.sol', 'transferFrom.sol', 'flip.t.sol', 'flap.t.sol', 'heal.t.sol', 'drip.sol', 'tune.sol']
3,['join.sol', 'flip.sol', 'transferFrom.sol', 'flip.t.sol', 'flap.t.sol', 'heal.t.sol', 'drip.sol', 'bite.sol']
3,['join.sol', 'flip.sol', 'transferFrom.sol', 'flip.t.sol', 'flap.t.sol', 'heal.t.sol', 'frob.t.sol', 'tune.sol']
3,['join.sol', 'flip.sol', 'transferFrom.sol', 'flip.t.sol', 'flap.t.sol', 'heal.t.sol', 'frob.t.sol', 'bite.sol']
3,['join.sol', 'flip.sol', 'transferFrom.sol', 'flip.t.sol', 'flap.t.sol', 'heal.t.sol', 'tune.sol', 'bite.sol']
2,['join.sol', 'flip.sol', 'transferFrom.sol', 'flip.t.sol', 'flap.t.sol', 'flap.sol', 'drip.sol', 'frob.t.sol']
2,['join.sol', 'flip.sol', 'transferFrom.sol', 'flip.t.sol', 'flap.t.sol', 'flap.sol', 'drip.sol', 'tune.sol']
3,['join.sol', 'flip.sol', 'transferFrom.sol', 'flip.t.sol', 'flap.t.sol', 'flap.sol', 'drip.sol', 'bite.sol']
3,['join.sol', 'flip.sol', 'transferFrom.sol', 'flip.t.sol', 'flap.t.sol', 'flap.sol', 'frob.t.sol', 'tune.sol']
3,['join.sol', 'flip.sol', 'transferFrom.sol', 'flip.t.sol', 'flap.t.sol', 'flap.sol', 'frob.t.sol', 'bite.sol']
2,['join.sol', 'flip.sol', 'transferFrom.sol', 'flip.t.sol', 'flap.t.sol', 'flap.sol', 'tune.sol', 'bite.sol']
2,['join.sol', 'flip.sol', 'transferFrom.sol', 'flip.t.sol', 'flap.t.sol', 'drip.sol', 'frob.t.sol', 'tune.sol']
2,['join.sol', 'flip.sol', 'transferFrom.sol', 'flip.t.sol', 'flap.t.sol', 'drip.sol', 'frob.t.sol', 'bite.sol']
4,['join.sol', 'flip.sol', 'transferFrom.sol', 'flip.t.sol', 'flap.t.sol', 'drip.sol', 'tune.sol', 'bite.sol']
3,['join.sol', 'flip.sol', 'transferFrom.sol', 'flip.t.sol', 'flap.t.sol', 'frob.t.sol', 'tune.sol', 'bite.sol']
2,['join.sol', 'flip.sol', 'transferFrom.sol', 'flip.t.sol', 'heal.sol', 'drip.t.sol', 'heal.t.sol', 'flap.sol']
2,['join.sol', 'flip.sol', 'transferFrom.sol', 'flip.t.sol', 'heal.sol', 'drip.t.sol', 'heal.t.sol', 'drip.sol']
2,['join.sol', 'flip.sol', 'transferFrom.sol', 'flip.t.sol', 'heal.sol', 'drip.t.sol', 'heal.t.sol', 'frob.t.sol']
2,['join.sol', 'flip.sol', 'transferFrom.sol', 'flip.t.sol', 'heal.sol', 'drip.t.sol', 'heal.t.sol', 'tune.sol']
2,['join.sol', 'flip.sol', 'transferFrom.sol', 'flip.t.sol', 'heal.sol', 'drip.t.sol', 'heal.t.sol', 'bite.sol']
2,['join.sol', 'flip.sol', 'transferFrom.sol', 'flip.t.sol', 'heal.sol', 'drip.t.sol', 'flap.sol', 'drip.sol']
4,['join.sol', 'flip.sol', 'transferFrom.sol', 'flip.t.sol', 'heal.sol', 'drip.t.sol', 'flap.sol', 'frob.t.sol']
2,['join.sol', 'flip.sol', 'transferFrom.sol', 'flip.t.sol', 'heal.sol', 'drip.t.sol', 'flap.sol', 'tune.sol']
2,['join.sol', 'flip.sol', 'transferFrom.sol', 'flip.t.sol', 'heal.sol', 'drip.t.sol', 'flap.sol', 'bite.sol']
4,['join.sol', 'flip.sol', 'transferFrom.sol', 'flip.t.sol', 'heal.sol', 'drip.t.sol', 'drip.sol', 'frob.t.sol']
2,['join.sol', 'flip.sol', 'transferFrom.sol', 'flip.t.sol', 'heal.sol', 'drip.t.sol', 'drip.sol', 'tune.sol']
2,['join.sol', 'flip.sol', 'transferFrom.sol', 'flip.t.sol', 'heal.sol', 'drip.t.sol', 'drip.sol', 'bite.sol']
1,['join.sol', 'flip.sol', 'transferFrom.sol', 'flip.t.sol', 'heal.sol', 'drip.t.sol', 'frob.t.sol', 'tune.sol']
4,['join.sol', 'flip.sol', 'transferFrom.sol', 'flip.t.sol', 'heal.sol', 'drip.t.sol', 'frob.t.sol', 'bite.sol']
2,['join.sol', 'flip.sol', 'transferFrom.sol', 'flip.t.sol', 'heal.sol', 'drip.t.sol', 'tune.sol', 'bite.sol']
2,['join.sol', 'flip.sol', 'transferFrom.sol', 'flip.t.sol', 'heal.sol', 'heal.t.sol', 'flap.sol', 'drip.sol']
3,['join.sol', 'flip.sol', 'transferFrom.sol', 'flip.t.sol', 'heal.sol', 'heal.t.sol', 'flap.sol', 'frob.t.sol']
3,['join.sol', 'flip.sol', 'transferFrom.sol', 'flip.t.sol', 'heal.sol', 'heal.t.sol', 'flap.sol', 'tune.sol']
3,['join.sol', 'flip.sol', 'transferFrom.sol', 'flip.t.sol', 'heal.sol', 'heal.t.sol', 'flap.sol', 'bite.sol']
2,['join.sol', 'flip.sol', 'transferFrom.sol', 'flip.t.sol', 'heal.sol', 'heal.t.sol', 'drip.sol', 'frob.t.sol']
2,['join.sol', 'flip.sol', 'transferFrom.sol', 'flip.t.sol', 'heal.sol', 'heal.t.sol', 'drip.sol', 'tune.sol']
2,['join.sol', 'flip.sol', 'transferFrom.sol', 'flip.t.sol', 'heal.sol', 'heal.t.sol', 'drip.sol', 'bite.sol']
3,['join.sol', 'flip.sol', 'transferFrom.sol', 'flip.t.sol', 'heal.sol', 'heal.t.sol', 'frob.t.sol', 'tune.sol']
3,['join.sol', 'flip.sol', 'transferFrom.sol', 'flip.t.sol', 'heal.sol', 'heal.t.sol', 'frob.t.sol', 'bite.sol']
3,['join.sol', 'flip.sol', 'transferFrom.sol', 'flip.t.sol', 'heal.sol', 'heal.t.sol', 'tune.sol', 'bite.sol']
3,['join.sol', 'flip.sol', 'transferFrom.sol', 'flip.t.sol', 'heal.sol', 'flap.sol', 'drip.sol', 'frob.t.sol']
2,['join.sol', 'flip.sol', 'transferFrom.sol', 'flip.t.sol', 'heal.sol', 'flap.sol', 'drip.sol', 'tune.sol']
2,['join.sol', 'flip.sol', 'transferFrom.sol', 'flip.t.sol', 'heal.sol', 'flap.sol', 'drip.sol', 'bite.sol']
2,['join.sol', 'flip.sol', 'transferFrom.sol', 'flip.t.sol', 'heal.sol', 'flap.sol', 'frob.t.sol', 'tune.sol']
4,['join.sol', 'flip.sol', 'transferFrom.sol', 'flip.t.sol', 'heal.sol', 'flap.sol', 'frob.t.sol', 'bite.sol']
2,['join.sol', 'flip.sol', 'transferFrom.sol', 'flip.t.sol', 'heal.sol', 'flap.sol', 'tune.sol', 'bite.sol']
2,['join.sol', 'flip.sol', 'transferFrom.sol', 'flip.t.sol', 'heal.sol', 'drip.sol', 'frob.t.sol', 'tune.sol']
5,['join.sol', 'flip.sol', 'transferFrom.sol', 'flip.t.sol', 'heal.sol', 'drip.sol', 'frob.t.sol', 'bite.sol']
2,['join.sol', 'flip.sol', 'transferFrom.sol', 'flip.t.sol', 'heal.sol', 'drip.sol', 'tune.sol', 'bite.sol']
2,['join.sol', 'flip.sol', 'transferFrom.sol', 'flip.t.sol', 'heal.sol', 'frob.t.sol', 'tune.sol', 'bite.sol']
2,['join.sol', 'flip.sol', 'transferFrom.sol', 'flip.t.sol', 'drip.t.sol', 'heal.t.sol', 'flap.sol', 'drip.sol']
2,['join.sol', 'flip.sol', 'transferFrom.sol', 'flip.t.sol', 'drip.t.sol', 'heal.t.sol', 'flap.sol', 'frob.t.sol']
2,['join.sol', 'flip.sol', 'transferFrom.sol', 'flip.t.sol', 'drip.t.sol', 'heal.t.sol', 'flap.sol', 'tune.sol']
2,['join.sol', 'flip.sol', 'transferFrom.sol', 'flip.t.sol', 'drip.t.sol', 'heal.t.sol', 'flap.sol', 'bite.sol']
3,['join.sol', 'flip.sol', 'transferFrom.sol', 'flip.t.sol', 'drip.t.sol', 'heal.t.sol', 'drip.sol', 'frob.t.sol']
2,['join.sol', 'flip.sol', 'transferFrom.sol', 'flip.t.sol', 'drip.t.sol', 'heal.t.sol', 'drip.sol', 'tune.sol']
2,['join.sol', 'flip.sol', 'transferFrom.sol', 'flip.t.sol', 'drip.t.sol', 'heal.t.sol', 'drip.sol', 'bite.sol']
2,['join.sol', 'flip.sol', 'transferFrom.sol', 'flip.t.sol', 'drip.t.sol', 'heal.t.sol', 'frob.t.sol', 'tune.sol']
2,['join.sol', 'flip.sol', 'transferFrom.sol', 'flip.t.sol', 'drip.t.sol', 'heal.t.sol', 'frob.t.sol', 'bite.sol']
2,['join.sol', 'flip.sol', 'transferFrom.sol', 'flip.t.sol', 'drip.t.sol', 'heal.t.sol', 'tune.sol', 'bite.sol']
5,['join.sol', 'flip.sol', 'transferFrom.sol', 'flip.t.sol', 'drip.t.sol', 'flap.sol', 'drip.sol', 'frob.t.sol']
4,['join.sol', 'flip.sol', 'transferFrom.sol', 'flip.t.sol', 'drip.t.sol', 'flap.sol', 'drip.sol', 'tune.sol']
4,['join.sol', 'flip.sol', 'transferFrom.sol', 'flip.t.sol', 'drip.t.sol', 'flap.sol', 'drip.sol', 'bite.sol']
2,['join.sol', 'flip.sol', 'transferFrom.sol', 'flip.t.sol', 'drip.t.sol', 'flap.sol', 'frob.t.sol', 'tune.sol']
3,['join.sol', 'flip.sol', 'transferFrom.sol', 'flip.t.sol', 'drip.t.sol', 'flap.sol', 'frob.t.sol', 'bite.sol']
2,['join.sol', 'flip.sol', 'transferFrom.sol', 'flip.t.sol', 'drip.t.sol', 'flap.sol', 'tune.sol', 'bite.sol']
2,['join.sol', 'flip.sol', 'transferFrom.sol', 'flip.t.sol', 'drip.t.sol', 'drip.sol', 'frob.t.sol', 'tune.sol']
5,['join.sol', 'flip.sol', 'transferFrom.sol', 'flip.t.sol', 'drip.t.sol', 'drip.sol', 'frob.t.sol', 'bite.sol']
4,['join.sol', 'flip.sol', 'transferFrom.sol', 'flip.t.sol', 'drip.t.sol', 'drip.sol', 'tune.sol', 'bite.sol']
1,['join.sol', 'flip.sol', 'transferFrom.sol', 'flip.t.sol', 'drip.t.sol', 'frob.t.sol', 'tune.sol', 'bite.sol']
2,['join.sol', 'flip.sol', 'transferFrom.sol', 'flip.t.sol', 'heal.t.sol', 'flap.sol', 'drip.sol', 'frob.t.sol']
2,['join.sol', 'flip.sol', 'transferFrom.sol', 'flip.t.sol', 'heal.t.sol', 'flap.sol', 'drip.sol', 'tune.sol']
2,['join.sol', 'flip.sol', 'transferFrom.sol', 'flip.t.sol', 'heal.t.sol', 'flap.sol', 'drip.sol', 'bite.sol']
3,['join.sol', 'flip.sol', 'transferFrom.sol', 'flip.t.sol', 'heal.t.sol', 'flap.sol', 'frob.t.sol', 'tune.sol']
3,['join.sol', 'flip.sol', 'transferFrom.sol', 'flip.t.sol', 'heal.t.sol', 'flap.sol', 'frob.t.sol', 'bite.sol']
3,['join.sol', 'flip.sol', 'transferFrom.sol', 'flip.t.sol', 'heal.t.sol', 'flap.sol', 'tune.sol', 'bite.sol']
2,['join.sol', 'flip.sol', 'transferFrom.sol', 'flip.t.sol', 'heal.t.sol', 'drip.sol', 'frob.t.sol', 'tune.sol']
2,['join.sol', 'flip.sol', 'transferFrom.sol', 'flip.t.sol', 'heal.t.sol', 'drip.sol', 'frob.t.sol', 'bite.sol']
2,['join.sol', 'flip.sol', 'transferFrom.sol', 'flip.t.sol', 'heal.t.sol', 'drip.sol', 'tune.sol', 'bite.sol']
3,['join.sol', 'flip.sol', 'transferFrom.sol', 'flip.t.sol', 'heal.t.sol', 'frob.t.sol', 'tune.sol', 'bite.sol']
2,['join.sol', 'flip.sol', 'transferFrom.sol', 'flip.t.sol', 'flap.sol', 'drip.sol', 'frob.t.sol', 'tune.sol']
3,['join.sol', 'flip.sol', 'transferFrom.sol', 'flip.t.sol', 'flap.sol', 'drip.sol', 'frob.t.sol', 'bite.sol']
4,['join.sol', 'flip.sol', 'transferFrom.sol', 'flip.t.sol', 'flap.sol', 'drip.sol', 'tune.sol', 'bite.sol']
2,['join.sol', 'flip.sol', 'transferFrom.sol', 'flip.t.sol', 'flap.sol', 'frob.t.sol', 'tune.sol', 'bite.sol']
2,['join.sol', 'flip.sol', 'transferFrom.sol', 'flip.t.sol', 'drip.sol', 'frob.t.sol', 'tune.sol', 'bite.sol']
3,['join.sol', 'flip.sol', 'transferFrom.sol', 'flop.t.sol', 'flap.t.sol', 'heal.sol', 'drip.t.sol', 'heal.t.sol']
3,['join.sol', 'flip.sol', 'transferFrom.sol', 'flop.t.sol', 'flap.t.sol', 'heal.sol', 'drip.t.sol', 'flap.sol']
2,['join.sol', 'flip.sol', 'transferFrom.sol', 'flop.t.sol', 'flap.t.sol', 'heal.sol', 'drip.t.sol', 'drip.sol']
3,['join.sol', 'flip.sol', 'transferFrom.sol', 'flop.t.sol', 'flap.t.sol', 'heal.sol', 'drip.t.sol', 'frob.t.sol']
2,['join.sol', 'flip.sol', 'transferFrom.sol', 'flop.t.sol', 'flap.t.sol', 'heal.sol', 'drip.t.sol', 'tune.sol']
2,['join.sol', 'flip.sol', 'transferFrom.sol', 'flop.t.sol', 'flap.t.sol', 'heal.sol', 'drip.t.sol', 'bite.sol']
4,['join.sol', 'flip.sol', 'transferFrom.sol', 'flop.t.sol', 'flap.t.sol', 'heal.sol', 'heal.t.sol', 'flap.sol']
3,['join.sol', 'flip.sol', 'transferFrom.sol', 'flop.t.sol', 'flap.t.sol', 'heal.sol', 'heal.t.sol', 'drip.sol']
3,['join.sol', 'flip.sol', 'transferFrom.sol', 'flop.t.sol', 'flap.t.sol', 'heal.sol', 'heal.t.sol', 'frob.t.sol']
3,['join.sol', 'flip.sol', 'transferFrom.sol', 'flop.t.sol', 'flap.t.sol', 'heal.sol', 'heal.t.sol', 'tune.sol']
4,['join.sol', 'flip.sol', 'transferFrom.sol', 'flop.t.sol', 'flap.t.sol', 'heal.sol', 'heal.t.sol', 'bite.sol']
3,['join.sol', 'flip.sol', 'transferFrom.sol', 'flop.t.sol', 'flap.t.sol', 'heal.sol', 'flap.sol', 'drip.sol']
4,['join.sol', 'flip.sol', 'transferFrom.sol', 'flop.t.sol', 'flap.t.sol', 'heal.sol', 'flap.sol', 'frob.t.sol']
2,['join.sol', 'flip.sol', 'transferFrom.sol', 'flop.t.sol', 'flap.t.sol', 'heal.sol', 'flap.sol', 'tune.sol']
3,['join.sol', 'flip.sol', 'transferFrom.sol', 'flop.t.sol', 'flap.t.sol', 'heal.sol', 'flap.sol', 'bite.sol']
3,['join.sol', 'flip.sol', 'transferFrom.sol', 'flop.t.sol', 'flap.t.sol', 'heal.sol', 'drip.sol', 'frob.t.sol']
3,['join.sol', 'flip.sol', 'transferFrom.sol', 'flop.t.sol', 'flap.t.sol', 'heal.sol', 'drip.sol', 'tune.sol']
2,['join.sol', 'flip.sol', 'transferFrom.sol', 'flop.t.sol', 'flap.t.sol', 'heal.sol', 'drip.sol', 'bite.sol']
3,['join.sol', 'flip.sol', 'transferFrom.sol', 'flop.t.sol', 'flap.t.sol', 'heal.sol', 'frob.t.sol', 'tune.sol']
3,['join.sol', 'flip.sol', 'transferFrom.sol', 'flop.t.sol', 'flap.t.sol', 'heal.sol', 'frob.t.sol', 'bite.sol']
2,['join.sol', 'flip.sol', 'transferFrom.sol', 'flop.t.sol', 'flap.t.sol', 'heal.sol', 'tune.sol', 'bite.sol']
3,['join.sol', 'flip.sol', 'transferFrom.sol', 'flop.t.sol', 'flap.t.sol', 'drip.t.sol', 'heal.t.sol', 'flap.sol']
3,['join.sol', 'flip.sol', 'transferFrom.sol', 'flop.t.sol', 'flap.t.sol', 'drip.t.sol', 'heal.t.sol', 'drip.sol']
2,['join.sol', 'flip.sol', 'transferFrom.sol', 'flop.t.sol', 'flap.t.sol', 'drip.t.sol', 'heal.t.sol', 'frob.t.sol']
2,['join.sol', 'flip.sol', 'transferFrom.sol', 'flop.t.sol', 'flap.t.sol', 'drip.t.sol', 'heal.t.sol', 'tune.sol']
3,['join.sol', 'flip.sol', 'transferFrom.sol', 'flop.t.sol', 'flap.t.sol', 'drip.t.sol', 'heal.t.sol', 'bite.sol']
4,['join.sol', 'flip.sol', 'transferFrom.sol', 'flop.t.sol', 'flap.t.sol', 'drip.t.sol', 'flap.sol', 'drip.sol']
3,['join.sol', 'flip.sol', 'transferFrom.sol', 'flop.t.sol', 'flap.t.sol', 'drip.t.sol', 'flap.sol', 'frob.t.sol']
5,['join.sol', 'flip.sol', 'transferFrom.sol', 'flop.t.sol', 'flap.t.sol', 'drip.t.sol', 'flap.sol', 'tune.sol']
2,['join.sol', 'flip.sol', 'transferFrom.sol', 'flop.t.sol', 'flap.t.sol', 'drip.t.sol', 'flap.sol', 'bite.sol']
3,['join.sol', 'flip.sol', 'transferFrom.sol', 'flop.t.sol', 'flap.t.sol', 'drip.t.sol', 'drip.sol', 'frob.t.sol']
5,['join.sol', 'flip.sol', 'transferFrom.sol', 'flop.t.sol', 'flap.t.sol', 'drip.t.sol', 'drip.sol', 'tune.sol']
2,['join.sol', 'flip.sol', 'transferFrom.sol', 'flop.t.sol', 'flap.t.sol', 'drip.t.sol', 'drip.sol', 'bite.sol']
3,['join.sol', 'flip.sol', 'transferFrom.sol', 'flop.t.sol', 'flap.t.sol', 'drip.t.sol', 'frob.t.sol', 'tune.sol']
3,['join.sol', 'flip.sol', 'transferFrom.sol', 'flop.t.sol', 'flap.t.sol', 'drip.t.sol', 'frob.t.sol', 'bite.sol']
3,['join.sol', 'flip.sol', 'transferFrom.sol', 'flop.t.sol', 'flap.t.sol', 'drip.t.sol', 'tune.sol', 'bite.sol']
3,['join.sol', 'flip.sol', 'transferFrom.sol', 'flop.t.sol', 'flap.t.sol', 'heal.t.sol', 'flap.sol', 'drip.sol']
3,['join.sol', 'flip.sol', 'transferFrom.sol', 'flop.t.sol', 'flap.t.sol', 'heal.t.sol', 'flap.sol', 'frob.t.sol']
3,['join.sol', 'flip.sol', 'transferFrom.sol', 'flop.t.sol', 'flap.t.sol', 'heal.t.sol', 'flap.sol', 'tune.sol']
4,['join.sol', 'flip.sol', 'transferFrom.sol', 'flop.t.sol', 'flap.t.sol', 'heal.t.sol', 'flap.sol', 'bite.sol']
2,['join.sol', 'flip.sol', 'transferFrom.sol', 'flop.t.sol', 'flap.t.sol', 'heal.t.sol', 'drip.sol', 'frob.t.sol']
2,['join.sol', 'flip.sol', 'transferFrom.sol', 'flop.t.sol', 'flap.t.sol', 'heal.t.sol', 'drip.sol', 'tune.sol']
3,['join.sol', 'flip.sol', 'transferFrom.sol', 'flop.t.sol', 'flap.t.sol', 'heal.t.sol', 'drip.sol', 'bite.sol']
3,['join.sol', 'flip.sol', 'transferFrom.sol', 'flop.t.sol', 'flap.t.sol', 'heal.t.sol', 'frob.t.sol', 'tune.sol']
3,['join.sol', 'flip.sol', 'transferFrom.sol', 'flop.t.sol', 'flap.t.sol', 'heal.t.sol', 'frob.t.sol', 'bite.sol']
3,['join.sol', 'flip.sol', 'transferFrom.sol', 'flop.t.sol', 'flap.t.sol', 'heal.t.sol', 'tune.sol', 'bite.sol']
3,['join.sol', 'flip.sol', 'transferFrom.sol', 'flop.t.sol', 'flap.t.sol', 'flap.sol', 'drip.sol', 'frob.t.sol']
5,['join.sol', 'flip.sol', 'transferFrom.sol', 'flop.t.sol', 'flap.t.sol', 'flap.sol', 'drip.sol', 'tune.sol']
4,['join.sol', 'flip.sol', 'transferFrom.sol', 'flop.t.sol', 'flap.t.sol', 'flap.sol', 'drip.sol', 'bite.sol']
3,['join.sol', 'flip.sol', 'transferFrom.sol', 'flop.t.sol', 'flap.t.sol', 'flap.sol', 'frob.t.sol', 'tune.sol']
3,['join.sol', 'flip.sol', 'transferFrom.sol', 'flop.t.sol', 'flap.t.sol', 'flap.sol', 'frob.t.sol', 'bite.sol']
2,['join.sol', 'flip.sol', 'transferFrom.sol', 'flop.t.sol', 'flap.t.sol', 'flap.sol', 'tune.sol', 'bite.sol']
2,['join.sol', 'flip.sol', 'transferFrom.sol', 'flop.t.sol', 'flap.t.sol', 'drip.sol', 'frob.t.sol', 'tune.sol']
3,['join.sol', 'flip.sol', 'transferFrom.sol', 'flop.t.sol', 'flap.t.sol', 'drip.sol', 'frob.t.sol', 'bite.sol']
5,['join.sol', 'flip.sol', 'transferFrom.sol', 'flop.t.sol', 'flap.t.sol', 'drip.sol', 'tune.sol', 'bite.sol']
3,['join.sol', 'flip.sol', 'transferFrom.sol', 'flop.t.sol', 'flap.t.sol', 'frob.t.sol', 'tune.sol', 'bite.sol']
4,['join.sol', 'flip.sol', 'transferFrom.sol', 'flop.t.sol', 'heal.sol', 'drip.t.sol', 'heal.t.sol', 'flap.sol']
4,['join.sol', 'flip.sol', 'transferFrom.sol', 'flop.t.sol', 'heal.sol', 'drip.t.sol', 'heal.t.sol', 'drip.sol']
2,['join.sol', 'flip.sol', 'transferFrom.sol', 'flop.t.sol', 'heal.sol', 'drip.t.sol', 'heal.t.sol', 'frob.t.sol']
2,['join.sol', 'flip.sol', 'transferFrom.sol', 'flop.t.sol', 'heal.sol', 'drip.t.sol', 'heal.t.sol', 'tune.sol']
3,['join.sol', 'flip.sol', 'transferFrom.sol', 'flop.t.sol', 'heal.sol', 'drip.t.sol', 'heal.t.sol', 'bite.sol']
2,['join.sol', 'flip.sol', 'transferFrom.sol', 'flop.t.sol', 'heal.sol', 'drip.t.sol', 'flap.sol', 'drip.sol']
2,['join.sol', 'flip.sol', 'transferFrom.sol', 'flop.t.sol', 'heal.sol', 'drip.t.sol', 'flap.sol', 'frob.t.sol']
2,['join.sol', 'flip.sol', 'transferFrom.sol', 'flop.t.sol', 'heal.sol', 'drip.t.sol', 'flap.sol', 'tune.sol']
2,['join.sol', 'flip.sol', 'transferFrom.sol', 'flop.t.sol', 'heal.sol', 'drip.t.sol', 'flap.sol', 'bite.sol']
3,['join.sol', 'flip.sol', 'transferFrom.sol', 'flop.t.sol', 'heal.sol', 'drip.t.sol', 'drip.sol', 'frob.t.sol']
2,['join.sol', 'flip.sol', 'transferFrom.sol', 'flop.t.sol', 'heal.sol', 'drip.t.sol', 'drip.sol', 'tune.sol']
2,['join.sol', 'flip.sol', 'transferFrom.sol', 'flop.t.sol', 'heal.sol', 'drip.t.sol', 'drip.sol', 'bite.sol']
2,['join.sol', 'flip.sol', 'transferFrom.sol', 'flop.t.sol', 'heal.sol', 'drip.t.sol', 'frob.t.sol', 'tune.sol']
3,['join.sol', 'flip.sol', 'transferFrom.sol', 'flop.t.sol', 'heal.sol', 'drip.t.sol', 'frob.t.sol', 'bite.sol']
2,['join.sol', 'flip.sol', 'transferFrom.sol', 'flop.t.sol', 'heal.sol', 'drip.t.sol', 'tune.sol', 'bite.sol']
4,['join.sol', 'flip.sol', 'transferFrom.sol', 'flop.t.sol', 'heal.sol', 'heal.t.sol', 'flap.sol', 'drip.sol']
3,['join.sol', 'flip.sol', 'transferFrom.sol', 'flop.t.sol', 'heal.sol', 'heal.t.sol', 'flap.sol', 'frob.t.sol']
3,['join.sol', 'flip.sol', 'transferFrom.sol', 'flop.t.sol', 'heal.sol', 'heal.t.sol', 'flap.sol', 'tune.sol']
5,['join.sol', 'flip.sol', 'transferFrom.sol', 'flop.t.sol', 'heal.sol', 'heal.t.sol', 'flap.sol', 'bite.sol']
2,['join.sol', 'flip.sol', 'transferFrom.sol', 'flop.t.sol', 'heal.sol', 'heal.t.sol', 'drip.sol', 'frob.t.sol']
2,['join.sol', 'flip.sol', 'transferFrom.sol', 'flop.t.sol', 'heal.sol', 'heal.t.sol', 'drip.sol', 'tune.sol']
2,['join.sol', 'flip.sol', 'transferFrom.sol', 'flop.t.sol', 'heal.sol', 'heal.t.sol', 'drip.sol', 'bite.sol']
3,['join.sol', 'flip.sol', 'transferFrom.sol', 'flop.t.sol', 'heal.sol', 'heal.t.sol', 'frob.t.sol', 'tune.sol']
3,['join.sol', 'flip.sol', 'transferFrom.sol', 'flop.t.sol', 'heal.sol', 'heal.t.sol', 'frob.t.sol', 'bite.sol']
3,['join.sol', 'flip.sol', 'transferFrom.sol', 'flop.t.sol', 'heal.sol', 'heal.t.sol', 'tune.sol', 'bite.sol']
2,['join.sol', 'flip.sol', 'transferFrom.sol', 'flop.t.sol', 'heal.sol', 'flap.sol', 'drip.sol', 'frob.t.sol']
2,['join.sol', 'flip.sol', 'transferFrom.sol', 'flop.t.sol', 'heal.sol', 'flap.sol', 'drip.sol', 'tune.sol']
2,['join.sol', 'flip.sol', 'transferFrom.sol', 'flop.t.sol', 'heal.sol', 'flap.sol', 'drip.sol', 'bite.sol']
3,['join.sol', 'flip.sol', 'transferFrom.sol', 'flop.t.sol', 'heal.sol', 'flap.sol', 'frob.t.sol', 'tune.sol']
3,['join.sol', 'flip.sol', 'transferFrom.sol', 'flop.t.sol', 'heal.sol', 'flap.sol', 'frob.t.sol', 'bite.sol']
2,['join.sol', 'flip.sol', 'transferFrom.sol', 'flop.t.sol', 'heal.sol', 'flap.sol', 'tune.sol', 'bite.sol']
3,['join.sol', 'flip.sol', 'transferFrom.sol', 'flop.t.sol', 'heal.sol', 'drip.sol', 'frob.t.sol', 'tune.sol']
2,['join.sol', 'flip.sol', 'transferFrom.sol', 'flop.t.sol', 'heal.sol', 'drip.sol', 'frob.t.sol', 'bite.sol']
2,['join.sol', 'flip.sol', 'transferFrom.sol', 'flop.t.sol', 'heal.sol', 'drip.sol', 'tune.sol', 'bite.sol']
3,['join.sol', 'flip.sol', 'transferFrom.sol', 'flop.t.sol', 'heal.sol', 'frob.t.sol', 'tune.sol', 'bite.sol']
3,['join.sol', 'flip.sol', 'transferFrom.sol', 'flop.t.sol', 'drip.t.sol', 'heal.t.sol', 'flap.sol', 'drip.sol']
2,['join.sol', 'flip.sol', 'transferFrom.sol', 'flop.t.sol', 'drip.t.sol', 'heal.t.sol', 'flap.sol', 'frob.t.sol']
2,['join.sol', 'flip.sol', 'transferFrom.sol', 'flop.t.sol', 'drip.t.sol', 'heal.t.sol', 'flap.sol', 'tune.sol']
3,['join.sol', 'flip.sol', 'transferFrom.sol', 'flop.t.sol', 'drip.t.sol', 'heal.t.sol', 'flap.sol', 'bite.sol']
2,['join.sol', 'flip.sol', 'transferFrom.sol', 'flop.t.sol', 'drip.t.sol', 'heal.t.sol', 'drip.sol', 'frob.t.sol']
2,['join.sol', 'flip.sol', 'transferFrom.sol', 'flop.t.sol', 'drip.t.sol', 'heal.t.sol', 'drip.sol', 'tune.sol']
3,['join.sol', 'flip.sol', 'transferFrom.sol', 'flop.t.sol', 'drip.t.sol', 'heal.t.sol', 'drip.sol', 'bite.sol']
2,['join.sol', 'flip.sol', 'transferFrom.sol', 'flop.t.sol', 'drip.t.sol', 'heal.t.sol', 'frob.t.sol', 'tune.sol']
2,['join.sol', 'flip.sol', 'transferFrom.sol', 'flop.t.sol', 'drip.t.sol', 'heal.t.sol', 'frob.t.sol', 'bite.sol']
2,['join.sol', 'flip.sol', 'transferFrom.sol', 'flop.t.sol', 'drip.t.sol', 'heal.t.sol', 'tune.sol', 'bite.sol']
2,['join.sol', 'flip.sol', 'transferFrom.sol', 'flop.t.sol', 'drip.t.sol', 'flap.sol', 'drip.sol', 'frob.t.sol']
4,['join.sol', 'flip.sol', 'transferFrom.sol', 'flop.t.sol', 'drip.t.sol', 'flap.sol', 'drip.sol', 'tune.sol']
2,['join.sol', 'flip.sol', 'transferFrom.sol', 'flop.t.sol', 'drip.t.sol', 'flap.sol', 'drip.sol', 'bite.sol']
2,['join.sol', 'flip.sol', 'transferFrom.sol', 'flop.t.sol', 'drip.t.sol', 'flap.sol', 'frob.t.sol', 'tune.sol']
2,['join.sol', 'flip.sol', 'transferFrom.sol', 'flop.t.sol', 'drip.t.sol', 'flap.sol', 'frob.t.sol', 'bite.sol']
2,['join.sol', 'flip.sol', 'transferFrom.sol', 'flop.t.sol', 'drip.t.sol', 'flap.sol', 'tune.sol', 'bite.sol']
2,['join.sol', 'flip.sol', 'transferFrom.sol', 'flop.t.sol', 'drip.t.sol', 'drip.sol', 'frob.t.sol', 'tune.sol']
3,['join.sol', 'flip.sol', 'transferFrom.sol', 'flop.t.sol', 'drip.t.sol', 'drip.sol', 'frob.t.sol', 'bite.sol']
2,['join.sol', 'flip.sol', 'transferFrom.sol', 'flop.t.sol', 'drip.t.sol', 'drip.sol', 'tune.sol', 'bite.sol']
2,['join.sol', 'flip.sol', 'transferFrom.sol', 'flop.t.sol', 'drip.t.sol', 'frob.t.sol', 'tune.sol', 'bite.sol']
2,['join.sol', 'flip.sol', 'transferFrom.sol', 'flop.t.sol', 'heal.t.sol', 'flap.sol', 'drip.sol', 'frob.t.sol']
2,['join.sol', 'flip.sol', 'transferFrom.sol', 'flop.t.sol', 'heal.t.sol', 'flap.sol', 'drip.sol', 'tune.sol']
3,['join.sol', 'flip.sol', 'transferFrom.sol', 'flop.t.sol', 'heal.t.sol', 'flap.sol', 'drip.sol', 'bite.sol']
3,['join.sol', 'flip.sol', 'transferFrom.sol', 'flop.t.sol', 'heal.t.sol', 'flap.sol', 'frob.t.sol', 'tune.sol']
3,['join.sol', 'flip.sol', 'transferFrom.sol', 'flop.t.sol', 'heal.t.sol', 'flap.sol', 'frob.t.sol', 'bite.sol']
3,['join.sol', 'flip.sol', 'transferFrom.sol', 'flop.t.sol', 'heal.t.sol', 'flap.sol', 'tune.sol', 'bite.sol']
2,['join.sol', 'flip.sol', 'transferFrom.sol', 'flop.t.sol', 'heal.t.sol', 'drip.sol', 'frob.t.sol', 'tune.sol']
2,['join.sol', 'flip.sol', 'transferFrom.sol', 'flop.t.sol', 'heal.t.sol', 'drip.sol', 'frob.t.sol', 'bite.sol']
2,['join.sol', 'flip.sol', 'transferFrom.sol', 'flop.t.sol', 'heal.t.sol', 'drip.sol', 'tune.sol', 'bite.sol']
3,['join.sol', 'flip.sol', 'transferFrom.sol', 'flop.t.sol', 'heal.t.sol', 'frob.t.sol', 'tune.sol', 'bite.sol']
3,['join.sol', 'flip.sol', 'transferFrom.sol', 'flop.t.sol', 'flap.sol', 'drip.sol', 'frob.t.sol', 'tune.sol']
2,['join.sol', 'flip.sol', 'transferFrom.sol', 'flop.t.sol', 'flap.sol', 'drip.sol', 'frob.t.sol', 'bite.sol']
4,['join.sol', 'flip.sol', 'transferFrom.sol', 'flop.t.sol', 'flap.sol', 'drip.sol', 'tune.sol', 'bite.sol']
3,['join.sol', 'flip.sol', 'transferFrom.sol', 'flop.t.sol', 'flap.sol', 'frob.t.sol', 'tune.sol', 'bite.sol']
2,['join.sol', 'flip.sol', 'transferFrom.sol', 'flop.t.sol', 'drip.sol', 'frob.t.sol', 'tune.sol', 'bite.sol']
4,['join.sol', 'flip.sol', 'transferFrom.sol', 'flap.t.sol', 'heal.sol', 'drip.t.sol', 'heal.t.sol', 'flap.sol']
4,['join.sol', 'flip.sol', 'transferFrom.sol', 'flap.t.sol', 'heal.sol', 'drip.t.sol', 'heal.t.sol', 'drip.sol']
2,['join.sol', 'flip.sol', 'transferFrom.sol', 'flap.t.sol', 'heal.sol', 'drip.t.sol', 'heal.t.sol', 'frob.t.sol']
2,['join.sol', 'flip.sol', 'transferFrom.sol', 'flap.t.sol', 'heal.sol', 'drip.t.sol', 'heal.t.sol', 'tune.sol']
3,['join.sol', 'flip.sol', 'transferFrom.sol', 'flap.t.sol', 'heal.sol', 'drip.t.sol', 'heal.t.sol', 'bite.sol']
2,['join.sol', 'flip.sol', 'transferFrom.sol', 'flap.t.sol', 'heal.sol', 'drip.t.sol', 'flap.sol', 'drip.sol']
2,['join.sol', 'flip.sol', 'transferFrom.sol', 'flap.t.sol', 'heal.sol', 'drip.t.sol', 'flap.sol', 'frob.t.sol']
1,['join.sol', 'flip.sol', 'transferFrom.sol', 'flap.t.sol', 'heal.sol', 'drip.t.sol', 'flap.sol', 'tune.sol']
2,['join.sol', 'flip.sol', 'transferFrom.sol', 'flap.t.sol', 'heal.sol', 'drip.t.sol', 'flap.sol', 'bite.sol']
3,['join.sol', 'flip.sol', 'transferFrom.sol', 'flap.t.sol', 'heal.sol', 'drip.t.sol', 'drip.sol', 'frob.t.sol']
2,['join.sol', 'flip.sol', 'transferFrom.sol', 'flap.t.sol', 'heal.sol', 'drip.t.sol', 'drip.sol', 'tune.sol']
2,['join.sol', 'flip.sol', 'transferFrom.sol', 'flap.t.sol', 'heal.sol', 'drip.t.sol', 'drip.sol', 'bite.sol']
2,['join.sol', 'flip.sol', 'transferFrom.sol', 'flap.t.sol', 'heal.sol', 'drip.t.sol', 'frob.t.sol', 'tune.sol']
2,['join.sol', 'flip.sol', 'transferFrom.sol', 'flap.t.sol', 'heal.sol', 'drip.t.sol', 'frob.t.sol', 'bite.sol']
2,['join.sol', 'flip.sol', 'transferFrom.sol', 'flap.t.sol', 'heal.sol', 'drip.t.sol', 'tune.sol', 'bite.sol']
4,['join.sol', 'flip.sol', 'transferFrom.sol', 'flap.t.sol', 'heal.sol', 'heal.t.sol', 'flap.sol', 'drip.sol']
3,['join.sol', 'flip.sol', 'transferFrom.sol', 'flap.t.sol', 'heal.sol', 'heal.t.sol', 'flap.sol', 'frob.t.sol']
3,['join.sol', 'flip.sol', 'transferFrom.sol', 'flap.t.sol', 'heal.sol', 'heal.t.sol', 'flap.sol', 'tune.sol']
5,['join.sol', 'flip.sol', 'transferFrom.sol', 'flap.t.sol', 'heal.sol', 'heal.t.sol', 'flap.sol', 'bite.sol']
2,['join.sol', 'flip.sol', 'transferFrom.sol', 'flap.t.sol', 'heal.sol', 'heal.t.sol', 'drip.sol', 'frob.t.sol']
2,['join.sol', 'flip.sol', 'transferFrom.sol', 'flap.t.sol', 'heal.sol', 'heal.t.sol', 'drip.sol', 'tune.sol']
4,['join.sol', 'flip.sol', 'transferFrom.sol', 'flap.t.sol', 'heal.sol', 'heal.t.sol', 'drip.sol', 'bite.sol']
3,['join.sol', 'flip.sol', 'transferFrom.sol', 'flap.t.sol', 'heal.sol', 'heal.t.sol', 'frob.t.sol', 'tune.sol']
3,['join.sol', 'flip.sol', 'transferFrom.sol', 'flap.t.sol', 'heal.sol', 'heal.t.sol', 'frob.t.sol', 'bite.sol']
3,['join.sol', 'flip.sol', 'transferFrom.sol', 'flap.t.sol', 'heal.sol', 'heal.t.sol', 'tune.sol', 'bite.sol']
2,['join.sol', 'flip.sol', 'transferFrom.sol', 'flap.t.sol', 'heal.sol', 'flap.sol', 'drip.sol', 'frob.t.sol']
2,['join.sol', 'flip.sol', 'transferFrom.sol', 'flap.t.sol', 'heal.sol', 'flap.sol', 'drip.sol', 'tune.sol']
2,['join.sol', 'flip.sol', 'transferFrom.sol', 'flap.t.sol', 'heal.sol', 'flap.sol', 'drip.sol', 'bite.sol']
3,['join.sol', 'flip.sol', 'transferFrom.sol', 'flap.t.sol', 'heal.sol', 'flap.sol', 'frob.t.sol', 'tune.sol']
3,['join.sol', 'flip.sol', 'transferFrom.sol', 'flap.t.sol', 'heal.sol', 'flap.sol', 'frob.t.sol', 'bite.sol']
2,['join.sol', 'flip.sol', 'transferFrom.sol', 'flap.t.sol', 'heal.sol', 'flap.sol', 'tune.sol', 'bite.sol']
3,['join.sol', 'flip.sol', 'transferFrom.sol', 'flap.t.sol', 'heal.sol', 'drip.sol', 'frob.t.sol', 'tune.sol']
2,['join.sol', 'flip.sol', 'transferFrom.sol', 'flap.t.sol', 'heal.sol', 'drip.sol', 'frob.t.sol', 'bite.sol']
2,['join.sol', 'flip.sol', 'transferFrom.sol', 'flap.t.sol', 'heal.sol', 'drip.sol', 'tune.sol', 'bite.sol']
3,['join.sol', 'flip.sol', 'transferFrom.sol', 'flap.t.sol', 'heal.sol', 'frob.t.sol', 'tune.sol', 'bite.sol']
4,['join.sol', 'flip.sol', 'transferFrom.sol', 'flap.t.sol', 'drip.t.sol', 'heal.t.sol', 'flap.sol', 'drip.sol']
2,['join.sol', 'flip.sol', 'transferFrom.sol', 'flap.t.sol', 'drip.t.sol', 'heal.t.sol', 'flap.sol', 'frob.t.sol']
2,['join.sol', 'flip.sol', 'transferFrom.sol', 'flap.t.sol', 'drip.t.sol', 'heal.t.sol', 'flap.sol', 'tune.sol']
3,['join.sol', 'flip.sol', 'transferFrom.sol', 'flap.t.sol', 'drip.t.sol', 'heal.t.sol', 'flap.sol', 'bite.sol']
2,['join.sol', 'flip.sol', 'transferFrom.sol', 'flap.t.sol', 'drip.t.sol', 'heal.t.sol', 'drip.sol', 'frob.t.sol']
2,['join.sol', 'flip.sol', 'transferFrom.sol', 'flap.t.sol', 'drip.t.sol', 'heal.t.sol', 'drip.sol', 'tune.sol']
3,['join.sol', 'flip.sol', 'transferFrom.sol', 'flap.t.sol', 'drip.t.sol', 'heal.t.sol', 'drip.sol', 'bite.sol']
2,['join.sol', 'flip.sol', 'transferFrom.sol', 'flap.t.sol', 'drip.t.sol', 'heal.t.sol', 'frob.t.sol', 'tune.sol']
2,['join.sol', 'flip.sol', 'transferFrom.sol', 'flap.t.sol', 'drip.t.sol', 'heal.t.sol', 'frob.t.sol', 'bite.sol']
2,['join.sol', 'flip.sol', 'transferFrom.sol', 'flap.t.sol', 'drip.t.sol', 'heal.t.sol', 'tune.sol', 'bite.sol']
2,['join.sol', 'flip.sol', 'transferFrom.sol', 'flap.t.sol', 'drip.t.sol', 'flap.sol', 'drip.sol', 'frob.t.sol']
4,['join.sol', 'flip.sol', 'transferFrom.sol', 'flap.t.sol', 'drip.t.sol', 'flap.sol', 'drip.sol', 'tune.sol']
2,['join.sol', 'flip.sol', 'transferFrom.sol', 'flap.t.sol', 'drip.t.sol', 'flap.sol', 'drip.sol', 'bite.sol']
2,['join.sol', 'flip.sol', 'transferFrom.sol', 'flap.t.sol', 'drip.t.sol', 'flap.sol', 'frob.t.sol', 'tune.sol']
2,['join.sol', 'flip.sol', 'transferFrom.sol', 'flap.t.sol', 'drip.t.sol', 'flap.sol', 'frob.t.sol', 'bite.sol']
2,['join.sol', 'flip.sol', 'transferFrom.sol', 'flap.t.sol', 'drip.t.sol', 'flap.sol', 'tune.sol', 'bite.sol']
2,['join.sol', 'flip.sol', 'transferFrom.sol', 'flap.t.sol', 'drip.t.sol', 'drip.sol', 'frob.t.sol', 'tune.sol']
3,['join.sol', 'flip.sol', 'transferFrom.sol', 'flap.t.sol', 'drip.t.sol', 'drip.sol', 'frob.t.sol', 'bite.sol']
2,['join.sol', 'flip.sol', 'transferFrom.sol', 'flap.t.sol', 'drip.t.sol', 'drip.sol', 'tune.sol', 'bite.sol']
2,['join.sol', 'flip.sol', 'transferFrom.sol', 'flap.t.sol', 'drip.t.sol', 'frob.t.sol', 'tune.sol', 'bite.sol']
2,['join.sol', 'flip.sol', 'transferFrom.sol', 'flap.t.sol', 'heal.t.sol', 'flap.sol', 'drip.sol', 'frob.t.sol']
2,['join.sol', 'flip.sol', 'transferFrom.sol', 'flap.t.sol', 'heal.t.sol', 'flap.sol', 'drip.sol', 'tune.sol']
2,['join.sol', 'flip.sol', 'transferFrom.sol', 'flap.t.sol', 'heal.t.sol', 'flap.sol', 'drip.sol', 'bite.sol']
3,['join.sol', 'flip.sol', 'transferFrom.sol', 'flap.t.sol', 'heal.t.sol', 'flap.sol', 'frob.t.sol', 'tune.sol']
3,['join.sol', 'flip.sol', 'transferFrom.sol', 'flap.t.sol', 'heal.t.sol', 'flap.sol', 'frob.t.sol', 'bite.sol']
3,['join.sol', 'flip.sol', 'transferFrom.sol', 'flap.t.sol', 'heal.t.sol', 'flap.sol', 'tune.sol', 'bite.sol']
2,['join.sol', 'flip.sol', 'transferFrom.sol', 'flap.t.sol', 'heal.t.sol', 'drip.sol', 'frob.t.sol', 'tune.sol']
2,['join.sol', 'flip.sol', 'transferFrom.sol', 'flap.t.sol', 'heal.t.sol', 'drip.sol', 'frob.t.sol', 'bite.sol']
2,['join.sol', 'flip.sol', 'transferFrom.sol', 'flap.t.sol', 'heal.t.sol', 'drip.sol', 'tune.sol', 'bite.sol']
3,['join.sol', 'flip.sol', 'transferFrom.sol', 'flap.t.sol', 'heal.t.sol', 'frob.t.sol', 'tune.sol', 'bite.sol']
3,['join.sol', 'flip.sol', 'transferFrom.sol', 'flap.t.sol', 'flap.sol', 'drip.sol', 'frob.t.sol', 'tune.sol']
2,['join.sol', 'flip.sol', 'transferFrom.sol', 'flap.t.sol', 'flap.sol', 'drip.sol', 'frob.t.sol', 'bite.sol']
4,['join.sol', 'flip.sol', 'transferFrom.sol', 'flap.t.sol', 'flap.sol', 'drip.sol', 'tune.sol', 'bite.sol']
3,['join.sol', 'flip.sol', 'transferFrom.sol', 'flap.t.sol', 'flap.sol', 'frob.t.sol', 'tune.sol', 'bite.sol']
2,['join.sol', 'flip.sol', 'transferFrom.sol', 'flap.t.sol', 'drip.sol', 'frob.t.sol', 'tune.sol', 'bite.sol']
2,['join.sol', 'flip.sol', 'transferFrom.sol', 'heal.sol', 'drip.t.sol', 'heal.t.sol', 'flap.sol', 'drip.sol']
3,['join.sol', 'flip.sol', 'transferFrom.sol', 'heal.sol', 'drip.t.sol', 'heal.t.sol', 'flap.sol', 'frob.t.sol']
3,['join.sol', 'flip.sol', 'transferFrom.sol', 'heal.sol', 'drip.t.sol', 'heal.t.sol', 'flap.sol', 'tune.sol']
2,['join.sol', 'flip.sol', 'transferFrom.sol', 'heal.sol', 'drip.t.sol', 'heal.t.sol', 'flap.sol', 'bite.sol']
4,['join.sol', 'flip.sol', 'transferFrom.sol', 'heal.sol', 'drip.t.sol', 'heal.t.sol', 'drip.sol', 'frob.t.sol']
3,['join.sol', 'flip.sol', 'transferFrom.sol', 'heal.sol', 'drip.t.sol', 'heal.t.sol', 'drip.sol', 'tune.sol']
2,['join.sol', 'flip.sol', 'transferFrom.sol', 'heal.sol', 'drip.t.sol', 'heal.t.sol', 'drip.sol', 'bite.sol']
3,['join.sol', 'flip.sol', 'transferFrom.sol', 'heal.sol', 'drip.t.sol', 'heal.t.sol', 'frob.t.sol', 'tune.sol']
4,['join.sol', 'flip.sol', 'transferFrom.sol', 'heal.sol', 'drip.t.sol', 'heal.t.sol', 'frob.t.sol', 'bite.sol']
2,['join.sol', 'flip.sol', 'transferFrom.sol', 'heal.sol', 'drip.t.sol', 'heal.t.sol', 'tune.sol', 'bite.sol']
3,['join.sol', 'flip.sol', 'transferFrom.sol', 'heal.sol', 'drip.t.sol', 'flap.sol', 'drip.sol', 'frob.t.sol']
2,['join.sol', 'flip.sol', 'transferFrom.sol', 'heal.sol', 'drip.t.sol', 'flap.sol', 'drip.sol', 'tune.sol']
2,['join.sol', 'flip.sol', 'transferFrom.sol', 'heal.sol', 'drip.t.sol', 'flap.sol', 'drip.sol', 'bite.sol']
2,['join.sol', 'flip.sol', 'transferFrom.sol', 'heal.sol', 'drip.t.sol', 'flap.sol', 'frob.t.sol', 'tune.sol']
2,['join.sol', 'flip.sol', 'transferFrom.sol', 'heal.sol', 'drip.t.sol', 'flap.sol', 'frob.t.sol', 'bite.sol']
2,['join.sol', 'flip.sol', 'transferFrom.sol', 'heal.sol', 'drip.t.sol', 'flap.sol', 'tune.sol', 'bite.sol']
2,['join.sol', 'flip.sol', 'transferFrom.sol', 'heal.sol', 'drip.t.sol', 'drip.sol', 'frob.t.sol', 'tune.sol']
2,['join.sol', 'flip.sol', 'transferFrom.sol', 'heal.sol', 'drip.t.sol', 'drip.sol', 'frob.t.sol', 'bite.sol']
2,['join.sol', 'flip.sol', 'transferFrom.sol', 'heal.sol', 'drip.t.sol', 'drip.sol', 'tune.sol', 'bite.sol']
2,['join.sol', 'flip.sol', 'transferFrom.sol', 'heal.sol', 'drip.t.sol', 'frob.t.sol', 'tune.sol', 'bite.sol']
3,['join.sol', 'flip.sol', 'transferFrom.sol', 'heal.sol', 'heal.t.sol', 'flap.sol', 'drip.sol', 'frob.t.sol']
3,['join.sol', 'flip.sol', 'transferFrom.sol', 'heal.sol', 'heal.t.sol', 'flap.sol', 'drip.sol', 'tune.sol']
2,['join.sol', 'flip.sol', 'transferFrom.sol', 'heal.sol', 'heal.t.sol', 'flap.sol', 'drip.sol', 'bite.sol']
3,['join.sol', 'flip.sol', 'transferFrom.sol', 'heal.sol', 'heal.t.sol', 'flap.sol', 'frob.t.sol', 'tune.sol']
3,['join.sol', 'flip.sol', 'transferFrom.sol', 'heal.sol', 'heal.t.sol', 'flap.sol', 'frob.t.sol', 'bite.sol']
4,['join.sol', 'flip.sol', 'transferFrom.sol', 'heal.sol', 'heal.t.sol', 'flap.sol', 'tune.sol', 'bite.sol']
3,['join.sol', 'flip.sol', 'transferFrom.sol', 'heal.sol', 'heal.t.sol', 'drip.sol', 'frob.t.sol', 'tune.sol']
4,['join.sol', 'flip.sol', 'transferFrom.sol', 'heal.sol', 'heal.t.sol', 'drip.sol', 'frob.t.sol', 'bite.sol']
3,['join.sol', 'flip.sol', 'transferFrom.sol', 'heal.sol', 'heal.t.sol', 'drip.sol', 'tune.sol', 'bite.sol']
3,['join.sol', 'flip.sol', 'transferFrom.sol', 'heal.sol', 'heal.t.sol', 'frob.t.sol', 'tune.sol', 'bite.sol']
1,['join.sol', 'flip.sol', 'transferFrom.sol', 'heal.sol', 'flap.sol', 'drip.sol', 'frob.t.sol', 'tune.sol']
2,['join.sol', 'flip.sol', 'transferFrom.sol', 'heal.sol', 'flap.sol', 'drip.sol', 'frob.t.sol', 'bite.sol']
2,['join.sol', 'flip.sol', 'transferFrom.sol', 'heal.sol', 'flap.sol', 'drip.sol', 'tune.sol', 'bite.sol']
2,['join.sol', 'flip.sol', 'transferFrom.sol', 'heal.sol', 'flap.sol', 'frob.t.sol', 'tune.sol', 'bite.sol']
1,['join.sol', 'flip.sol', 'transferFrom.sol', 'heal.sol', 'drip.sol', 'frob.t.sol', 'tune.sol', 'bite.sol']
3,['join.sol', 'flip.sol', 'transferFrom.sol', 'drip.t.sol', 'heal.t.sol', 'flap.sol', 'drip.sol', 'frob.t.sol']
3,['join.sol', 'flip.sol', 'transferFrom.sol', 'drip.t.sol', 'heal.t.sol', 'flap.sol', 'drip.sol', 'tune.sol']
2,['join.sol', 'flip.sol', 'transferFrom.sol', 'drip.t.sol', 'heal.t.sol', 'flap.sol', 'drip.sol', 'bite.sol']
3,['join.sol', 'flip.sol', 'transferFrom.sol', 'drip.t.sol', 'heal.t.sol', 'flap.sol', 'frob.t.sol', 'tune.sol']
3,['join.sol', 'flip.sol', 'transferFrom.sol', 'drip.t.sol', 'heal.t.sol', 'flap.sol', 'frob.t.sol', 'bite.sol']
2,['join.sol', 'flip.sol', 'transferFrom.sol', 'drip.t.sol', 'heal.t.sol', 'flap.sol', 'tune.sol', 'bite.sol']
2,['join.sol', 'flip.sol', 'transferFrom.sol', 'drip.t.sol', 'heal.t.sol', 'drip.sol', 'frob.t.sol', 'tune.sol']
4,['join.sol', 'flip.sol', 'transferFrom.sol', 'drip.t.sol', 'heal.t.sol', 'drip.sol', 'frob.t.sol', 'bite.sol']
3,['join.sol', 'flip.sol', 'transferFrom.sol', 'drip.t.sol', 'heal.t.sol', 'drip.sol', 'tune.sol', 'bite.sol']
1,['join.sol', 'flip.sol', 'transferFrom.sol', 'drip.t.sol', 'heal.t.sol', 'frob.t.sol', 'tune.sol', 'bite.sol']
2,['join.sol', 'flip.sol', 'transferFrom.sol', 'drip.t.sol', 'flap.sol', 'drip.sol', 'frob.t.sol', 'tune.sol']
2,['join.sol', 'flip.sol', 'transferFrom.sol', 'drip.t.sol', 'flap.sol', 'drip.sol', 'frob.t.sol', 'bite.sol']
2,['join.sol', 'flip.sol', 'transferFrom.sol', 'drip.t.sol', 'flap.sol', 'drip.sol', 'tune.sol', 'bite.sol']
1,['join.sol', 'flip.sol', 'transferFrom.sol', 'drip.t.sol', 'flap.sol', 'frob.t.sol', 'tune.sol', 'bite.sol']
2,['join.sol', 'flip.sol', 'transferFrom.sol', 'drip.t.sol', 'drip.sol', 'frob.t.sol', 'tune.sol', 'bite.sol']
3,['join.sol', 'flip.sol', 'transferFrom.sol', 'heal.t.sol', 'flap.sol', 'drip.sol', 'frob.t.sol', 'tune.sol']
3,['join.sol', 'flip.sol', 'transferFrom.sol', 'heal.t.sol', 'flap.sol', 'drip.sol', 'frob.t.sol', 'bite.sol']
3,['join.sol', 'flip.sol', 'transferFrom.sol', 'heal.t.sol', 'flap.sol', 'drip.sol', 'tune.sol', 'bite.sol']
3,['join.sol', 'flip.sol', 'transferFrom.sol', 'heal.t.sol', 'flap.sol', 'frob.t.sol', 'tune.sol', 'bite.sol']
1,['join.sol', 'flip.sol', 'transferFrom.sol', 'heal.t.sol', 'drip.sol', 'frob.t.sol', 'tune.sol', 'bite.sol']
1,['join.sol', 'flip.sol', 'transferFrom.sol', 'flap.sol', 'drip.sol', 'frob.t.sol', 'tune.sol', 'bite.sol']
2,['join.sol', 'flip.sol', 'frob.sol', 'flip.t.sol', 'flop.t.sol', 'flap.t.sol', 'heal.sol', 'drip.t.sol']
4,['join.sol', 'flip.sol', 'frob.sol', 'flip.t.sol', 'flop.t.sol', 'flap.t.sol', 'heal.sol', 'heal.t.sol']
3,['join.sol', 'flip.sol', 'frob.sol', 'flip.t.sol', 'flop.t.sol', 'flap.t.sol', 'heal.sol', 'flap.sol']
3,['join.sol', 'flip.sol', 'frob.sol', 'flip.t.sol', 'flop.t.sol', 'flap.t.sol', 'heal.sol', 'drip.sol']
3,['join.sol', 'flip.sol', 'frob.sol', 'flip.t.sol', 'flop.t.sol', 'flap.t.sol', 'heal.sol', 'frob.t.sol']
4,['join.sol', 'flip.sol', 'frob.sol', 'flip.t.sol', 'flop.t.sol', 'flap.t.sol', 'heal.sol', 'tune.sol']
2,['join.sol', 'flip.sol', 'frob.sol', 'flip.t.sol', 'flop.t.sol', 'flap.t.sol', 'heal.sol', 'bite.sol']
3,['join.sol', 'flip.sol', 'frob.sol', 'flip.t.sol', 'flop.t.sol', 'flap.t.sol', 'drip.t.sol', 'heal.t.sol']
2,['join.sol', 'flip.sol', 'frob.sol', 'flip.t.sol', 'flop.t.sol', 'flap.t.sol', 'drip.t.sol', 'flap.sol']
2,['join.sol', 'flip.sol', 'frob.sol', 'flip.t.sol', 'flop.t.sol', 'flap.t.sol', 'drip.t.sol', 'drip.sol']
2,['join.sol', 'flip.sol', 'frob.sol', 'flip.t.sol', 'flop.t.sol', 'flap.t.sol', 'drip.t.sol', 'frob.t.sol']
2,['join.sol', 'flip.sol', 'frob.sol', 'flip.t.sol', 'flop.t.sol', 'flap.t.sol', 'drip.t.sol', 'tune.sol']
2,['join.sol', 'flip.sol', 'frob.sol', 'flip.t.sol', 'flop.t.sol', 'flap.t.sol', 'drip.t.sol', 'bite.sol']
4,['join.sol', 'flip.sol', 'frob.sol', 'flip.t.sol', 'flop.t.sol', 'flap.t.sol', 'heal.t.sol', 'flap.sol']
3,['join.sol', 'flip.sol', 'frob.sol', 'flip.t.sol', 'flop.t.sol', 'flap.t.sol', 'heal.t.sol', 'drip.sol']
3,['join.sol', 'flip.sol', 'frob.sol', 'flip.t.sol', 'flop.t.sol', 'flap.t.sol', 'heal.t.sol', 'frob.t.sol']
2,['join.sol', 'flip.sol', 'frob.sol', 'flip.t.sol', 'flop.t.sol', 'flap.t.sol', 'heal.t.sol', 'tune.sol']
4,['join.sol', 'flip.sol', 'frob.sol', 'flip.t.sol', 'flop.t.sol', 'flap.t.sol', 'heal.t.sol', 'bite.sol']
3,['join.sol', 'flip.sol', 'frob.sol', 'flip.t.sol', 'flop.t.sol', 'flap.t.sol', 'flap.sol', 'drip.sol']
3,['join.sol', 'flip.sol', 'frob.sol', 'flip.t.sol', 'flop.t.sol', 'flap.t.sol', 'flap.sol', 'frob.t.sol']
2,['join.sol', 'flip.sol', 'frob.sol', 'flip.t.sol', 'flop.t.sol', 'flap.t.sol', 'flap.sol', 'tune.sol']
2,['join.sol', 'flip.sol', 'frob.sol', 'flip.t.sol', 'flop.t.sol', 'flap.t.sol', 'flap.sol', 'bite.sol']
3,['join.sol', 'flip.sol', 'frob.sol', 'flip.t.sol', 'flop.t.sol', 'flap.t.sol', 'drip.sol', 'frob.t.sol']
4,['join.sol', 'flip.sol', 'frob.sol', 'flip.t.sol', 'flop.t.sol', 'flap.t.sol', 'drip.sol', 'tune.sol']
2,['join.sol', 'flip.sol', 'frob.sol', 'flip.t.sol', 'flop.t.sol', 'flap.t.sol', 'drip.sol', 'bite.sol']
3,['join.sol', 'flip.sol', 'frob.sol', 'flip.t.sol', 'flop.t.sol', 'flap.t.sol', 'frob.t.sol', 'tune.sol']
3,['join.sol', 'flip.sol', 'frob.sol', 'flip.t.sol', 'flop.t.sol', 'flap.t.sol', 'frob.t.sol', 'bite.sol']
2,['join.sol', 'flip.sol', 'frob.sol', 'flip.t.sol', 'flop.t.sol', 'flap.t.sol', 'tune.sol', 'bite.sol']
3,['join.sol', 'flip.sol', 'frob.sol', 'flip.t.sol', 'flop.t.sol', 'heal.sol', 'drip.t.sol', 'heal.t.sol']
2,['join.sol', 'flip.sol', 'frob.sol', 'flip.t.sol', 'flop.t.sol', 'heal.sol', 'drip.t.sol', 'flap.sol']
2,['join.sol', 'flip.sol', 'frob.sol', 'flip.t.sol', 'flop.t.sol', 'heal.sol', 'drip.t.sol', 'drip.sol']
2,['join.sol', 'flip.sol', 'frob.sol', 'flip.t.sol', 'flop.t.sol', 'heal.sol', 'drip.t.sol', 'frob.t.sol']
2,['join.sol', 'flip.sol', 'frob.sol', 'flip.t.sol', 'flop.t.sol', 'heal.sol', 'drip.t.sol', 'tune.sol']
2,['join.sol', 'flip.sol', 'frob.sol', 'flip.t.sol', 'flop.t.sol', 'heal.sol', 'drip.t.sol', 'bite.sol']
4,['join.sol', 'flip.sol', 'frob.sol', 'flip.t.sol', 'flop.t.sol', 'heal.sol', 'heal.t.sol', 'flap.sol']
3,['join.sol', 'flip.sol', 'frob.sol', 'flip.t.sol', 'flop.t.sol', 'heal.sol', 'heal.t.sol', 'drip.sol']
3,['join.sol', 'flip.sol', 'frob.sol', 'flip.t.sol', 'flop.t.sol', 'heal.sol', 'heal.t.sol', 'frob.t.sol']
3,['join.sol', 'flip.sol', 'frob.sol', 'flip.t.sol', 'flop.t.sol', 'heal.sol', 'heal.t.sol', 'tune.sol']
3,['join.sol', 'flip.sol', 'frob.sol', 'flip.t.sol', 'flop.t.sol', 'heal.sol', 'heal.t.sol', 'bite.sol']
3,['join.sol', 'flip.sol', 'frob.sol', 'flip.t.sol', 'flop.t.sol', 'heal.sol', 'flap.sol', 'drip.sol']
3,['join.sol', 'flip.sol', 'frob.sol', 'flip.t.sol', 'flop.t.sol', 'heal.sol', 'flap.sol', 'frob.t.sol']
2,['join.sol', 'flip.sol', 'frob.sol', 'flip.t.sol', 'flop.t.sol', 'heal.sol', 'flap.sol', 'tune.sol']
3,['join.sol', 'flip.sol', 'frob.sol', 'flip.t.sol', 'flop.t.sol', 'heal.sol', 'flap.sol', 'bite.sol']
2,['join.sol', 'flip.sol', 'frob.sol', 'flip.t.sol', 'flop.t.sol', 'heal.sol', 'drip.sol', 'frob.t.sol']
2,['join.sol', 'flip.sol', 'frob.sol', 'flip.t.sol', 'flop.t.sol', 'heal.sol', 'drip.sol', 'tune.sol']
3,['join.sol', 'flip.sol', 'frob.sol', 'flip.t.sol', 'flop.t.sol', 'heal.sol', 'drip.sol', 'bite.sol']
3,['join.sol', 'flip.sol', 'frob.sol', 'flip.t.sol', 'flop.t.sol', 'heal.sol', 'frob.t.sol', 'tune.sol']
3,['join.sol', 'flip.sol', 'frob.sol', 'flip.t.sol', 'flop.t.sol', 'heal.sol', 'frob.t.sol', 'bite.sol']
2,['join.sol', 'flip.sol', 'frob.sol', 'flip.t.sol', 'flop.t.sol', 'heal.sol', 'tune.sol', 'bite.sol']
2,['join.sol', 'flip.sol', 'frob.sol', 'flip.t.sol', 'flop.t.sol', 'drip.t.sol', 'heal.t.sol', 'flap.sol']
2,['join.sol', 'flip.sol', 'frob.sol', 'flip.t.sol', 'flop.t.sol', 'drip.t.sol', 'heal.t.sol', 'drip.sol']
2,['join.sol', 'flip.sol', 'frob.sol', 'flip.t.sol', 'flop.t.sol', 'drip.t.sol', 'heal.t.sol', 'frob.t.sol']
2,['join.sol', 'flip.sol', 'frob.sol', 'flip.t.sol', 'flop.t.sol', 'drip.t.sol', 'heal.t.sol', 'tune.sol']
2,['join.sol', 'flip.sol', 'frob.sol', 'flip.t.sol', 'flop.t.sol', 'drip.t.sol', 'heal.t.sol', 'bite.sol']
3,['join.sol', 'flip.sol', 'frob.sol', 'flip.t.sol', 'flop.t.sol', 'drip.t.sol', 'flap.sol', 'drip.sol']
2,['join.sol', 'flip.sol', 'frob.sol', 'flip.t.sol', 'flop.t.sol', 'drip.t.sol', 'flap.sol', 'frob.t.sol']
2,['join.sol', 'flip.sol', 'frob.sol', 'flip.t.sol', 'flop.t.sol', 'drip.t.sol', 'flap.sol', 'tune.sol']
2,['join.sol', 'flip.sol', 'frob.sol', 'flip.t.sol', 'flop.t.sol', 'drip.t.sol', 'flap.sol', 'bite.sol']
2,['join.sol', 'flip.sol', 'frob.sol', 'flip.t.sol', 'flop.t.sol', 'drip.t.sol', 'drip.sol', 'frob.t.sol']
2,['join.sol', 'flip.sol', 'frob.sol', 'flip.t.sol', 'flop.t.sol', 'drip.t.sol', 'drip.sol', 'tune.sol']
3,['join.sol', 'flip.sol', 'frob.sol', 'flip.t.sol', 'flop.t.sol', 'drip.t.sol', 'drip.sol', 'bite.sol']
1,['join.sol', 'flip.sol', 'frob.sol', 'flip.t.sol', 'flop.t.sol', 'drip.t.sol', 'frob.t.sol', 'tune.sol']
2,['join.sol', 'flip.sol', 'frob.sol', 'flip.t.sol', 'flop.t.sol', 'drip.t.sol', 'frob.t.sol', 'bite.sol']
2,['join.sol', 'flip.sol', 'frob.sol', 'flip.t.sol', 'flop.t.sol', 'drip.t.sol', 'tune.sol', 'bite.sol']
4,['join.sol', 'flip.sol', 'frob.sol', 'flip.t.sol', 'flop.t.sol', 'heal.t.sol', 'flap.sol', 'drip.sol']
3,['join.sol', 'flip.sol', 'frob.sol', 'flip.t.sol', 'flop.t.sol', 'heal.t.sol', 'flap.sol', 'frob.t.sol']
2,['join.sol', 'flip.sol', 'frob.sol', 'flip.t.sol', 'flop.t.sol', 'heal.t.sol', 'flap.sol', 'tune.sol']
3,['join.sol', 'flip.sol', 'frob.sol', 'flip.t.sol', 'flop.t.sol', 'heal.t.sol', 'flap.sol', 'bite.sol']
2,['join.sol', 'flip.sol', 'frob.sol', 'flip.t.sol', 'flop.t.sol', 'heal.t.sol', 'drip.sol', 'frob.t.sol']
2,['join.sol', 'flip.sol', 'frob.sol', 'flip.t.sol', 'flop.t.sol', 'heal.t.sol', 'drip.sol', 'tune.sol']
2,['join.sol', 'flip.sol', 'frob.sol', 'flip.t.sol', 'flop.t.sol', 'heal.t.sol', 'drip.sol', 'bite.sol']
3,['join.sol', 'flip.sol', 'frob.sol', 'flip.t.sol', 'flop.t.sol', 'heal.t.sol', 'frob.t.sol', 'tune.sol']
3,['join.sol', 'flip.sol', 'frob.sol', 'flip.t.sol', 'flop.t.sol', 'heal.t.sol', 'frob.t.sol', 'bite.sol']
3,['join.sol', 'flip.sol', 'frob.sol', 'flip.t.sol', 'flop.t.sol', 'heal.t.sol', 'tune.sol', 'bite.sol']
3,['join.sol', 'flip.sol', 'frob.sol', 'flip.t.sol', 'flop.t.sol', 'flap.sol', 'drip.sol', 'frob.t.sol']
2,['join.sol', 'flip.sol', 'frob.sol', 'flip.t.sol', 'flop.t.sol', 'flap.sol', 'drip.sol', 'tune.sol']
3,['join.sol', 'flip.sol', 'frob.sol', 'flip.t.sol', 'flop.t.sol', 'flap.sol', 'drip.sol', 'bite.sol']
3,['join.sol', 'flip.sol', 'frob.sol', 'flip.t.sol', 'flop.t.sol', 'flap.sol', 'frob.t.sol', 'tune.sol']
3,['join.sol', 'flip.sol', 'frob.sol', 'flip.t.sol', 'flop.t.sol', 'flap.sol', 'frob.t.sol', 'bite.sol']
2,['join.sol', 'flip.sol', 'frob.sol', 'flip.t.sol', 'flop.t.sol', 'flap.sol', 'tune.sol', 'bite.sol']
3,['join.sol', 'flip.sol', 'frob.sol', 'flip.t.sol', 'flop.t.sol', 'drip.sol', 'frob.t.sol', 'tune.sol']
2,['join.sol', 'flip.sol', 'frob.sol', 'flip.t.sol', 'flop.t.sol', 'drip.sol', 'frob.t.sol', 'bite.sol']
2,['join.sol', 'flip.sol', 'frob.sol', 'flip.t.sol', 'flop.t.sol', 'drip.sol', 'tune.sol', 'bite.sol']
2,['join.sol', 'flip.sol', 'frob.sol', 'flip.t.sol', 'flop.t.sol', 'frob.t.sol', 'tune.sol', 'bite.sol']
3,['join.sol', 'flip.sol', 'frob.sol', 'flip.t.sol', 'flap.t.sol', 'heal.sol', 'drip.t.sol', 'heal.t.sol']
3,['join.sol', 'flip.sol', 'frob.sol', 'flip.t.sol', 'flap.t.sol', 'heal.sol', 'drip.t.sol', 'flap.sol']
2,['join.sol', 'flip.sol', 'frob.sol', 'flip.t.sol', 'flap.t.sol', 'heal.sol', 'drip.t.sol', 'drip.sol']
2,['join.sol', 'flip.sol', 'frob.sol', 'flip.t.sol', 'flap.t.sol', 'heal.sol', 'drip.t.sol', 'frob.t.sol']
2,['join.sol', 'flip.sol', 'frob.sol', 'flip.t.sol', 'flap.t.sol', 'heal.sol', 'drip.t.sol', 'tune.sol']
2,['join.sol', 'flip.sol', 'frob.sol', 'flip.t.sol', 'flap.t.sol', 'heal.sol', 'drip.t.sol', 'bite.sol']
4,['join.sol', 'flip.sol', 'frob.sol', 'flip.t.sol', 'flap.t.sol', 'heal.sol', 'heal.t.sol', 'flap.sol']
3,['join.sol', 'flip.sol', 'frob.sol', 'flip.t.sol', 'flap.t.sol', 'heal.sol', 'heal.t.sol', 'drip.sol']
3,['join.sol', 'flip.sol', 'frob.sol', 'flip.t.sol', 'flap.t.sol', 'heal.sol', 'heal.t.sol', 'frob.t.sol']
3,['join.sol', 'flip.sol', 'frob.sol', 'flip.t.sol', 'flap.t.sol', 'heal.sol', 'heal.t.sol', 'tune.sol']
4,['join.sol', 'flip.sol', 'frob.sol', 'flip.t.sol', 'flap.t.sol', 'heal.sol', 'heal.t.sol', 'bite.sol']
3,['join.sol', 'flip.sol', 'frob.sol', 'flip.t.sol', 'flap.t.sol', 'heal.sol', 'flap.sol', 'drip.sol']
3,['join.sol', 'flip.sol', 'frob.sol', 'flip.t.sol', 'flap.t.sol', 'heal.sol', 'flap.sol', 'frob.t.sol']
2,['join.sol', 'flip.sol', 'frob.sol', 'flip.t.sol', 'flap.t.sol', 'heal.sol', 'flap.sol', 'tune.sol']
3,['join.sol', 'flip.sol', 'frob.sol', 'flip.t.sol', 'flap.t.sol', 'heal.sol', 'flap.sol', 'bite.sol']
2,['join.sol', 'flip.sol', 'frob.sol', 'flip.t.sol', 'flap.t.sol', 'heal.sol', 'drip.sol', 'frob.t.sol']
2,['join.sol', 'flip.sol', 'frob.sol', 'flip.t.sol', 'flap.t.sol', 'heal.sol', 'drip.sol', 'tune.sol']
3,['join.sol', 'flip.sol', 'frob.sol', 'flip.t.sol', 'flap.t.sol', 'heal.sol', 'drip.sol', 'bite.sol']
3,['join.sol', 'flip.sol', 'frob.sol', 'flip.t.sol', 'flap.t.sol', 'heal.sol', 'frob.t.sol', 'tune.sol']
3,['join.sol', 'flip.sol', 'frob.sol', 'flip.t.sol', 'flap.t.sol', 'heal.sol', 'frob.t.sol', 'bite.sol']
2,['join.sol', 'flip.sol', 'frob.sol', 'flip.t.sol', 'flap.t.sol', 'heal.sol', 'tune.sol', 'bite.sol']
3,['join.sol', 'flip.sol', 'frob.sol', 'flip.t.sol', 'flap.t.sol', 'drip.t.sol', 'heal.t.sol', 'flap.sol']
2,['join.sol', 'flip.sol', 'frob.sol', 'flip.t.sol', 'flap.t.sol', 'drip.t.sol', 'heal.t.sol', 'drip.sol']
2,['join.sol', 'flip.sol', 'frob.sol', 'flip.t.sol', 'flap.t.sol', 'drip.t.sol', 'heal.t.sol', 'frob.t.sol']
2,['join.sol', 'flip.sol', 'frob.sol', 'flip.t.sol', 'flap.t.sol', 'drip.t.sol', 'heal.t.sol', 'tune.sol']
2,['join.sol', 'flip.sol', 'frob.sol', 'flip.t.sol', 'flap.t.sol', 'drip.t.sol', 'heal.t.sol', 'bite.sol']
3,['join.sol', 'flip.sol', 'frob.sol', 'flip.t.sol', 'flap.t.sol', 'drip.t.sol', 'flap.sol', 'drip.sol']
3,['join.sol', 'flip.sol', 'frob.sol', 'flip.t.sol', 'flap.t.sol', 'drip.t.sol', 'flap.sol', 'frob.t.sol']
2,['join.sol', 'flip.sol', 'frob.sol', 'flip.t.sol', 'flap.t.sol', 'drip.t.sol', 'flap.sol', 'tune.sol']
2,['join.sol', 'flip.sol', 'frob.sol', 'flip.t.sol', 'flap.t.sol', 'drip.t.sol', 'flap.sol', 'bite.sol']
2,['join.sol', 'flip.sol', 'frob.sol', 'flip.t.sol', 'flap.t.sol', 'drip.t.sol', 'drip.sol', 'frob.t.sol']
2,['join.sol', 'flip.sol', 'frob.sol', 'flip.t.sol', 'flap.t.sol', 'drip.t.sol', 'drip.sol', 'tune.sol']
3,['join.sol', 'flip.sol', 'frob.sol', 'flip.t.sol', 'flap.t.sol', 'drip.t.sol', 'drip.sol', 'bite.sol']
1,['join.sol', 'flip.sol', 'frob.sol', 'flip.t.sol', 'flap.t.sol', 'drip.t.sol', 'frob.t.sol', 'tune.sol']
2,['join.sol', 'flip.sol', 'frob.sol', 'flip.t.sol', 'flap.t.sol', 'drip.t.sol', 'frob.t.sol', 'bite.sol']
2,['join.sol', 'flip.sol', 'frob.sol', 'flip.t.sol', 'flap.t.sol', 'drip.t.sol', 'tune.sol', 'bite.sol']
4,['join.sol', 'flip.sol', 'frob.sol', 'flip.t.sol', 'flap.t.sol', 'heal.t.sol', 'flap.sol', 'drip.sol']
3,['join.sol', 'flip.sol', 'frob.sol', 'flip.t.sol', 'flap.t.sol', 'heal.t.sol', 'flap.sol', 'frob.t.sol']
2,['join.sol', 'flip.sol', 'frob.sol', 'flip.t.sol', 'flap.t.sol', 'heal.t.sol', 'flap.sol', 'tune.sol']
3,['join.sol', 'flip.sol', 'frob.sol', 'flip.t.sol', 'flap.t.sol', 'heal.t.sol', 'flap.sol', 'bite.sol']
2,['join.sol', 'flip.sol', 'frob.sol', 'flip.t.sol', 'flap.t.sol', 'heal.t.sol', 'drip.sol', 'frob.t.sol']
3,['join.sol', 'flip.sol', 'frob.sol', 'flip.t.sol', 'flap.t.sol', 'heal.t.sol', 'drip.sol', 'tune.sol']
2,['join.sol', 'flip.sol', 'frob.sol', 'flip.t.sol', 'flap.t.sol', 'heal.t.sol', 'drip.sol', 'bite.sol']
3,['join.sol', 'flip.sol', 'frob.sol', 'flip.t.sol', 'flap.t.sol', 'heal.t.sol', 'frob.t.sol', 'tune.sol']
3,['join.sol', 'flip.sol', 'frob.sol', 'flip.t.sol', 'flap.t.sol', 'heal.t.sol', 'frob.t.sol', 'bite.sol']
3,['join.sol', 'flip.sol', 'frob.sol', 'flip.t.sol', 'flap.t.sol', 'heal.t.sol', 'tune.sol', 'bite.sol']
3,['join.sol', 'flip.sol', 'frob.sol', 'flip.t.sol', 'flap.t.sol', 'flap.sol', 'drip.sol', 'frob.t.sol']
2,['join.sol', 'flip.sol', 'frob.sol', 'flip.t.sol', 'flap.t.sol', 'flap.sol', 'drip.sol', 'tune.sol']
3,['join.sol', 'flip.sol', 'frob.sol', 'flip.t.sol', 'flap.t.sol', 'flap.sol', 'drip.sol', 'bite.sol']
3,['join.sol', 'flip.sol', 'frob.sol', 'flip.t.sol', 'flap.t.sol', 'flap.sol', 'frob.t.sol', 'tune.sol']
3,['join.sol', 'flip.sol', 'frob.sol', 'flip.t.sol', 'flap.t.sol', 'flap.sol', 'frob.t.sol', 'bite.sol']
2,['join.sol', 'flip.sol', 'frob.sol', 'flip.t.sol', 'flap.t.sol', 'flap.sol', 'tune.sol', 'bite.sol']
3,['join.sol', 'flip.sol', 'frob.sol', 'flip.t.sol', 'flap.t.sol', 'drip.sol', 'frob.t.sol', 'tune.sol']
2,['join.sol', 'flip.sol', 'frob.sol', 'flip.t.sol', 'flap.t.sol', 'drip.sol', 'frob.t.sol', 'bite.sol']
2,['join.sol', 'flip.sol', 'frob.sol', 'flip.t.sol', 'flap.t.sol', 'drip.sol', 'tune.sol', 'bite.sol']
2,['join.sol', 'flip.sol', 'frob.sol', 'flip.t.sol', 'flap.t.sol', 'frob.t.sol', 'tune.sol', 'bite.sol']
2,['join.sol', 'flip.sol', 'frob.sol', 'flip.t.sol', 'heal.sol', 'drip.t.sol', 'heal.t.sol', 'flap.sol']
2,['join.sol', 'flip.sol', 'frob.sol', 'flip.t.sol', 'heal.sol', 'drip.t.sol', 'heal.t.sol', 'drip.sol']
2,['join.sol', 'flip.sol', 'frob.sol', 'flip.t.sol', 'heal.sol', 'drip.t.sol', 'heal.t.sol', 'frob.t.sol']
2,['join.sol', 'flip.sol', 'frob.sol', 'flip.t.sol', 'heal.sol', 'drip.t.sol', 'heal.t.sol', 'tune.sol']
2,['join.sol', 'flip.sol', 'frob.sol', 'flip.t.sol', 'heal.sol', 'drip.t.sol', 'heal.t.sol', 'bite.sol']
2,['join.sol', 'flip.sol', 'frob.sol', 'flip.t.sol', 'heal.sol', 'drip.t.sol', 'flap.sol', 'drip.sol']
4,['join.sol', 'flip.sol', 'frob.sol', 'flip.t.sol', 'heal.sol', 'drip.t.sol', 'flap.sol', 'frob.t.sol']
2,['join.sol', 'flip.sol', 'frob.sol', 'flip.t.sol', 'heal.sol', 'drip.t.sol', 'flap.sol', 'tune.sol']
2,['join.sol', 'flip.sol', 'frob.sol', 'flip.t.sol', 'heal.sol', 'drip.t.sol', 'flap.sol', 'bite.sol']
4,['join.sol', 'flip.sol', 'frob.sol', 'flip.t.sol', 'heal.sol', 'drip.t.sol', 'drip.sol', 'frob.t.sol']
2,['join.sol', 'flip.sol', 'frob.sol', 'flip.t.sol', 'heal.sol', 'drip.t.sol', 'drip.sol', 'tune.sol']
2,['join.sol', 'flip.sol', 'frob.sol', 'flip.t.sol', 'heal.sol', 'drip.t.sol', 'drip.sol', 'bite.sol']
4,['join.sol', 'flip.sol', 'frob.sol', 'flip.t.sol', 'heal.sol', 'drip.t.sol', 'frob.t.sol', 'tune.sol']
4,['join.sol', 'flip.sol', 'frob.sol', 'flip.t.sol', 'heal.sol', 'drip.t.sol', 'frob.t.sol', 'bite.sol']
2,['join.sol', 'flip.sol', 'frob.sol', 'flip.t.sol', 'heal.sol', 'drip.t.sol', 'tune.sol', 'bite.sol']
2,['join.sol', 'flip.sol', 'frob.sol', 'flip.t.sol', 'heal.sol', 'heal.t.sol', 'flap.sol', 'drip.sol']
3,['join.sol', 'flip.sol', 'frob.sol', 'flip.t.sol', 'heal.sol', 'heal.t.sol', 'flap.sol', 'frob.t.sol']
3,['join.sol', 'flip.sol', 'frob.sol', 'flip.t.sol', 'heal.sol', 'heal.t.sol', 'flap.sol', 'tune.sol']
3,['join.sol', 'flip.sol', 'frob.sol', 'flip.t.sol', 'heal.sol', 'heal.t.sol', 'flap.sol', 'bite.sol']
2,['join.sol', 'flip.sol', 'frob.sol', 'flip.t.sol', 'heal.sol', 'heal.t.sol', 'drip.sol', 'frob.t.sol']
2,['join.sol', 'flip.sol', 'frob.sol', 'flip.t.sol', 'heal.sol', 'heal.t.sol', 'drip.sol', 'tune.sol']
2,['join.sol', 'flip.sol', 'frob.sol', 'flip.t.sol', 'heal.sol', 'heal.t.sol', 'drip.sol', 'bite.sol']
3,['join.sol', 'flip.sol', 'frob.sol', 'flip.t.sol', 'heal.sol', 'heal.t.sol', 'frob.t.sol', 'tune.sol']
3,['join.sol', 'flip.sol', 'frob.sol', 'flip.t.sol', 'heal.sol', 'heal.t.sol', 'frob.t.sol', 'bite.sol']
3,['join.sol', 'flip.sol', 'frob.sol', 'flip.t.sol', 'heal.sol', 'heal.t.sol', 'tune.sol', 'bite.sol']
3,['join.sol', 'flip.sol', 'frob.sol', 'flip.t.sol', 'heal.sol', 'flap.sol', 'drip.sol', 'frob.t.sol']
2,['join.sol', 'flip.sol', 'frob.sol', 'flip.t.sol', 'heal.sol', 'flap.sol', 'drip.sol', 'tune.sol']
2,['join.sol', 'flip.sol', 'frob.sol', 'flip.t.sol', 'heal.sol', 'flap.sol', 'drip.sol', 'bite.sol']
2,['join.sol', 'flip.sol', 'frob.sol', 'flip.t.sol', 'heal.sol', 'flap.sol', 'frob.t.sol', 'tune.sol']
4,['join.sol', 'flip.sol', 'frob.sol', 'flip.t.sol', 'heal.sol', 'flap.sol', 'frob.t.sol', 'bite.sol']
2,['join.sol', 'flip.sol', 'frob.sol', 'flip.t.sol', 'heal.sol', 'flap.sol', 'tune.sol', 'bite.sol']
2,['join.sol', 'flip.sol', 'frob.sol', 'flip.t.sol', 'heal.sol', 'drip.sol', 'frob.t.sol', 'tune.sol']
5,['join.sol', 'flip.sol', 'frob.sol', 'flip.t.sol', 'heal.sol', 'drip.sol', 'frob.t.sol', 'bite.sol']
2,['join.sol', 'flip.sol', 'frob.sol', 'flip.t.sol', 'heal.sol', 'drip.sol', 'tune.sol', 'bite.sol']
2,['join.sol', 'flip.sol', 'frob.sol', 'flip.t.sol', 'heal.sol', 'frob.t.sol', 'tune.sol', 'bite.sol']
2,['join.sol', 'flip.sol', 'frob.sol', 'flip.t.sol', 'drip.t.sol', 'heal.t.sol', 'flap.sol', 'drip.sol']
2,['join.sol', 'flip.sol', 'frob.sol', 'flip.t.sol', 'drip.t.sol', 'heal.t.sol', 'flap.sol', 'frob.t.sol']
2,['join.sol', 'flip.sol', 'frob.sol', 'flip.t.sol', 'drip.t.sol', 'heal.t.sol', 'flap.sol', 'tune.sol']
2,['join.sol', 'flip.sol', 'frob.sol', 'flip.t.sol', 'drip.t.sol', 'heal.t.sol', 'flap.sol', 'bite.sol']
2,['join.sol', 'flip.sol', 'frob.sol', 'flip.t.sol', 'drip.t.sol', 'heal.t.sol', 'drip.sol', 'frob.t.sol']
2,['join.sol', 'flip.sol', 'frob.sol', 'flip.t.sol', 'drip.t.sol', 'heal.t.sol', 'drip.sol', 'tune.sol']
2,['join.sol', 'flip.sol', 'frob.sol', 'flip.t.sol', 'drip.t.sol', 'heal.t.sol', 'drip.sol', 'bite.sol']
1,['join.sol', 'flip.sol', 'frob.sol', 'flip.t.sol', 'drip.t.sol', 'heal.t.sol', 'frob.t.sol', 'tune.sol']
2,['join.sol', 'flip.sol', 'frob.sol', 'flip.t.sol', 'drip.t.sol', 'heal.t.sol', 'frob.t.sol', 'bite.sol']
2,['join.sol', 'flip.sol', 'frob.sol', 'flip.t.sol', 'drip.t.sol', 'heal.t.sol', 'tune.sol', 'bite.sol']
4,['join.sol', 'flip.sol', 'frob.sol', 'flip.t.sol', 'drip.t.sol', 'flap.sol', 'drip.sol', 'frob.t.sol']
3,['join.sol', 'flip.sol', 'frob.sol', 'flip.t.sol', 'drip.t.sol', 'flap.sol', 'drip.sol', 'tune.sol']
2,['join.sol', 'flip.sol', 'frob.sol', 'flip.t.sol', 'drip.t.sol', 'flap.sol', 'drip.sol', 'bite.sol']
3,['join.sol', 'flip.sol', 'frob.sol', 'flip.t.sol', 'drip.t.sol', 'flap.sol', 'frob.t.sol', 'tune.sol']
2,['join.sol', 'flip.sol', 'frob.sol', 'flip.t.sol', 'drip.t.sol', 'flap.sol', 'frob.t.sol', 'bite.sol']
2,['join.sol', 'flip.sol', 'frob.sol', 'flip.t.sol', 'drip.t.sol', 'flap.sol', 'tune.sol', 'bite.sol']
4,['join.sol', 'flip.sol', 'frob.sol', 'flip.t.sol', 'drip.t.sol', 'drip.sol', 'frob.t.sol', 'tune.sol']
4,['join.sol', 'flip.sol', 'frob.sol', 'flip.t.sol', 'drip.t.sol', 'drip.sol', 'frob.t.sol', 'bite.sol']
3,['join.sol', 'flip.sol', 'frob.sol', 'flip.t.sol', 'drip.t.sol', 'drip.sol', 'tune.sol', 'bite.sol']
1,['join.sol', 'flip.sol', 'frob.sol', 'flip.t.sol', 'drip.t.sol', 'frob.t.sol', 'tune.sol', 'bite.sol']
2,['join.sol', 'flip.sol', 'frob.sol', 'flip.t.sol', 'heal.t.sol', 'flap.sol', 'drip.sol', 'frob.t.sol']
3,['join.sol', 'flip.sol', 'frob.sol', 'flip.t.sol', 'heal.t.sol', 'flap.sol', 'drip.sol', 'tune.sol']
2,['join.sol', 'flip.sol', 'frob.sol', 'flip.t.sol', 'heal.t.sol', 'flap.sol', 'drip.sol', 'bite.sol']
3,['join.sol', 'flip.sol', 'frob.sol', 'flip.t.sol', 'heal.t.sol', 'flap.sol', 'frob.t.sol', 'tune.sol']
3,['join.sol', 'flip.sol', 'frob.sol', 'flip.t.sol', 'heal.t.sol', 'flap.sol', 'frob.t.sol', 'bite.sol']
3,['join.sol', 'flip.sol', 'frob.sol', 'flip.t.sol', 'heal.t.sol', 'flap.sol', 'tune.sol', 'bite.sol']
2,['join.sol', 'flip.sol', 'frob.sol', 'flip.t.sol', 'heal.t.sol', 'drip.sol', 'frob.t.sol', 'tune.sol']
2,['join.sol', 'flip.sol', 'frob.sol', 'flip.t.sol', 'heal.t.sol', 'drip.sol', 'frob.t.sol', 'bite.sol']
2,['join.sol', 'flip.sol', 'frob.sol', 'flip.t.sol', 'heal.t.sol', 'drip.sol', 'tune.sol', 'bite.sol']
2,['join.sol', 'flip.sol', 'frob.sol', 'flip.t.sol', 'heal.t.sol', 'frob.t.sol', 'tune.sol', 'bite.sol']
3,['join.sol', 'flip.sol', 'frob.sol', 'flip.t.sol', 'flap.sol', 'drip.sol', 'frob.t.sol', 'tune.sol']
3,['join.sol', 'flip.sol', 'frob.sol', 'flip.t.sol', 'flap.sol', 'drip.sol', 'frob.t.sol', 'bite.sol']
2,['join.sol', 'flip.sol', 'frob.sol', 'flip.t.sol', 'flap.sol', 'drip.sol', 'tune.sol', 'bite.sol']
3,['join.sol', 'flip.sol', 'frob.sol', 'flip.t.sol', 'flap.sol', 'frob.t.sol', 'tune.sol', 'bite.sol']
2,['join.sol', 'flip.sol', 'frob.sol', 'flip.t.sol', 'drip.sol', 'frob.t.sol', 'tune.sol', 'bite.sol']
3,['join.sol', 'flip.sol', 'frob.sol', 'flop.t.sol', 'flap.t.sol', 'heal.sol', 'drip.t.sol', 'heal.t.sol']
2,['join.sol', 'flip.sol', 'frob.sol', 'flop.t.sol', 'flap.t.sol', 'heal.sol', 'drip.t.sol', 'flap.sol']
2,['join.sol', 'flip.sol', 'frob.sol', 'flop.t.sol', 'flap.t.sol', 'heal.sol', 'drip.t.sol', 'drip.sol']
3,['join.sol', 'flip.sol', 'frob.sol', 'flop.t.sol', 'flap.t.sol', 'heal.sol', 'drip.t.sol', 'frob.t.sol']
2,['join.sol', 'flip.sol', 'frob.sol', 'flop.t.sol', 'flap.t.sol', 'heal.sol', 'drip.t.sol', 'tune.sol']
2,['join.sol', 'flip.sol', 'frob.sol', 'flop.t.sol', 'flap.t.sol', 'heal.sol', 'drip.t.sol', 'bite.sol']
4,['join.sol', 'flip.sol', 'frob.sol', 'flop.t.sol', 'flap.t.sol', 'heal.sol', 'heal.t.sol', 'flap.sol']
3,['join.sol', 'flip.sol', 'frob.sol', 'flop.t.sol', 'flap.t.sol', 'heal.sol', 'heal.t.sol', 'drip.sol']
3,['join.sol', 'flip.sol', 'frob.sol', 'flop.t.sol', 'flap.t.sol', 'heal.sol', 'heal.t.sol', 'frob.t.sol']
3,['join.sol', 'flip.sol', 'frob.sol', 'flop.t.sol', 'flap.t.sol', 'heal.sol', 'heal.t.sol', 'tune.sol']
4,['join.sol', 'flip.sol', 'frob.sol', 'flop.t.sol', 'flap.t.sol', 'heal.sol', 'heal.t.sol', 'bite.sol']
3,['join.sol', 'flip.sol', 'frob.sol', 'flop.t.sol', 'flap.t.sol', 'heal.sol', 'flap.sol', 'drip.sol']
4,['join.sol', 'flip.sol', 'frob.sol', 'flop.t.sol', 'flap.t.sol', 'heal.sol', 'flap.sol', 'frob.t.sol']
3,['join.sol', 'flip.sol', 'frob.sol', 'flop.t.sol', 'flap.t.sol', 'heal.sol', 'flap.sol', 'tune.sol']
2,['join.sol', 'flip.sol', 'frob.sol', 'flop.t.sol', 'flap.t.sol', 'heal.sol', 'flap.sol', 'bite.sol']
3,['join.sol', 'flip.sol', 'frob.sol', 'flop.t.sol', 'flap.t.sol', 'heal.sol', 'drip.sol', 'frob.t.sol']
2,['join.sol', 'flip.sol', 'frob.sol', 'flop.t.sol', 'flap.t.sol', 'heal.sol', 'drip.sol', 'tune.sol']
2,['join.sol', 'flip.sol', 'frob.sol', 'flop.t.sol', 'flap.t.sol', 'heal.sol', 'drip.sol', 'bite.sol']
3,['join.sol', 'flip.sol', 'frob.sol', 'flop.t.sol', 'flap.t.sol', 'heal.sol', 'frob.t.sol', 'tune.sol']
3,['join.sol', 'flip.sol', 'frob.sol', 'flop.t.sol', 'flap.t.sol', 'heal.sol', 'frob.t.sol', 'bite.sol']
2,['join.sol', 'flip.sol', 'frob.sol', 'flop.t.sol', 'flap.t.sol', 'heal.sol', 'tune.sol', 'bite.sol']
3,['join.sol', 'flip.sol', 'frob.sol', 'flop.t.sol', 'flap.t.sol', 'drip.t.sol', 'heal.t.sol', 'flap.sol']
3,['join.sol', 'flip.sol', 'frob.sol', 'flop.t.sol', 'flap.t.sol', 'drip.t.sol', 'heal.t.sol', 'drip.sol']
2,['join.sol', 'flip.sol', 'frob.sol', 'flop.t.sol', 'flap.t.sol', 'drip.t.sol', 'heal.t.sol', 'frob.t.sol']
2,['join.sol', 'flip.sol', 'frob.sol', 'flop.t.sol', 'flap.t.sol', 'drip.t.sol', 'heal.t.sol', 'tune.sol']
3,['join.sol', 'flip.sol', 'frob.sol', 'flop.t.sol', 'flap.t.sol', 'drip.t.sol', 'heal.t.sol', 'bite.sol']
3,['join.sol', 'flip.sol', 'frob.sol', 'flop.t.sol', 'flap.t.sol', 'drip.t.sol', 'flap.sol', 'drip.sol']
3,['join.sol', 'flip.sol', 'frob.sol', 'flop.t.sol', 'flap.t.sol', 'drip.t.sol', 'flap.sol', 'frob.t.sol']
3,['join.sol', 'flip.sol', 'frob.sol', 'flop.t.sol', 'flap.t.sol', 'drip.t.sol', 'flap.sol', 'tune.sol']
3,['join.sol', 'flip.sol', 'frob.sol', 'flop.t.sol', 'flap.t.sol', 'drip.t.sol', 'flap.sol', 'bite.sol']
3,['join.sol', 'flip.sol', 'frob.sol', 'flop.t.sol', 'flap.t.sol', 'drip.t.sol', 'drip.sol', 'frob.t.sol']
3,['join.sol', 'flip.sol', 'frob.sol', 'flop.t.sol', 'flap.t.sol', 'drip.t.sol', 'drip.sol', 'tune.sol']
3,['join.sol', 'flip.sol', 'frob.sol', 'flop.t.sol', 'flap.t.sol', 'drip.t.sol', 'drip.sol', 'bite.sol']
2,['join.sol', 'flip.sol', 'frob.sol', 'flop.t.sol', 'flap.t.sol', 'drip.t.sol', 'frob.t.sol', 'tune.sol']
3,['join.sol', 'flip.sol', 'frob.sol', 'flop.t.sol', 'flap.t.sol', 'drip.t.sol', 'frob.t.sol', 'bite.sol']
3,['join.sol', 'flip.sol', 'frob.sol', 'flop.t.sol', 'flap.t.sol', 'drip.t.sol', 'tune.sol', 'bite.sol']
3,['join.sol', 'flip.sol', 'frob.sol', 'flop.t.sol', 'flap.t.sol', 'heal.t.sol', 'flap.sol', 'drip.sol']
3,['join.sol', 'flip.sol', 'frob.sol', 'flop.t.sol', 'flap.t.sol', 'heal.t.sol', 'flap.sol', 'frob.t.sol']
3,['join.sol', 'flip.sol', 'frob.sol', 'flop.t.sol', 'flap.t.sol', 'heal.t.sol', 'flap.sol', 'tune.sol']
4,['join.sol', 'flip.sol', 'frob.sol', 'flop.t.sol', 'flap.t.sol', 'heal.t.sol', 'flap.sol', 'bite.sol']
2,['join.sol', 'flip.sol', 'frob.sol', 'flop.t.sol', 'flap.t.sol', 'heal.t.sol', 'drip.sol', 'frob.t.sol']
2,['join.sol', 'flip.sol', 'frob.sol', 'flop.t.sol', 'flap.t.sol', 'heal.t.sol', 'drip.sol', 'tune.sol']
3,['join.sol', 'flip.sol', 'frob.sol', 'flop.t.sol', 'flap.t.sol', 'heal.t.sol', 'drip.sol', 'bite.sol']
3,['join.sol', 'flip.sol', 'frob.sol', 'flop.t.sol', 'flap.t.sol', 'heal.t.sol', 'frob.t.sol', 'tune.sol']
3,['join.sol', 'flip.sol', 'frob.sol', 'flop.t.sol', 'flap.t.sol', 'heal.t.sol', 'frob.t.sol', 'bite.sol']
3,['join.sol', 'flip.sol', 'frob.sol', 'flop.t.sol', 'flap.t.sol', 'heal.t.sol', 'tune.sol', 'bite.sol']
3,['join.sol', 'flip.sol', 'frob.sol', 'flop.t.sol', 'flap.t.sol', 'flap.sol', 'drip.sol', 'frob.t.sol']
3,['join.sol', 'flip.sol', 'frob.sol', 'flop.t.sol', 'flap.t.sol', 'flap.sol', 'drip.sol', 'tune.sol']
3,['join.sol', 'flip.sol', 'frob.sol', 'flop.t.sol', 'flap.t.sol', 'flap.sol', 'drip.sol', 'bite.sol']
3,['join.sol', 'flip.sol', 'frob.sol', 'flop.t.sol', 'flap.t.sol', 'flap.sol', 'frob.t.sol', 'tune.sol']
4,['join.sol', 'flip.sol', 'frob.sol', 'flop.t.sol', 'flap.t.sol', 'flap.sol', 'frob.t.sol', 'bite.sol']
3,['join.sol', 'flip.sol', 'frob.sol', 'flop.t.sol', 'flap.t.sol', 'flap.sol', 'tune.sol', 'bite.sol']
2,['join.sol', 'flip.sol', 'frob.sol', 'flop.t.sol', 'flap.t.sol', 'drip.sol', 'frob.t.sol', 'tune.sol']
3,['join.sol', 'flip.sol', 'frob.sol', 'flop.t.sol', 'flap.t.sol', 'drip.sol', 'frob.t.sol', 'bite.sol']
3,['join.sol', 'flip.sol', 'frob.sol', 'flop.t.sol', 'flap.t.sol', 'drip.sol', 'tune.sol', 'bite.sol']
3,['join.sol', 'flip.sol', 'frob.sol', 'flop.t.sol', 'flap.t.sol', 'frob.t.sol', 'tune.sol', 'bite.sol']
3,['join.sol', 'flip.sol', 'frob.sol', 'flop.t.sol', 'heal.sol', 'drip.t.sol', 'heal.t.sol', 'flap.sol']
3,['join.sol', 'flip.sol', 'frob.sol', 'flop.t.sol', 'heal.sol', 'drip.t.sol', 'heal.t.sol', 'drip.sol']
3,['join.sol', 'flip.sol', 'frob.sol', 'flop.t.sol', 'heal.sol', 'drip.t.sol', 'heal.t.sol', 'frob.t.sol']
2,['join.sol', 'flip.sol', 'frob.sol', 'flop.t.sol', 'heal.sol', 'drip.t.sol', 'heal.t.sol', 'tune.sol']
3,['join.sol', 'flip.sol', 'frob.sol', 'flop.t.sol', 'heal.sol', 'drip.t.sol', 'heal.t.sol', 'bite.sol']
2,['join.sol', 'flip.sol', 'frob.sol', 'flop.t.sol', 'heal.sol', 'drip.t.sol', 'flap.sol', 'drip.sol']
2,['join.sol', 'flip.sol', 'frob.sol', 'flop.t.sol', 'heal.sol', 'drip.t.sol', 'flap.sol', 'frob.t.sol']
2,['join.sol', 'flip.sol', 'frob.sol', 'flop.t.sol', 'heal.sol', 'drip.t.sol', 'flap.sol', 'tune.sol']
2,['join.sol', 'flip.sol', 'frob.sol', 'flop.t.sol', 'heal.sol', 'drip.t.sol', 'flap.sol', 'bite.sol']
3,['join.sol', 'flip.sol', 'frob.sol', 'flop.t.sol', 'heal.sol', 'drip.t.sol', 'drip.sol', 'frob.t.sol']
2,['join.sol', 'flip.sol', 'frob.sol', 'flop.t.sol', 'heal.sol', 'drip.t.sol', 'drip.sol', 'tune.sol']
2,['join.sol', 'flip.sol', 'frob.sol', 'flop.t.sol', 'heal.sol', 'drip.t.sol', 'drip.sol', 'bite.sol']
2,['join.sol', 'flip.sol', 'frob.sol', 'flop.t.sol', 'heal.sol', 'drip.t.sol', 'frob.t.sol', 'tune.sol']
3,['join.sol', 'flip.sol', 'frob.sol', 'flop.t.sol', 'heal.sol', 'drip.t.sol', 'frob.t.sol', 'bite.sol']
2,['join.sol', 'flip.sol', 'frob.sol', 'flop.t.sol', 'heal.sol', 'drip.t.sol', 'tune.sol', 'bite.sol']
4,['join.sol', 'flip.sol', 'frob.sol', 'flop.t.sol', 'heal.sol', 'heal.t.sol', 'flap.sol', 'drip.sol']
3,['join.sol', 'flip.sol', 'frob.sol', 'flop.t.sol', 'heal.sol', 'heal.t.sol', 'flap.sol', 'frob.t.sol']
3,['join.sol', 'flip.sol', 'frob.sol', 'flop.t.sol', 'heal.sol', 'heal.t.sol', 'flap.sol', 'tune.sol']
4,['join.sol', 'flip.sol', 'frob.sol', 'flop.t.sol', 'heal.sol', 'heal.t.sol', 'flap.sol', 'bite.sol']
2,['join.sol', 'flip.sol', 'frob.sol', 'flop.t.sol', 'heal.sol', 'heal.t.sol', 'drip.sol', 'frob.t.sol']
2,['join.sol', 'flip.sol', 'frob.sol', 'flop.t.sol', 'heal.sol', 'heal.t.sol', 'drip.sol', 'tune.sol']
2,['join.sol', 'flip.sol', 'frob.sol', 'flop.t.sol', 'heal.sol', 'heal.t.sol', 'drip.sol', 'bite.sol']
3,['join.sol', 'flip.sol', 'frob.sol', 'flop.t.sol', 'heal.sol', 'heal.t.sol', 'frob.t.sol', 'tune.sol']
3,['join.sol', 'flip.sol', 'frob.sol', 'flop.t.sol', 'heal.sol', 'heal.t.sol', 'frob.t.sol', 'bite.sol']
3,['join.sol', 'flip.sol', 'frob.sol', 'flop.t.sol', 'heal.sol', 'heal.t.sol', 'tune.sol', 'bite.sol']
2,['join.sol', 'flip.sol', 'frob.sol', 'flop.t.sol', 'heal.sol', 'flap.sol', 'drip.sol', 'frob.t.sol']
2,['join.sol', 'flip.sol', 'frob.sol', 'flop.t.sol', 'heal.sol', 'flap.sol', 'drip.sol', 'tune.sol']
2,['join.sol', 'flip.sol', 'frob.sol', 'flop.t.sol', 'heal.sol', 'flap.sol', 'drip.sol', 'bite.sol']
3,['join.sol', 'flip.sol', 'frob.sol', 'flop.t.sol', 'heal.sol', 'flap.sol', 'frob.t.sol', 'tune.sol']
3,['join.sol', 'flip.sol', 'frob.sol', 'flop.t.sol', 'heal.sol', 'flap.sol', 'frob.t.sol', 'bite.sol']
2,['join.sol', 'flip.sol', 'frob.sol', 'flop.t.sol', 'heal.sol', 'flap.sol', 'tune.sol', 'bite.sol']
2,['join.sol', 'flip.sol', 'frob.sol', 'flop.t.sol', 'heal.sol', 'drip.sol', 'frob.t.sol', 'tune.sol']
3,['join.sol', 'flip.sol', 'frob.sol', 'flop.t.sol', 'heal.sol', 'drip.sol', 'frob.t.sol', 'bite.sol']
2,['join.sol', 'flip.sol', 'frob.sol', 'flop.t.sol', 'heal.sol', 'drip.sol', 'tune.sol', 'bite.sol']
3,['join.sol', 'flip.sol', 'frob.sol', 'flop.t.sol', 'heal.sol', 'frob.t.sol', 'tune.sol', 'bite.sol']
3,['join.sol', 'flip.sol', 'frob.sol', 'flop.t.sol', 'drip.t.sol', 'heal.t.sol', 'flap.sol', 'drip.sol']
2,['join.sol', 'flip.sol', 'frob.sol', 'flop.t.sol', 'drip.t.sol', 'heal.t.sol', 'flap.sol', 'frob.t.sol']
2,['join.sol', 'flip.sol', 'frob.sol', 'flop.t.sol', 'drip.t.sol', 'heal.t.sol', 'flap.sol', 'tune.sol']
3,['join.sol', 'flip.sol', 'frob.sol', 'flop.t.sol', 'drip.t.sol', 'heal.t.sol', 'flap.sol', 'bite.sol']
3,['join.sol', 'flip.sol', 'frob.sol', 'flop.t.sol', 'drip.t.sol', 'heal.t.sol', 'drip.sol', 'frob.t.sol']
2,['join.sol', 'flip.sol', 'frob.sol', 'flop.t.sol', 'drip.t.sol', 'heal.t.sol', 'drip.sol', 'tune.sol']
3,['join.sol', 'flip.sol', 'frob.sol', 'flop.t.sol', 'drip.t.sol', 'heal.t.sol', 'drip.sol', 'bite.sol']
2,['join.sol', 'flip.sol', 'frob.sol', 'flop.t.sol', 'drip.t.sol', 'heal.t.sol', 'frob.t.sol', 'tune.sol']
2,['join.sol', 'flip.sol', 'frob.sol', 'flop.t.sol', 'drip.t.sol', 'heal.t.sol', 'frob.t.sol', 'bite.sol']
2,['join.sol', 'flip.sol', 'frob.sol', 'flop.t.sol', 'drip.t.sol', 'heal.t.sol', 'tune.sol', 'bite.sol']
2,['join.sol', 'flip.sol', 'frob.sol', 'flop.t.sol', 'drip.t.sol', 'flap.sol', 'drip.sol', 'frob.t.sol']
2,['join.sol', 'flip.sol', 'frob.sol', 'flop.t.sol', 'drip.t.sol', 'flap.sol', 'drip.sol', 'tune.sol']
3,['join.sol', 'flip.sol', 'frob.sol', 'flop.t.sol', 'drip.t.sol', 'flap.sol', 'drip.sol', 'bite.sol']
2,['join.sol', 'flip.sol', 'frob.sol', 'flop.t.sol', 'drip.t.sol', 'flap.sol', 'frob.t.sol', 'tune.sol']
2,['join.sol', 'flip.sol', 'frob.sol', 'flop.t.sol', 'drip.t.sol', 'flap.sol', 'frob.t.sol', 'bite.sol']
2,['join.sol', 'flip.sol', 'frob.sol', 'flop.t.sol', 'drip.t.sol', 'flap.sol', 'tune.sol', 'bite.sol']
2,['join.sol', 'flip.sol', 'frob.sol', 'flop.t.sol', 'drip.t.sol', 'drip.sol', 'frob.t.sol', 'tune.sol']
3,['join.sol', 'flip.sol', 'frob.sol', 'flop.t.sol', 'drip.t.sol', 'drip.sol', 'frob.t.sol', 'bite.sol']
2,['join.sol', 'flip.sol', 'frob.sol', 'flop.t.sol', 'drip.t.sol', 'drip.sol', 'tune.sol', 'bite.sol']
2,['join.sol', 'flip.sol', 'frob.sol', 'flop.t.sol', 'drip.t.sol', 'frob.t.sol', 'tune.sol', 'bite.sol']
2,['join.sol', 'flip.sol', 'frob.sol', 'flop.t.sol', 'heal.t.sol', 'flap.sol', 'drip.sol', 'frob.t.sol']
2,['join.sol', 'flip.sol', 'frob.sol', 'flop.t.sol', 'heal.t.sol', 'flap.sol', 'drip.sol', 'tune.sol']
3,['join.sol', 'flip.sol', 'frob.sol', 'flop.t.sol', 'heal.t.sol', 'flap.sol', 'drip.sol', 'bite.sol']
3,['join.sol', 'flip.sol', 'frob.sol', 'flop.t.sol', 'heal.t.sol', 'flap.sol', 'frob.t.sol', 'tune.sol']
3,['join.sol', 'flip.sol', 'frob.sol', 'flop.t.sol', 'heal.t.sol', 'flap.sol', 'frob.t.sol', 'bite.sol']
3,['join.sol', 'flip.sol', 'frob.sol', 'flop.t.sol', 'heal.t.sol', 'flap.sol', 'tune.sol', 'bite.sol']
2,['join.sol', 'flip.sol', 'frob.sol', 'flop.t.sol', 'heal.t.sol', 'drip.sol', 'frob.t.sol', 'tune.sol']
2,['join.sol', 'flip.sol', 'frob.sol', 'flop.t.sol', 'heal.t.sol', 'drip.sol', 'frob.t.sol', 'bite.sol']
2,['join.sol', 'flip.sol', 'frob.sol', 'flop.t.sol', 'heal.t.sol', 'drip.sol', 'tune.sol', 'bite.sol']
3,['join.sol', 'flip.sol', 'frob.sol', 'flop.t.sol', 'heal.t.sol', 'frob.t.sol', 'tune.sol', 'bite.sol']
2,['join.sol', 'flip.sol', 'frob.sol', 'flop.t.sol', 'flap.sol', 'drip.sol', 'frob.t.sol', 'tune.sol']
2,['join.sol', 'flip.sol', 'frob.sol', 'flop.t.sol', 'flap.sol', 'drip.sol', 'frob.t.sol', 'bite.sol']
3,['join.sol', 'flip.sol', 'frob.sol', 'flop.t.sol', 'flap.sol', 'drip.sol', 'tune.sol', 'bite.sol']
3,['join.sol', 'flip.sol', 'frob.sol', 'flop.t.sol', 'flap.sol', 'frob.t.sol', 'tune.sol', 'bite.sol']
2,['join.sol', 'flip.sol', 'frob.sol', 'flop.t.sol', 'drip.sol', 'frob.t.sol', 'tune.sol', 'bite.sol']
3,['join.sol', 'flip.sol', 'frob.sol', 'flap.t.sol', 'heal.sol', 'drip.t.sol', 'heal.t.sol', 'flap.sol']
3,['join.sol', 'flip.sol', 'frob.sol', 'flap.t.sol', 'heal.sol', 'drip.t.sol', 'heal.t.sol', 'drip.sol']
2,['join.sol', 'flip.sol', 'frob.sol', 'flap.t.sol', 'heal.sol', 'drip.t.sol', 'heal.t.sol', 'frob.t.sol']
2,['join.sol', 'flip.sol', 'frob.sol', 'flap.t.sol', 'heal.sol', 'drip.t.sol', 'heal.t.sol', 'tune.sol']
2,['join.sol', 'flip.sol', 'frob.sol', 'flap.t.sol', 'heal.sol', 'drip.t.sol', 'heal.t.sol', 'bite.sol']
2,['join.sol', 'flip.sol', 'frob.sol', 'flap.t.sol', 'heal.sol', 'drip.t.sol', 'flap.sol', 'drip.sol']
2,['join.sol', 'flip.sol', 'frob.sol', 'flap.t.sol', 'heal.sol', 'drip.t.sol', 'flap.sol', 'frob.t.sol']
1,['join.sol', 'flip.sol', 'frob.sol', 'flap.t.sol', 'heal.sol', 'drip.t.sol', 'flap.sol', 'tune.sol']
2,['join.sol', 'flip.sol', 'frob.sol', 'flap.t.sol', 'heal.sol', 'drip.t.sol', 'flap.sol', 'bite.sol']
3,['join.sol', 'flip.sol', 'frob.sol', 'flap.t.sol', 'heal.sol', 'drip.t.sol', 'drip.sol', 'frob.t.sol']
2,['join.sol', 'flip.sol', 'frob.sol', 'flap.t.sol', 'heal.sol', 'drip.t.sol', 'drip.sol', 'tune.sol']
2,['join.sol', 'flip.sol', 'frob.sol', 'flap.t.sol', 'heal.sol', 'drip.t.sol', 'drip.sol', 'bite.sol']
2,['join.sol', 'flip.sol', 'frob.sol', 'flap.t.sol', 'heal.sol', 'drip.t.sol', 'frob.t.sol', 'tune.sol']
3,['join.sol', 'flip.sol', 'frob.sol', 'flap.t.sol', 'heal.sol', 'drip.t.sol', 'frob.t.sol', 'bite.sol']
2,['join.sol', 'flip.sol', 'frob.sol', 'flap.t.sol', 'heal.sol', 'drip.t.sol', 'tune.sol', 'bite.sol']
4,['join.sol', 'flip.sol', 'frob.sol', 'flap.t.sol', 'heal.sol', 'heal.t.sol', 'flap.sol', 'drip.sol']
3,['join.sol', 'flip.sol', 'frob.sol', 'flap.t.sol', 'heal.sol', 'heal.t.sol', 'flap.sol', 'frob.t.sol']
3,['join.sol', 'flip.sol', 'frob.sol', 'flap.t.sol', 'heal.sol', 'heal.t.sol', 'flap.sol', 'tune.sol']
3,['join.sol', 'flip.sol', 'frob.sol', 'flap.t.sol', 'heal.sol', 'heal.t.sol', 'flap.sol', 'bite.sol']
2,['join.sol', 'flip.sol', 'frob.sol', 'flap.t.sol', 'heal.sol', 'heal.t.sol', 'drip.sol', 'frob.t.sol']
2,['join.sol', 'flip.sol', 'frob.sol', 'flap.t.sol', 'heal.sol', 'heal.t.sol', 'drip.sol', 'tune.sol']
2,['join.sol', 'flip.sol', 'frob.sol', 'flap.t.sol', 'heal.sol', 'heal.t.sol', 'drip.sol', 'bite.sol']
3,['join.sol', 'flip.sol', 'frob.sol', 'flap.t.sol', 'heal.sol', 'heal.t.sol', 'frob.t.sol', 'tune.sol']
3,['join.sol', 'flip.sol', 'frob.sol', 'flap.t.sol', 'heal.sol', 'heal.t.sol', 'frob.t.sol', 'bite.sol']
3,['join.sol', 'flip.sol', 'frob.sol', 'flap.t.sol', 'heal.sol', 'heal.t.sol', 'tune.sol', 'bite.sol']
2,['join.sol', 'flip.sol', 'frob.sol', 'flap.t.sol', 'heal.sol', 'flap.sol', 'drip.sol', 'frob.t.sol']
2,['join.sol', 'flip.sol', 'frob.sol', 'flap.t.sol', 'heal.sol', 'flap.sol', 'drip.sol', 'tune.sol']
2,['join.sol', 'flip.sol', 'frob.sol', 'flap.t.sol', 'heal.sol', 'flap.sol', 'drip.sol', 'bite.sol']
3,['join.sol', 'flip.sol', 'frob.sol', 'flap.t.sol', 'heal.sol', 'flap.sol', 'frob.t.sol', 'tune.sol']
3,['join.sol', 'flip.sol', 'frob.sol', 'flap.t.sol', 'heal.sol', 'flap.sol', 'frob.t.sol', 'bite.sol']
2,['join.sol', 'flip.sol', 'frob.sol', 'flap.t.sol', 'heal.sol', 'flap.sol', 'tune.sol', 'bite.sol']
2,['join.sol', 'flip.sol', 'frob.sol', 'flap.t.sol', 'heal.sol', 'drip.sol', 'frob.t.sol', 'tune.sol']
3,['join.sol', 'flip.sol', 'frob.sol', 'flap.t.sol', 'heal.sol', 'drip.sol', 'frob.t.sol', 'bite.sol']
2,['join.sol', 'flip.sol', 'frob.sol', 'flap.t.sol', 'heal.sol', 'drip.sol', 'tune.sol', 'bite.sol']
3,['join.sol', 'flip.sol', 'frob.sol', 'flap.t.sol', 'heal.sol', 'frob.t.sol', 'tune.sol', 'bite.sol']
3,['join.sol', 'flip.sol', 'frob.sol', 'flap.t.sol', 'drip.t.sol', 'heal.t.sol', 'flap.sol', 'drip.sol']
2,['join.sol', 'flip.sol', 'frob.sol', 'flap.t.sol', 'drip.t.sol', 'heal.t.sol', 'flap.sol', 'frob.t.sol']
2,['join.sol', 'flip.sol', 'frob.sol', 'flap.t.sol', 'drip.t.sol', 'heal.t.sol', 'flap.sol', 'tune.sol']
3,['join.sol', 'flip.sol', 'frob.sol', 'flap.t.sol', 'drip.t.sol', 'heal.t.sol', 'flap.sol', 'bite.sol']
2,['join.sol', 'flip.sol', 'frob.sol', 'flap.t.sol', 'drip.t.sol', 'heal.t.sol', 'drip.sol', 'frob.t.sol']
2,['join.sol', 'flip.sol', 'frob.sol', 'flap.t.sol', 'drip.t.sol', 'heal.t.sol', 'drip.sol', 'tune.sol']
3,['join.sol', 'flip.sol', 'frob.sol', 'flap.t.sol', 'drip.t.sol', 'heal.t.sol', 'drip.sol', 'bite.sol']
2,['join.sol', 'flip.sol', 'frob.sol', 'flap.t.sol', 'drip.t.sol', 'heal.t.sol', 'frob.t.sol', 'tune.sol']
2,['join.sol', 'flip.sol', 'frob.sol', 'flap.t.sol', 'drip.t.sol', 'heal.t.sol', 'frob.t.sol', 'bite.sol']
2,['join.sol', 'flip.sol', 'frob.sol', 'flap.t.sol', 'drip.t.sol', 'heal.t.sol', 'tune.sol', 'bite.sol']
2,['join.sol', 'flip.sol', 'frob.sol', 'flap.t.sol', 'drip.t.sol', 'flap.sol', 'drip.sol', 'frob.t.sol']
2,['join.sol', 'flip.sol', 'frob.sol', 'flap.t.sol', 'drip.t.sol', 'flap.sol', 'drip.sol', 'tune.sol']
2,['join.sol', 'flip.sol', 'frob.sol', 'flap.t.sol', 'drip.t.sol', 'flap.sol', 'drip.sol', 'bite.sol']
2,['join.sol', 'flip.sol', 'frob.sol', 'flap.t.sol', 'drip.t.sol', 'flap.sol', 'frob.t.sol', 'tune.sol']
2,['join.sol', 'flip.sol', 'frob.sol', 'flap.t.sol', 'drip.t.sol', 'flap.sol', 'frob.t.sol', 'bite.sol']
2,['join.sol', 'flip.sol', 'frob.sol', 'flap.t.sol', 'drip.t.sol', 'flap.sol', 'tune.sol', 'bite.sol']
2,['join.sol', 'flip.sol', 'frob.sol', 'flap.t.sol', 'drip.t.sol', 'drip.sol', 'frob.t.sol', 'tune.sol']
3,['join.sol', 'flip.sol', 'frob.sol', 'flap.t.sol', 'drip.t.sol', 'drip.sol', 'frob.t.sol', 'bite.sol']
2,['join.sol', 'flip.sol', 'frob.sol', 'flap.t.sol', 'drip.t.sol', 'drip.sol', 'tune.sol', 'bite.sol']
2,['join.sol', 'flip.sol', 'frob.sol', 'flap.t.sol', 'drip.t.sol', 'frob.t.sol', 'tune.sol', 'bite.sol']
2,['join.sol', 'flip.sol', 'frob.sol', 'flap.t.sol', 'heal.t.sol', 'flap.sol', 'drip.sol', 'frob.t.sol']
2,['join.sol', 'flip.sol', 'frob.sol', 'flap.t.sol', 'heal.t.sol', 'flap.sol', 'drip.sol', 'tune.sol']
3,['join.sol', 'flip.sol', 'frob.sol', 'flap.t.sol', 'heal.t.sol', 'flap.sol', 'drip.sol', 'bite.sol']
3,['join.sol', 'flip.sol', 'frob.sol', 'flap.t.sol', 'heal.t.sol', 'flap.sol', 'frob.t.sol', 'tune.sol']
3,['join.sol', 'flip.sol', 'frob.sol', 'flap.t.sol', 'heal.t.sol', 'flap.sol', 'frob.t.sol', 'bite.sol']
3,['join.sol', 'flip.sol', 'frob.sol', 'flap.t.sol', 'heal.t.sol', 'flap.sol', 'tune.sol', 'bite.sol']
2,['join.sol', 'flip.sol', 'frob.sol', 'flap.t.sol', 'heal.t.sol', 'drip.sol', 'frob.t.sol', 'tune.sol']
2,['join.sol', 'flip.sol', 'frob.sol', 'flap.t.sol', 'heal.t.sol', 'drip.sol', 'frob.t.sol', 'bite.sol']
2,['join.sol', 'flip.sol', 'frob.sol', 'flap.t.sol', 'heal.t.sol', 'drip.sol', 'tune.sol', 'bite.sol']
3,['join.sol', 'flip.sol', 'frob.sol', 'flap.t.sol', 'heal.t.sol', 'frob.t.sol', 'tune.sol', 'bite.sol']
3,['join.sol', 'flip.sol', 'frob.sol', 'flap.t.sol', 'flap.sol', 'drip.sol', 'frob.t.sol', 'tune.sol']
2,['join.sol', 'flip.sol', 'frob.sol', 'flap.t.sol', 'flap.sol', 'drip.sol', 'frob.t.sol', 'bite.sol']
3,['join.sol', 'flip.sol', 'frob.sol', 'flap.t.sol', 'flap.sol', 'drip.sol', 'tune.sol', 'bite.sol']
3,['join.sol', 'flip.sol', 'frob.sol', 'flap.t.sol', 'flap.sol', 'frob.t.sol', 'tune.sol', 'bite.sol']
2,['join.sol', 'flip.sol', 'frob.sol', 'flap.t.sol', 'drip.sol', 'frob.t.sol', 'tune.sol', 'bite.sol']
2,['join.sol', 'flip.sol', 'frob.sol', 'heal.sol', 'drip.t.sol', 'heal.t.sol', 'flap.sol', 'drip.sol']
4,['join.sol', 'flip.sol', 'frob.sol', 'heal.sol', 'drip.t.sol', 'heal.t.sol', 'flap.sol', 'frob.t.sol']
3,['join.sol', 'flip.sol', 'frob.sol', 'heal.sol', 'drip.t.sol', 'heal.t.sol', 'flap.sol', 'tune.sol']
2,['join.sol', 'flip.sol', 'frob.sol', 'heal.sol', 'drip.t.sol', 'heal.t.sol', 'flap.sol', 'bite.sol']
4,['join.sol', 'flip.sol', 'frob.sol', 'heal.sol', 'drip.t.sol', 'heal.t.sol', 'drip.sol', 'frob.t.sol']
3,['join.sol', 'flip.sol', 'frob.sol', 'heal.sol', 'drip.t.sol', 'heal.t.sol', 'drip.sol', 'tune.sol']
2,['join.sol', 'flip.sol', 'frob.sol', 'heal.sol', 'drip.t.sol', 'heal.t.sol', 'drip.sol', 'bite.sol']
1,['join.sol', 'flip.sol', 'frob.sol', 'heal.sol', 'drip.t.sol', 'heal.t.sol', 'frob.t.sol', 'tune.sol']
5,['join.sol', 'flip.sol', 'frob.sol', 'heal.sol', 'drip.t.sol', 'heal.t.sol', 'frob.t.sol', 'bite.sol']
2,['join.sol', 'flip.sol', 'frob.sol', 'heal.sol', 'drip.t.sol', 'heal.t.sol', 'tune.sol', 'bite.sol']
3,['join.sol', 'flip.sol', 'frob.sol', 'heal.sol', 'drip.t.sol', 'flap.sol', 'drip.sol', 'frob.t.sol']
2,['join.sol', 'flip.sol', 'frob.sol', 'heal.sol', 'drip.t.sol', 'flap.sol', 'drip.sol', 'tune.sol']
2,['join.sol', 'flip.sol', 'frob.sol', 'heal.sol', 'drip.t.sol', 'flap.sol', 'drip.sol', 'bite.sol']
1,['join.sol', 'flip.sol', 'frob.sol', 'heal.sol', 'drip.t.sol', 'flap.sol', 'frob.t.sol', 'tune.sol']
2,['join.sol', 'flip.sol', 'frob.sol', 'heal.sol', 'drip.t.sol', 'flap.sol', 'frob.t.sol', 'bite.sol']
2,['join.sol', 'flip.sol', 'frob.sol', 'heal.sol', 'drip.t.sol', 'flap.sol', 'tune.sol', 'bite.sol']
2,['join.sol', 'flip.sol', 'frob.sol', 'heal.sol', 'drip.t.sol', 'drip.sol', 'frob.t.sol', 'tune.sol']
2,['join.sol', 'flip.sol', 'frob.sol', 'heal.sol', 'drip.t.sol', 'drip.sol', 'frob.t.sol', 'bite.sol']
2,['join.sol', 'flip.sol', 'frob.sol', 'heal.sol', 'drip.t.sol', 'drip.sol', 'tune.sol', 'bite.sol']
2,['join.sol', 'flip.sol', 'frob.sol', 'heal.sol', 'drip.t.sol', 'frob.t.sol', 'tune.sol', 'bite.sol']
3,['join.sol', 'flip.sol', 'frob.sol', 'heal.sol', 'heal.t.sol', 'flap.sol', 'drip.sol', 'frob.t.sol']
3,['join.sol', 'flip.sol', 'frob.sol', 'heal.sol', 'heal.t.sol', 'flap.sol', 'drip.sol', 'tune.sol']
2,['join.sol', 'flip.sol', 'frob.sol', 'heal.sol', 'heal.t.sol', 'flap.sol', 'drip.sol', 'bite.sol']
3,['join.sol', 'flip.sol', 'frob.sol', 'heal.sol', 'heal.t.sol', 'flap.sol', 'frob.t.sol', 'tune.sol']
3,['join.sol', 'flip.sol', 'frob.sol', 'heal.sol', 'heal.t.sol', 'flap.sol', 'frob.t.sol', 'bite.sol']
4,['join.sol', 'flip.sol', 'frob.sol', 'heal.sol', 'heal.t.sol', 'flap.sol', 'tune.sol', 'bite.sol']
1,['join.sol', 'flip.sol', 'frob.sol', 'heal.sol', 'heal.t.sol', 'drip.sol', 'frob.t.sol', 'tune.sol']
5,['join.sol', 'flip.sol', 'frob.sol', 'heal.sol', 'heal.t.sol', 'drip.sol', 'frob.t.sol', 'bite.sol']
3,['join.sol', 'flip.sol', 'frob.sol', 'heal.sol', 'heal.t.sol', 'drip.sol', 'tune.sol', 'bite.sol']
2,['join.sol', 'flip.sol', 'frob.sol', 'heal.sol', 'heal.t.sol', 'frob.t.sol', 'tune.sol', 'bite.sol']
2,['join.sol', 'flip.sol', 'frob.sol', 'heal.sol', 'flap.sol', 'drip.sol', 'frob.t.sol', 'tune.sol']
2,['join.sol', 'flip.sol', 'frob.sol', 'heal.sol', 'flap.sol', 'drip.sol', 'frob.t.sol', 'bite.sol']
2,['join.sol', 'flip.sol', 'frob.sol', 'heal.sol', 'flap.sol', 'drip.sol', 'tune.sol', 'bite.sol']
2,['join.sol', 'flip.sol', 'frob.sol', 'heal.sol', 'flap.sol', 'frob.t.sol', 'tune.sol', 'bite.sol']
1,['join.sol', 'flip.sol', 'frob.sol', 'heal.sol', 'drip.sol', 'frob.t.sol', 'tune.sol', 'bite.sol']
4,['join.sol', 'flip.sol', 'frob.sol', 'drip.t.sol', 'heal.t.sol', 'flap.sol', 'drip.sol', 'frob.t.sol']
3,['join.sol', 'flip.sol', 'frob.sol', 'drip.t.sol', 'heal.t.sol', 'flap.sol', 'drip.sol', 'tune.sol']
2,['join.sol', 'flip.sol', 'frob.sol', 'drip.t.sol', 'heal.t.sol', 'flap.sol', 'drip.sol', 'bite.sol']
1,['join.sol', 'flip.sol', 'frob.sol', 'drip.t.sol', 'heal.t.sol', 'flap.sol', 'frob.t.sol', 'tune.sol']
3,['join.sol', 'flip.sol', 'frob.sol', 'drip.t.sol', 'heal.t.sol', 'flap.sol', 'frob.t.sol', 'bite.sol']
3,['join.sol', 'flip.sol', 'frob.sol', 'drip.t.sol', 'heal.t.sol', 'flap.sol', 'tune.sol', 'bite.sol']
2,['join.sol', 'flip.sol', 'frob.sol', 'drip.t.sol', 'heal.t.sol', 'drip.sol', 'frob.t.sol', 'tune.sol']
5,['join.sol', 'flip.sol', 'frob.sol', 'drip.t.sol', 'heal.t.sol', 'drip.sol', 'frob.t.sol', 'bite.sol']
3,['join.sol', 'flip.sol', 'frob.sol', 'drip.t.sol', 'heal.t.sol', 'drip.sol', 'tune.sol', 'bite.sol']
1,['join.sol', 'flip.sol', 'frob.sol', 'drip.t.sol', 'heal.t.sol', 'frob.t.sol', 'tune.sol', 'bite.sol']
2,['join.sol', 'flip.sol', 'frob.sol', 'drip.t.sol', 'flap.sol', 'drip.sol', 'frob.t.sol', 'tune.sol']
2,['join.sol', 'flip.sol', 'frob.sol', 'drip.t.sol', 'flap.sol', 'drip.sol', 'frob.t.sol', 'bite.sol']
2,['join.sol', 'flip.sol', 'frob.sol', 'drip.t.sol', 'flap.sol', 'drip.sol', 'tune.sol', 'bite.sol']
1,['join.sol', 'flip.sol', 'frob.sol', 'drip.t.sol', 'flap.sol', 'frob.t.sol', 'tune.sol', 'bite.sol']
2,['join.sol', 'flip.sol', 'frob.sol', 'drip.t.sol', 'drip.sol', 'frob.t.sol', 'tune.sol', 'bite.sol']
2,['join.sol', 'flip.sol', 'frob.sol', 'heal.t.sol', 'flap.sol', 'drip.sol', 'frob.t.sol', 'tune.sol']
3,['join.sol', 'flip.sol', 'frob.sol', 'heal.t.sol', 'flap.sol', 'drip.sol', 'frob.t.sol', 'bite.sol']
3,['join.sol', 'flip.sol', 'frob.sol', 'heal.t.sol', 'flap.sol', 'drip.sol', 'tune.sol', 'bite.sol']
2,['join.sol', 'flip.sol', 'frob.sol', 'heal.t.sol', 'flap.sol', 'frob.t.sol', 'tune.sol', 'bite.sol']
1,['join.sol', 'flip.sol', 'frob.sol', 'heal.t.sol', 'drip.sol', 'frob.t.sol', 'tune.sol', 'bite.sol']
2,['join.sol', 'flip.sol', 'frob.sol', 'flap.sol', 'drip.sol', 'frob.t.sol', 'tune.sol', 'bite.sol']
3,['join.sol', 'flip.sol', 'flip.t.sol', 'flop.t.sol', 'flap.t.sol', 'heal.sol', 'drip.t.sol', 'heal.t.sol']
3,['join.sol', 'flip.sol', 'flip.t.sol', 'flop.t.sol', 'flap.t.sol', 'heal.sol', 'drip.t.sol', 'flap.sol']
2,['join.sol', 'flip.sol', 'flip.t.sol', 'flop.t.sol', 'flap.t.sol', 'heal.sol', 'drip.t.sol', 'drip.sol']
2,['join.sol', 'flip.sol', 'flip.t.sol', 'flop.t.sol', 'flap.t.sol', 'heal.sol', 'drip.t.sol', 'frob.t.sol']
1,['join.sol', 'flip.sol', 'flip.t.sol', 'flop.t.sol', 'flap.t.sol', 'heal.sol', 'drip.t.sol', 'tune.sol']
2,['join.sol', 'flip.sol', 'flip.t.sol', 'flop.t.sol', 'flap.t.sol', 'heal.sol', 'drip.t.sol', 'bite.sol']
2,['join.sol', 'flip.sol', 'flip.t.sol', 'flop.t.sol', 'flap.t.sol', 'heal.sol', 'heal.t.sol', 'flap.sol']
3,['join.sol', 'flip.sol', 'flip.t.sol', 'flop.t.sol', 'flap.t.sol', 'heal.sol', 'heal.t.sol', 'drip.sol']
3,['join.sol', 'flip.sol', 'flip.t.sol', 'flop.t.sol', 'flap.t.sol', 'heal.sol', 'heal.t.sol', 'frob.t.sol']
3,['join.sol', 'flip.sol', 'flip.t.sol', 'flop.t.sol', 'flap.t.sol', 'heal.sol', 'heal.t.sol', 'tune.sol']
4,['join.sol', 'flip.sol', 'flip.t.sol', 'flop.t.sol', 'flap.t.sol', 'heal.sol', 'heal.t.sol', 'bite.sol']
3,['join.sol', 'flip.sol', 'flip.t.sol', 'flop.t.sol', 'flap.t.sol', 'heal.sol', 'flap.sol', 'drip.sol']
3,['join.sol', 'flip.sol', 'flip.t.sol', 'flop.t.sol', 'flap.t.sol', 'heal.sol', 'flap.sol', 'frob.t.sol']
4,['join.sol', 'flip.sol', 'flip.t.sol', 'flop.t.sol', 'flap.t.sol', 'heal.sol', 'flap.sol', 'tune.sol']
3,['join.sol', 'flip.sol', 'flip.t.sol', 'flop.t.sol', 'flap.t.sol', 'heal.sol', 'flap.sol', 'bite.sol']
2,['join.sol', 'flip.sol', 'flip.t.sol', 'flop.t.sol', 'flap.t.sol', 'heal.sol', 'drip.sol', 'frob.t.sol']
3,['join.sol', 'flip.sol', 'flip.t.sol', 'flop.t.sol', 'flap.t.sol', 'heal.sol', 'drip.sol', 'tune.sol']
2,['join.sol', 'flip.sol', 'flip.t.sol', 'flop.t.sol', 'flap.t.sol', 'heal.sol', 'drip.sol', 'bite.sol']
3,['join.sol', 'flip.sol', 'flip.t.sol', 'flop.t.sol', 'flap.t.sol', 'heal.sol', 'frob.t.sol', 'tune.sol']
3,['join.sol', 'flip.sol', 'flip.t.sol', 'flop.t.sol', 'flap.t.sol', 'heal.sol', 'frob.t.sol', 'bite.sol']
3,['join.sol', 'flip.sol', 'flip.t.sol', 'flop.t.sol', 'flap.t.sol', 'heal.sol', 'tune.sol', 'bite.sol']
3,['join.sol', 'flip.sol', 'flip.t.sol', 'flop.t.sol', 'flap.t.sol', 'drip.t.sol', 'heal.t.sol', 'flap.sol']
3,['join.sol', 'flip.sol', 'flip.t.sol', 'flop.t.sol', 'flap.t.sol', 'drip.t.sol', 'heal.t.sol', 'drip.sol']
2,['join.sol', 'flip.sol', 'flip.t.sol', 'flop.t.sol', 'flap.t.sol', 'drip.t.sol', 'heal.t.sol', 'frob.t.sol']
2,['join.sol', 'flip.sol', 'flip.t.sol', 'flop.t.sol', 'flap.t.sol', 'drip.t.sol', 'heal.t.sol', 'tune.sol']
3,['join.sol', 'flip.sol', 'flip.t.sol', 'flop.t.sol', 'flap.t.sol', 'drip.t.sol', 'heal.t.sol', 'bite.sol']
2,['join.sol', 'flip.sol', 'flip.t.sol', 'flop.t.sol', 'flap.t.sol', 'drip.t.sol', 'flap.sol', 'drip.sol']
3,['join.sol', 'flip.sol', 'flip.t.sol', 'flop.t.sol', 'flap.t.sol', 'drip.t.sol', 'flap.sol', 'frob.t.sol']
2,['join.sol', 'flip.sol', 'flip.t.sol', 'flop.t.sol', 'flap.t.sol', 'drip.t.sol', 'flap.sol', 'tune.sol']
2,['join.sol', 'flip.sol', 'flip.t.sol', 'flop.t.sol', 'flap.t.sol', 'drip.t.sol', 'flap.sol', 'bite.sol']
2,['join.sol', 'flip.sol', 'flip.t.sol', 'flop.t.sol', 'flap.t.sol', 'drip.t.sol', 'drip.sol', 'frob.t.sol']
2,['join.sol', 'flip.sol', 'flip.t.sol', 'flop.t.sol', 'flap.t.sol', 'drip.t.sol', 'drip.sol', 'tune.sol']
2,['join.sol', 'flip.sol', 'flip.t.sol', 'flop.t.sol', 'flap.t.sol', 'drip.t.sol', 'drip.sol', 'bite.sol']
2,['join.sol', 'flip.sol', 'flip.t.sol', 'flop.t.sol', 'flap.t.sol', 'drip.t.sol', 'frob.t.sol', 'tune.sol']
2,['join.sol', 'flip.sol', 'flip.t.sol', 'flop.t.sol', 'flap.t.sol', 'drip.t.sol', 'frob.t.sol', 'bite.sol']
2,['join.sol', 'flip.sol', 'flip.t.sol', 'flop.t.sol', 'flap.t.sol', 'drip.t.sol', 'tune.sol', 'bite.sol']
4,['join.sol', 'flip.sol', 'flip.t.sol', 'flop.t.sol', 'flap.t.sol', 'heal.t.sol', 'flap.sol', 'drip.sol']
3,['join.sol', 'flip.sol', 'flip.t.sol', 'flop.t.sol', 'flap.t.sol', 'heal.t.sol', 'flap.sol', 'frob.t.sol']
2,['join.sol', 'flip.sol', 'flip.t.sol', 'flop.t.sol', 'flap.t.sol', 'heal.t.sol', 'flap.sol', 'tune.sol']
4,['join.sol', 'flip.sol', 'flip.t.sol', 'flop.t.sol', 'flap.t.sol', 'heal.t.sol', 'flap.sol', 'bite.sol']
2,['join.sol', 'flip.sol', 'flip.t.sol', 'flop.t.sol', 'flap.t.sol', 'heal.t.sol', 'drip.sol', 'frob.t.sol']
3,['join.sol', 'flip.sol', 'flip.t.sol', 'flop.t.sol', 'flap.t.sol', 'heal.t.sol', 'drip.sol', 'tune.sol']
3,['join.sol', 'flip.sol', 'flip.t.sol', 'flop.t.sol', 'flap.t.sol', 'heal.t.sol', 'drip.sol', 'bite.sol']
3,['join.sol', 'flip.sol', 'flip.t.sol', 'flop.t.sol', 'flap.t.sol', 'heal.t.sol', 'frob.t.sol', 'tune.sol']
3,['join.sol', 'flip.sol', 'flip.t.sol', 'flop.t.sol', 'flap.t.sol', 'heal.t.sol', 'frob.t.sol', 'bite.sol']
3,['join.sol', 'flip.sol', 'flip.t.sol', 'flop.t.sol', 'flap.t.sol', 'heal.t.sol', 'tune.sol', 'bite.sol']
3,['join.sol', 'flip.sol', 'flip.t.sol', 'flop.t.sol', 'flap.t.sol', 'flap.sol', 'drip.sol', 'frob.t.sol']
4,['join.sol', 'flip.sol', 'flip.t.sol', 'flop.t.sol', 'flap.t.sol', 'flap.sol', 'drip.sol', 'tune.sol']
2,['join.sol', 'flip.sol', 'flip.t.sol', 'flop.t.sol', 'flap.t.sol', 'flap.sol', 'drip.sol', 'bite.sol']
3,['join.sol', 'flip.sol', 'flip.t.sol', 'flop.t.sol', 'flap.t.sol', 'flap.sol', 'frob.t.sol', 'tune.sol']
3,['join.sol', 'flip.sol', 'flip.t.sol', 'flop.t.sol', 'flap.t.sol', 'flap.sol', 'frob.t.sol', 'bite.sol']
2,['join.sol', 'flip.sol', 'flip.t.sol', 'flop.t.sol', 'flap.t.sol', 'flap.sol', 'tune.sol', 'bite.sol']
3,['join.sol', 'flip.sol', 'flip.t.sol', 'flop.t.sol', 'flap.t.sol', 'drip.sol', 'frob.t.sol', 'tune.sol']
2,['join.sol', 'flip.sol', 'flip.t.sol', 'flop.t.sol', 'flap.t.sol', 'drip.sol', 'frob.t.sol', 'bite.sol']
3,['join.sol', 'flip.sol', 'flip.t.sol', 'flop.t.sol', 'flap.t.sol', 'drip.sol', 'tune.sol', 'bite.sol']
3,['join.sol', 'flip.sol', 'flip.t.sol', 'flop.t.sol', 'flap.t.sol', 'frob.t.sol', 'tune.sol', 'bite.sol']
3,['join.sol', 'flip.sol', 'flip.t.sol', 'flop.t.sol', 'heal.sol', 'drip.t.sol', 'heal.t.sol', 'flap.sol']
2,['join.sol', 'flip.sol', 'flip.t.sol', 'flop.t.sol', 'heal.sol', 'drip.t.sol', 'heal.t.sol', 'drip.sol']
2,['join.sol', 'flip.sol', 'flip.t.sol', 'flop.t.sol', 'heal.sol', 'drip.t.sol', 'heal.t.sol', 'frob.t.sol']
2,['join.sol', 'flip.sol', 'flip.t.sol', 'flop.t.sol', 'heal.sol', 'drip.t.sol', 'heal.t.sol', 'tune.sol']
2,['join.sol', 'flip.sol', 'flip.t.sol', 'flop.t.sol', 'heal.sol', 'drip.t.sol', 'heal.t.sol', 'bite.sol']
2,['join.sol', 'flip.sol', 'flip.t.sol', 'flop.t.sol', 'heal.sol', 'drip.t.sol', 'flap.sol', 'drip.sol']
2,['join.sol', 'flip.sol', 'flip.t.sol', 'flop.t.sol', 'heal.sol', 'drip.t.sol', 'flap.sol', 'frob.t.sol']
2,['join.sol', 'flip.sol', 'flip.t.sol', 'flop.t.sol', 'heal.sol', 'drip.t.sol', 'flap.sol', 'tune.sol']
2,['join.sol', 'flip.sol', 'flip.t.sol', 'flop.t.sol', 'heal.sol', 'drip.t.sol', 'flap.sol', 'bite.sol']
2,['join.sol', 'flip.sol', 'flip.t.sol', 'flop.t.sol', 'heal.sol', 'drip.t.sol', 'drip.sol', 'frob.t.sol']
2,['join.sol', 'flip.sol', 'flip.t.sol', 'flop.t.sol', 'heal.sol', 'drip.t.sol', 'drip.sol', 'tune.sol']
2,['join.sol', 'flip.sol', 'flip.t.sol', 'flop.t.sol', 'heal.sol', 'drip.t.sol', 'drip.sol', 'bite.sol']
1,['join.sol', 'flip.sol', 'flip.t.sol', 'flop.t.sol', 'heal.sol', 'drip.t.sol', 'frob.t.sol', 'tune.sol']
2,['join.sol', 'flip.sol', 'flip.t.sol', 'flop.t.sol', 'heal.sol', 'drip.t.sol', 'frob.t.sol', 'bite.sol']
1,['join.sol', 'flip.sol', 'flip.t.sol', 'flop.t.sol', 'heal.sol', 'drip.t.sol', 'tune.sol', 'bite.sol']
3,['join.sol', 'flip.sol', 'flip.t.sol', 'flop.t.sol', 'heal.sol', 'heal.t.sol', 'flap.sol', 'drip.sol']
3,['join.sol', 'flip.sol', 'flip.t.sol', 'flop.t.sol', 'heal.sol', 'heal.t.sol', 'flap.sol', 'frob.t.sol']
3,['join.sol', 'flip.sol', 'flip.t.sol', 'flop.t.sol', 'heal.sol', 'heal.t.sol', 'flap.sol', 'tune.sol']
4,['join.sol', 'flip.sol', 'flip.t.sol', 'flop.t.sol', 'heal.sol', 'heal.t.sol', 'flap.sol', 'bite.sol']
2,['join.sol', 'flip.sol', 'flip.t.sol', 'flop.t.sol', 'heal.sol', 'heal.t.sol', 'drip.sol', 'frob.t.sol']
2,['join.sol', 'flip.sol', 'flip.t.sol', 'flop.t.sol', 'heal.sol', 'heal.t.sol', 'drip.sol', 'tune.sol']
2,['join.sol', 'flip.sol', 'flip.t.sol', 'flop.t.sol', 'heal.sol', 'heal.t.sol', 'drip.sol', 'bite.sol']
3,['join.sol', 'flip.sol', 'flip.t.sol', 'flop.t.sol', 'heal.sol', 'heal.t.sol', 'frob.t.sol', 'tune.sol']
3,['join.sol', 'flip.sol', 'flip.t.sol', 'flop.t.sol', 'heal.sol', 'heal.t.sol', 'frob.t.sol', 'bite.sol']
3,['join.sol', 'flip.sol', 'flip.t.sol', 'flop.t.sol', 'heal.sol', 'heal.t.sol', 'tune.sol', 'bite.sol']
2,['join.sol', 'flip.sol', 'flip.t.sol', 'flop.t.sol', 'heal.sol', 'flap.sol', 'drip.sol', 'frob.t.sol']
2,['join.sol', 'flip.sol', 'flip.t.sol', 'flop.t.sol', 'heal.sol', 'flap.sol', 'drip.sol', 'tune.sol']
3,['join.sol', 'flip.sol', 'flip.t.sol', 'flop.t.sol', 'heal.sol', 'flap.sol', 'drip.sol', 'bite.sol']
3,['join.sol', 'flip.sol', 'flip.t.sol', 'flop.t.sol', 'heal.sol', 'flap.sol', 'frob.t.sol', 'tune.sol']
3,['join.sol', 'flip.sol', 'flip.t.sol', 'flop.t.sol', 'heal.sol', 'flap.sol', 'frob.t.sol', 'bite.sol']
2,['join.sol', 'flip.sol', 'flip.t.sol', 'flop.t.sol', 'heal.sol', 'flap.sol', 'tune.sol', 'bite.sol']
2,['join.sol', 'flip.sol', 'flip.t.sol', 'flop.t.sol', 'heal.sol', 'drip.sol', 'frob.t.sol', 'tune.sol']
2,['join.sol', 'flip.sol', 'flip.t.sol', 'flop.t.sol', 'heal.sol', 'drip.sol', 'frob.t.sol', 'bite.sol']
2,['join.sol', 'flip.sol', 'flip.t.sol', 'flop.t.sol', 'heal.sol', 'drip.sol', 'tune.sol', 'bite.sol']
2,['join.sol', 'flip.sol', 'flip.t.sol', 'flop.t.sol', 'heal.sol', 'frob.t.sol', 'tune.sol', 'bite.sol']
2,['join.sol', 'flip.sol', 'flip.t.sol', 'flop.t.sol', 'drip.t.sol', 'heal.t.sol', 'flap.sol', 'drip.sol']
2,['join.sol', 'flip.sol', 'flip.t.sol', 'flop.t.sol', 'drip.t.sol', 'heal.t.sol', 'flap.sol', 'frob.t.sol']
1,['join.sol', 'flip.sol', 'flip.t.sol', 'flop.t.sol', 'drip.t.sol', 'heal.t.sol', 'flap.sol', 'tune.sol']
2,['join.sol', 'flip.sol', 'flip.t.sol', 'flop.t.sol', 'drip.t.sol', 'heal.t.sol', 'flap.sol', 'bite.sol']
2,['join.sol', 'flip.sol', 'flip.t.sol', 'flop.t.sol', 'drip.t.sol', 'heal.t.sol', 'drip.sol', 'frob.t.sol']
2,['join.sol', 'flip.sol', 'flip.t.sol', 'flop.t.sol', 'drip.t.sol', 'heal.t.sol', 'drip.sol', 'tune.sol']
2,['join.sol', 'flip.sol', 'flip.t.sol', 'flop.t.sol', 'drip.t.sol', 'heal.t.sol', 'drip.sol', 'bite.sol']
2,['join.sol', 'flip.sol', 'flip.t.sol', 'flop.t.sol', 'drip.t.sol', 'heal.t.sol', 'frob.t.sol', 'tune.sol']
2,['join.sol', 'flip.sol', 'flip.t.sol', 'flop.t.sol', 'drip.t.sol', 'heal.t.sol', 'frob.t.sol', 'bite.sol']
2,['join.sol', 'flip.sol', 'flip.t.sol', 'flop.t.sol', 'drip.t.sol', 'heal.t.sol', 'tune.sol', 'bite.sol']
2,['join.sol', 'flip.sol', 'flip.t.sol', 'flop.t.sol', 'drip.t.sol', 'flap.sol', 'drip.sol', 'frob.t.sol']
2,['join.sol', 'flip.sol', 'flip.t.sol', 'flop.t.sol', 'drip.t.sol', 'flap.sol', 'drip.sol', 'tune.sol']
2,['join.sol', 'flip.sol', 'flip.t.sol', 'flop.t.sol', 'drip.t.sol', 'flap.sol', 'drip.sol', 'bite.sol']
2,['join.sol', 'flip.sol', 'flip.t.sol', 'flop.t.sol', 'drip.t.sol', 'flap.sol', 'frob.t.sol', 'tune.sol']
2,['join.sol', 'flip.sol', 'flip.t.sol', 'flop.t.sol', 'drip.t.sol', 'flap.sol', 'frob.t.sol', 'bite.sol']
2,['join.sol', 'flip.sol', 'flip.t.sol', 'flop.t.sol', 'drip.t.sol', 'flap.sol', 'tune.sol', 'bite.sol']
1,['join.sol', 'flip.sol', 'flip.t.sol', 'flop.t.sol', 'drip.t.sol', 'drip.sol', 'frob.t.sol', 'tune.sol']
2,['join.sol', 'flip.sol', 'flip.t.sol', 'flop.t.sol', 'drip.t.sol', 'drip.sol', 'frob.t.sol', 'bite.sol']
2,['join.sol', 'flip.sol', 'flip.t.sol', 'flop.t.sol', 'drip.t.sol', 'drip.sol', 'tune.sol', 'bite.sol']
1,['join.sol', 'flip.sol', 'flip.t.sol', 'flop.t.sol', 'drip.t.sol', 'frob.t.sol', 'tune.sol', 'bite.sol']
2,['join.sol', 'flip.sol', 'flip.t.sol', 'flop.t.sol', 'heal.t.sol', 'flap.sol', 'drip.sol', 'frob.t.sol']
3,['join.sol', 'flip.sol', 'flip.t.sol', 'flop.t.sol', 'heal.t.sol', 'flap.sol', 'drip.sol', 'tune.sol']
2,['join.sol', 'flip.sol', 'flip.t.sol', 'flop.t.sol', 'heal.t.sol', 'flap.sol', 'drip.sol', 'bite.sol']
3,['join.sol', 'flip.sol', 'flip.t.sol', 'flop.t.sol', 'heal.t.sol', 'flap.sol', 'frob.t.sol', 'tune.sol']
3,['join.sol', 'flip.sol', 'flip.t.sol', 'flop.t.sol', 'heal.t.sol', 'flap.sol', 'frob.t.sol', 'bite.sol']
3,['join.sol', 'flip.sol', 'flip.t.sol', 'flop.t.sol', 'heal.t.sol', 'flap.sol', 'tune.sol', 'bite.sol']
2,['join.sol', 'flip.sol', 'flip.t.sol', 'flop.t.sol', 'heal.t.sol', 'drip.sol', 'frob.t.sol', 'tune.sol']
2,['join.sol', 'flip.sol', 'flip.t.sol', 'flop.t.sol', 'heal.t.sol', 'drip.sol', 'frob.t.sol', 'bite.sol']
2,['join.sol', 'flip.sol', 'flip.t.sol', 'flop.t.sol', 'heal.t.sol', 'drip.sol', 'tune.sol', 'bite.sol']
3,['join.sol', 'flip.sol', 'flip.t.sol', 'flop.t.sol', 'heal.t.sol', 'frob.t.sol', 'tune.sol', 'bite.sol']
3,['join.sol', 'flip.sol', 'flip.t.sol', 'flop.t.sol', 'flap.sol', 'drip.sol', 'frob.t.sol', 'tune.sol']
3,['join.sol', 'flip.sol', 'flip.t.sol', 'flop.t.sol', 'flap.sol', 'drip.sol', 'frob.t.sol', 'bite.sol']
2,['join.sol', 'flip.sol', 'flip.t.sol', 'flop.t.sol', 'flap.sol', 'drip.sol', 'tune.sol', 'bite.sol']
2,['join.sol', 'flip.sol', 'flip.t.sol', 'flop.t.sol', 'flap.sol', 'frob.t.sol', 'tune.sol', 'bite.sol']
2,['join.sol', 'flip.sol', 'flip.t.sol', 'flop.t.sol', 'drip.sol', 'frob.t.sol', 'tune.sol', 'bite.sol']
3,['join.sol', 'flip.sol', 'flip.t.sol', 'flap.t.sol', 'heal.sol', 'drip.t.sol', 'heal.t.sol', 'flap.sol']
2,['join.sol', 'flip.sol', 'flip.t.sol', 'flap.t.sol', 'heal.sol', 'drip.t.sol', 'heal.t.sol', 'drip.sol']
2,['join.sol', 'flip.sol', 'flip.t.sol', 'flap.t.sol', 'heal.sol', 'drip.t.sol', 'heal.t.sol', 'frob.t.sol']
2,['join.sol', 'flip.sol', 'flip.t.sol', 'flap.t.sol', 'heal.sol', 'drip.t.sol', 'heal.t.sol', 'tune.sol']
2,['join.sol', 'flip.sol', 'flip.t.sol', 'flap.t.sol', 'heal.sol', 'drip.t.sol', 'heal.t.sol', 'bite.sol']
3,['join.sol', 'flip.sol', 'flip.t.sol', 'flap.t.sol', 'heal.sol', 'drip.t.sol', 'flap.sol', 'drip.sol']
2,['join.sol', 'flip.sol', 'flip.t.sol', 'flap.t.sol', 'heal.sol', 'drip.t.sol', 'flap.sol', 'frob.t.sol']
2,['join.sol', 'flip.sol', 'flip.t.sol', 'flap.t.sol', 'heal.sol', 'drip.t.sol', 'flap.sol', 'tune.sol']
2,['join.sol', 'flip.sol', 'flip.t.sol', 'flap.t.sol', 'heal.sol', 'drip.t.sol', 'flap.sol', 'bite.sol']
2,['join.sol', 'flip.sol', 'flip.t.sol', 'flap.t.sol', 'heal.sol', 'drip.t.sol', 'drip.sol', 'frob.t.sol']
2,['join.sol', 'flip.sol', 'flip.t.sol', 'flap.t.sol', 'heal.sol', 'drip.t.sol', 'drip.sol', 'tune.sol']
2,['join.sol', 'flip.sol', 'flip.t.sol', 'flap.t.sol', 'heal.sol', 'drip.t.sol', 'drip.sol', 'bite.sol']
1,['join.sol', 'flip.sol', 'flip.t.sol', 'flap.t.sol', 'heal.sol', 'drip.t.sol', 'frob.t.sol', 'tune.sol']
2,['join.sol', 'flip.sol', 'flip.t.sol', 'flap.t.sol', 'heal.sol', 'drip.t.sol', 'frob.t.sol', 'bite.sol']
1,['join.sol', 'flip.sol', 'flip.t.sol', 'flap.t.sol', 'heal.sol', 'drip.t.sol', 'tune.sol', 'bite.sol']
3,['join.sol', 'flip.sol', 'flip.t.sol', 'flap.t.sol', 'heal.sol', 'heal.t.sol', 'flap.sol', 'drip.sol']
3,['join.sol', 'flip.sol', 'flip.t.sol', 'flap.t.sol', 'heal.sol', 'heal.t.sol', 'flap.sol', 'frob.t.sol']
3,['join.sol', 'flip.sol', 'flip.t.sol', 'flap.t.sol', 'heal.sol', 'heal.t.sol', 'flap.sol', 'tune.sol']
4,['join.sol', 'flip.sol', 'flip.t.sol', 'flap.t.sol', 'heal.sol', 'heal.t.sol', 'flap.sol', 'bite.sol']
2,['join.sol', 'flip.sol', 'flip.t.sol', 'flap.t.sol', 'heal.sol', 'heal.t.sol', 'drip.sol', 'frob.t.sol']
2,['join.sol', 'flip.sol', 'flip.t.sol', 'flap.t.sol', 'heal.sol', 'heal.t.sol', 'drip.sol', 'tune.sol']
2,['join.sol', 'flip.sol', 'flip.t.sol', 'flap.t.sol', 'heal.sol', 'heal.t.sol', 'drip.sol', 'bite.sol']
3,['join.sol', 'flip.sol', 'flip.t.sol', 'flap.t.sol', 'heal.sol', 'heal.t.sol', 'frob.t.sol', 'tune.sol']
3,['join.sol', 'flip.sol', 'flip.t.sol', 'flap.t.sol', 'heal.sol', 'heal.t.sol', 'frob.t.sol', 'bite.sol']
3,['join.sol', 'flip.sol', 'flip.t.sol', 'flap.t.sol', 'heal.sol', 'heal.t.sol', 'tune.sol', 'bite.sol']
2,['join.sol', 'flip.sol', 'flip.t.sol', 'flap.t.sol', 'heal.sol', 'flap.sol', 'drip.sol', 'frob.t.sol']
2,['join.sol', 'flip.sol', 'flip.t.sol', 'flap.t.sol', 'heal.sol', 'flap.sol', 'drip.sol', 'tune.sol']
3,['join.sol', 'flip.sol', 'flip.t.sol', 'flap.t.sol', 'heal.sol', 'flap.sol', 'drip.sol', 'bite.sol']
3,['join.sol', 'flip.sol', 'flip.t.sol', 'flap.t.sol', 'heal.sol', 'flap.sol', 'frob.t.sol', 'tune.sol']
3,['join.sol', 'flip.sol', 'flip.t.sol', 'flap.t.sol', 'heal.sol', 'flap.sol', 'frob.t.sol', 'bite.sol']
2,['join.sol', 'flip.sol', 'flip.t.sol', 'flap.t.sol', 'heal.sol', 'flap.sol', 'tune.sol', 'bite.sol']
2,['join.sol', 'flip.sol', 'flip.t.sol', 'flap.t.sol', 'heal.sol', 'drip.sol', 'frob.t.sol', 'tune.sol']
2,['join.sol', 'flip.sol', 'flip.t.sol', 'flap.t.sol', 'heal.sol', 'drip.sol', 'frob.t.sol', 'bite.sol']
2,['join.sol', 'flip.sol', 'flip.t.sol', 'flap.t.sol', 'heal.sol', 'drip.sol', 'tune.sol', 'bite.sol']
2,['join.sol', 'flip.sol', 'flip.t.sol', 'flap.t.sol', 'heal.sol', 'frob.t.sol', 'tune.sol', 'bite.sol']
2,['join.sol', 'flip.sol', 'flip.t.sol', 'flap.t.sol', 'drip.t.sol', 'heal.t.sol', 'flap.sol', 'drip.sol']
2,['join.sol', 'flip.sol', 'flip.t.sol', 'flap.t.sol', 'drip.t.sol', 'heal.t.sol', 'flap.sol', 'frob.t.sol']
3,['join.sol', 'flip.sol', 'flip.t.sol', 'flap.t.sol', 'drip.t.sol', 'heal.t.sol', 'flap.sol', 'tune.sol']
2,['join.sol', 'flip.sol', 'flip.t.sol', 'flap.t.sol', 'drip.t.sol', 'heal.t.sol', 'flap.sol', 'bite.sol']
2,['join.sol', 'flip.sol', 'flip.t.sol', 'flap.t.sol', 'drip.t.sol', 'heal.t.sol', 'drip.sol', 'frob.t.sol']
2,['join.sol', 'flip.sol', 'flip.t.sol', 'flap.t.sol', 'drip.t.sol', 'heal.t.sol', 'drip.sol', 'tune.sol']
2,['join.sol', 'flip.sol', 'flip.t.sol', 'flap.t.sol', 'drip.t.sol', 'heal.t.sol', 'drip.sol', 'bite.sol']
2,['join.sol', 'flip.sol', 'flip.t.sol', 'flap.t.sol', 'drip.t.sol', 'heal.t.sol', 'frob.t.sol', 'tune.sol']
2,['join.sol', 'flip.sol', 'flip.t.sol', 'flap.t.sol', 'drip.t.sol', 'heal.t.sol', 'frob.t.sol', 'bite.sol']
2,['join.sol', 'flip.sol', 'flip.t.sol', 'flap.t.sol', 'drip.t.sol', 'heal.t.sol', 'tune.sol', 'bite.sol']
3,['join.sol', 'flip.sol', 'flip.t.sol', 'flap.t.sol', 'drip.t.sol', 'flap.sol', 'drip.sol', 'frob.t.sol']
2,['join.sol', 'flip.sol', 'flip.t.sol', 'flap.t.sol', 'drip.t.sol', 'flap.sol', 'drip.sol', 'tune.sol']
2,['join.sol', 'flip.sol', 'flip.t.sol', 'flap.t.sol', 'drip.t.sol', 'flap.sol', 'drip.sol', 'bite.sol']
2,['join.sol', 'flip.sol', 'flip.t.sol', 'flap.t.sol', 'drip.t.sol', 'flap.sol', 'frob.t.sol', 'tune.sol']
2,['join.sol', 'flip.sol', 'flip.t.sol', 'flap.t.sol', 'drip.t.sol', 'flap.sol', 'frob.t.sol', 'bite.sol']
2,['join.sol', 'flip.sol', 'flip.t.sol', 'flap.t.sol', 'drip.t.sol', 'flap.sol', 'tune.sol', 'bite.sol']
1,['join.sol', 'flip.sol', 'flip.t.sol', 'flap.t.sol', 'drip.t.sol', 'drip.sol', 'frob.t.sol', 'tune.sol']
2,['join.sol', 'flip.sol', 'flip.t.sol', 'flap.t.sol', 'drip.t.sol', 'drip.sol', 'frob.t.sol', 'bite.sol']
2,['join.sol', 'flip.sol', 'flip.t.sol', 'flap.t.sol', 'drip.t.sol', 'drip.sol', 'tune.sol', 'bite.sol']
1,['join.sol', 'flip.sol', 'flip.t.sol', 'flap.t.sol', 'drip.t.sol', 'frob.t.sol', 'tune.sol', 'bite.sol']
2,['join.sol', 'flip.sol', 'flip.t.sol', 'flap.t.sol', 'heal.t.sol', 'flap.sol', 'drip.sol', 'frob.t.sol']
3,['join.sol', 'flip.sol', 'flip.t.sol', 'flap.t.sol', 'heal.t.sol', 'flap.sol', 'drip.sol', 'tune.sol']
2,['join.sol', 'flip.sol', 'flip.t.sol', 'flap.t.sol', 'heal.t.sol', 'flap.sol', 'drip.sol', 'bite.sol']
3,['join.sol', 'flip.sol', 'flip.t.sol', 'flap.t.sol', 'heal.t.sol', 'flap.sol', 'frob.t.sol', 'tune.sol']
3,['join.sol', 'flip.sol', 'flip.t.sol', 'flap.t.sol', 'heal.t.sol', 'flap.sol', 'frob.t.sol', 'bite.sol']
2,['join.sol', 'flip.sol', 'flip.t.sol', 'flap.t.sol', 'heal.t.sol', 'flap.sol', 'tune.sol', 'bite.sol']
2,['join.sol', 'flip.sol', 'flip.t.sol', 'flap.t.sol', 'heal.t.sol', 'drip.sol', 'frob.t.sol', 'tune.sol']
2,['join.sol', 'flip.sol', 'flip.t.sol', 'flap.t.sol', 'heal.t.sol', 'drip.sol', 'frob.t.sol', 'bite.sol']
2,['join.sol', 'flip.sol', 'flip.t.sol', 'flap.t.sol', 'heal.t.sol', 'drip.sol', 'tune.sol', 'bite.sol']
3,['join.sol', 'flip.sol', 'flip.t.sol', 'flap.t.sol', 'heal.t.sol', 'frob.t.sol', 'tune.sol', 'bite.sol']
3,['join.sol', 'flip.sol', 'flip.t.sol', 'flap.t.sol', 'flap.sol', 'drip.sol', 'frob.t.sol', 'tune.sol']
3,['join.sol', 'flip.sol', 'flip.t.sol', 'flap.t.sol', 'flap.sol', 'drip.sol', 'frob.t.sol', 'bite.sol']
2,['join.sol', 'flip.sol', 'flip.t.sol', 'flap.t.sol', 'flap.sol', 'drip.sol', 'tune.sol', 'bite.sol']
2,['join.sol', 'flip.sol', 'flip.t.sol', 'flap.t.sol', 'flap.sol', 'frob.t.sol', 'tune.sol', 'bite.sol']
1,['join.sol', 'flip.sol', 'flip.t.sol', 'flap.t.sol', 'drip.sol', 'frob.t.sol', 'tune.sol', 'bite.sol']
2,['join.sol', 'flip.sol', 'flip.t.sol', 'heal.sol', 'drip.t.sol', 'heal.t.sol', 'flap.sol', 'drip.sol']
2,['join.sol', 'flip.sol', 'flip.t.sol', 'heal.sol', 'drip.t.sol', 'heal.t.sol', 'flap.sol', 'frob.t.sol']
2,['join.sol', 'flip.sol', 'flip.t.sol', 'heal.sol', 'drip.t.sol', 'heal.t.sol', 'flap.sol', 'tune.sol']
2,['join.sol', 'flip.sol', 'flip.t.sol', 'heal.sol', 'drip.t.sol', 'heal.t.sol', 'flap.sol', 'bite.sol']
2,['join.sol', 'flip.sol', 'flip.t.sol', 'heal.sol', 'drip.t.sol', 'heal.t.sol', 'drip.sol', 'frob.t.sol']
2,['join.sol', 'flip.sol', 'flip.t.sol', 'heal.sol', 'drip.t.sol', 'heal.t.sol', 'drip.sol', 'tune.sol']
5,['join.sol', 'flip.sol', 'flip.t.sol', 'heal.sol', 'drip.t.sol', 'heal.t.sol', 'drip.sol', 'bite.sol']
1,['join.sol', 'flip.sol', 'flip.t.sol', 'heal.sol', 'drip.t.sol', 'heal.t.sol', 'frob.t.sol', 'tune.sol']
2,['join.sol', 'flip.sol', 'flip.t.sol', 'heal.sol', 'drip.t.sol', 'heal.t.sol', 'frob.t.sol', 'bite.sol']
2,['join.sol', 'flip.sol', 'flip.t.sol', 'heal.sol', 'drip.t.sol', 'heal.t.sol', 'tune.sol', 'bite.sol']
4,['join.sol', 'flip.sol', 'flip.t.sol', 'heal.sol', 'drip.t.sol', 'flap.sol', 'drip.sol', 'frob.t.sol']
2,['join.sol', 'flip.sol', 'flip.t.sol', 'heal.sol', 'drip.t.sol', 'flap.sol', 'drip.sol', 'tune.sol']
2,['join.sol', 'flip.sol', 'flip.t.sol', 'heal.sol', 'drip.t.sol', 'flap.sol', 'drip.sol', 'bite.sol']
1,['join.sol', 'flip.sol', 'flip.t.sol', 'heal.sol', 'drip.t.sol', 'flap.sol', 'frob.t.sol', 'tune.sol']
5,['join.sol', 'flip.sol', 'flip.t.sol', 'heal.sol', 'drip.t.sol', 'flap.sol', 'frob.t.sol', 'bite.sol']
2,['join.sol', 'flip.sol', 'flip.t.sol', 'heal.sol', 'drip.t.sol', 'flap.sol', 'tune.sol', 'bite.sol']
4,['join.sol', 'flip.sol', 'flip.t.sol', 'heal.sol', 'drip.t.sol', 'drip.sol', 'frob.t.sol', 'tune.sol']
4,['join.sol', 'flip.sol', 'flip.t.sol', 'heal.sol', 'drip.t.sol', 'drip.sol', 'frob.t.sol', 'bite.sol']
2,['join.sol', 'flip.sol', 'flip.t.sol', 'heal.sol', 'drip.t.sol', 'drip.sol', 'tune.sol', 'bite.sol']
4,['join.sol', 'flip.sol', 'flip.t.sol', 'heal.sol', 'drip.t.sol', 'frob.t.sol', 'tune.sol', 'bite.sol']
2,['join.sol', 'flip.sol', 'flip.t.sol', 'heal.sol', 'heal.t.sol', 'flap.sol', 'drip.sol', 'frob.t.sol']
2,['join.sol', 'flip.sol', 'flip.t.sol', 'heal.sol', 'heal.t.sol', 'flap.sol', 'drip.sol', 'tune.sol']
2,['join.sol', 'flip.sol', 'flip.t.sol', 'heal.sol', 'heal.t.sol', 'flap.sol', 'drip.sol', 'bite.sol']
3,['join.sol', 'flip.sol', 'flip.t.sol', 'heal.sol', 'heal.t.sol', 'flap.sol', 'frob.t.sol', 'tune.sol']
3,['join.sol', 'flip.sol', 'flip.t.sol', 'heal.sol', 'heal.t.sol', 'flap.sol', 'frob.t.sol', 'bite.sol']
3,['join.sol', 'flip.sol', 'flip.t.sol', 'heal.sol', 'heal.t.sol', 'flap.sol', 'tune.sol', 'bite.sol']
2,['join.sol', 'flip.sol', 'flip.t.sol', 'heal.sol', 'heal.t.sol', 'drip.sol', 'frob.t.sol', 'tune.sol']
2,['join.sol', 'flip.sol', 'flip.t.sol', 'heal.sol', 'heal.t.sol', 'drip.sol', 'frob.t.sol', 'bite.sol']
2,['join.sol', 'flip.sol', 'flip.t.sol', 'heal.sol', 'heal.t.sol', 'drip.sol', 'tune.sol', 'bite.sol']
2,['join.sol', 'flip.sol', 'flip.t.sol', 'heal.sol', 'heal.t.sol', 'frob.t.sol', 'tune.sol', 'bite.sol']
2,['join.sol', 'flip.sol', 'flip.t.sol', 'heal.sol', 'flap.sol', 'drip.sol', 'frob.t.sol', 'tune.sol']
3,['join.sol', 'flip.sol', 'flip.t.sol', 'heal.sol', 'flap.sol', 'drip.sol', 'frob.t.sol', 'bite.sol']
2,['join.sol', 'flip.sol', 'flip.t.sol', 'heal.sol', 'flap.sol', 'drip.sol', 'tune.sol', 'bite.sol']
2,['join.sol', 'flip.sol', 'flip.t.sol', 'heal.sol', 'flap.sol', 'frob.t.sol', 'tune.sol', 'bite.sol']
2,['join.sol', 'flip.sol', 'flip.t.sol', 'heal.sol', 'drip.sol', 'frob.t.sol', 'tune.sol', 'bite.sol']
2,['join.sol', 'flip.sol', 'flip.t.sol', 'drip.t.sol', 'heal.t.sol', 'flap.sol', 'drip.sol', 'frob.t.sol']
2,['join.sol', 'flip.sol', 'flip.t.sol', 'drip.t.sol', 'heal.t.sol', 'flap.sol', 'drip.sol', 'tune.sol']
2,['join.sol', 'flip.sol', 'flip.t.sol', 'drip.t.sol', 'heal.t.sol', 'flap.sol', 'drip.sol', 'bite.sol']
1,['join.sol', 'flip.sol', 'flip.t.sol', 'drip.t.sol', 'heal.t.sol', 'flap.sol', 'frob.t.sol', 'tune.sol']
2,['join.sol', 'flip.sol', 'flip.t.sol', 'drip.t.sol', 'heal.t.sol', 'flap.sol', 'frob.t.sol', 'bite.sol']
2,['join.sol', 'flip.sol', 'flip.t.sol', 'drip.t.sol', 'heal.t.sol', 'flap.sol', 'tune.sol', 'bite.sol']
1,['join.sol', 'flip.sol', 'flip.t.sol', 'drip.t.sol', 'heal.t.sol', 'drip.sol', 'frob.t.sol', 'tune.sol']
2,['join.sol', 'flip.sol', 'flip.t.sol', 'drip.t.sol', 'heal.t.sol', 'drip.sol', 'frob.t.sol', 'bite.sol']
2,['join.sol', 'flip.sol', 'flip.t.sol', 'drip.t.sol', 'heal.t.sol', 'drip.sol', 'tune.sol', 'bite.sol']
1,['join.sol', 'flip.sol', 'flip.t.sol', 'drip.t.sol', 'heal.t.sol', 'frob.t.sol', 'tune.sol', 'bite.sol']
3,['join.sol', 'flip.sol', 'flip.t.sol', 'drip.t.sol', 'flap.sol', 'drip.sol', 'frob.t.sol', 'tune.sol']
4,['join.sol', 'flip.sol', 'flip.t.sol', 'drip.t.sol', 'flap.sol', 'drip.sol', 'frob.t.sol', 'bite.sol']
3,['join.sol', 'flip.sol', 'flip.t.sol', 'drip.t.sol', 'flap.sol', 'drip.sol', 'tune.sol', 'bite.sol']
1,['join.sol', 'flip.sol', 'flip.t.sol', 'drip.t.sol', 'flap.sol', 'frob.t.sol', 'tune.sol', 'bite.sol']
4,['join.sol', 'flip.sol', 'flip.t.sol', 'drip.t.sol', 'drip.sol', 'frob.t.sol', 'tune.sol', 'bite.sol']
2,['join.sol', 'flip.sol', 'flip.t.sol', 'heal.t.sol', 'flap.sol', 'drip.sol', 'frob.t.sol', 'tune.sol']
2,['join.sol', 'flip.sol', 'flip.t.sol', 'heal.t.sol', 'flap.sol', 'drip.sol', 'frob.t.sol', 'bite.sol']
2,['join.sol', 'flip.sol', 'flip.t.sol', 'heal.t.sol', 'flap.sol', 'drip.sol', 'tune.sol', 'bite.sol']
2,['join.sol', 'flip.sol', 'flip.t.sol', 'heal.t.sol', 'flap.sol', 'frob.t.sol', 'tune.sol', 'bite.sol']
2,['join.sol', 'flip.sol', 'flip.t.sol', 'heal.t.sol', 'drip.sol', 'frob.t.sol', 'tune.sol', 'bite.sol']
3,['join.sol', 'flip.sol', 'flip.t.sol', 'flap.sol', 'drip.sol', 'frob.t.sol', 'tune.sol', 'bite.sol']
3,['join.sol', 'flip.sol', 'flop.t.sol', 'flap.t.sol', 'heal.sol', 'drip.t.sol', 'heal.t.sol', 'flap.sol']
3,['join.sol', 'flip.sol', 'flop.t.sol', 'flap.t.sol', 'heal.sol', 'drip.t.sol', 'heal.t.sol', 'drip.sol']
2,['join.sol', 'flip.sol', 'flop.t.sol', 'flap.t.sol', 'heal.sol', 'drip.t.sol', 'heal.t.sol', 'frob.t.sol']
2,['join.sol', 'flip.sol', 'flop.t.sol', 'flap.t.sol', 'heal.sol', 'drip.t.sol', 'heal.t.sol', 'tune.sol']
3,['join.sol', 'flip.sol', 'flop.t.sol', 'flap.t.sol', 'heal.sol', 'drip.t.sol', 'heal.t.sol', 'bite.sol']
2,['join.sol', 'flip.sol', 'flop.t.sol', 'flap.t.sol', 'heal.sol', 'drip.t.sol', 'flap.sol', 'drip.sol']
3,['join.sol', 'flip.sol', 'flop.t.sol', 'flap.t.sol', 'heal.sol', 'drip.t.sol', 'flap.sol', 'frob.t.sol']
2,['join.sol', 'flip.sol', 'flop.t.sol', 'flap.t.sol', 'heal.sol', 'drip.t.sol', 'flap.sol', 'tune.sol']
2,['join.sol', 'flip.sol', 'flop.t.sol', 'flap.t.sol', 'heal.sol', 'drip.t.sol', 'flap.sol', 'bite.sol']
4,['join.sol', 'flip.sol', 'flop.t.sol', 'flap.t.sol', 'heal.sol', 'drip.t.sol', 'drip.sol', 'frob.t.sol']
2,['join.sol', 'flip.sol', 'flop.t.sol', 'flap.t.sol', 'heal.sol', 'drip.t.sol', 'drip.sol', 'tune.sol']
2,['join.sol', 'flip.sol', 'flop.t.sol', 'flap.t.sol', 'heal.sol', 'drip.t.sol', 'drip.sol', 'bite.sol']
3,['join.sol', 'flip.sol', 'flop.t.sol', 'flap.t.sol', 'heal.sol', 'drip.t.sol', 'frob.t.sol', 'tune.sol']
3,['join.sol', 'flip.sol', 'flop.t.sol', 'flap.t.sol', 'heal.sol', 'drip.t.sol', 'frob.t.sol', 'bite.sol']
2,['join.sol', 'flip.sol', 'flop.t.sol', 'flap.t.sol', 'heal.sol', 'drip.t.sol', 'tune.sol', 'bite.sol']
3,['join.sol', 'flip.sol', 'flop.t.sol', 'flap.t.sol', 'heal.sol', 'heal.t.sol', 'flap.sol', 'drip.sol']
3,['join.sol', 'flip.sol', 'flop.t.sol', 'flap.t.sol', 'heal.sol', 'heal.t.sol', 'flap.sol', 'frob.t.sol']
3,['join.sol', 'flip.sol', 'flop.t.sol', 'flap.t.sol', 'heal.sol', 'heal.t.sol', 'flap.sol', 'tune.sol']
4,['join.sol', 'flip.sol', 'flop.t.sol', 'flap.t.sol', 'heal.sol', 'heal.t.sol', 'flap.sol', 'bite.sol']
2,['join.sol', 'flip.sol', 'flop.t.sol', 'flap.t.sol', 'heal.sol', 'heal.t.sol', 'drip.sol', 'frob.t.sol']
2,['join.sol', 'flip.sol', 'flop.t.sol', 'flap.t.sol', 'heal.sol', 'heal.t.sol', 'drip.sol', 'tune.sol']
3,['join.sol', 'flip.sol', 'flop.t.sol', 'flap.t.sol', 'heal.sol', 'heal.t.sol', 'drip.sol', 'bite.sol']
3,['join.sol', 'flip.sol', 'flop.t.sol', 'flap.t.sol', 'heal.sol', 'heal.t.sol', 'frob.t.sol', 'tune.sol']
3,['join.sol', 'flip.sol', 'flop.t.sol', 'flap.t.sol', 'heal.sol', 'heal.t.sol', 'frob.t.sol', 'bite.sol']
3,['join.sol', 'flip.sol', 'flop.t.sol', 'flap.t.sol', 'heal.sol', 'heal.t.sol', 'tune.sol', 'bite.sol']
3,['join.sol', 'flip.sol', 'flop.t.sol', 'flap.t.sol', 'heal.sol', 'flap.sol', 'drip.sol', 'frob.t.sol']
3,['join.sol', 'flip.sol', 'flop.t.sol', 'flap.t.sol', 'heal.sol', 'flap.sol', 'drip.sol', 'tune.sol']
2,['join.sol', 'flip.sol', 'flop.t.sol', 'flap.t.sol', 'heal.sol', 'flap.sol', 'drip.sol', 'bite.sol']
3,['join.sol', 'flip.sol', 'flop.t.sol', 'flap.t.sol', 'heal.sol', 'flap.sol', 'frob.t.sol', 'tune.sol']
3,['join.sol', 'flip.sol', 'flop.t.sol', 'flap.t.sol', 'heal.sol', 'flap.sol', 'frob.t.sol', 'bite.sol']
2,['join.sol', 'flip.sol', 'flop.t.sol', 'flap.t.sol', 'heal.sol', 'flap.sol', 'tune.sol', 'bite.sol']
2,['join.sol', 'flip.sol', 'flop.t.sol', 'flap.t.sol', 'heal.sol', 'drip.sol', 'frob.t.sol', 'tune.sol']
3,['join.sol', 'flip.sol', 'flop.t.sol', 'flap.t.sol', 'heal.sol', 'drip.sol', 'frob.t.sol', 'bite.sol']
2,['join.sol', 'flip.sol', 'flop.t.sol', 'flap.t.sol', 'heal.sol', 'drip.sol', 'tune.sol', 'bite.sol']
3,['join.sol', 'flip.sol', 'flop.t.sol', 'flap.t.sol', 'heal.sol', 'frob.t.sol', 'tune.sol', 'bite.sol']
3,['join.sol', 'flip.sol', 'flop.t.sol', 'flap.t.sol', 'drip.t.sol', 'heal.t.sol', 'flap.sol', 'drip.sol']
2,['join.sol', 'flip.sol', 'flop.t.sol', 'flap.t.sol', 'drip.t.sol', 'heal.t.sol', 'flap.sol', 'frob.t.sol']
2,['join.sol', 'flip.sol', 'flop.t.sol', 'flap.t.sol', 'drip.t.sol', 'heal.t.sol', 'flap.sol', 'tune.sol']
3,['join.sol', 'flip.sol', 'flop.t.sol', 'flap.t.sol', 'drip.t.sol', 'heal.t.sol', 'flap.sol', 'bite.sol']
2,['join.sol', 'flip.sol', 'flop.t.sol', 'flap.t.sol', 'drip.t.sol', 'heal.t.sol', 'drip.sol', 'frob.t.sol']
2,['join.sol', 'flip.sol', 'flop.t.sol', 'flap.t.sol', 'drip.t.sol', 'heal.t.sol', 'drip.sol', 'tune.sol']
2,['join.sol', 'flip.sol', 'flop.t.sol', 'flap.t.sol', 'drip.t.sol', 'heal.t.sol', 'drip.sol', 'bite.sol']
2,['join.sol', 'flip.sol', 'flop.t.sol', 'flap.t.sol', 'drip.t.sol', 'heal.t.sol', 'frob.t.sol', 'tune.sol']
2,['join.sol', 'flip.sol', 'flop.t.sol', 'flap.t.sol', 'drip.t.sol', 'heal.t.sol', 'frob.t.sol', 'bite.sol']
2,['join.sol', 'flip.sol', 'flop.t.sol', 'flap.t.sol', 'drip.t.sol', 'heal.t.sol', 'tune.sol', 'bite.sol']
3,['join.sol', 'flip.sol', 'flop.t.sol', 'flap.t.sol', 'drip.t.sol', 'flap.sol', 'drip.sol', 'frob.t.sol']
3,['join.sol', 'flip.sol', 'flop.t.sol', 'flap.t.sol', 'drip.t.sol', 'flap.sol', 'drip.sol', 'tune.sol']
3,['join.sol', 'flip.sol', 'flop.t.sol', 'flap.t.sol', 'drip.t.sol', 'flap.sol', 'drip.sol', 'bite.sol']
2,['join.sol', 'flip.sol', 'flop.t.sol', 'flap.t.sol', 'drip.t.sol', 'flap.sol', 'frob.t.sol', 'tune.sol']
3,['join.sol', 'flip.sol', 'flop.t.sol', 'flap.t.sol', 'drip.t.sol', 'flap.sol', 'frob.t.sol', 'bite.sol']
2,['join.sol', 'flip.sol', 'flop.t.sol', 'flap.t.sol', 'drip.t.sol', 'flap.sol', 'tune.sol', 'bite.sol']
2,['join.sol', 'flip.sol', 'flop.t.sol', 'flap.t.sol', 'drip.t.sol', 'drip.sol', 'frob.t.sol', 'tune.sol']
3,['join.sol', 'flip.sol', 'flop.t.sol', 'flap.t.sol', 'drip.t.sol', 'drip.sol', 'frob.t.sol', 'bite.sol']
3,['join.sol', 'flip.sol', 'flop.t.sol', 'flap.t.sol', 'drip.t.sol', 'drip.sol', 'tune.sol', 'bite.sol']
2,['join.sol', 'flip.sol', 'flop.t.sol', 'flap.t.sol', 'drip.t.sol', 'frob.t.sol', 'tune.sol', 'bite.sol']
2,['join.sol', 'flip.sol', 'flop.t.sol', 'flap.t.sol', 'heal.t.sol', 'flap.sol', 'drip.sol', 'frob.t.sol']
2,['join.sol', 'flip.sol', 'flop.t.sol', 'flap.t.sol', 'heal.t.sol', 'flap.sol', 'drip.sol', 'tune.sol']
3,['join.sol', 'flip.sol', 'flop.t.sol', 'flap.t.sol', 'heal.t.sol', 'flap.sol', 'drip.sol', 'bite.sol']
3,['join.sol', 'flip.sol', 'flop.t.sol', 'flap.t.sol', 'heal.t.sol', 'flap.sol', 'frob.t.sol', 'tune.sol']
3,['join.sol', 'flip.sol', 'flop.t.sol', 'flap.t.sol', 'heal.t.sol', 'flap.sol', 'frob.t.sol', 'bite.sol']
3,['join.sol', 'flip.sol', 'flop.t.sol', 'flap.t.sol', 'heal.t.sol', 'flap.sol', 'tune.sol', 'bite.sol']
2,['join.sol', 'flip.sol', 'flop.t.sol', 'flap.t.sol', 'heal.t.sol', 'drip.sol', 'frob.t.sol', 'tune.sol']
2,['join.sol', 'flip.sol', 'flop.t.sol', 'flap.t.sol', 'heal.t.sol', 'drip.sol', 'frob.t.sol', 'bite.sol']
2,['join.sol', 'flip.sol', 'flop.t.sol', 'flap.t.sol', 'heal.t.sol', 'drip.sol', 'tune.sol', 'bite.sol']
3,['join.sol', 'flip.sol', 'flop.t.sol', 'flap.t.sol', 'heal.t.sol', 'frob.t.sol', 'tune.sol', 'bite.sol']
3,['join.sol', 'flip.sol', 'flop.t.sol', 'flap.t.sol', 'flap.sol', 'drip.sol', 'frob.t.sol', 'tune.sol']
3,['join.sol', 'flip.sol', 'flop.t.sol', 'flap.t.sol', 'flap.sol', 'drip.sol', 'frob.t.sol', 'bite.sol']
3,['join.sol', 'flip.sol', 'flop.t.sol', 'flap.t.sol', 'flap.sol', 'drip.sol', 'tune.sol', 'bite.sol']
3,['join.sol', 'flip.sol', 'flop.t.sol', 'flap.t.sol', 'flap.sol', 'frob.t.sol', 'tune.sol', 'bite.sol']
2,['join.sol', 'flip.sol', 'flop.t.sol', 'flap.t.sol', 'drip.sol', 'frob.t.sol', 'tune.sol', 'bite.sol']
3,['join.sol', 'flip.sol', 'flop.t.sol', 'heal.sol', 'drip.t.sol', 'heal.t.sol', 'flap.sol', 'drip.sol']
2,['join.sol', 'flip.sol', 'flop.t.sol', 'heal.sol', 'drip.t.sol', 'heal.t.sol', 'flap.sol', 'frob.t.sol']
2,['join.sol', 'flip.sol', 'flop.t.sol', 'heal.sol', 'drip.t.sol', 'heal.t.sol', 'flap.sol', 'tune.sol']
3,['join.sol', 'flip.sol', 'flop.t.sol', 'heal.sol', 'drip.t.sol', 'heal.t.sol', 'flap.sol', 'bite.sol']
2,['join.sol', 'flip.sol', 'flop.t.sol', 'heal.sol', 'drip.t.sol', 'heal.t.sol', 'drip.sol', 'frob.t.sol']
2,['join.sol', 'flip.sol', 'flop.t.sol', 'heal.sol', 'drip.t.sol', 'heal.t.sol', 'drip.sol', 'tune.sol']
3,['join.sol', 'flip.sol', 'flop.t.sol', 'heal.sol', 'drip.t.sol', 'heal.t.sol', 'drip.sol', 'bite.sol']
2,['join.sol', 'flip.sol', 'flop.t.sol', 'heal.sol', 'drip.t.sol', 'heal.t.sol', 'frob.t.sol', 'tune.sol']
2,['join.sol', 'flip.sol', 'flop.t.sol', 'heal.sol', 'drip.t.sol', 'heal.t.sol', 'frob.t.sol', 'bite.sol']
2,['join.sol', 'flip.sol', 'flop.t.sol', 'heal.sol', 'drip.t.sol', 'heal.t.sol', 'tune.sol', 'bite.sol']
3,['join.sol', 'flip.sol', 'flop.t.sol', 'heal.sol', 'drip.t.sol', 'flap.sol', 'drip.sol', 'frob.t.sol']
2,['join.sol', 'flip.sol', 'flop.t.sol', 'heal.sol', 'drip.t.sol', 'flap.sol', 'drip.sol', 'tune.sol']
2,['join.sol', 'flip.sol', 'flop.t.sol', 'heal.sol', 'drip.t.sol', 'flap.sol', 'drip.sol', 'bite.sol']
2,['join.sol', 'flip.sol', 'flop.t.sol', 'heal.sol', 'drip.t.sol', 'flap.sol', 'frob.t.sol', 'tune.sol']
3,['join.sol', 'flip.sol', 'flop.t.sol', 'heal.sol', 'drip.t.sol', 'flap.sol', 'frob.t.sol', 'bite.sol']
1,['join.sol', 'flip.sol', 'flop.t.sol', 'heal.sol', 'drip.t.sol', 'flap.sol', 'tune.sol', 'bite.sol']
4,['join.sol', 'flip.sol', 'flop.t.sol', 'heal.sol', 'drip.t.sol', 'drip.sol', 'frob.t.sol', 'tune.sol']
3,['join.sol', 'flip.sol', 'flop.t.sol', 'heal.sol', 'drip.t.sol', 'drip.sol', 'frob.t.sol', 'bite.sol']
2,['join.sol', 'flip.sol', 'flop.t.sol', 'heal.sol', 'drip.t.sol', 'drip.sol', 'tune.sol', 'bite.sol']
2,['join.sol', 'flip.sol', 'flop.t.sol', 'heal.sol', 'drip.t.sol', 'frob.t.sol', 'tune.sol', 'bite.sol']
2,['join.sol', 'flip.sol', 'flop.t.sol', 'heal.sol', 'heal.t.sol', 'flap.sol', 'drip.sol', 'frob.t.sol']
2,['join.sol', 'flip.sol', 'flop.t.sol', 'heal.sol', 'heal.t.sol', 'flap.sol', 'drip.sol', 'tune.sol']
2,['join.sol', 'flip.sol', 'flop.t.sol', 'heal.sol', 'heal.t.sol', 'flap.sol', 'drip.sol', 'bite.sol']
3,['join.sol', 'flip.sol', 'flop.t.sol', 'heal.sol', 'heal.t.sol', 'flap.sol', 'frob.t.sol', 'tune.sol']
3,['join.sol', 'flip.sol', 'flop.t.sol', 'heal.sol', 'heal.t.sol', 'flap.sol', 'frob.t.sol', 'bite.sol']
3,['join.sol', 'flip.sol', 'flop.t.sol', 'heal.sol', 'heal.t.sol', 'flap.sol', 'tune.sol', 'bite.sol']
2,['join.sol', 'flip.sol', 'flop.t.sol', 'heal.sol', 'heal.t.sol', 'drip.sol', 'frob.t.sol', 'tune.sol']
2,['join.sol', 'flip.sol', 'flop.t.sol', 'heal.sol', 'heal.t.sol', 'drip.sol', 'frob.t.sol', 'bite.sol']
2,['join.sol', 'flip.sol', 'flop.t.sol', 'heal.sol', 'heal.t.sol', 'drip.sol', 'tune.sol', 'bite.sol']
3,['join.sol', 'flip.sol', 'flop.t.sol', 'heal.sol', 'heal.t.sol', 'frob.t.sol', 'tune.sol', 'bite.sol']
2,['join.sol', 'flip.sol', 'flop.t.sol', 'heal.sol', 'flap.sol', 'drip.sol', 'frob.t.sol', 'tune.sol']
2,['join.sol', 'flip.sol', 'flop.t.sol', 'heal.sol', 'flap.sol', 'drip.sol', 'frob.t.sol', 'bite.sol']
2,['join.sol', 'flip.sol', 'flop.t.sol', 'heal.sol', 'flap.sol', 'drip.sol', 'tune.sol', 'bite.sol']
3,['join.sol', 'flip.sol', 'flop.t.sol', 'heal.sol', 'flap.sol', 'frob.t.sol', 'tune.sol', 'bite.sol']
2,['join.sol', 'flip.sol', 'flop.t.sol', 'heal.sol', 'drip.sol', 'frob.t.sol', 'tune.sol', 'bite.sol']
2,['join.sol', 'flip.sol', 'flop.t.sol', 'drip.t.sol', 'heal.t.sol', 'flap.sol', 'drip.sol', 'frob.t.sol']
2,['join.sol', 'flip.sol', 'flop.t.sol', 'drip.t.sol', 'heal.t.sol', 'flap.sol', 'drip.sol', 'tune.sol']
3,['join.sol', 'flip.sol', 'flop.t.sol', 'drip.t.sol', 'heal.t.sol', 'flap.sol', 'drip.sol', 'bite.sol']
2,['join.sol', 'flip.sol', 'flop.t.sol', 'drip.t.sol', 'heal.t.sol', 'flap.sol', 'frob.t.sol', 'tune.sol']
2,['join.sol', 'flip.sol', 'flop.t.sol', 'drip.t.sol', 'heal.t.sol', 'flap.sol', 'frob.t.sol', 'bite.sol']
2,['join.sol', 'flip.sol', 'flop.t.sol', 'drip.t.sol', 'heal.t.sol', 'flap.sol', 'tune.sol', 'bite.sol']
2,['join.sol', 'flip.sol', 'flop.t.sol', 'drip.t.sol', 'heal.t.sol', 'drip.sol', 'frob.t.sol', 'tune.sol']
2,['join.sol', 'flip.sol', 'flop.t.sol', 'drip.t.sol', 'heal.t.sol', 'drip.sol', 'frob.t.sol', 'bite.sol']
2,['join.sol', 'flip.sol', 'flop.t.sol', 'drip.t.sol', 'heal.t.sol', 'drip.sol', 'tune.sol', 'bite.sol']
1,['join.sol', 'flip.sol', 'flop.t.sol', 'drip.t.sol', 'heal.t.sol', 'frob.t.sol', 'tune.sol', 'bite.sol']
2,['join.sol', 'flip.sol', 'flop.t.sol', 'drip.t.sol', 'flap.sol', 'drip.sol', 'frob.t.sol', 'tune.sol']
3,['join.sol', 'flip.sol', 'flop.t.sol', 'drip.t.sol', 'flap.sol', 'drip.sol', 'frob.t.sol', 'bite.sol']
2,['join.sol', 'flip.sol', 'flop.t.sol', 'drip.t.sol', 'flap.sol', 'drip.sol', 'tune.sol', 'bite.sol']
2,['join.sol', 'flip.sol', 'flop.t.sol', 'drip.t.sol', 'flap.sol', 'frob.t.sol', 'tune.sol', 'bite.sol']
2,['join.sol', 'flip.sol', 'flop.t.sol', 'drip.t.sol', 'drip.sol', 'frob.t.sol', 'tune.sol', 'bite.sol']
2,['join.sol', 'flip.sol', 'flop.t.sol', 'heal.t.sol', 'flap.sol', 'drip.sol', 'frob.t.sol', 'tune.sol']
2,['join.sol', 'flip.sol', 'flop.t.sol', 'heal.t.sol', 'flap.sol', 'drip.sol', 'frob.t.sol', 'bite.sol']
2,['join.sol', 'flip.sol', 'flop.t.sol', 'heal.t.sol', 'flap.sol', 'drip.sol', 'tune.sol', 'bite.sol']
3,['join.sol', 'flip.sol', 'flop.t.sol', 'heal.t.sol', 'flap.sol', 'frob.t.sol', 'tune.sol', 'bite.sol']
2,['join.sol', 'flip.sol', 'flop.t.sol', 'heal.t.sol', 'drip.sol', 'frob.t.sol', 'tune.sol', 'bite.sol']
2,['join.sol', 'flip.sol', 'flop.t.sol', 'flap.sol', 'drip.sol', 'frob.t.sol', 'tune.sol', 'bite.sol']
3,['join.sol', 'flip.sol', 'flap.t.sol', 'heal.sol', 'drip.t.sol', 'heal.t.sol', 'flap.sol', 'drip.sol']
2,['join.sol', 'flip.sol', 'flap.t.sol', 'heal.sol', 'drip.t.sol', 'heal.t.sol', 'flap.sol', 'frob.t.sol']
2,['join.sol', 'flip.sol', 'flap.t.sol', 'heal.sol', 'drip.t.sol', 'heal.t.sol', 'flap.sol', 'tune.sol']
3,['join.sol', 'flip.sol', 'flap.t.sol', 'heal.sol', 'drip.t.sol', 'heal.t.sol', 'flap.sol', 'bite.sol']
2,['join.sol', 'flip.sol', 'flap.t.sol', 'heal.sol', 'drip.t.sol', 'heal.t.sol', 'drip.sol', 'frob.t.sol']
2,['join.sol', 'flip.sol', 'flap.t.sol', 'heal.sol', 'drip.t.sol', 'heal.t.sol', 'drip.sol', 'tune.sol']
3,['join.sol', 'flip.sol', 'flap.t.sol', 'heal.sol', 'drip.t.sol', 'heal.t.sol', 'drip.sol', 'bite.sol']
2,['join.sol', 'flip.sol', 'flap.t.sol', 'heal.sol', 'drip.t.sol', 'heal.t.sol', 'frob.t.sol', 'tune.sol']
2,['join.sol', 'flip.sol', 'flap.t.sol', 'heal.sol', 'drip.t.sol', 'heal.t.sol', 'frob.t.sol', 'bite.sol']
2,['join.sol', 'flip.sol', 'flap.t.sol', 'heal.sol', 'drip.t.sol', 'heal.t.sol', 'tune.sol', 'bite.sol']
3,['join.sol', 'flip.sol', 'flap.t.sol', 'heal.sol', 'drip.t.sol', 'flap.sol', 'drip.sol', 'frob.t.sol']
2,['join.sol', 'flip.sol', 'flap.t.sol', 'heal.sol', 'drip.t.sol', 'flap.sol', 'drip.sol', 'tune.sol']
2,['join.sol', 'flip.sol', 'flap.t.sol', 'heal.sol', 'drip.t.sol', 'flap.sol', 'drip.sol', 'bite.sol']
2,['join.sol', 'flip.sol', 'flap.t.sol', 'heal.sol', 'drip.t.sol', 'flap.sol', 'frob.t.sol', 'tune.sol']
2,['join.sol', 'flip.sol', 'flap.t.sol', 'heal.sol', 'drip.t.sol', 'flap.sol', 'frob.t.sol', 'bite.sol']
1,['join.sol', 'flip.sol', 'flap.t.sol', 'heal.sol', 'drip.t.sol', 'flap.sol', 'tune.sol', 'bite.sol']
4,['join.sol', 'flip.sol', 'flap.t.sol', 'heal.sol', 'drip.t.sol', 'drip.sol', 'frob.t.sol', 'tune.sol']
2,['join.sol', 'flip.sol', 'flap.t.sol', 'heal.sol', 'drip.t.sol', 'drip.sol', 'frob.t.sol', 'bite.sol']
2,['join.sol', 'flip.sol', 'flap.t.sol', 'heal.sol', 'drip.t.sol', 'drip.sol', 'tune.sol', 'bite.sol']
2,['join.sol', 'flip.sol', 'flap.t.sol', 'heal.sol', 'drip.t.sol', 'frob.t.sol', 'tune.sol', 'bite.sol']
2,['join.sol', 'flip.sol', 'flap.t.sol', 'heal.sol', 'heal.t.sol', 'flap.sol', 'drip.sol', 'frob.t.sol']
2,['join.sol', 'flip.sol', 'flap.t.sol', 'heal.sol', 'heal.t.sol', 'flap.sol', 'drip.sol', 'tune.sol']
2,['join.sol', 'flip.sol', 'flap.t.sol', 'heal.sol', 'heal.t.sol', 'flap.sol', 'drip.sol', 'bite.sol']
3,['join.sol', 'flip.sol', 'flap.t.sol', 'heal.sol', 'heal.t.sol', 'flap.sol', 'frob.t.sol', 'tune.sol']
3,['join.sol', 'flip.sol', 'flap.t.sol', 'heal.sol', 'heal.t.sol', 'flap.sol', 'frob.t.sol', 'bite.sol']
3,['join.sol', 'flip.sol', 'flap.t.sol', 'heal.sol', 'heal.t.sol', 'flap.sol', 'tune.sol', 'bite.sol']
2,['join.sol', 'flip.sol', 'flap.t.sol', 'heal.sol', 'heal.t.sol', 'drip.sol', 'frob.t.sol', 'tune.sol']
2,['join.sol', 'flip.sol', 'flap.t.sol', 'heal.sol', 'heal.t.sol', 'drip.sol', 'frob.t.sol', 'bite.sol']
2,['join.sol', 'flip.sol', 'flap.t.sol', 'heal.sol', 'heal.t.sol', 'drip.sol', 'tune.sol', 'bite.sol']
3,['join.sol', 'flip.sol', 'flap.t.sol', 'heal.sol', 'heal.t.sol', 'frob.t.sol', 'tune.sol', 'bite.sol']
2,['join.sol', 'flip.sol', 'flap.t.sol', 'heal.sol', 'flap.sol', 'drip.sol', 'frob.t.sol', 'tune.sol']
2,['join.sol', 'flip.sol', 'flap.t.sol', 'heal.sol', 'flap.sol', 'drip.sol', 'frob.t.sol', 'bite.sol']
2,['join.sol', 'flip.sol', 'flap.t.sol', 'heal.sol', 'flap.sol', 'drip.sol', 'tune.sol', 'bite.sol']
3,['join.sol', 'flip.sol', 'flap.t.sol', 'heal.sol', 'flap.sol', 'frob.t.sol', 'tune.sol', 'bite.sol']
2,['join.sol', 'flip.sol', 'flap.t.sol', 'heal.sol', 'drip.sol', 'frob.t.sol', 'tune.sol', 'bite.sol']
2,['join.sol', 'flip.sol', 'flap.t.sol', 'drip.t.sol', 'heal.t.sol', 'flap.sol', 'drip.sol', 'frob.t.sol']
2,['join.sol', 'flip.sol', 'flap.t.sol', 'drip.t.sol', 'heal.t.sol', 'flap.sol', 'drip.sol', 'tune.sol']
3,['join.sol', 'flip.sol', 'flap.t.sol', 'drip.t.sol', 'heal.t.sol', 'flap.sol', 'drip.sol', 'bite.sol']
2,['join.sol', 'flip.sol', 'flap.t.sol', 'drip.t.sol', 'heal.t.sol', 'flap.sol', 'frob.t.sol', 'tune.sol']
2,['join.sol', 'flip.sol', 'flap.t.sol', 'drip.t.sol', 'heal.t.sol', 'flap.sol', 'frob.t.sol', 'bite.sol']
2,['join.sol', 'flip.sol', 'flap.t.sol', 'drip.t.sol', 'heal.t.sol', 'flap.sol', 'tune.sol', 'bite.sol']
2,['join.sol', 'flip.sol', 'flap.t.sol', 'drip.t.sol', 'heal.t.sol', 'drip.sol', 'frob.t.sol', 'tune.sol']
2,['join.sol', 'flip.sol', 'flap.t.sol', 'drip.t.sol', 'heal.t.sol', 'drip.sol', 'frob.t.sol', 'bite.sol']
2,['join.sol', 'flip.sol', 'flap.t.sol', 'drip.t.sol', 'heal.t.sol', 'drip.sol', 'tune.sol', 'bite.sol']
1,['join.sol', 'flip.sol', 'flap.t.sol', 'drip.t.sol', 'heal.t.sol', 'frob.t.sol', 'tune.sol', 'bite.sol']
2,['join.sol', 'flip.sol', 'flap.t.sol', 'drip.t.sol', 'flap.sol', 'drip.sol', 'frob.t.sol', 'tune.sol']
2,['join.sol', 'flip.sol', 'flap.t.sol', 'drip.t.sol', 'flap.sol', 'drip.sol', 'frob.t.sol', 'bite.sol']
2,['join.sol', 'flip.sol', 'flap.t.sol', 'drip.t.sol', 'flap.sol', 'drip.sol', 'tune.sol', 'bite.sol']
2,['join.sol', 'flip.sol', 'flap.t.sol', 'drip.t.sol', 'flap.sol', 'frob.t.sol', 'tune.sol', 'bite.sol']
2,['join.sol', 'flip.sol', 'flap.t.sol', 'drip.t.sol', 'drip.sol', 'frob.t.sol', 'tune.sol', 'bite.sol']
2,['join.sol', 'flip.sol', 'flap.t.sol', 'heal.t.sol', 'flap.sol', 'drip.sol', 'frob.t.sol', 'tune.sol']
2,['join.sol', 'flip.sol', 'flap.t.sol', 'heal.t.sol', 'flap.sol', 'drip.sol', 'frob.t.sol', 'bite.sol']
2,['join.sol', 'flip.sol', 'flap.t.sol', 'heal.t.sol', 'flap.sol', 'drip.sol', 'tune.sol', 'bite.sol']
3,['join.sol', 'flip.sol', 'flap.t.sol', 'heal.t.sol', 'flap.sol', 'frob.t.sol', 'tune.sol', 'bite.sol']
2,['join.sol', 'flip.sol', 'flap.t.sol', 'heal.t.sol', 'drip.sol', 'frob.t.sol', 'tune.sol', 'bite.sol']
2,['join.sol', 'flip.sol', 'flap.t.sol', 'flap.sol', 'drip.sol', 'frob.t.sol', 'tune.sol', 'bite.sol']
4,['join.sol', 'flip.sol', 'heal.sol', 'drip.t.sol', 'heal.t.sol', 'flap.sol', 'drip.sol', 'frob.t.sol']
3,['join.sol', 'flip.sol', 'heal.sol', 'drip.t.sol', 'heal.t.sol', 'flap.sol', 'drip.sol', 'tune.sol']
2,['join.sol', 'flip.sol', 'heal.sol', 'drip.t.sol', 'heal.t.sol', 'flap.sol', 'drip.sol', 'bite.sol']
1,['join.sol', 'flip.sol', 'heal.sol', 'drip.t.sol', 'heal.t.sol', 'flap.sol', 'frob.t.sol', 'tune.sol']
4,['join.sol', 'flip.sol', 'heal.sol', 'drip.t.sol', 'heal.t.sol', 'flap.sol', 'frob.t.sol', 'bite.sol']
2,['join.sol', 'flip.sol', 'heal.sol', 'drip.t.sol', 'heal.t.sol', 'flap.sol', 'tune.sol', 'bite.sol']
3,['join.sol', 'flip.sol', 'heal.sol', 'drip.t.sol', 'heal.t.sol', 'drip.sol', 'frob.t.sol', 'tune.sol']
4,['join.sol', 'flip.sol', 'heal.sol', 'drip.t.sol', 'heal.t.sol', 'drip.sol', 'frob.t.sol', 'bite.sol']
2,['join.sol', 'flip.sol', 'heal.sol', 'drip.t.sol', 'heal.t.sol', 'drip.sol', 'tune.sol', 'bite.sol']
4,['join.sol', 'flip.sol', 'heal.sol', 'drip.t.sol', 'heal.t.sol', 'frob.t.sol', 'tune.sol', 'bite.sol']
2,['join.sol', 'flip.sol', 'heal.sol', 'drip.t.sol', 'flap.sol', 'drip.sol', 'frob.t.sol', 'tune.sol']
2,['join.sol', 'flip.sol', 'heal.sol', 'drip.t.sol', 'flap.sol', 'drip.sol', 'frob.t.sol', 'bite.sol']
2,['join.sol', 'flip.sol', 'heal.sol', 'drip.t.sol', 'flap.sol', 'drip.sol', 'tune.sol', 'bite.sol']
2,['join.sol', 'flip.sol', 'heal.sol', 'drip.t.sol', 'flap.sol', 'frob.t.sol', 'tune.sol', 'bite.sol']
2,['join.sol', 'flip.sol', 'heal.sol', 'drip.t.sol', 'drip.sol', 'frob.t.sol', 'tune.sol', 'bite.sol']
3,['join.sol', 'flip.sol', 'heal.sol', 'heal.t.sol', 'flap.sol', 'drip.sol', 'frob.t.sol', 'tune.sol']
3,['join.sol', 'flip.sol', 'heal.sol', 'heal.t.sol', 'flap.sol', 'drip.sol', 'frob.t.sol', 'bite.sol']
2,['join.sol', 'flip.sol', 'heal.sol', 'heal.t.sol', 'flap.sol', 'drip.sol', 'tune.sol', 'bite.sol']
2,['join.sol', 'flip.sol', 'heal.sol', 'heal.t.sol', 'flap.sol', 'frob.t.sol', 'tune.sol', 'bite.sol']
1,['join.sol', 'flip.sol', 'heal.sol', 'heal.t.sol', 'drip.sol', 'frob.t.sol', 'tune.sol', 'bite.sol']
1,['join.sol', 'flip.sol', 'heal.sol', 'flap.sol', 'drip.sol', 'frob.t.sol', 'tune.sol', 'bite.sol']
2,['join.sol', 'flip.sol', 'drip.t.sol', 'heal.t.sol', 'flap.sol', 'drip.sol', 'frob.t.sol', 'tune.sol']
4,['join.sol', 'flip.sol', 'drip.t.sol', 'heal.t.sol', 'flap.sol', 'drip.sol', 'frob.t.sol', 'bite.sol']
3,['join.sol', 'flip.sol', 'drip.t.sol', 'heal.t.sol', 'flap.sol', 'drip.sol', 'tune.sol', 'bite.sol']
1,['join.sol', 'flip.sol', 'drip.t.sol', 'heal.t.sol', 'flap.sol', 'frob.t.sol', 'tune.sol', 'bite.sol']
4,['join.sol', 'flip.sol', 'drip.t.sol', 'heal.t.sol', 'drip.sol', 'frob.t.sol', 'tune.sol', 'bite.sol']
2,['join.sol', 'flip.sol', 'drip.t.sol', 'flap.sol', 'drip.sol', 'frob.t.sol', 'tune.sol', 'bite.sol']
1,['join.sol', 'flip.sol', 'heal.t.sol', 'flap.sol', 'drip.sol', 'frob.t.sol', 'tune.sol', 'bite.sol']
3,['join.sol', 'transferFrom.sol', 'frob.sol', 'flip.t.sol', 'flop.t.sol', 'flap.t.sol', 'heal.sol', 'drip.t.sol']
4,['join.sol', 'transferFrom.sol', 'frob.sol', 'flip.t.sol', 'flop.t.sol', 'flap.t.sol', 'heal.sol', 'heal.t.sol']
3,['join.sol', 'transferFrom.sol', 'frob.sol', 'flip.t.sol', 'flop.t.sol', 'flap.t.sol', 'heal.sol', 'flap.sol']
3,['join.sol', 'transferFrom.sol', 'frob.sol', 'flip.t.sol', 'flop.t.sol', 'flap.t.sol', 'heal.sol', 'drip.sol']
3,['join.sol', 'transferFrom.sol', 'frob.sol', 'flip.t.sol', 'flop.t.sol', 'flap.t.sol', 'heal.sol', 'frob.t.sol']
1,['join.sol', 'transferFrom.sol', 'frob.sol', 'flip.t.sol', 'flop.t.sol', 'flap.t.sol', 'heal.sol', 'tune.sol']
3,['join.sol', 'transferFrom.sol', 'frob.sol', 'flip.t.sol', 'flop.t.sol', 'flap.t.sol', 'heal.sol', 'bite.sol']
3,['join.sol', 'transferFrom.sol', 'frob.sol', 'flip.t.sol', 'flop.t.sol', 'flap.t.sol', 'drip.t.sol', 'heal.t.sol']
4,['join.sol', 'transferFrom.sol', 'frob.sol', 'flip.t.sol', 'flop.t.sol', 'flap.t.sol', 'drip.t.sol', 'flap.sol']
3,['join.sol', 'transferFrom.sol', 'frob.sol', 'flip.t.sol', 'flop.t.sol', 'flap.t.sol', 'drip.t.sol', 'drip.sol']
2,['join.sol', 'transferFrom.sol', 'frob.sol', 'flip.t.sol', 'flop.t.sol', 'flap.t.sol', 'drip.t.sol', 'frob.t.sol']
1,['join.sol', 'transferFrom.sol', 'frob.sol', 'flip.t.sol', 'flop.t.sol', 'flap.t.sol', 'drip.t.sol', 'tune.sol']
3,['join.sol', 'transferFrom.sol', 'frob.sol', 'flip.t.sol', 'flop.t.sol', 'flap.t.sol', 'drip.t.sol', 'bite.sol']
4,['join.sol', 'transferFrom.sol', 'frob.sol', 'flip.t.sol', 'flop.t.sol', 'flap.t.sol', 'heal.t.sol', 'flap.sol']
3,['join.sol', 'transferFrom.sol', 'frob.sol', 'flip.t.sol', 'flop.t.sol', 'flap.t.sol', 'heal.t.sol', 'drip.sol']
3,['join.sol', 'transferFrom.sol', 'frob.sol', 'flip.t.sol', 'flop.t.sol', 'flap.t.sol', 'heal.t.sol', 'frob.t.sol']
3,['join.sol', 'transferFrom.sol', 'frob.sol', 'flip.t.sol', 'flop.t.sol', 'flap.t.sol', 'heal.t.sol', 'tune.sol']
4,['join.sol', 'transferFrom.sol', 'frob.sol', 'flip.t.sol', 'flop.t.sol', 'flap.t.sol', 'heal.t.sol', 'bite.sol']
4,['join.sol', 'transferFrom.sol', 'frob.sol', 'flip.t.sol', 'flop.t.sol', 'flap.t.sol', 'flap.sol', 'drip.sol']
3,['join.sol', 'transferFrom.sol', 'frob.sol', 'flip.t.sol', 'flop.t.sol', 'flap.t.sol', 'flap.sol', 'frob.t.sol']
2,['join.sol', 'transferFrom.sol', 'frob.sol', 'flip.t.sol', 'flop.t.sol', 'flap.t.sol', 'flap.sol', 'tune.sol']
3,['join.sol', 'transferFrom.sol', 'frob.sol', 'flip.t.sol', 'flop.t.sol', 'flap.t.sol', 'flap.sol', 'bite.sol']
2,['join.sol', 'transferFrom.sol', 'frob.sol', 'flip.t.sol', 'flop.t.sol', 'flap.t.sol', 'drip.sol', 'frob.t.sol']
2,['join.sol', 'transferFrom.sol', 'frob.sol', 'flip.t.sol', 'flop.t.sol', 'flap.t.sol', 'drip.sol', 'tune.sol']
3,['join.sol', 'transferFrom.sol', 'frob.sol', 'flip.t.sol', 'flop.t.sol', 'flap.t.sol', 'drip.sol', 'bite.sol']
3,['join.sol', 'transferFrom.sol', 'frob.sol', 'flip.t.sol', 'flop.t.sol', 'flap.t.sol', 'frob.t.sol', 'tune.sol']
3,['join.sol', 'transferFrom.sol', 'frob.sol', 'flip.t.sol', 'flop.t.sol', 'flap.t.sol', 'frob.t.sol', 'bite.sol']
2,['join.sol', 'transferFrom.sol', 'frob.sol', 'flip.t.sol', 'flop.t.sol', 'flap.t.sol', 'tune.sol', 'bite.sol']
3,['join.sol', 'transferFrom.sol', 'frob.sol', 'flip.t.sol', 'flop.t.sol', 'heal.sol', 'drip.t.sol', 'heal.t.sol']
3,['join.sol', 'transferFrom.sol', 'frob.sol', 'flip.t.sol', 'flop.t.sol', 'heal.sol', 'drip.t.sol', 'flap.sol']
3,['join.sol', 'transferFrom.sol', 'frob.sol', 'flip.t.sol', 'flop.t.sol', 'heal.sol', 'drip.t.sol', 'drip.sol']
3,['join.sol', 'transferFrom.sol', 'frob.sol', 'flip.t.sol', 'flop.t.sol', 'heal.sol', 'drip.t.sol', 'frob.t.sol']
1,['join.sol', 'transferFrom.sol', 'frob.sol', 'flip.t.sol', 'flop.t.sol', 'heal.sol', 'drip.t.sol', 'tune.sol']
2,['join.sol', 'transferFrom.sol', 'frob.sol', 'flip.t.sol', 'flop.t.sol', 'heal.sol', 'drip.t.sol', 'bite.sol']
4,['join.sol', 'transferFrom.sol', 'frob.sol', 'flip.t.sol', 'flop.t.sol', 'heal.sol', 'heal.t.sol', 'flap.sol']
3,['join.sol', 'transferFrom.sol', 'frob.sol', 'flip.t.sol', 'flop.t.sol', 'heal.sol', 'heal.t.sol', 'drip.sol']
3,['join.sol', 'transferFrom.sol', 'frob.sol', 'flip.t.sol', 'flop.t.sol', 'heal.sol', 'heal.t.sol', 'frob.t.sol']
3,['join.sol', 'transferFrom.sol', 'frob.sol', 'flip.t.sol', 'flop.t.sol', 'heal.sol', 'heal.t.sol', 'tune.sol']
4,['join.sol', 'transferFrom.sol', 'frob.sol', 'flip.t.sol', 'flop.t.sol', 'heal.sol', 'heal.t.sol', 'bite.sol']
3,['join.sol', 'transferFrom.sol', 'frob.sol', 'flip.t.sol', 'flop.t.sol', 'heal.sol', 'flap.sol', 'drip.sol']
3,['join.sol', 'transferFrom.sol', 'frob.sol', 'flip.t.sol', 'flop.t.sol', 'heal.sol', 'flap.sol', 'frob.t.sol']
2,['join.sol', 'transferFrom.sol', 'frob.sol', 'flip.t.sol', 'flop.t.sol', 'heal.sol', 'flap.sol', 'tune.sol']
3,['join.sol', 'transferFrom.sol', 'frob.sol', 'flip.t.sol', 'flop.t.sol', 'heal.sol', 'flap.sol', 'bite.sol']
2,['join.sol', 'transferFrom.sol', 'frob.sol', 'flip.t.sol', 'flop.t.sol', 'heal.sol', 'drip.sol', 'frob.t.sol']
2,['join.sol', 'transferFrom.sol', 'frob.sol', 'flip.t.sol', 'flop.t.sol', 'heal.sol', 'drip.sol', 'tune.sol']
3,['join.sol', 'transferFrom.sol', 'frob.sol', 'flip.t.sol', 'flop.t.sol', 'heal.sol', 'drip.sol', 'bite.sol']
3,['join.sol', 'transferFrom.sol', 'frob.sol', 'flip.t.sol', 'flop.t.sol', 'heal.sol', 'frob.t.sol', 'tune.sol']
3,['join.sol', 'transferFrom.sol', 'frob.sol', 'flip.t.sol', 'flop.t.sol', 'heal.sol', 'frob.t.sol', 'bite.sol']
2,['join.sol', 'transferFrom.sol', 'frob.sol', 'flip.t.sol', 'flop.t.sol', 'heal.sol', 'tune.sol', 'bite.sol']
3,['join.sol', 'transferFrom.sol', 'frob.sol', 'flip.t.sol', 'flop.t.sol', 'drip.t.sol', 'heal.t.sol', 'flap.sol']
3,['join.sol', 'transferFrom.sol', 'frob.sol', 'flip.t.sol', 'flop.t.sol', 'drip.t.sol', 'heal.t.sol', 'drip.sol']
2,['join.sol', 'transferFrom.sol', 'frob.sol', 'flip.t.sol', 'flop.t.sol', 'drip.t.sol', 'heal.t.sol', 'frob.t.sol']
2,['join.sol', 'transferFrom.sol', 'frob.sol', 'flip.t.sol', 'flop.t.sol', 'drip.t.sol', 'heal.t.sol', 'tune.sol']
3,['join.sol', 'transferFrom.sol', 'frob.sol', 'flip.t.sol', 'flop.t.sol', 'drip.t.sol', 'heal.t.sol', 'bite.sol']
5,['join.sol', 'transferFrom.sol', 'frob.sol', 'flip.t.sol', 'flop.t.sol', 'drip.t.sol', 'flap.sol', 'drip.sol']
2,['join.sol', 'transferFrom.sol', 'frob.sol', 'flip.t.sol', 'flop.t.sol', 'drip.t.sol', 'flap.sol', 'frob.t.sol']
2,['join.sol', 'transferFrom.sol', 'frob.sol', 'flip.t.sol', 'flop.t.sol', 'drip.t.sol', 'flap.sol', 'tune.sol']
3,['join.sol', 'transferFrom.sol', 'frob.sol', 'flip.t.sol', 'flop.t.sol', 'drip.t.sol', 'flap.sol', 'bite.sol']
3,['join.sol', 'transferFrom.sol', 'frob.sol', 'flip.t.sol', 'flop.t.sol', 'drip.t.sol', 'drip.sol', 'frob.t.sol']
2,['join.sol', 'transferFrom.sol', 'frob.sol', 'flip.t.sol', 'flop.t.sol', 'drip.t.sol', 'drip.sol', 'tune.sol']
3,['join.sol', 'transferFrom.sol', 'frob.sol', 'flip.t.sol', 'flop.t.sol', 'drip.t.sol', 'drip.sol', 'bite.sol']
2,['join.sol', 'transferFrom.sol', 'frob.sol', 'flip.t.sol', 'flop.t.sol', 'drip.t.sol', 'frob.t.sol', 'tune.sol']
2,['join.sol', 'transferFrom.sol', 'frob.sol', 'flip.t.sol', 'flop.t.sol', 'drip.t.sol', 'frob.t.sol', 'bite.sol']
2,['join.sol', 'transferFrom.sol', 'frob.sol', 'flip.t.sol', 'flop.t.sol', 'drip.t.sol', 'tune.sol', 'bite.sol']
3,['join.sol', 'transferFrom.sol', 'frob.sol', 'flip.t.sol', 'flop.t.sol', 'heal.t.sol', 'flap.sol', 'drip.sol']
3,['join.sol', 'transferFrom.sol', 'frob.sol', 'flip.t.sol', 'flop.t.sol', 'heal.t.sol', 'flap.sol', 'frob.t.sol']
3,['join.sol', 'transferFrom.sol', 'frob.sol', 'flip.t.sol', 'flop.t.sol', 'heal.t.sol', 'flap.sol', 'tune.sol']
4,['join.sol', 'transferFrom.sol', 'frob.sol', 'flip.t.sol', 'flop.t.sol', 'heal.t.sol', 'flap.sol', 'bite.sol']
2,['join.sol', 'transferFrom.sol', 'frob.sol', 'flip.t.sol', 'flop.t.sol', 'heal.t.sol', 'drip.sol', 'frob.t.sol']
2,['join.sol', 'transferFrom.sol', 'frob.sol', 'flip.t.sol', 'flop.t.sol', 'heal.t.sol', 'drip.sol', 'tune.sol']
3,['join.sol', 'transferFrom.sol', 'frob.sol', 'flip.t.sol', 'flop.t.sol', 'heal.t.sol', 'drip.sol', 'bite.sol']
3,['join.sol', 'transferFrom.sol', 'frob.sol', 'flip.t.sol', 'flop.t.sol', 'heal.t.sol', 'frob.t.sol', 'tune.sol']
3,['join.sol', 'transferFrom.sol', 'frob.sol', 'flip.t.sol', 'flop.t.sol', 'heal.t.sol', 'frob.t.sol', 'bite.sol']
3,['join.sol', 'transferFrom.sol', 'frob.sol', 'flip.t.sol', 'flop.t.sol', 'heal.t.sol', 'tune.sol', 'bite.sol']
2,['join.sol', 'transferFrom.sol', 'frob.sol', 'flip.t.sol', 'flop.t.sol', 'flap.sol', 'drip.sol', 'frob.t.sol']
2,['join.sol', 'transferFrom.sol', 'frob.sol', 'flip.t.sol', 'flop.t.sol', 'flap.sol', 'drip.sol', 'tune.sol']
5,['join.sol', 'transferFrom.sol', 'frob.sol', 'flip.t.sol', 'flop.t.sol', 'flap.sol', 'drip.sol', 'bite.sol']
3,['join.sol', 'transferFrom.sol', 'frob.sol', 'flip.t.sol', 'flop.t.sol', 'flap.sol', 'frob.t.sol', 'tune.sol']
3,['join.sol', 'transferFrom.sol', 'frob.sol', 'flip.t.sol', 'flop.t.sol', 'flap.sol', 'frob.t.sol', 'bite.sol']
2,['join.sol', 'transferFrom.sol', 'frob.sol', 'flip.t.sol', 'flop.t.sol', 'flap.sol', 'tune.sol', 'bite.sol']
2,['join.sol', 'transferFrom.sol', 'frob.sol', 'flip.t.sol', 'flop.t.sol', 'drip.sol', 'frob.t.sol', 'tune.sol']
2,['join.sol', 'transferFrom.sol', 'frob.sol', 'flip.t.sol', 'flop.t.sol', 'drip.sol', 'frob.t.sol', 'bite.sol']
2,['join.sol', 'transferFrom.sol', 'frob.sol', 'flip.t.sol', 'flop.t.sol', 'drip.sol', 'tune.sol', 'bite.sol']
3,['join.sol', 'transferFrom.sol', 'frob.sol', 'flip.t.sol', 'flop.t.sol', 'frob.t.sol', 'tune.sol', 'bite.sol']
3,['join.sol', 'transferFrom.sol', 'frob.sol', 'flip.t.sol', 'flap.t.sol', 'heal.sol', 'drip.t.sol', 'heal.t.sol']
3,['join.sol', 'transferFrom.sol', 'frob.sol', 'flip.t.sol', 'flap.t.sol', 'heal.sol', 'drip.t.sol', 'flap.sol']
3,['join.sol', 'transferFrom.sol', 'frob.sol', 'flip.t.sol', 'flap.t.sol', 'heal.sol', 'drip.t.sol', 'drip.sol']
2,['join.sol', 'transferFrom.sol', 'frob.sol', 'flip.t.sol', 'flap.t.sol', 'heal.sol', 'drip.t.sol', 'frob.t.sol']
1,['join.sol', 'transferFrom.sol', 'frob.sol', 'flip.t.sol', 'flap.t.sol', 'heal.sol', 'drip.t.sol', 'tune.sol']
2,['join.sol', 'transferFrom.sol', 'frob.sol', 'flip.t.sol', 'flap.t.sol', 'heal.sol', 'drip.t.sol', 'bite.sol']
4,['join.sol', 'transferFrom.sol', 'frob.sol', 'flip.t.sol', 'flap.t.sol', 'heal.sol', 'heal.t.sol', 'flap.sol']
3,['join.sol', 'transferFrom.sol', 'frob.sol', 'flip.t.sol', 'flap.t.sol', 'heal.sol', 'heal.t.sol', 'drip.sol']
3,['join.sol', 'transferFrom.sol', 'frob.sol', 'flip.t.sol', 'flap.t.sol', 'heal.sol', 'heal.t.sol', 'frob.t.sol']
3,['join.sol', 'transferFrom.sol', 'frob.sol', 'flip.t.sol', 'flap.t.sol', 'heal.sol', 'heal.t.sol', 'tune.sol']
4,['join.sol', 'transferFrom.sol', 'frob.sol', 'flip.t.sol', 'flap.t.sol', 'heal.sol', 'heal.t.sol', 'bite.sol']
3,['join.sol', 'transferFrom.sol', 'frob.sol', 'flip.t.sol', 'flap.t.sol', 'heal.sol', 'flap.sol', 'drip.sol']
3,['join.sol', 'transferFrom.sol', 'frob.sol', 'flip.t.sol', 'flap.t.sol', 'heal.sol', 'flap.sol', 'frob.t.sol']
2,['join.sol', 'transferFrom.sol', 'frob.sol', 'flip.t.sol', 'flap.t.sol', 'heal.sol', 'flap.sol', 'tune.sol']
3,['join.sol', 'transferFrom.sol', 'frob.sol', 'flip.t.sol', 'flap.t.sol', 'heal.sol', 'flap.sol', 'bite.sol']
2,['join.sol', 'transferFrom.sol', 'frob.sol', 'flip.t.sol', 'flap.t.sol', 'heal.sol', 'drip.sol', 'frob.t.sol']
2,['join.sol', 'transferFrom.sol', 'frob.sol', 'flip.t.sol', 'flap.t.sol', 'heal.sol', 'drip.sol', 'tune.sol']
3,['join.sol', 'transferFrom.sol', 'frob.sol', 'flip.t.sol', 'flap.t.sol', 'heal.sol', 'drip.sol', 'bite.sol']
3,['join.sol', 'transferFrom.sol', 'frob.sol', 'flip.t.sol', 'flap.t.sol', 'heal.sol', 'frob.t.sol', 'tune.sol']
3,['join.sol', 'transferFrom.sol', 'frob.sol', 'flip.t.sol', 'flap.t.sol', 'heal.sol', 'frob.t.sol', 'bite.sol']
2,['join.sol', 'transferFrom.sol', 'frob.sol', 'flip.t.sol', 'flap.t.sol', 'heal.sol', 'tune.sol', 'bite.sol']
3,['join.sol', 'transferFrom.sol', 'frob.sol', 'flip.t.sol', 'flap.t.sol', 'drip.t.sol', 'heal.t.sol', 'flap.sol']
3,['join.sol', 'transferFrom.sol', 'frob.sol', 'flip.t.sol', 'flap.t.sol', 'drip.t.sol', 'heal.t.sol', 'drip.sol']
2,['join.sol', 'transferFrom.sol', 'frob.sol', 'flip.t.sol', 'flap.t.sol', 'drip.t.sol', 'heal.t.sol', 'frob.t.sol']
2,['join.sol', 'transferFrom.sol', 'frob.sol', 'flip.t.sol', 'flap.t.sol', 'drip.t.sol', 'heal.t.sol', 'tune.sol']
3,['join.sol', 'transferFrom.sol', 'frob.sol', 'flip.t.sol', 'flap.t.sol', 'drip.t.sol', 'heal.t.sol', 'bite.sol']
5,['join.sol', 'transferFrom.sol', 'frob.sol', 'flip.t.sol', 'flap.t.sol', 'drip.t.sol', 'flap.sol', 'drip.sol']
2,['join.sol', 'transferFrom.sol', 'frob.sol', 'flip.t.sol', 'flap.t.sol', 'drip.t.sol', 'flap.sol', 'frob.t.sol']
2,['join.sol', 'transferFrom.sol', 'frob.sol', 'flip.t.sol', 'flap.t.sol', 'drip.t.sol', 'flap.sol', 'tune.sol']
2,['join.sol', 'transferFrom.sol', 'frob.sol', 'flip.t.sol', 'flap.t.sol', 'drip.t.sol', 'flap.sol', 'bite.sol']
2,['join.sol', 'transferFrom.sol', 'frob.sol', 'flip.t.sol', 'flap.t.sol', 'drip.t.sol', 'drip.sol', 'frob.t.sol']
2,['join.sol', 'transferFrom.sol', 'frob.sol', 'flip.t.sol', 'flap.t.sol', 'drip.t.sol', 'drip.sol', 'tune.sol']
3,['join.sol', 'transferFrom.sol', 'frob.sol', 'flip.t.sol', 'flap.t.sol', 'drip.t.sol', 'drip.sol', 'bite.sol']
2,['join.sol', 'transferFrom.sol', 'frob.sol', 'flip.t.sol', 'flap.t.sol', 'drip.t.sol', 'frob.t.sol', 'tune.sol']
2,['join.sol', 'transferFrom.sol', 'frob.sol', 'flip.t.sol', 'flap.t.sol', 'drip.t.sol', 'frob.t.sol', 'bite.sol']
2,['join.sol', 'transferFrom.sol', 'frob.sol', 'flip.t.sol', 'flap.t.sol', 'drip.t.sol', 'tune.sol', 'bite.sol']
3,['join.sol', 'transferFrom.sol', 'frob.sol', 'flip.t.sol', 'flap.t.sol', 'heal.t.sol', 'flap.sol', 'drip.sol']
3,['join.sol', 'transferFrom.sol', 'frob.sol', 'flip.t.sol', 'flap.t.sol', 'heal.t.sol', 'flap.sol', 'frob.t.sol']
3,['join.sol', 'transferFrom.sol', 'frob.sol', 'flip.t.sol', 'flap.t.sol', 'heal.t.sol', 'flap.sol', 'tune.sol']
4,['join.sol', 'transferFrom.sol', 'frob.sol', 'flip.t.sol', 'flap.t.sol', 'heal.t.sol', 'flap.sol', 'bite.sol']
2,['join.sol', 'transferFrom.sol', 'frob.sol', 'flip.t.sol', 'flap.t.sol', 'heal.t.sol', 'drip.sol', 'frob.t.sol']
2,['join.sol', 'transferFrom.sol', 'frob.sol', 'flip.t.sol', 'flap.t.sol', 'heal.t.sol', 'drip.sol', 'tune.sol']
3,['join.sol', 'transferFrom.sol', 'frob.sol', 'flip.t.sol', 'flap.t.sol', 'heal.t.sol', 'drip.sol', 'bite.sol']
3,['join.sol', 'transferFrom.sol', 'frob.sol', 'flip.t.sol', 'flap.t.sol', 'heal.t.sol', 'frob.t.sol', 'tune.sol']
3,['join.sol', 'transferFrom.sol', 'frob.sol', 'flip.t.sol', 'flap.t.sol', 'heal.t.sol', 'frob.t.sol', 'bite.sol']
3,['join.sol', 'transferFrom.sol', 'frob.sol', 'flip.t.sol', 'flap.t.sol', 'heal.t.sol', 'tune.sol', 'bite.sol']
2,['join.sol', 'transferFrom.sol', 'frob.sol', 'flip.t.sol', 'flap.t.sol', 'flap.sol', 'drip.sol', 'frob.t.sol']
2,['join.sol', 'transferFrom.sol', 'frob.sol', 'flip.t.sol', 'flap.t.sol', 'flap.sol', 'drip.sol', 'tune.sol']
5,['join.sol', 'transferFrom.sol', 'frob.sol', 'flip.t.sol', 'flap.t.sol', 'flap.sol', 'drip.sol', 'bite.sol']
3,['join.sol', 'transferFrom.sol', 'frob.sol', 'flip.t.sol', 'flap.t.sol', 'flap.sol', 'frob.t.sol', 'tune.sol']
3,['join.sol', 'transferFrom.sol', 'frob.sol', 'flip.t.sol', 'flap.t.sol', 'flap.sol', 'frob.t.sol', 'bite.sol']
2,['join.sol', 'transferFrom.sol', 'frob.sol', 'flip.t.sol', 'flap.t.sol', 'flap.sol', 'tune.sol', 'bite.sol']
2,['join.sol', 'transferFrom.sol', 'frob.sol', 'flip.t.sol', 'flap.t.sol', 'drip.sol', 'frob.t.sol', 'tune.sol']
2,['join.sol', 'transferFrom.sol', 'frob.sol', 'flip.t.sol', 'flap.t.sol', 'drip.sol', 'frob.t.sol', 'bite.sol']
4,['join.sol', 'transferFrom.sol', 'frob.sol', 'flip.t.sol', 'flap.t.sol', 'drip.sol', 'tune.sol', 'bite.sol']
3,['join.sol', 'transferFrom.sol', 'frob.sol', 'flip.t.sol', 'flap.t.sol', 'frob.t.sol', 'tune.sol', 'bite.sol']
3,['join.sol', 'transferFrom.sol', 'frob.sol', 'flip.t.sol', 'heal.sol', 'drip.t.sol', 'heal.t.sol', 'flap.sol']
2,['join.sol', 'transferFrom.sol', 'frob.sol', 'flip.t.sol', 'heal.sol', 'drip.t.sol', 'heal.t.sol', 'drip.sol']
3,['join.sol', 'transferFrom.sol', 'frob.sol', 'flip.t.sol', 'heal.sol', 'drip.t.sol', 'heal.t.sol', 'frob.t.sol']
2,['join.sol', 'transferFrom.sol', 'frob.sol', 'flip.t.sol', 'heal.sol', 'drip.t.sol', 'heal.t.sol', 'tune.sol']
2,['join.sol', 'transferFrom.sol', 'frob.sol', 'flip.t.sol', 'heal.sol', 'drip.t.sol', 'heal.t.sol', 'bite.sol']
2,['join.sol', 'transferFrom.sol', 'frob.sol', 'flip.t.sol', 'heal.sol', 'drip.t.sol', 'flap.sol', 'drip.sol']
5,['join.sol', 'transferFrom.sol', 'frob.sol', 'flip.t.sol', 'heal.sol', 'drip.t.sol', 'flap.sol', 'frob.t.sol']
2,['join.sol', 'transferFrom.sol', 'frob.sol', 'flip.t.sol', 'heal.sol', 'drip.t.sol', 'flap.sol', 'tune.sol']
2,['join.sol', 'transferFrom.sol', 'frob.sol', 'flip.t.sol', 'heal.sol', 'drip.t.sol', 'flap.sol', 'bite.sol']
5,['join.sol', 'transferFrom.sol', 'frob.sol', 'flip.t.sol', 'heal.sol', 'drip.t.sol', 'drip.sol', 'frob.t.sol']
2,['join.sol', 'transferFrom.sol', 'frob.sol', 'flip.t.sol', 'heal.sol', 'drip.t.sol', 'drip.sol', 'tune.sol']
2,['join.sol', 'transferFrom.sol', 'frob.sol', 'flip.t.sol', 'heal.sol', 'drip.t.sol', 'drip.sol', 'bite.sol']
4,['join.sol', 'transferFrom.sol', 'frob.sol', 'flip.t.sol', 'heal.sol', 'drip.t.sol', 'frob.t.sol', 'tune.sol']
5,['join.sol', 'transferFrom.sol', 'frob.sol', 'flip.t.sol', 'heal.sol', 'drip.t.sol', 'frob.t.sol', 'bite.sol']
2,['join.sol', 'transferFrom.sol', 'frob.sol', 'flip.t.sol', 'heal.sol', 'drip.t.sol', 'tune.sol', 'bite.sol']
3,['join.sol', 'transferFrom.sol', 'frob.sol', 'flip.t.sol', 'heal.sol', 'heal.t.sol', 'flap.sol', 'drip.sol']
3,['join.sol', 'transferFrom.sol', 'frob.sol', 'flip.t.sol', 'heal.sol', 'heal.t.sol', 'flap.sol', 'frob.t.sol']
3,['join.sol', 'transferFrom.sol', 'frob.sol', 'flip.t.sol', 'heal.sol', 'heal.t.sol', 'flap.sol', 'tune.sol']
4,['join.sol', 'transferFrom.sol', 'frob.sol', 'flip.t.sol', 'heal.sol', 'heal.t.sol', 'flap.sol', 'bite.sol']
2,['join.sol', 'transferFrom.sol', 'frob.sol', 'flip.t.sol', 'heal.sol', 'heal.t.sol', 'drip.sol', 'frob.t.sol']
2,['join.sol', 'transferFrom.sol', 'frob.sol', 'flip.t.sol', 'heal.sol', 'heal.t.sol', 'drip.sol', 'tune.sol']
2,['join.sol', 'transferFrom.sol', 'frob.sol', 'flip.t.sol', 'heal.sol', 'heal.t.sol', 'drip.sol', 'bite.sol']
3,['join.sol', 'transferFrom.sol', 'frob.sol', 'flip.t.sol', 'heal.sol', 'heal.t.sol', 'frob.t.sol', 'tune.sol']
3,['join.sol', 'transferFrom.sol', 'frob.sol', 'flip.t.sol', 'heal.sol', 'heal.t.sol', 'frob.t.sol', 'bite.sol']
3,['join.sol', 'transferFrom.sol', 'frob.sol', 'flip.t.sol', 'heal.sol', 'heal.t.sol', 'tune.sol', 'bite.sol']
3,['join.sol', 'transferFrom.sol', 'frob.sol', 'flip.t.sol', 'heal.sol', 'flap.sol', 'drip.sol', 'frob.t.sol']
2,['join.sol', 'transferFrom.sol', 'frob.sol', 'flip.t.sol', 'heal.sol', 'flap.sol', 'drip.sol', 'tune.sol']
2,['join.sol', 'transferFrom.sol', 'frob.sol', 'flip.t.sol', 'heal.sol', 'flap.sol', 'drip.sol', 'bite.sol']
3,['join.sol', 'transferFrom.sol', 'frob.sol', 'flip.t.sol', 'heal.sol', 'flap.sol', 'frob.t.sol', 'tune.sol']
4,['join.sol', 'transferFrom.sol', 'frob.sol', 'flip.t.sol', 'heal.sol', 'flap.sol', 'frob.t.sol', 'bite.sol']
2,['join.sol', 'transferFrom.sol', 'frob.sol', 'flip.t.sol', 'heal.sol', 'flap.sol', 'tune.sol', 'bite.sol']
2,['join.sol', 'transferFrom.sol', 'frob.sol', 'flip.t.sol', 'heal.sol', 'drip.sol', 'frob.t.sol', 'tune.sol']
6,['join.sol', 'transferFrom.sol', 'frob.sol', 'flip.t.sol', 'heal.sol', 'drip.sol', 'frob.t.sol', 'bite.sol']
2,['join.sol', 'transferFrom.sol', 'frob.sol', 'flip.t.sol', 'heal.sol', 'drip.sol', 'tune.sol', 'bite.sol']
2,['join.sol', 'transferFrom.sol', 'frob.sol', 'flip.t.sol', 'heal.sol', 'frob.t.sol', 'tune.sol', 'bite.sol']
2,['join.sol', 'transferFrom.sol', 'frob.sol', 'flip.t.sol', 'drip.t.sol', 'heal.t.sol', 'flap.sol', 'drip.sol']
2,['join.sol', 'transferFrom.sol', 'frob.sol', 'flip.t.sol', 'drip.t.sol', 'heal.t.sol', 'flap.sol', 'frob.t.sol']
2,['join.sol', 'transferFrom.sol', 'frob.sol', 'flip.t.sol', 'drip.t.sol', 'heal.t.sol', 'flap.sol', 'tune.sol']
2,['join.sol', 'transferFrom.sol', 'frob.sol', 'flip.t.sol', 'drip.t.sol', 'heal.t.sol', 'flap.sol', 'bite.sol']
3,['join.sol', 'transferFrom.sol', 'frob.sol', 'flip.t.sol', 'drip.t.sol', 'heal.t.sol', 'drip.sol', 'frob.t.sol']
2,['join.sol', 'transferFrom.sol', 'frob.sol', 'flip.t.sol', 'drip.t.sol', 'heal.t.sol', 'drip.sol', 'tune.sol']
2,['join.sol', 'transferFrom.sol', 'frob.sol', 'flip.t.sol', 'drip.t.sol', 'heal.t.sol', 'drip.sol', 'bite.sol']
2,['join.sol', 'transferFrom.sol', 'frob.sol', 'flip.t.sol', 'drip.t.sol', 'heal.t.sol', 'frob.t.sol', 'tune.sol']
2,['join.sol', 'transferFrom.sol', 'frob.sol', 'flip.t.sol', 'drip.t.sol', 'heal.t.sol', 'frob.t.sol', 'bite.sol']
2,['join.sol', 'transferFrom.sol', 'frob.sol', 'flip.t.sol', 'drip.t.sol', 'heal.t.sol', 'tune.sol', 'bite.sol']
5,['join.sol', 'transferFrom.sol', 'frob.sol', 'flip.t.sol', 'drip.t.sol', 'flap.sol', 'drip.sol', 'frob.t.sol']
5,['join.sol', 'transferFrom.sol', 'frob.sol', 'flip.t.sol', 'drip.t.sol', 'flap.sol', 'drip.sol', 'tune.sol']
2,['join.sol', 'transferFrom.sol', 'frob.sol', 'flip.t.sol', 'drip.t.sol', 'flap.sol', 'drip.sol', 'bite.sol']
2,['join.sol', 'transferFrom.sol', 'frob.sol', 'flip.t.sol', 'drip.t.sol', 'flap.sol', 'frob.t.sol', 'tune.sol']
3,['join.sol', 'transferFrom.sol', 'frob.sol', 'flip.t.sol', 'drip.t.sol', 'flap.sol', 'frob.t.sol', 'bite.sol']
3,['join.sol', 'transferFrom.sol', 'frob.sol', 'flip.t.sol', 'drip.t.sol', 'flap.sol', 'tune.sol', 'bite.sol']
5,['join.sol', 'transferFrom.sol', 'frob.sol', 'flip.t.sol', 'drip.t.sol', 'drip.sol', 'frob.t.sol', 'tune.sol']
6,['join.sol', 'transferFrom.sol', 'frob.sol', 'flip.t.sol', 'drip.t.sol', 'drip.sol', 'frob.t.sol', 'bite.sol']
3,['join.sol', 'transferFrom.sol', 'frob.sol', 'flip.t.sol', 'drip.t.sol', 'drip.sol', 'tune.sol', 'bite.sol']
2,['join.sol', 'transferFrom.sol', 'frob.sol', 'flip.t.sol', 'drip.t.sol', 'frob.t.sol', 'tune.sol', 'bite.sol']
2,['join.sol', 'transferFrom.sol', 'frob.sol', 'flip.t.sol', 'heal.t.sol', 'flap.sol', 'drip.sol', 'frob.t.sol']
2,['join.sol', 'transferFrom.sol', 'frob.sol', 'flip.t.sol', 'heal.t.sol', 'flap.sol', 'drip.sol', 'tune.sol']
2,['join.sol', 'transferFrom.sol', 'frob.sol', 'flip.t.sol', 'heal.t.sol', 'flap.sol', 'drip.sol', 'bite.sol']
3,['join.sol', 'transferFrom.sol', 'frob.sol', 'flip.t.sol', 'heal.t.sol', 'flap.sol', 'frob.t.sol', 'tune.sol']
3,['join.sol', 'transferFrom.sol', 'frob.sol', 'flip.t.sol', 'heal.t.sol', 'flap.sol', 'frob.t.sol', 'bite.sol']
3,['join.sol', 'transferFrom.sol', 'frob.sol', 'flip.t.sol', 'heal.t.sol', 'flap.sol', 'tune.sol', 'bite.sol']
2,['join.sol', 'transferFrom.sol', 'frob.sol', 'flip.t.sol', 'heal.t.sol', 'drip.sol', 'frob.t.sol', 'tune.sol']
2,['join.sol', 'transferFrom.sol', 'frob.sol', 'flip.t.sol', 'heal.t.sol', 'drip.sol', 'frob.t.sol', 'bite.sol']
2,['join.sol', 'transferFrom.sol', 'frob.sol', 'flip.t.sol', 'heal.t.sol', 'drip.sol', 'tune.sol', 'bite.sol']
3,['join.sol', 'transferFrom.sol', 'frob.sol', 'flip.t.sol', 'heal.t.sol', 'frob.t.sol', 'tune.sol', 'bite.sol']
2,['join.sol', 'transferFrom.sol', 'frob.sol', 'flip.t.sol', 'flap.sol', 'drip.sol', 'frob.t.sol', 'tune.sol']
3,['join.sol', 'transferFrom.sol', 'frob.sol', 'flip.t.sol', 'flap.sol', 'drip.sol', 'frob.t.sol', 'bite.sol']
4,['join.sol', 'transferFrom.sol', 'frob.sol', 'flip.t.sol', 'flap.sol', 'drip.sol', 'tune.sol', 'bite.sol']
2,['join.sol', 'transferFrom.sol', 'frob.sol', 'flip.t.sol', 'flap.sol', 'frob.t.sol', 'tune.sol', 'bite.sol']
2,['join.sol', 'transferFrom.sol', 'frob.sol', 'flip.t.sol', 'drip.sol', 'frob.t.sol', 'tune.sol', 'bite.sol']
3,['join.sol', 'transferFrom.sol', 'frob.sol', 'flop.t.sol', 'flap.t.sol', 'heal.sol', 'drip.t.sol', 'heal.t.sol']
3,['join.sol', 'transferFrom.sol', 'frob.sol', 'flop.t.sol', 'flap.t.sol', 'heal.sol', 'drip.t.sol', 'flap.sol']
3,['join.sol', 'transferFrom.sol', 'frob.sol', 'flop.t.sol', 'flap.t.sol', 'heal.sol', 'drip.t.sol', 'drip.sol']
3,['join.sol', 'transferFrom.sol', 'frob.sol', 'flop.t.sol', 'flap.t.sol', 'heal.sol', 'drip.t.sol', 'frob.t.sol']
3,['join.sol', 'transferFrom.sol', 'frob.sol', 'flop.t.sol', 'flap.t.sol', 'heal.sol', 'drip.t.sol', 'tune.sol']
3,['join.sol', 'transferFrom.sol', 'frob.sol', 'flop.t.sol', 'flap.t.sol', 'heal.sol', 'drip.t.sol', 'bite.sol']
4,['join.sol', 'transferFrom.sol', 'frob.sol', 'flop.t.sol', 'flap.t.sol', 'heal.sol', 'heal.t.sol', 'flap.sol']
3,['join.sol', 'transferFrom.sol', 'frob.sol', 'flop.t.sol', 'flap.t.sol', 'heal.sol', 'heal.t.sol', 'drip.sol']
3,['join.sol', 'transferFrom.sol', 'frob.sol', 'flop.t.sol', 'flap.t.sol', 'heal.sol', 'heal.t.sol', 'frob.t.sol']
4,['join.sol', 'transferFrom.sol', 'frob.sol', 'flop.t.sol', 'flap.t.sol', 'heal.sol', 'heal.t.sol', 'tune.sol']
4,['join.sol', 'transferFrom.sol', 'frob.sol', 'flop.t.sol', 'flap.t.sol', 'heal.sol', 'heal.t.sol', 'bite.sol']
3,['join.sol', 'transferFrom.sol', 'frob.sol', 'flop.t.sol', 'flap.t.sol', 'heal.sol', 'flap.sol', 'drip.sol']
4,['join.sol', 'transferFrom.sol', 'frob.sol', 'flop.t.sol', 'flap.t.sol', 'heal.sol', 'flap.sol', 'frob.t.sol']
2,['join.sol', 'transferFrom.sol', 'frob.sol', 'flop.t.sol', 'flap.t.sol', 'heal.sol', 'flap.sol', 'tune.sol']
3,['join.sol', 'transferFrom.sol', 'frob.sol', 'flop.t.sol', 'flap.t.sol', 'heal.sol', 'flap.sol', 'bite.sol']
3,['join.sol', 'transferFrom.sol', 'frob.sol', 'flop.t.sol', 'flap.t.sol', 'heal.sol', 'drip.sol', 'frob.t.sol']
3,['join.sol', 'transferFrom.sol', 'frob.sol', 'flop.t.sol', 'flap.t.sol', 'heal.sol', 'drip.sol', 'tune.sol']
3,['join.sol', 'transferFrom.sol', 'frob.sol', 'flop.t.sol', 'flap.t.sol', 'heal.sol', 'drip.sol', 'bite.sol']
3,['join.sol', 'transferFrom.sol', 'frob.sol', 'flop.t.sol', 'flap.t.sol', 'heal.sol', 'frob.t.sol', 'tune.sol']
4,['join.sol', 'transferFrom.sol', 'frob.sol', 'flop.t.sol', 'flap.t.sol', 'heal.sol', 'frob.t.sol', 'bite.sol']
2,['join.sol', 'transferFrom.sol', 'frob.sol', 'flop.t.sol', 'flap.t.sol', 'heal.sol', 'tune.sol', 'bite.sol']
3,['join.sol', 'transferFrom.sol', 'frob.sol', 'flop.t.sol', 'flap.t.sol', 'drip.t.sol', 'heal.t.sol', 'flap.sol']
3,['join.sol', 'transferFrom.sol', 'frob.sol', 'flop.t.sol', 'flap.t.sol', 'drip.t.sol', 'heal.t.sol', 'drip.sol']
2,['join.sol', 'transferFrom.sol', 'frob.sol', 'flop.t.sol', 'flap.t.sol', 'drip.t.sol', 'heal.t.sol', 'frob.t.sol']
2,['join.sol', 'transferFrom.sol', 'frob.sol', 'flop.t.sol', 'flap.t.sol', 'drip.t.sol', 'heal.t.sol', 'tune.sol']
3,['join.sol', 'transferFrom.sol', 'frob.sol', 'flop.t.sol', 'flap.t.sol', 'drip.t.sol', 'heal.t.sol', 'bite.sol']
4,['join.sol', 'transferFrom.sol', 'frob.sol', 'flop.t.sol', 'flap.t.sol', 'drip.t.sol', 'flap.sol', 'drip.sol']
3,['join.sol', 'transferFrom.sol', 'frob.sol', 'flop.t.sol', 'flap.t.sol', 'drip.t.sol', 'flap.sol', 'frob.t.sol']
3,['join.sol', 'transferFrom.sol', 'frob.sol', 'flop.t.sol', 'flap.t.sol', 'drip.t.sol', 'flap.sol', 'tune.sol']
4,['join.sol', 'transferFrom.sol', 'frob.sol', 'flop.t.sol', 'flap.t.sol', 'drip.t.sol', 'flap.sol', 'bite.sol']
3,['join.sol', 'transferFrom.sol', 'frob.sol', 'flop.t.sol', 'flap.t.sol', 'drip.t.sol', 'drip.sol', 'frob.t.sol']
3,['join.sol', 'transferFrom.sol', 'frob.sol', 'flop.t.sol', 'flap.t.sol', 'drip.t.sol', 'drip.sol', 'tune.sol']
2,['join.sol', 'transferFrom.sol', 'frob.sol', 'flop.t.sol', 'flap.t.sol', 'drip.t.sol', 'drip.sol', 'bite.sol']
2,['join.sol', 'transferFrom.sol', 'frob.sol', 'flop.t.sol', 'flap.t.sol', 'drip.t.sol', 'frob.t.sol', 'tune.sol']
5,['join.sol', 'transferFrom.sol', 'frob.sol', 'flop.t.sol', 'flap.t.sol', 'drip.t.sol', 'frob.t.sol', 'bite.sol']
4,['join.sol', 'transferFrom.sol', 'frob.sol', 'flop.t.sol', 'flap.t.sol', 'drip.t.sol', 'tune.sol', 'bite.sol']
3,['join.sol', 'transferFrom.sol', 'frob.sol', 'flop.t.sol', 'flap.t.sol', 'heal.t.sol', 'flap.sol', 'drip.sol']
3,['join.sol', 'transferFrom.sol', 'frob.sol', 'flop.t.sol', 'flap.t.sol', 'heal.t.sol', 'flap.sol', 'frob.t.sol']
4,['join.sol', 'transferFrom.sol', 'frob.sol', 'flop.t.sol', 'flap.t.sol', 'heal.t.sol', 'flap.sol', 'tune.sol']
4,['join.sol', 'transferFrom.sol', 'frob.sol', 'flop.t.sol', 'flap.t.sol', 'heal.t.sol', 'flap.sol', 'bite.sol']
2,['join.sol', 'transferFrom.sol', 'frob.sol', 'flop.t.sol', 'flap.t.sol', 'heal.t.sol', 'drip.sol', 'frob.t.sol']
3,['join.sol', 'transferFrom.sol', 'frob.sol', 'flop.t.sol', 'flap.t.sol', 'heal.t.sol', 'drip.sol', 'tune.sol']
3,['join.sol', 'transferFrom.sol', 'frob.sol', 'flop.t.sol', 'flap.t.sol', 'heal.t.sol', 'drip.sol', 'bite.sol']
3,['join.sol', 'transferFrom.sol', 'frob.sol', 'flop.t.sol', 'flap.t.sol', 'heal.t.sol', 'frob.t.sol', 'tune.sol']
3,['join.sol', 'transferFrom.sol', 'frob.sol', 'flop.t.sol', 'flap.t.sol', 'heal.t.sol', 'frob.t.sol', 'bite.sol']
3,['join.sol', 'transferFrom.sol', 'frob.sol', 'flop.t.sol', 'flap.t.sol', 'heal.t.sol', 'tune.sol', 'bite.sol']
3,['join.sol', 'transferFrom.sol', 'frob.sol', 'flop.t.sol', 'flap.t.sol', 'flap.sol', 'drip.sol', 'frob.t.sol']
5,['join.sol', 'transferFrom.sol', 'frob.sol', 'flop.t.sol', 'flap.t.sol', 'flap.sol', 'drip.sol', 'tune.sol']
3,['join.sol', 'transferFrom.sol', 'frob.sol', 'flop.t.sol', 'flap.t.sol', 'flap.sol', 'drip.sol', 'bite.sol']
3,['join.sol', 'transferFrom.sol', 'frob.sol', 'flop.t.sol', 'flap.t.sol', 'flap.sol', 'frob.t.sol', 'tune.sol']
4,['join.sol', 'transferFrom.sol', 'frob.sol', 'flop.t.sol', 'flap.t.sol', 'flap.sol', 'frob.t.sol', 'bite.sol']
4,['join.sol', 'transferFrom.sol', 'frob.sol', 'flop.t.sol', 'flap.t.sol', 'flap.sol', 'tune.sol', 'bite.sol']
2,['join.sol', 'transferFrom.sol', 'frob.sol', 'flop.t.sol', 'flap.t.sol', 'drip.sol', 'frob.t.sol', 'tune.sol']
3,['join.sol', 'transferFrom.sol', 'frob.sol', 'flop.t.sol', 'flap.t.sol', 'drip.sol', 'frob.t.sol', 'bite.sol']
3,['join.sol', 'transferFrom.sol', 'frob.sol', 'flop.t.sol', 'flap.t.sol', 'drip.sol', 'tune.sol', 'bite.sol']
3,['join.sol', 'transferFrom.sol', 'frob.sol', 'flop.t.sol', 'flap.t.sol', 'frob.t.sol', 'tune.sol', 'bite.sol']
4,['join.sol', 'transferFrom.sol', 'frob.sol', 'flop.t.sol', 'heal.sol', 'drip.t.sol', 'heal.t.sol', 'flap.sol']
4,['join.sol', 'transferFrom.sol', 'frob.sol', 'flop.t.sol', 'heal.sol', 'drip.t.sol', 'heal.t.sol', 'drip.sol']
2,['join.sol', 'transferFrom.sol', 'frob.sol', 'flop.t.sol', 'heal.sol', 'drip.t.sol', 'heal.t.sol', 'frob.t.sol']
2,['join.sol', 'transferFrom.sol', 'frob.sol', 'flop.t.sol', 'heal.sol', 'drip.t.sol', 'heal.t.sol', 'tune.sol']
4,['join.sol', 'transferFrom.sol', 'frob.sol', 'flop.t.sol', 'heal.sol', 'drip.t.sol', 'heal.t.sol', 'bite.sol']
2,['join.sol', 'transferFrom.sol', 'frob.sol', 'flop.t.sol', 'heal.sol', 'drip.t.sol', 'flap.sol', 'drip.sol']
2,['join.sol', 'transferFrom.sol', 'frob.sol', 'flop.t.sol', 'heal.sol', 'drip.t.sol', 'flap.sol', 'frob.t.sol']
2,['join.sol', 'transferFrom.sol', 'frob.sol', 'flop.t.sol', 'heal.sol', 'drip.t.sol', 'flap.sol', 'tune.sol']
2,['join.sol', 'transferFrom.sol', 'frob.sol', 'flop.t.sol', 'heal.sol', 'drip.t.sol', 'flap.sol', 'bite.sol']
3,['join.sol', 'transferFrom.sol', 'frob.sol', 'flop.t.sol', 'heal.sol', 'drip.t.sol', 'drip.sol', 'frob.t.sol']
2,['join.sol', 'transferFrom.sol', 'frob.sol', 'flop.t.sol', 'heal.sol', 'drip.t.sol', 'drip.sol', 'tune.sol']
2,['join.sol', 'transferFrom.sol', 'frob.sol', 'flop.t.sol', 'heal.sol', 'drip.t.sol', 'drip.sol', 'bite.sol']
3,['join.sol', 'transferFrom.sol', 'frob.sol', 'flop.t.sol', 'heal.sol', 'drip.t.sol', 'frob.t.sol', 'tune.sol']
3,['join.sol', 'transferFrom.sol', 'frob.sol', 'flop.t.sol', 'heal.sol', 'drip.t.sol', 'frob.t.sol', 'bite.sol']
2,['join.sol', 'transferFrom.sol', 'frob.sol', 'flop.t.sol', 'heal.sol', 'drip.t.sol', 'tune.sol', 'bite.sol']
4,['join.sol', 'transferFrom.sol', 'frob.sol', 'flop.t.sol', 'heal.sol', 'heal.t.sol', 'flap.sol', 'drip.sol']
3,['join.sol', 'transferFrom.sol', 'frob.sol', 'flop.t.sol', 'heal.sol', 'heal.t.sol', 'flap.sol', 'frob.t.sol']
3,['join.sol', 'transferFrom.sol', 'frob.sol', 'flop.t.sol', 'heal.sol', 'heal.t.sol', 'flap.sol', 'tune.sol']
5,['join.sol', 'transferFrom.sol', 'frob.sol', 'flop.t.sol', 'heal.sol', 'heal.t.sol', 'flap.sol', 'bite.sol']
2,['join.sol', 'transferFrom.sol', 'frob.sol', 'flop.t.sol', 'heal.sol', 'heal.t.sol', 'drip.sol', 'frob.t.sol']
2,['join.sol', 'transferFrom.sol', 'frob.sol', 'flop.t.sol', 'heal.sol', 'heal.t.sol', 'drip.sol', 'tune.sol']
4,['join.sol', 'transferFrom.sol', 'frob.sol', 'flop.t.sol', 'heal.sol', 'heal.t.sol', 'drip.sol', 'bite.sol']
3,['join.sol', 'transferFrom.sol', 'frob.sol', 'flop.t.sol', 'heal.sol', 'heal.t.sol', 'frob.t.sol', 'tune.sol']
3,['join.sol', 'transferFrom.sol', 'frob.sol', 'flop.t.sol', 'heal.sol', 'heal.t.sol', 'frob.t.sol', 'bite.sol']
3,['join.sol', 'transferFrom.sol', 'frob.sol', 'flop.t.sol', 'heal.sol', 'heal.t.sol', 'tune.sol', 'bite.sol']
2,['join.sol', 'transferFrom.sol', 'frob.sol', 'flop.t.sol', 'heal.sol', 'flap.sol', 'drip.sol', 'frob.t.sol']
2,['join.sol', 'transferFrom.sol', 'frob.sol', 'flop.t.sol', 'heal.sol', 'flap.sol', 'drip.sol', 'tune.sol']
2,['join.sol', 'transferFrom.sol', 'frob.sol', 'flop.t.sol', 'heal.sol', 'flap.sol', 'drip.sol', 'bite.sol']
4,['join.sol', 'transferFrom.sol', 'frob.sol', 'flop.t.sol', 'heal.sol', 'flap.sol', 'frob.t.sol', 'tune.sol']
3,['join.sol', 'transferFrom.sol', 'frob.sol', 'flop.t.sol', 'heal.sol', 'flap.sol', 'frob.t.sol', 'bite.sol']
3,['join.sol', 'transferFrom.sol', 'frob.sol', 'flop.t.sol', 'heal.sol', 'flap.sol', 'tune.sol', 'bite.sol']
3,['join.sol', 'transferFrom.sol', 'frob.sol', 'flop.t.sol', 'heal.sol', 'drip.sol', 'frob.t.sol', 'tune.sol']
3,['join.sol', 'transferFrom.sol', 'frob.sol', 'flop.t.sol', 'heal.sol', 'drip.sol', 'frob.t.sol', 'bite.sol']
2,['join.sol', 'transferFrom.sol', 'frob.sol', 'flop.t.sol', 'heal.sol', 'drip.sol', 'tune.sol', 'bite.sol']
3,['join.sol', 'transferFrom.sol', 'frob.sol', 'flop.t.sol', 'heal.sol', 'frob.t.sol', 'tune.sol', 'bite.sol']
4,['join.sol', 'transferFrom.sol', 'frob.sol', 'flop.t.sol', 'drip.t.sol', 'heal.t.sol', 'flap.sol', 'drip.sol']
2,['join.sol', 'transferFrom.sol', 'frob.sol', 'flop.t.sol', 'drip.t.sol', 'heal.t.sol', 'flap.sol', 'frob.t.sol']
2,['join.sol', 'transferFrom.sol', 'frob.sol', 'flop.t.sol', 'drip.t.sol', 'heal.t.sol', 'flap.sol', 'tune.sol']
4,['join.sol', 'transferFrom.sol', 'frob.sol', 'flop.t.sol', 'drip.t.sol', 'heal.t.sol', 'flap.sol', 'bite.sol']
2,['join.sol', 'transferFrom.sol', 'frob.sol', 'flop.t.sol', 'drip.t.sol', 'heal.t.sol', 'drip.sol', 'frob.t.sol']
2,['join.sol', 'transferFrom.sol', 'frob.sol', 'flop.t.sol', 'drip.t.sol', 'heal.t.sol', 'drip.sol', 'tune.sol']
3,['join.sol', 'transferFrom.sol', 'frob.sol', 'flop.t.sol', 'drip.t.sol', 'heal.t.sol', 'drip.sol', 'bite.sol']
2,['join.sol', 'transferFrom.sol', 'frob.sol', 'flop.t.sol', 'drip.t.sol', 'heal.t.sol', 'frob.t.sol', 'tune.sol']
2,['join.sol', 'transferFrom.sol', 'frob.sol', 'flop.t.sol', 'drip.t.sol', 'heal.t.sol', 'frob.t.sol', 'bite.sol']
2,['join.sol', 'transferFrom.sol', 'frob.sol', 'flop.t.sol', 'drip.t.sol', 'heal.t.sol', 'tune.sol', 'bite.sol']
2,['join.sol', 'transferFrom.sol', 'frob.sol', 'flop.t.sol', 'drip.t.sol', 'flap.sol', 'drip.sol', 'frob.t.sol']
2,['join.sol', 'transferFrom.sol', 'frob.sol', 'flop.t.sol', 'drip.t.sol', 'flap.sol', 'drip.sol', 'tune.sol']
2,['join.sol', 'transferFrom.sol', 'frob.sol', 'flop.t.sol', 'drip.t.sol', 'flap.sol', 'drip.sol', 'bite.sol']
3,['join.sol', 'transferFrom.sol', 'frob.sol', 'flop.t.sol', 'drip.t.sol', 'flap.sol', 'frob.t.sol', 'tune.sol']
2,['join.sol', 'transferFrom.sol', 'frob.sol', 'flop.t.sol', 'drip.t.sol', 'flap.sol', 'frob.t.sol', 'bite.sol']
2,['join.sol', 'transferFrom.sol', 'frob.sol', 'flop.t.sol', 'drip.t.sol', 'flap.sol', 'tune.sol', 'bite.sol']
3,['join.sol', 'transferFrom.sol', 'frob.sol', 'flop.t.sol', 'drip.t.sol', 'drip.sol', 'frob.t.sol', 'tune.sol']
3,['join.sol', 'transferFrom.sol', 'frob.sol', 'flop.t.sol', 'drip.t.sol', 'drip.sol', 'frob.t.sol', 'bite.sol']
2,['join.sol', 'transferFrom.sol', 'frob.sol', 'flop.t.sol', 'drip.t.sol', 'drip.sol', 'tune.sol', 'bite.sol']
3,['join.sol', 'transferFrom.sol', 'frob.sol', 'flop.t.sol', 'drip.t.sol', 'frob.t.sol', 'tune.sol', 'bite.sol']
2,['join.sol', 'transferFrom.sol', 'frob.sol', 'flop.t.sol', 'heal.t.sol', 'flap.sol', 'drip.sol', 'frob.t.sol']
2,['join.sol', 'transferFrom.sol', 'frob.sol', 'flop.t.sol', 'heal.t.sol', 'flap.sol', 'drip.sol', 'tune.sol']
4,['join.sol', 'transferFrom.sol', 'frob.sol', 'flop.t.sol', 'heal.t.sol', 'flap.sol', 'drip.sol', 'bite.sol']
3,['join.sol', 'transferFrom.sol', 'frob.sol', 'flop.t.sol', 'heal.t.sol', 'flap.sol', 'frob.t.sol', 'tune.sol']
3,['join.sol', 'transferFrom.sol', 'frob.sol', 'flop.t.sol', 'heal.t.sol', 'flap.sol', 'frob.t.sol', 'bite.sol']
3,['join.sol', 'transferFrom.sol', 'frob.sol', 'flop.t.sol', 'heal.t.sol', 'flap.sol', 'tune.sol', 'bite.sol']
2,['join.sol', 'transferFrom.sol', 'frob.sol', 'flop.t.sol', 'heal.t.sol', 'drip.sol', 'frob.t.sol', 'tune.sol']
2,['join.sol', 'transferFrom.sol', 'frob.sol', 'flop.t.sol', 'heal.t.sol', 'drip.sol', 'frob.t.sol', 'bite.sol']
2,['join.sol', 'transferFrom.sol', 'frob.sol', 'flop.t.sol', 'heal.t.sol', 'drip.sol', 'tune.sol', 'bite.sol']
3,['join.sol', 'transferFrom.sol', 'frob.sol', 'flop.t.sol', 'heal.t.sol', 'frob.t.sol', 'tune.sol', 'bite.sol']
3,['join.sol', 'transferFrom.sol', 'frob.sol', 'flop.t.sol', 'flap.sol', 'drip.sol', 'frob.t.sol', 'tune.sol']
2,['join.sol', 'transferFrom.sol', 'frob.sol', 'flop.t.sol', 'flap.sol', 'drip.sol', 'frob.t.sol', 'bite.sol']
2,['join.sol', 'transferFrom.sol', 'frob.sol', 'flop.t.sol', 'flap.sol', 'drip.sol', 'tune.sol', 'bite.sol']
4,['join.sol', 'transferFrom.sol', 'frob.sol', 'flop.t.sol', 'flap.sol', 'frob.t.sol', 'tune.sol', 'bite.sol']
3,['join.sol', 'transferFrom.sol', 'frob.sol', 'flop.t.sol', 'drip.sol', 'frob.t.sol', 'tune.sol', 'bite.sol']
4,['join.sol', 'transferFrom.sol', 'frob.sol', 'flap.t.sol', 'heal.sol', 'drip.t.sol', 'heal.t.sol', 'flap.sol']
4,['join.sol', 'transferFrom.sol', 'frob.sol', 'flap.t.sol', 'heal.sol', 'drip.t.sol', 'heal.t.sol', 'drip.sol']
2,['join.sol', 'transferFrom.sol', 'frob.sol', 'flap.t.sol', 'heal.sol', 'drip.t.sol', 'heal.t.sol', 'frob.t.sol']
2,['join.sol', 'transferFrom.sol', 'frob.sol', 'flap.t.sol', 'heal.sol', 'drip.t.sol', 'heal.t.sol', 'tune.sol']
4,['join.sol', 'transferFrom.sol', 'frob.sol', 'flap.t.sol', 'heal.sol', 'drip.t.sol', 'heal.t.sol', 'bite.sol']
2,['join.sol', 'transferFrom.sol', 'frob.sol', 'flap.t.sol', 'heal.sol', 'drip.t.sol', 'flap.sol', 'drip.sol']
2,['join.sol', 'transferFrom.sol', 'frob.sol', 'flap.t.sol', 'heal.sol', 'drip.t.sol', 'flap.sol', 'frob.t.sol']
2,['join.sol', 'transferFrom.sol', 'frob.sol', 'flap.t.sol', 'heal.sol', 'drip.t.sol', 'flap.sol', 'tune.sol']
2,['join.sol', 'transferFrom.sol', 'frob.sol', 'flap.t.sol', 'heal.sol', 'drip.t.sol', 'flap.sol', 'bite.sol']
3,['join.sol', 'transferFrom.sol', 'frob.sol', 'flap.t.sol', 'heal.sol', 'drip.t.sol', 'drip.sol', 'frob.t.sol']
2,['join.sol', 'transferFrom.sol', 'frob.sol', 'flap.t.sol', 'heal.sol', 'drip.t.sol', 'drip.sol', 'tune.sol']
2,['join.sol', 'transferFrom.sol', 'frob.sol', 'flap.t.sol', 'heal.sol', 'drip.t.sol', 'drip.sol', 'bite.sol']
3,['join.sol', 'transferFrom.sol', 'frob.sol', 'flap.t.sol', 'heal.sol', 'drip.t.sol', 'frob.t.sol', 'tune.sol']
3,['join.sol', 'transferFrom.sol', 'frob.sol', 'flap.t.sol', 'heal.sol', 'drip.t.sol', 'frob.t.sol', 'bite.sol']
2,['join.sol', 'transferFrom.sol', 'frob.sol', 'flap.t.sol', 'heal.sol', 'drip.t.sol', 'tune.sol', 'bite.sol']
4,['join.sol', 'transferFrom.sol', 'frob.sol', 'flap.t.sol', 'heal.sol', 'heal.t.sol', 'flap.sol', 'drip.sol']
3,['join.sol', 'transferFrom.sol', 'frob.sol', 'flap.t.sol', 'heal.sol', 'heal.t.sol', 'flap.sol', 'frob.t.sol']
3,['join.sol', 'transferFrom.sol', 'frob.sol', 'flap.t.sol', 'heal.sol', 'heal.t.sol', 'flap.sol', 'tune.sol']
5,['join.sol', 'transferFrom.sol', 'frob.sol', 'flap.t.sol', 'heal.sol', 'heal.t.sol', 'flap.sol', 'bite.sol']
2,['join.sol', 'transferFrom.sol', 'frob.sol', 'flap.t.sol', 'heal.sol', 'heal.t.sol', 'drip.sol', 'frob.t.sol']
2,['join.sol', 'transferFrom.sol', 'frob.sol', 'flap.t.sol', 'heal.sol', 'heal.t.sol', 'drip.sol', 'tune.sol']
4,['join.sol', 'transferFrom.sol', 'frob.sol', 'flap.t.sol', 'heal.sol', 'heal.t.sol', 'drip.sol', 'bite.sol']
3,['join.sol', 'transferFrom.sol', 'frob.sol', 'flap.t.sol', 'heal.sol', 'heal.t.sol', 'frob.t.sol', 'tune.sol']
3,['join.sol', 'transferFrom.sol', 'frob.sol', 'flap.t.sol', 'heal.sol', 'heal.t.sol', 'frob.t.sol', 'bite.sol']
3,['join.sol', 'transferFrom.sol', 'frob.sol', 'flap.t.sol', 'heal.sol', 'heal.t.sol', 'tune.sol', 'bite.sol']
2,['join.sol', 'transferFrom.sol', 'frob.sol', 'flap.t.sol', 'heal.sol', 'flap.sol', 'drip.sol', 'frob.t.sol']
2,['join.sol', 'transferFrom.sol', 'frob.sol', 'flap.t.sol', 'heal.sol', 'flap.sol', 'drip.sol', 'tune.sol']
2,['join.sol', 'transferFrom.sol', 'frob.sol', 'flap.t.sol', 'heal.sol', 'flap.sol', 'drip.sol', 'bite.sol']
3,['join.sol', 'transferFrom.sol', 'frob.sol', 'flap.t.sol', 'heal.sol', 'flap.sol', 'frob.t.sol', 'tune.sol']
3,['join.sol', 'transferFrom.sol', 'frob.sol', 'flap.t.sol', 'heal.sol', 'flap.sol', 'frob.t.sol', 'bite.sol']
2,['join.sol', 'transferFrom.sol', 'frob.sol', 'flap.t.sol', 'heal.sol', 'flap.sol', 'tune.sol', 'bite.sol']
3,['join.sol', 'transferFrom.sol', 'frob.sol', 'flap.t.sol', 'heal.sol', 'drip.sol', 'frob.t.sol', 'tune.sol']
2,['join.sol', 'transferFrom.sol', 'frob.sol', 'flap.t.sol', 'heal.sol', 'drip.sol', 'frob.t.sol', 'bite.sol']
2,['join.sol', 'transferFrom.sol', 'frob.sol', 'flap.t.sol', 'heal.sol', 'drip.sol', 'tune.sol', 'bite.sol']
3,['join.sol', 'transferFrom.sol', 'frob.sol', 'flap.t.sol', 'heal.sol', 'frob.t.sol', 'tune.sol', 'bite.sol']
4,['join.sol', 'transferFrom.sol', 'frob.sol', 'flap.t.sol', 'drip.t.sol', 'heal.t.sol', 'flap.sol', 'drip.sol']
2,['join.sol', 'transferFrom.sol', 'frob.sol', 'flap.t.sol', 'drip.t.sol', 'heal.t.sol', 'flap.sol', 'frob.t.sol']
2,['join.sol', 'transferFrom.sol', 'frob.sol', 'flap.t.sol', 'drip.t.sol', 'heal.t.sol', 'flap.sol', 'tune.sol']
4,['join.sol', 'transferFrom.sol', 'frob.sol', 'flap.t.sol', 'drip.t.sol', 'heal.t.sol', 'flap.sol', 'bite.sol']
2,['join.sol', 'transferFrom.sol', 'frob.sol', 'flap.t.sol', 'drip.t.sol', 'heal.t.sol', 'drip.sol', 'frob.t.sol']
2,['join.sol', 'transferFrom.sol', 'frob.sol', 'flap.t.sol', 'drip.t.sol', 'heal.t.sol', 'drip.sol', 'tune.sol']
3,['join.sol', 'transferFrom.sol', 'frob.sol', 'flap.t.sol', 'drip.t.sol', 'heal.t.sol', 'drip.sol', 'bite.sol']
2,['join.sol', 'transferFrom.sol', 'frob.sol', 'flap.t.sol', 'drip.t.sol', 'heal.t.sol', 'frob.t.sol', 'tune.sol']
2,['join.sol', 'transferFrom.sol', 'frob.sol', 'flap.t.sol', 'drip.t.sol', 'heal.t.sol', 'frob.t.sol', 'bite.sol']
2,['join.sol', 'transferFrom.sol', 'frob.sol', 'flap.t.sol', 'drip.t.sol', 'heal.t.sol', 'tune.sol', 'bite.sol']
2,['join.sol', 'transferFrom.sol', 'frob.sol', 'flap.t.sol', 'drip.t.sol', 'flap.sol', 'drip.sol', 'frob.t.sol']
2,['join.sol', 'transferFrom.sol', 'frob.sol', 'flap.t.sol', 'drip.t.sol', 'flap.sol', 'drip.sol', 'tune.sol']
2,['join.sol', 'transferFrom.sol', 'frob.sol', 'flap.t.sol', 'drip.t.sol', 'flap.sol', 'drip.sol', 'bite.sol']
3,['join.sol', 'transferFrom.sol', 'frob.sol', 'flap.t.sol', 'drip.t.sol', 'flap.sol', 'frob.t.sol', 'tune.sol']
2,['join.sol', 'transferFrom.sol', 'frob.sol', 'flap.t.sol', 'drip.t.sol', 'flap.sol', 'frob.t.sol', 'bite.sol']
2,['join.sol', 'transferFrom.sol', 'frob.sol', 'flap.t.sol', 'drip.t.sol', 'flap.sol', 'tune.sol', 'bite.sol']
3,['join.sol', 'transferFrom.sol', 'frob.sol', 'flap.t.sol', 'drip.t.sol', 'drip.sol', 'frob.t.sol', 'tune.sol']
3,['join.sol', 'transferFrom.sol', 'frob.sol', 'flap.t.sol', 'drip.t.sol', 'drip.sol', 'frob.t.sol', 'bite.sol']
2,['join.sol', 'transferFrom.sol', 'frob.sol', 'flap.t.sol', 'drip.t.sol', 'drip.sol', 'tune.sol', 'bite.sol']
3,['join.sol', 'transferFrom.sol', 'frob.sol', 'flap.t.sol', 'drip.t.sol', 'frob.t.sol', 'tune.sol', 'bite.sol']
2,['join.sol', 'transferFrom.sol', 'frob.sol', 'flap.t.sol', 'heal.t.sol', 'flap.sol', 'drip.sol', 'frob.t.sol']
2,['join.sol', 'transferFrom.sol', 'frob.sol', 'flap.t.sol', 'heal.t.sol', 'flap.sol', 'drip.sol', 'tune.sol']
4,['join.sol', 'transferFrom.sol', 'frob.sol', 'flap.t.sol', 'heal.t.sol', 'flap.sol', 'drip.sol', 'bite.sol']
3,['join.sol', 'transferFrom.sol', 'frob.sol', 'flap.t.sol', 'heal.t.sol', 'flap.sol', 'frob.t.sol', 'tune.sol']
3,['join.sol', 'transferFrom.sol', 'frob.sol', 'flap.t.sol', 'heal.t.sol', 'flap.sol', 'frob.t.sol', 'bite.sol']
3,['join.sol', 'transferFrom.sol', 'frob.sol', 'flap.t.sol', 'heal.t.sol', 'flap.sol', 'tune.sol', 'bite.sol']
2,['join.sol', 'transferFrom.sol', 'frob.sol', 'flap.t.sol', 'heal.t.sol', 'drip.sol', 'frob.t.sol', 'tune.sol']
2,['join.sol', 'transferFrom.sol', 'frob.sol', 'flap.t.sol', 'heal.t.sol', 'drip.sol', 'frob.t.sol', 'bite.sol']
2,['join.sol', 'transferFrom.sol', 'frob.sol', 'flap.t.sol', 'heal.t.sol', 'drip.sol', 'tune.sol', 'bite.sol']
3,['join.sol', 'transferFrom.sol', 'frob.sol', 'flap.t.sol', 'heal.t.sol', 'frob.t.sol', 'tune.sol', 'bite.sol']
3,['join.sol', 'transferFrom.sol', 'frob.sol', 'flap.t.sol', 'flap.sol', 'drip.sol', 'frob.t.sol', 'tune.sol']
2,['join.sol', 'transferFrom.sol', 'frob.sol', 'flap.t.sol', 'flap.sol', 'drip.sol', 'frob.t.sol', 'bite.sol']
2,['join.sol', 'transferFrom.sol', 'frob.sol', 'flap.t.sol', 'flap.sol', 'drip.sol', 'tune.sol', 'bite.sol']
3,['join.sol', 'transferFrom.sol', 'frob.sol', 'flap.t.sol', 'flap.sol', 'frob.t.sol', 'tune.sol', 'bite.sol']
3,['join.sol', 'transferFrom.sol', 'frob.sol', 'flap.t.sol', 'drip.sol', 'frob.t.sol', 'tune.sol', 'bite.sol']
2,['join.sol', 'transferFrom.sol', 'frob.sol', 'heal.sol', 'drip.t.sol', 'heal.t.sol', 'flap.sol', 'drip.sol']
3,['join.sol', 'transferFrom.sol', 'frob.sol', 'heal.sol', 'drip.t.sol', 'heal.t.sol', 'flap.sol', 'frob.t.sol']
3,['join.sol', 'transferFrom.sol', 'frob.sol', 'heal.sol', 'drip.t.sol', 'heal.t.sol', 'flap.sol', 'tune.sol']
2,['join.sol', 'transferFrom.sol', 'frob.sol', 'heal.sol', 'drip.t.sol', 'heal.t.sol', 'flap.sol', 'bite.sol']
5,['join.sol', 'transferFrom.sol', 'frob.sol', 'heal.sol', 'drip.t.sol', 'heal.t.sol', 'drip.sol', 'frob.t.sol']
3,['join.sol', 'transferFrom.sol', 'frob.sol', 'heal.sol', 'drip.t.sol', 'heal.t.sol', 'drip.sol', 'tune.sol']
2,['join.sol', 'transferFrom.sol', 'frob.sol', 'heal.sol', 'drip.t.sol', 'heal.t.sol', 'drip.sol', 'bite.sol']
3,['join.sol', 'transferFrom.sol', 'frob.sol', 'heal.sol', 'drip.t.sol', 'heal.t.sol', 'frob.t.sol', 'tune.sol']
4,['join.sol', 'transferFrom.sol', 'frob.sol', 'heal.sol', 'drip.t.sol', 'heal.t.sol', 'frob.t.sol', 'bite.sol']
3,['join.sol', 'transferFrom.sol', 'frob.sol', 'heal.sol', 'drip.t.sol', 'heal.t.sol', 'tune.sol', 'bite.sol']
3,['join.sol', 'transferFrom.sol', 'frob.sol', 'heal.sol', 'drip.t.sol', 'flap.sol', 'drip.sol', 'frob.t.sol']
2,['join.sol', 'transferFrom.sol', 'frob.sol', 'heal.sol', 'drip.t.sol', 'flap.sol', 'drip.sol', 'tune.sol']
2,['join.sol', 'transferFrom.sol', 'frob.sol', 'heal.sol', 'drip.t.sol', 'flap.sol', 'drip.sol', 'bite.sol']
2,['join.sol', 'transferFrom.sol', 'frob.sol', 'heal.sol', 'drip.t.sol', 'flap.sol', 'frob.t.sol', 'tune.sol']
2,['join.sol', 'transferFrom.sol', 'frob.sol', 'heal.sol', 'drip.t.sol', 'flap.sol', 'frob.t.sol', 'bite.sol']
2,['join.sol', 'transferFrom.sol', 'frob.sol', 'heal.sol', 'drip.t.sol', 'flap.sol', 'tune.sol', 'bite.sol']
2,['join.sol', 'transferFrom.sol', 'frob.sol', 'heal.sol', 'drip.t.sol', 'drip.sol', 'frob.t.sol', 'tune.sol']
3,['join.sol', 'transferFrom.sol', 'frob.sol', 'heal.sol', 'drip.t.sol', 'drip.sol', 'frob.t.sol', 'bite.sol']
2,['join.sol', 'transferFrom.sol', 'frob.sol', 'heal.sol', 'drip.t.sol', 'drip.sol', 'tune.sol', 'bite.sol']
2,['join.sol', 'transferFrom.sol', 'frob.sol', 'heal.sol', 'drip.t.sol', 'frob.t.sol', 'tune.sol', 'bite.sol']
3,['join.sol', 'transferFrom.sol', 'frob.sol', 'heal.sol', 'heal.t.sol', 'flap.sol', 'drip.sol', 'frob.t.sol']
3,['join.sol', 'transferFrom.sol', 'frob.sol', 'heal.sol', 'heal.t.sol', 'flap.sol', 'drip.sol', 'tune.sol']
2,['join.sol', 'transferFrom.sol', 'frob.sol', 'heal.sol', 'heal.t.sol', 'flap.sol', 'drip.sol', 'bite.sol']
3,['join.sol', 'transferFrom.sol', 'frob.sol', 'heal.sol', 'heal.t.sol', 'flap.sol', 'frob.t.sol', 'tune.sol']
4,['join.sol', 'transferFrom.sol', 'frob.sol', 'heal.sol', 'heal.t.sol', 'flap.sol', 'frob.t.sol', 'bite.sol']
4,['join.sol', 'transferFrom.sol', 'frob.sol', 'heal.sol', 'heal.t.sol', 'flap.sol', 'tune.sol', 'bite.sol']
2,['join.sol', 'transferFrom.sol', 'frob.sol', 'heal.sol', 'heal.t.sol', 'drip.sol', 'frob.t.sol', 'tune.sol']
3,['join.sol', 'transferFrom.sol', 'frob.sol', 'heal.sol', 'heal.t.sol', 'drip.sol', 'frob.t.sol', 'bite.sol']
3,['join.sol', 'transferFrom.sol', 'frob.sol', 'heal.sol', 'heal.t.sol', 'drip.sol', 'tune.sol', 'bite.sol']
3,['join.sol', 'transferFrom.sol', 'frob.sol', 'heal.sol', 'heal.t.sol', 'frob.t.sol', 'tune.sol', 'bite.sol']
2,['join.sol', 'transferFrom.sol', 'frob.sol', 'heal.sol', 'flap.sol', 'drip.sol', 'frob.t.sol', 'tune.sol']
2,['join.sol', 'transferFrom.sol', 'frob.sol', 'heal.sol', 'flap.sol', 'drip.sol', 'frob.t.sol', 'bite.sol']
2,['join.sol', 'transferFrom.sol', 'frob.sol', 'heal.sol', 'flap.sol', 'drip.sol', 'tune.sol', 'bite.sol']
2,['join.sol', 'transferFrom.sol', 'frob.sol', 'heal.sol', 'flap.sol', 'frob.t.sol', 'tune.sol', 'bite.sol']
2,['join.sol', 'transferFrom.sol', 'frob.sol', 'heal.sol', 'drip.sol', 'frob.t.sol', 'tune.sol', 'bite.sol']
3,['join.sol', 'transferFrom.sol', 'frob.sol', 'drip.t.sol', 'heal.t.sol', 'flap.sol', 'drip.sol', 'frob.t.sol']
3,['join.sol', 'transferFrom.sol', 'frob.sol', 'drip.t.sol', 'heal.t.sol', 'flap.sol', 'drip.sol', 'tune.sol']
2,['join.sol', 'transferFrom.sol', 'frob.sol', 'drip.t.sol', 'heal.t.sol', 'flap.sol', 'drip.sol', 'bite.sol']
3,['join.sol', 'transferFrom.sol', 'frob.sol', 'drip.t.sol', 'heal.t.sol', 'flap.sol', 'frob.t.sol', 'tune.sol']
3,['join.sol', 'transferFrom.sol', 'frob.sol', 'drip.t.sol', 'heal.t.sol', 'flap.sol', 'frob.t.sol', 'bite.sol']
3,['join.sol', 'transferFrom.sol', 'frob.sol', 'drip.t.sol', 'heal.t.sol', 'flap.sol', 'tune.sol', 'bite.sol']
2,['join.sol', 'transferFrom.sol', 'frob.sol', 'drip.t.sol', 'heal.t.sol', 'drip.sol', 'frob.t.sol', 'tune.sol']
5,['join.sol', 'transferFrom.sol', 'frob.sol', 'drip.t.sol', 'heal.t.sol', 'drip.sol', 'frob.t.sol', 'bite.sol']
3,['join.sol', 'transferFrom.sol', 'frob.sol', 'drip.t.sol', 'heal.t.sol', 'drip.sol', 'tune.sol', 'bite.sol']
1,['join.sol', 'transferFrom.sol', 'frob.sol', 'drip.t.sol', 'heal.t.sol', 'frob.t.sol', 'tune.sol', 'bite.sol']
2,['join.sol', 'transferFrom.sol', 'frob.sol', 'drip.t.sol', 'flap.sol', 'drip.sol', 'frob.t.sol', 'tune.sol']
2,['join.sol', 'transferFrom.sol', 'frob.sol', 'drip.t.sol', 'flap.sol', 'drip.sol', 'frob.t.sol', 'bite.sol']
2,['join.sol', 'transferFrom.sol', 'frob.sol', 'drip.t.sol', 'flap.sol', 'drip.sol', 'tune.sol', 'bite.sol']
2,['join.sol', 'transferFrom.sol', 'frob.sol', 'drip.t.sol', 'flap.sol', 'frob.t.sol', 'tune.sol', 'bite.sol']
2,['join.sol', 'transferFrom.sol', 'frob.sol', 'drip.t.sol', 'drip.sol', 'frob.t.sol', 'tune.sol', 'bite.sol']
2,['join.sol', 'transferFrom.sol', 'frob.sol', 'heal.t.sol', 'flap.sol', 'drip.sol', 'frob.t.sol', 'tune.sol']
3,['join.sol', 'transferFrom.sol', 'frob.sol', 'heal.t.sol', 'flap.sol', 'drip.sol', 'frob.t.sol', 'bite.sol']
3,['join.sol', 'transferFrom.sol', 'frob.sol', 'heal.t.sol', 'flap.sol', 'drip.sol', 'tune.sol', 'bite.sol']
3,['join.sol', 'transferFrom.sol', 'frob.sol', 'heal.t.sol', 'flap.sol', 'frob.t.sol', 'tune.sol', 'bite.sol']
2,['join.sol', 'transferFrom.sol', 'frob.sol', 'heal.t.sol', 'drip.sol', 'frob.t.sol', 'tune.sol', 'bite.sol']
2,['join.sol', 'transferFrom.sol', 'frob.sol', 'flap.sol', 'drip.sol', 'frob.t.sol', 'tune.sol', 'bite.sol']
3,['join.sol', 'transferFrom.sol', 'flip.t.sol', 'flop.t.sol', 'flap.t.sol', 'heal.sol', 'drip.t.sol', 'heal.t.sol']
3,['join.sol', 'transferFrom.sol', 'flip.t.sol', 'flop.t.sol', 'flap.t.sol', 'heal.sol', 'drip.t.sol', 'flap.sol']
3,['join.sol', 'transferFrom.sol', 'flip.t.sol', 'flop.t.sol', 'flap.t.sol', 'heal.sol', 'drip.t.sol', 'drip.sol']
2,['join.sol', 'transferFrom.sol', 'flip.t.sol', 'flop.t.sol', 'flap.t.sol', 'heal.sol', 'drip.t.sol', 'frob.t.sol']
1,['join.sol', 'transferFrom.sol', 'flip.t.sol', 'flop.t.sol', 'flap.t.sol', 'heal.sol', 'drip.t.sol', 'tune.sol']
3,['join.sol', 'transferFrom.sol', 'flip.t.sol', 'flop.t.sol', 'flap.t.sol', 'heal.sol', 'drip.t.sol', 'bite.sol']
4,['join.sol', 'transferFrom.sol', 'flip.t.sol', 'flop.t.sol', 'flap.t.sol', 'heal.sol', 'heal.t.sol', 'flap.sol']
3,['join.sol', 'transferFrom.sol', 'flip.t.sol', 'flop.t.sol', 'flap.t.sol', 'heal.sol', 'heal.t.sol', 'drip.sol']
3,['join.sol', 'transferFrom.sol', 'flip.t.sol', 'flop.t.sol', 'flap.t.sol', 'heal.sol', 'heal.t.sol', 'frob.t.sol']
3,['join.sol', 'transferFrom.sol', 'flip.t.sol', 'flop.t.sol', 'flap.t.sol', 'heal.sol', 'heal.t.sol', 'tune.sol']
4,['join.sol', 'transferFrom.sol', 'flip.t.sol', 'flop.t.sol', 'flap.t.sol', 'heal.sol', 'heal.t.sol', 'bite.sol']
3,['join.sol', 'transferFrom.sol', 'flip.t.sol', 'flop.t.sol', 'flap.t.sol', 'heal.sol', 'flap.sol', 'drip.sol']
3,['join.sol', 'transferFrom.sol', 'flip.t.sol', 'flop.t.sol', 'flap.t.sol', 'heal.sol', 'flap.sol', 'frob.t.sol']
3,['join.sol', 'transferFrom.sol', 'flip.t.sol', 'flop.t.sol', 'flap.t.sol', 'heal.sol', 'flap.sol', 'tune.sol']
2,['join.sol', 'transferFrom.sol', 'flip.t.sol', 'flop.t.sol', 'flap.t.sol', 'heal.sol', 'flap.sol', 'bite.sol']
2,['join.sol', 'transferFrom.sol', 'flip.t.sol', 'flop.t.sol', 'flap.t.sol', 'heal.sol', 'drip.sol', 'frob.t.sol']
2,['join.sol', 'transferFrom.sol', 'flip.t.sol', 'flop.t.sol', 'flap.t.sol', 'heal.sol', 'drip.sol', 'tune.sol']
3,['join.sol', 'transferFrom.sol', 'flip.t.sol', 'flop.t.sol', 'flap.t.sol', 'heal.sol', 'drip.sol', 'bite.sol']
3,['join.sol', 'transferFrom.sol', 'flip.t.sol', 'flop.t.sol', 'flap.t.sol', 'heal.sol', 'frob.t.sol', 'tune.sol']
3,['join.sol', 'transferFrom.sol', 'flip.t.sol', 'flop.t.sol', 'flap.t.sol', 'heal.sol', 'frob.t.sol', 'bite.sol']
1,['join.sol', 'transferFrom.sol', 'flip.t.sol', 'flop.t.sol', 'flap.t.sol', 'heal.sol', 'tune.sol', 'bite.sol']
2,['join.sol', 'transferFrom.sol', 'flip.t.sol', 'flop.t.sol', 'flap.t.sol', 'drip.t.sol', 'heal.t.sol', 'flap.sol']
3,['join.sol', 'transferFrom.sol', 'flip.t.sol', 'flop.t.sol', 'flap.t.sol', 'drip.t.sol', 'heal.t.sol', 'drip.sol']
2,['join.sol', 'transferFrom.sol', 'flip.t.sol', 'flop.t.sol', 'flap.t.sol', 'drip.t.sol', 'heal.t.sol', 'frob.t.sol']
2,['join.sol', 'transferFrom.sol', 'flip.t.sol', 'flop.t.sol', 'flap.t.sol', 'drip.t.sol', 'heal.t.sol', 'tune.sol']
3,['join.sol', 'transferFrom.sol', 'flip.t.sol', 'flop.t.sol', 'flap.t.sol', 'drip.t.sol', 'heal.t.sol', 'bite.sol']
4,['join.sol', 'transferFrom.sol', 'flip.t.sol', 'flop.t.sol', 'flap.t.sol', 'drip.t.sol', 'flap.sol', 'drip.sol']
2,['join.sol', 'transferFrom.sol', 'flip.t.sol', 'flop.t.sol', 'flap.t.sol', 'drip.t.sol', 'flap.sol', 'frob.t.sol']
2,['join.sol', 'transferFrom.sol', 'flip.t.sol', 'flop.t.sol', 'flap.t.sol', 'drip.t.sol', 'flap.sol', 'tune.sol']
3,['join.sol', 'transferFrom.sol', 'flip.t.sol', 'flop.t.sol', 'flap.t.sol', 'drip.t.sol', 'flap.sol', 'bite.sol']
2,['join.sol', 'transferFrom.sol', 'flip.t.sol', 'flop.t.sol', 'flap.t.sol', 'drip.t.sol', 'drip.sol', 'frob.t.sol']
2,['join.sol', 'transferFrom.sol', 'flip.t.sol', 'flop.t.sol', 'flap.t.sol', 'drip.t.sol', 'drip.sol', 'tune.sol']
3,['join.sol', 'transferFrom.sol', 'flip.t.sol', 'flop.t.sol', 'flap.t.sol', 'drip.t.sol', 'drip.sol', 'bite.sol']
2,['join.sol', 'transferFrom.sol', 'flip.t.sol', 'flop.t.sol', 'flap.t.sol', 'drip.t.sol', 'frob.t.sol', 'tune.sol']
2,['join.sol', 'transferFrom.sol', 'flip.t.sol', 'flop.t.sol', 'flap.t.sol', 'drip.t.sol', 'frob.t.sol', 'bite.sol']
1,['join.sol', 'transferFrom.sol', 'flip.t.sol', 'flop.t.sol', 'flap.t.sol', 'drip.t.sol', 'tune.sol', 'bite.sol']
3,['join.sol', 'transferFrom.sol', 'flip.t.sol', 'flop.t.sol', 'flap.t.sol', 'heal.t.sol', 'flap.sol', 'drip.sol']
3,['join.sol', 'transferFrom.sol', 'flip.t.sol', 'flop.t.sol', 'flap.t.sol', 'heal.t.sol', 'flap.sol', 'frob.t.sol']
3,['join.sol', 'transferFrom.sol', 'flip.t.sol', 'flop.t.sol', 'flap.t.sol', 'heal.t.sol', 'flap.sol', 'tune.sol']
4,['join.sol', 'transferFrom.sol', 'flip.t.sol', 'flop.t.sol', 'flap.t.sol', 'heal.t.sol', 'flap.sol', 'bite.sol']
2,['join.sol', 'transferFrom.sol', 'flip.t.sol', 'flop.t.sol', 'flap.t.sol', 'heal.t.sol', 'drip.sol', 'frob.t.sol']
2,['join.sol', 'transferFrom.sol', 'flip.t.sol', 'flop.t.sol', 'flap.t.sol', 'heal.t.sol', 'drip.sol', 'tune.sol']
3,['join.sol', 'transferFrom.sol', 'flip.t.sol', 'flop.t.sol', 'flap.t.sol', 'heal.t.sol', 'drip.sol', 'bite.sol']
3,['join.sol', 'transferFrom.sol', 'flip.t.sol', 'flop.t.sol', 'flap.t.sol', 'heal.t.sol', 'frob.t.sol', 'tune.sol']
3,['join.sol', 'transferFrom.sol', 'flip.t.sol', 'flop.t.sol', 'flap.t.sol', 'heal.t.sol', 'frob.t.sol', 'bite.sol']
3,['join.sol', 'transferFrom.sol', 'flip.t.sol', 'flop.t.sol', 'flap.t.sol', 'heal.t.sol', 'tune.sol', 'bite.sol']
2,['join.sol', 'transferFrom.sol', 'flip.t.sol', 'flop.t.sol', 'flap.t.sol', 'flap.sol', 'drip.sol', 'frob.t.sol']
4,['join.sol', 'transferFrom.sol', 'flip.t.sol', 'flop.t.sol', 'flap.t.sol', 'flap.sol', 'drip.sol', 'tune.sol']
3,['join.sol', 'transferFrom.sol', 'flip.t.sol', 'flop.t.sol', 'flap.t.sol', 'flap.sol', 'drip.sol', 'bite.sol']
3,['join.sol', 'transferFrom.sol', 'flip.t.sol', 'flop.t.sol', 'flap.t.sol', 'flap.sol', 'frob.t.sol', 'tune.sol']
3,['join.sol', 'transferFrom.sol', 'flip.t.sol', 'flop.t.sol', 'flap.t.sol', 'flap.sol', 'frob.t.sol', 'bite.sol']
2,['join.sol', 'transferFrom.sol', 'flip.t.sol', 'flop.t.sol', 'flap.t.sol', 'flap.sol', 'tune.sol', 'bite.sol']
2,['join.sol', 'transferFrom.sol', 'flip.t.sol', 'flop.t.sol', 'flap.t.sol', 'drip.sol', 'frob.t.sol', 'tune.sol']
2,['join.sol', 'transferFrom.sol', 'flip.t.sol', 'flop.t.sol', 'flap.t.sol', 'drip.sol', 'frob.t.sol', 'bite.sol']
2,['join.sol', 'transferFrom.sol', 'flip.t.sol', 'flop.t.sol', 'flap.t.sol', 'drip.sol', 'tune.sol', 'bite.sol']
3,['join.sol', 'transferFrom.sol', 'flip.t.sol', 'flop.t.sol', 'flap.t.sol', 'frob.t.sol', 'tune.sol', 'bite.sol']
3,['join.sol', 'transferFrom.sol', 'flip.t.sol', 'flop.t.sol', 'heal.sol', 'drip.t.sol', 'heal.t.sol', 'flap.sol']
3,['join.sol', 'transferFrom.sol', 'flip.t.sol', 'flop.t.sol', 'heal.sol', 'drip.t.sol', 'heal.t.sol', 'drip.sol']
2,['join.sol', 'transferFrom.sol', 'flip.t.sol', 'flop.t.sol', 'heal.sol', 'drip.t.sol', 'heal.t.sol', 'frob.t.sol']
2,['join.sol', 'transferFrom.sol', 'flip.t.sol', 'flop.t.sol', 'heal.sol', 'drip.t.sol', 'heal.t.sol', 'tune.sol']
3,['join.sol', 'transferFrom.sol', 'flip.t.sol', 'flop.t.sol', 'heal.sol', 'drip.t.sol', 'heal.t.sol', 'bite.sol']
2,['join.sol', 'transferFrom.sol', 'flip.t.sol', 'flop.t.sol', 'heal.sol', 'drip.t.sol', 'flap.sol', 'drip.sol']
2,['join.sol', 'transferFrom.sol', 'flip.t.sol', 'flop.t.sol', 'heal.sol', 'drip.t.sol', 'flap.sol', 'frob.t.sol']
1,['join.sol', 'transferFrom.sol', 'flip.t.sol', 'flop.t.sol', 'heal.sol', 'drip.t.sol', 'flap.sol', 'tune.sol']
2,['join.sol', 'transferFrom.sol', 'flip.t.sol', 'flop.t.sol', 'heal.sol', 'drip.t.sol', 'flap.sol', 'bite.sol']
3,['join.sol', 'transferFrom.sol', 'flip.t.sol', 'flop.t.sol', 'heal.sol', 'drip.t.sol', 'drip.sol', 'frob.t.sol']
2,['join.sol', 'transferFrom.sol', 'flip.t.sol', 'flop.t.sol', 'heal.sol', 'drip.t.sol', 'drip.sol', 'tune.sol']
3,['join.sol', 'transferFrom.sol', 'flip.t.sol', 'flop.t.sol', 'heal.sol', 'drip.t.sol', 'drip.sol', 'bite.sol']
2,['join.sol', 'transferFrom.sol', 'flip.t.sol', 'flop.t.sol', 'heal.sol', 'drip.t.sol', 'frob.t.sol', 'tune.sol']
2,['join.sol', 'transferFrom.sol', 'flip.t.sol', 'flop.t.sol', 'heal.sol', 'drip.t.sol', 'frob.t.sol', 'bite.sol']
2,['join.sol', 'transferFrom.sol', 'flip.t.sol', 'flop.t.sol', 'heal.sol', 'drip.t.sol', 'tune.sol', 'bite.sol']
3,['join.sol', 'transferFrom.sol', 'flip.t.sol', 'flop.t.sol', 'heal.sol', 'heal.t.sol', 'flap.sol', 'drip.sol']
3,['join.sol', 'transferFrom.sol', 'flip.t.sol', 'flop.t.sol', 'heal.sol', 'heal.t.sol', 'flap.sol', 'frob.t.sol']
3,['join.sol', 'transferFrom.sol', 'flip.t.sol', 'flop.t.sol', 'heal.sol', 'heal.t.sol', 'flap.sol', 'tune.sol']
4,['join.sol', 'transferFrom.sol', 'flip.t.sol', 'flop.t.sol', 'heal.sol', 'heal.t.sol', 'flap.sol', 'bite.sol']
2,['join.sol', 'transferFrom.sol', 'flip.t.sol', 'flop.t.sol', 'heal.sol', 'heal.t.sol', 'drip.sol', 'frob.t.sol']
2,['join.sol', 'transferFrom.sol', 'flip.t.sol', 'flop.t.sol', 'heal.sol', 'heal.t.sol', 'drip.sol', 'tune.sol']
3,['join.sol', 'transferFrom.sol', 'flip.t.sol', 'flop.t.sol', 'heal.sol', 'heal.t.sol', 'drip.sol', 'bite.sol']
3,['join.sol', 'transferFrom.sol', 'flip.t.sol', 'flop.t.sol', 'heal.sol', 'heal.t.sol', 'frob.t.sol', 'tune.sol']
3,['join.sol', 'transferFrom.sol', 'flip.t.sol', 'flop.t.sol', 'heal.sol', 'heal.t.sol', 'frob.t.sol', 'bite.sol']
3,['join.sol', 'transferFrom.sol', 'flip.t.sol', 'flop.t.sol', 'heal.sol', 'heal.t.sol', 'tune.sol', 'bite.sol']
2,['join.sol', 'transferFrom.sol', 'flip.t.sol', 'flop.t.sol', 'heal.sol', 'flap.sol', 'drip.sol', 'frob.t.sol']
2,['join.sol', 'transferFrom.sol', 'flip.t.sol', 'flop.t.sol', 'heal.sol', 'flap.sol', 'drip.sol', 'tune.sol']
2,['join.sol', 'transferFrom.sol', 'flip.t.sol', 'flop.t.sol', 'heal.sol', 'flap.sol', 'drip.sol', 'bite.sol']
3,['join.sol', 'transferFrom.sol', 'flip.t.sol', 'flop.t.sol', 'heal.sol', 'flap.sol', 'frob.t.sol', 'tune.sol']
3,['join.sol', 'transferFrom.sol', 'flip.t.sol', 'flop.t.sol', 'heal.sol', 'flap.sol', 'frob.t.sol', 'bite.sol']
2,['join.sol', 'transferFrom.sol', 'flip.t.sol', 'flop.t.sol', 'heal.sol', 'flap.sol', 'tune.sol', 'bite.sol']
2,['join.sol', 'transferFrom.sol', 'flip.t.sol', 'flop.t.sol', 'heal.sol', 'drip.sol', 'frob.t.sol', 'tune.sol']
2,['join.sol', 'transferFrom.sol', 'flip.t.sol', 'flop.t.sol', 'heal.sol', 'drip.sol', 'frob.t.sol', 'bite.sol']
2,['join.sol', 'transferFrom.sol', 'flip.t.sol', 'flop.t.sol', 'heal.sol', 'drip.sol', 'tune.sol', 'bite.sol']
3,['join.sol', 'transferFrom.sol', 'flip.t.sol', 'flop.t.sol', 'heal.sol', 'frob.t.sol', 'tune.sol', 'bite.sol']
3,['join.sol', 'transferFrom.sol', 'flip.t.sol', 'flop.t.sol', 'drip.t.sol', 'heal.t.sol', 'flap.sol', 'drip.sol']
2,['join.sol', 'transferFrom.sol', 'flip.t.sol', 'flop.t.sol', 'drip.t.sol', 'heal.t.sol', 'flap.sol', 'frob.t.sol']
2,['join.sol', 'transferFrom.sol', 'flip.t.sol', 'flop.t.sol', 'drip.t.sol', 'heal.t.sol', 'flap.sol', 'tune.sol']
3,['join.sol', 'transferFrom.sol', 'flip.t.sol', 'flop.t.sol', 'drip.t.sol', 'heal.t.sol', 'flap.sol', 'bite.sol']
2,['join.sol', 'transferFrom.sol', 'flip.t.sol', 'flop.t.sol', 'drip.t.sol', 'heal.t.sol', 'drip.sol', 'frob.t.sol']
2,['join.sol', 'transferFrom.sol', 'flip.t.sol', 'flop.t.sol', 'drip.t.sol', 'heal.t.sol', 'drip.sol', 'tune.sol']
3,['join.sol', 'transferFrom.sol', 'flip.t.sol', 'flop.t.sol', 'drip.t.sol', 'heal.t.sol', 'drip.sol', 'bite.sol']
2,['join.sol', 'transferFrom.sol', 'flip.t.sol', 'flop.t.sol', 'drip.t.sol', 'heal.t.sol', 'frob.t.sol', 'tune.sol']
2,['join.sol', 'transferFrom.sol', 'flip.t.sol', 'flop.t.sol', 'drip.t.sol', 'heal.t.sol', 'frob.t.sol', 'bite.sol']
2,['join.sol', 'transferFrom.sol', 'flip.t.sol', 'flop.t.sol', 'drip.t.sol', 'heal.t.sol', 'tune.sol', 'bite.sol']
2,['join.sol', 'transferFrom.sol', 'flip.t.sol', 'flop.t.sol', 'drip.t.sol', 'flap.sol', 'drip.sol', 'frob.t.sol']
4,['join.sol', 'transferFrom.sol', 'flip.t.sol', 'flop.t.sol', 'drip.t.sol', 'flap.sol', 'drip.sol', 'tune.sol']
3,['join.sol', 'transferFrom.sol', 'flip.t.sol', 'flop.t.sol', 'drip.t.sol', 'flap.sol', 'drip.sol', 'bite.sol']
2,['join.sol', 'transferFrom.sol', 'flip.t.sol', 'flop.t.sol', 'drip.t.sol', 'flap.sol', 'frob.t.sol', 'tune.sol']
2,['join.sol', 'transferFrom.sol', 'flip.t.sol', 'flop.t.sol', 'drip.t.sol', 'flap.sol', 'frob.t.sol', 'bite.sol']
1,['join.sol', 'transferFrom.sol', 'flip.t.sol', 'flop.t.sol', 'drip.t.sol', 'flap.sol', 'tune.sol', 'bite.sol']
2,['join.sol', 'transferFrom.sol', 'flip.t.sol', 'flop.t.sol', 'drip.t.sol', 'drip.sol', 'frob.t.sol', 'tune.sol']
3,['join.sol', 'transferFrom.sol', 'flip.t.sol', 'flop.t.sol', 'drip.t.sol', 'drip.sol', 'frob.t.sol', 'bite.sol']
2,['join.sol', 'transferFrom.sol', 'flip.t.sol', 'flop.t.sol', 'drip.t.sol', 'drip.sol', 'tune.sol', 'bite.sol']
2,['join.sol', 'transferFrom.sol', 'flip.t.sol', 'flop.t.sol', 'drip.t.sol', 'frob.t.sol', 'tune.sol', 'bite.sol']
2,['join.sol', 'transferFrom.sol', 'flip.t.sol', 'flop.t.sol', 'heal.t.sol', 'flap.sol', 'drip.sol', 'frob.t.sol']
2,['join.sol', 'transferFrom.sol', 'flip.t.sol', 'flop.t.sol', 'heal.t.sol', 'flap.sol', 'drip.sol', 'tune.sol']
3,['join.sol', 'transferFrom.sol', 'flip.t.sol', 'flop.t.sol', 'heal.t.sol', 'flap.sol', 'drip.sol', 'bite.sol']
3,['join.sol', 'transferFrom.sol', 'flip.t.sol', 'flop.t.sol', 'heal.t.sol', 'flap.sol', 'frob.t.sol', 'tune.sol']
3,['join.sol', 'transferFrom.sol', 'flip.t.sol', 'flop.t.sol', 'heal.t.sol', 'flap.sol', 'frob.t.sol', 'bite.sol']
3,['join.sol', 'transferFrom.sol', 'flip.t.sol', 'flop.t.sol', 'heal.t.sol', 'flap.sol', 'tune.sol', 'bite.sol']
2,['join.sol', 'transferFrom.sol', 'flip.t.sol', 'flop.t.sol', 'heal.t.sol', 'drip.sol', 'frob.t.sol', 'tune.sol']
2,['join.sol', 'transferFrom.sol', 'flip.t.sol', 'flop.t.sol', 'heal.t.sol', 'drip.sol', 'frob.t.sol', 'bite.sol']
2,['join.sol', 'transferFrom.sol', 'flip.t.sol', 'flop.t.sol', 'heal.t.sol', 'drip.sol', 'tune.sol', 'bite.sol']
3,['join.sol', 'transferFrom.sol', 'flip.t.sol', 'flop.t.sol', 'heal.t.sol', 'frob.t.sol', 'tune.sol', 'bite.sol']
2,['join.sol', 'transferFrom.sol', 'flip.t.sol', 'flop.t.sol', 'flap.sol', 'drip.sol', 'frob.t.sol', 'tune.sol']
2,['join.sol', 'transferFrom.sol', 'flip.t.sol', 'flop.t.sol', 'flap.sol', 'drip.sol', 'frob.t.sol', 'bite.sol']
2,['join.sol', 'transferFrom.sol', 'flip.t.sol', 'flop.t.sol', 'flap.sol', 'drip.sol', 'tune.sol', 'bite.sol']
3,['join.sol', 'transferFrom.sol', 'flip.t.sol', 'flop.t.sol', 'flap.sol', 'frob.t.sol', 'tune.sol', 'bite.sol']
2,['join.sol', 'transferFrom.sol', 'flip.t.sol', 'flop.t.sol', 'drip.sol', 'frob.t.sol', 'tune.sol', 'bite.sol']
3,['join.sol', 'transferFrom.sol', 'flip.t.sol', 'flap.t.sol', 'heal.sol', 'drip.t.sol', 'heal.t.sol', 'flap.sol']
3,['join.sol', 'transferFrom.sol', 'flip.t.sol', 'flap.t.sol', 'heal.sol', 'drip.t.sol', 'heal.t.sol', 'drip.sol']
2,['join.sol', 'transferFrom.sol', 'flip.t.sol', 'flap.t.sol', 'heal.sol', 'drip.t.sol', 'heal.t.sol', 'frob.t.sol']
2,['join.sol', 'transferFrom.sol', 'flip.t.sol', 'flap.t.sol', 'heal.sol', 'drip.t.sol', 'heal.t.sol', 'tune.sol']
3,['join.sol', 'transferFrom.sol', 'flip.t.sol', 'flap.t.sol', 'heal.sol', 'drip.t.sol', 'heal.t.sol', 'bite.sol']
2,['join.sol', 'transferFrom.sol', 'flip.t.sol', 'flap.t.sol', 'heal.sol', 'drip.t.sol', 'flap.sol', 'drip.sol']
2,['join.sol', 'transferFrom.sol', 'flip.t.sol', 'flap.t.sol', 'heal.sol', 'drip.t.sol', 'flap.sol', 'frob.t.sol']
1,['join.sol', 'transferFrom.sol', 'flip.t.sol', 'flap.t.sol', 'heal.sol', 'drip.t.sol', 'flap.sol', 'tune.sol']
2,['join.sol', 'transferFrom.sol', 'flip.t.sol', 'flap.t.sol', 'heal.sol', 'drip.t.sol', 'flap.sol', 'bite.sol']
3,['join.sol', 'transferFrom.sol', 'flip.t.sol', 'flap.t.sol', 'heal.sol', 'drip.t.sol', 'drip.sol', 'frob.t.sol']
2,['join.sol', 'transferFrom.sol', 'flip.t.sol', 'flap.t.sol', 'heal.sol', 'drip.t.sol', 'drip.sol', 'tune.sol']
3,['join.sol', 'transferFrom.sol', 'flip.t.sol', 'flap.t.sol', 'heal.sol', 'drip.t.sol', 'drip.sol', 'bite.sol']
2,['join.sol', 'transferFrom.sol', 'flip.t.sol', 'flap.t.sol', 'heal.sol', 'drip.t.sol', 'frob.t.sol', 'tune.sol']
2,['join.sol', 'transferFrom.sol', 'flip.t.sol', 'flap.t.sol', 'heal.sol', 'drip.t.sol', 'frob.t.sol', 'bite.sol']
2,['join.sol', 'transferFrom.sol', 'flip.t.sol', 'flap.t.sol', 'heal.sol', 'drip.t.sol', 'tune.sol', 'bite.sol']
3,['join.sol', 'transferFrom.sol', 'flip.t.sol', 'flap.t.sol', 'heal.sol', 'heal.t.sol', 'flap.sol', 'drip.sol']
3,['join.sol', 'transferFrom.sol', 'flip.t.sol', 'flap.t.sol', 'heal.sol', 'heal.t.sol', 'flap.sol', 'frob.t.sol']
3,['join.sol', 'transferFrom.sol', 'flip.t.sol', 'flap.t.sol', 'heal.sol', 'heal.t.sol', 'flap.sol', 'tune.sol']
4,['join.sol', 'transferFrom.sol', 'flip.t.sol', 'flap.t.sol', 'heal.sol', 'heal.t.sol', 'flap.sol', 'bite.sol']
2,['join.sol', 'transferFrom.sol', 'flip.t.sol', 'flap.t.sol', 'heal.sol', 'heal.t.sol', 'drip.sol', 'frob.t.sol']
2,['join.sol', 'transferFrom.sol', 'flip.t.sol', 'flap.t.sol', 'heal.sol', 'heal.t.sol', 'drip.sol', 'tune.sol']
3,['join.sol', 'transferFrom.sol', 'flip.t.sol', 'flap.t.sol', 'heal.sol', 'heal.t.sol', 'drip.sol', 'bite.sol']
3,['join.sol', 'transferFrom.sol', 'flip.t.sol', 'flap.t.sol', 'heal.sol', 'heal.t.sol', 'frob.t.sol', 'tune.sol']
3,['join.sol', 'transferFrom.sol', 'flip.t.sol', 'flap.t.sol', 'heal.sol', 'heal.t.sol', 'frob.t.sol', 'bite.sol']
3,['join.sol', 'transferFrom.sol', 'flip.t.sol', 'flap.t.sol', 'heal.sol', 'heal.t.sol', 'tune.sol', 'bite.sol']
2,['join.sol', 'transferFrom.sol', 'flip.t.sol', 'flap.t.sol', 'heal.sol', 'flap.sol', 'drip.sol', 'frob.t.sol']
2,['join.sol', 'transferFrom.sol', 'flip.t.sol', 'flap.t.sol', 'heal.sol', 'flap.sol', 'drip.sol', 'tune.sol']
2,['join.sol', 'transferFrom.sol', 'flip.t.sol', 'flap.t.sol', 'heal.sol', 'flap.sol', 'drip.sol', 'bite.sol']
3,['join.sol', 'transferFrom.sol', 'flip.t.sol', 'flap.t.sol', 'heal.sol', 'flap.sol', 'frob.t.sol', 'tune.sol']
3,['join.sol', 'transferFrom.sol', 'flip.t.sol', 'flap.t.sol', 'heal.sol', 'flap.sol', 'frob.t.sol', 'bite.sol']
2,['join.sol', 'transferFrom.sol', 'flip.t.sol', 'flap.t.sol', 'heal.sol', 'flap.sol', 'tune.sol', 'bite.sol']
2,['join.sol', 'transferFrom.sol', 'flip.t.sol', 'flap.t.sol', 'heal.sol', 'drip.sol', 'frob.t.sol', 'tune.sol']
2,['join.sol', 'transferFrom.sol', 'flip.t.sol', 'flap.t.sol', 'heal.sol', 'drip.sol', 'frob.t.sol', 'bite.sol']
2,['join.sol', 'transferFrom.sol', 'flip.t.sol', 'flap.t.sol', 'heal.sol', 'drip.sol', 'tune.sol', 'bite.sol']
3,['join.sol', 'transferFrom.sol', 'flip.t.sol', 'flap.t.sol', 'heal.sol', 'frob.t.sol', 'tune.sol', 'bite.sol']
3,['join.sol', 'transferFrom.sol', 'flip.t.sol', 'flap.t.sol', 'drip.t.sol', 'heal.t.sol', 'flap.sol', 'drip.sol']
2,['join.sol', 'transferFrom.sol', 'flip.t.sol', 'flap.t.sol', 'drip.t.sol', 'heal.t.sol', 'flap.sol', 'frob.t.sol']
2,['join.sol', 'transferFrom.sol', 'flip.t.sol', 'flap.t.sol', 'drip.t.sol', 'heal.t.sol', 'flap.sol', 'tune.sol']
3,['join.sol', 'transferFrom.sol', 'flip.t.sol', 'flap.t.sol', 'drip.t.sol', 'heal.t.sol', 'flap.sol', 'bite.sol']
2,['join.sol', 'transferFrom.sol', 'flip.t.sol', 'flap.t.sol', 'drip.t.sol', 'heal.t.sol', 'drip.sol', 'frob.t.sol']
2,['join.sol', 'transferFrom.sol', 'flip.t.sol', 'flap.t.sol', 'drip.t.sol', 'heal.t.sol', 'drip.sol', 'tune.sol']
3,['join.sol', 'transferFrom.sol', 'flip.t.sol', 'flap.t.sol', 'drip.t.sol', 'heal.t.sol', 'drip.sol', 'bite.sol']
2,['join.sol', 'transferFrom.sol', 'flip.t.sol', 'flap.t.sol', 'drip.t.sol', 'heal.t.sol', 'frob.t.sol', 'tune.sol']
2,['join.sol', 'transferFrom.sol', 'flip.t.sol', 'flap.t.sol', 'drip.t.sol', 'heal.t.sol', 'frob.t.sol', 'bite.sol']
2,['join.sol', 'transferFrom.sol', 'flip.t.sol', 'flap.t.sol', 'drip.t.sol', 'heal.t.sol', 'tune.sol', 'bite.sol']
2,['join.sol', 'transferFrom.sol', 'flip.t.sol', 'flap.t.sol', 'drip.t.sol', 'flap.sol', 'drip.sol', 'frob.t.sol']
4,['join.sol', 'transferFrom.sol', 'flip.t.sol', 'flap.t.sol', 'drip.t.sol', 'flap.sol', 'drip.sol', 'tune.sol']
3,['join.sol', 'transferFrom.sol', 'flip.t.sol', 'flap.t.sol', 'drip.t.sol', 'flap.sol', 'drip.sol', 'bite.sol']
2,['join.sol', 'transferFrom.sol', 'flip.t.sol', 'flap.t.sol', 'drip.t.sol', 'flap.sol', 'frob.t.sol', 'tune.sol']
2,['join.sol', 'transferFrom.sol', 'flip.t.sol', 'flap.t.sol', 'drip.t.sol', 'flap.sol', 'frob.t.sol', 'bite.sol']
1,['join.sol', 'transferFrom.sol', 'flip.t.sol', 'flap.t.sol', 'drip.t.sol', 'flap.sol', 'tune.sol', 'bite.sol']
2,['join.sol', 'transferFrom.sol', 'flip.t.sol', 'flap.t.sol', 'drip.t.sol', 'drip.sol', 'frob.t.sol', 'tune.sol']
2,['join.sol', 'transferFrom.sol', 'flip.t.sol', 'flap.t.sol', 'drip.t.sol', 'drip.sol', 'frob.t.sol', 'bite.sol']
2,['join.sol', 'transferFrom.sol', 'flip.t.sol', 'flap.t.sol', 'drip.t.sol', 'drip.sol', 'tune.sol', 'bite.sol']
2,['join.sol', 'transferFrom.sol', 'flip.t.sol', 'flap.t.sol', 'drip.t.sol', 'frob.t.sol', 'tune.sol', 'bite.sol']
2,['join.sol', 'transferFrom.sol', 'flip.t.sol', 'flap.t.sol', 'heal.t.sol', 'flap.sol', 'drip.sol', 'frob.t.sol']
2,['join.sol', 'transferFrom.sol', 'flip.t.sol', 'flap.t.sol', 'heal.t.sol', 'flap.sol', 'drip.sol', 'tune.sol']
3,['join.sol', 'transferFrom.sol', 'flip.t.sol', 'flap.t.sol', 'heal.t.sol', 'flap.sol', 'drip.sol', 'bite.sol']
3,['join.sol', 'transferFrom.sol', 'flip.t.sol', 'flap.t.sol', 'heal.t.sol', 'flap.sol', 'frob.t.sol', 'tune.sol']
3,['join.sol', 'transferFrom.sol', 'flip.t.sol', 'flap.t.sol', 'heal.t.sol', 'flap.sol', 'frob.t.sol', 'bite.sol']
3,['join.sol', 'transferFrom.sol', 'flip.t.sol', 'flap.t.sol', 'heal.t.sol', 'flap.sol', 'tune.sol', 'bite.sol']
2,['join.sol', 'transferFrom.sol', 'flip.t.sol', 'flap.t.sol', 'heal.t.sol', 'drip.sol', 'frob.t.sol', 'tune.sol']
2,['join.sol', 'transferFrom.sol', 'flip.t.sol', 'flap.t.sol', 'heal.t.sol', 'drip.sol', 'frob.t.sol', 'bite.sol']
2,['join.sol', 'transferFrom.sol', 'flip.t.sol', 'flap.t.sol', 'heal.t.sol', 'drip.sol', 'tune.sol', 'bite.sol']
3,['join.sol', 'transferFrom.sol', 'flip.t.sol', 'flap.t.sol', 'heal.t.sol', 'frob.t.sol', 'tune.sol', 'bite.sol']
2,['join.sol', 'transferFrom.sol', 'flip.t.sol', 'flap.t.sol', 'flap.sol', 'drip.sol', 'frob.t.sol', 'tune.sol']
2,['join.sol', 'transferFrom.sol', 'flip.t.sol', 'flap.t.sol', 'flap.sol', 'drip.sol', 'frob.t.sol', 'bite.sol']
2,['join.sol', 'transferFrom.sol', 'flip.t.sol', 'flap.t.sol', 'flap.sol', 'drip.sol', 'tune.sol', 'bite.sol']
3,['join.sol', 'transferFrom.sol', 'flip.t.sol', 'flap.t.sol', 'flap.sol', 'frob.t.sol', 'tune.sol', 'bite.sol']
2,['join.sol', 'transferFrom.sol', 'flip.t.sol', 'flap.t.sol', 'drip.sol', 'frob.t.sol', 'tune.sol', 'bite.sol']
3,['join.sol', 'transferFrom.sol', 'flip.t.sol', 'heal.sol', 'drip.t.sol', 'heal.t.sol', 'flap.sol', 'drip.sol']
2,['join.sol', 'transferFrom.sol', 'flip.t.sol', 'heal.sol', 'drip.t.sol', 'heal.t.sol', 'flap.sol', 'frob.t.sol']
2,['join.sol', 'transferFrom.sol', 'flip.t.sol', 'heal.sol', 'drip.t.sol', 'heal.t.sol', 'flap.sol', 'tune.sol']
2,['join.sol', 'transferFrom.sol', 'flip.t.sol', 'heal.sol', 'drip.t.sol', 'heal.t.sol', 'flap.sol', 'bite.sol']
3,['join.sol', 'transferFrom.sol', 'flip.t.sol', 'heal.sol', 'drip.t.sol', 'heal.t.sol', 'drip.sol', 'frob.t.sol']
2,['join.sol', 'transferFrom.sol', 'flip.t.sol', 'heal.sol', 'drip.t.sol', 'heal.t.sol', 'drip.sol', 'tune.sol']
5,['join.sol', 'transferFrom.sol', 'flip.t.sol', 'heal.sol', 'drip.t.sol', 'heal.t.sol', 'drip.sol', 'bite.sol']
2,['join.sol', 'transferFrom.sol', 'flip.t.sol', 'heal.sol', 'drip.t.sol', 'heal.t.sol', 'frob.t.sol', 'tune.sol']
2,['join.sol', 'transferFrom.sol', 'flip.t.sol', 'heal.sol', 'drip.t.sol', 'heal.t.sol', 'frob.t.sol', 'bite.sol']
2,['join.sol', 'transferFrom.sol', 'flip.t.sol', 'heal.sol', 'drip.t.sol', 'heal.t.sol', 'tune.sol', 'bite.sol']
5,['join.sol', 'transferFrom.sol', 'flip.t.sol', 'heal.sol', 'drip.t.sol', 'flap.sol', 'drip.sol', 'frob.t.sol']
2,['join.sol', 'transferFrom.sol', 'flip.t.sol', 'heal.sol', 'drip.t.sol', 'flap.sol', 'drip.sol', 'tune.sol']
2,['join.sol', 'transferFrom.sol', 'flip.t.sol', 'heal.sol', 'drip.t.sol', 'flap.sol', 'drip.sol', 'bite.sol']
2,['join.sol', 'transferFrom.sol', 'flip.t.sol', 'heal.sol', 'drip.t.sol', 'flap.sol', 'frob.t.sol', 'tune.sol']
4,['join.sol', 'transferFrom.sol', 'flip.t.sol', 'heal.sol', 'drip.t.sol', 'flap.sol', 'frob.t.sol', 'bite.sol']
2,['join.sol', 'transferFrom.sol', 'flip.t.sol', 'heal.sol', 'drip.t.sol', 'flap.sol', 'tune.sol', 'bite.sol']
3,['join.sol', 'transferFrom.sol', 'flip.t.sol', 'heal.sol', 'drip.t.sol', 'drip.sol', 'frob.t.sol', 'tune.sol']
4,['join.sol', 'transferFrom.sol', 'flip.t.sol', 'heal.sol', 'drip.t.sol', 'drip.sol', 'frob.t.sol', 'bite.sol']
2,['join.sol', 'transferFrom.sol', 'flip.t.sol', 'heal.sol', 'drip.t.sol', 'drip.sol', 'tune.sol', 'bite.sol']
4,['join.sol', 'transferFrom.sol', 'flip.t.sol', 'heal.sol', 'drip.t.sol', 'frob.t.sol', 'tune.sol', 'bite.sol']
2,['join.sol', 'transferFrom.sol', 'flip.t.sol', 'heal.sol', 'heal.t.sol', 'flap.sol', 'drip.sol', 'frob.t.sol']
2,['join.sol', 'transferFrom.sol', 'flip.t.sol', 'heal.sol', 'heal.t.sol', 'flap.sol', 'drip.sol', 'tune.sol']
3,['join.sol', 'transferFrom.sol', 'flip.t.sol', 'heal.sol', 'heal.t.sol', 'flap.sol', 'drip.sol', 'bite.sol']
3,['join.sol', 'transferFrom.sol', 'flip.t.sol', 'heal.sol', 'heal.t.sol', 'flap.sol', 'frob.t.sol', 'tune.sol']
3,['join.sol', 'transferFrom.sol', 'flip.t.sol', 'heal.sol', 'heal.t.sol', 'flap.sol', 'frob.t.sol', 'bite.sol']
3,['join.sol', 'transferFrom.sol', 'flip.t.sol', 'heal.sol', 'heal.t.sol', 'flap.sol', 'tune.sol', 'bite.sol']
2,['join.sol', 'transferFrom.sol', 'flip.t.sol', 'heal.sol', 'heal.t.sol', 'drip.sol', 'frob.t.sol', 'tune.sol']
2,['join.sol', 'transferFrom.sol', 'flip.t.sol', 'heal.sol', 'heal.t.sol', 'drip.sol', 'frob.t.sol', 'bite.sol']
2,['join.sol', 'transferFrom.sol', 'flip.t.sol', 'heal.sol', 'heal.t.sol', 'drip.sol', 'tune.sol', 'bite.sol']
3,['join.sol', 'transferFrom.sol', 'flip.t.sol', 'heal.sol', 'heal.t.sol', 'frob.t.sol', 'tune.sol', 'bite.sol']
2,['join.sol', 'transferFrom.sol', 'flip.t.sol', 'heal.sol', 'flap.sol', 'drip.sol', 'frob.t.sol', 'tune.sol']
3,['join.sol', 'transferFrom.sol', 'flip.t.sol', 'heal.sol', 'flap.sol', 'drip.sol', 'frob.t.sol', 'bite.sol']
2,['join.sol', 'transferFrom.sol', 'flip.t.sol', 'heal.sol', 'flap.sol', 'drip.sol', 'tune.sol', 'bite.sol']
2,['join.sol', 'transferFrom.sol', 'flip.t.sol', 'heal.sol', 'flap.sol', 'frob.t.sol', 'tune.sol', 'bite.sol']
2,['join.sol', 'transferFrom.sol', 'flip.t.sol', 'heal.sol', 'drip.sol', 'frob.t.sol', 'tune.sol', 'bite.sol']
2,['join.sol', 'transferFrom.sol', 'flip.t.sol', 'drip.t.sol', 'heal.t.sol', 'flap.sol', 'drip.sol', 'frob.t.sol']
2,['join.sol', 'transferFrom.sol', 'flip.t.sol', 'drip.t.sol', 'heal.t.sol', 'flap.sol', 'drip.sol', 'tune.sol']
2,['join.sol', 'transferFrom.sol', 'flip.t.sol', 'drip.t.sol', 'heal.t.sol', 'flap.sol', 'drip.sol', 'bite.sol']
2,['join.sol', 'transferFrom.sol', 'flip.t.sol', 'drip.t.sol', 'heal.t.sol', 'flap.sol', 'frob.t.sol', 'tune.sol']
2,['join.sol', 'transferFrom.sol', 'flip.t.sol', 'drip.t.sol', 'heal.t.sol', 'flap.sol', 'frob.t.sol', 'bite.sol']
2,['join.sol', 'transferFrom.sol', 'flip.t.sol', 'drip.t.sol', 'heal.t.sol', 'flap.sol', 'tune.sol', 'bite.sol']
2,['join.sol', 'transferFrom.sol', 'flip.t.sol', 'drip.t.sol', 'heal.t.sol', 'drip.sol', 'frob.t.sol', 'tune.sol']
2,['join.sol', 'transferFrom.sol', 'flip.t.sol', 'drip.t.sol', 'heal.t.sol', 'drip.sol', 'frob.t.sol', 'bite.sol']
2,['join.sol', 'transferFrom.sol', 'flip.t.sol', 'drip.t.sol', 'heal.t.sol', 'drip.sol', 'tune.sol', 'bite.sol']
2,['join.sol', 'transferFrom.sol', 'flip.t.sol', 'drip.t.sol', 'heal.t.sol', 'frob.t.sol', 'tune.sol', 'bite.sol']
2,['join.sol', 'transferFrom.sol', 'flip.t.sol', 'drip.t.sol', 'flap.sol', 'drip.sol', 'frob.t.sol', 'tune.sol']
5,['join.sol', 'transferFrom.sol', 'flip.t.sol', 'drip.t.sol', 'flap.sol', 'drip.sol', 'frob.t.sol', 'bite.sol']
3,['join.sol', 'transferFrom.sol', 'flip.t.sol', 'drip.t.sol', 'flap.sol', 'drip.sol', 'tune.sol', 'bite.sol']
2,['join.sol', 'transferFrom.sol', 'flip.t.sol', 'drip.t.sol', 'flap.sol', 'frob.t.sol', 'tune.sol', 'bite.sol']
4,['join.sol', 'transferFrom.sol', 'flip.t.sol', 'drip.t.sol', 'drip.sol', 'frob.t.sol', 'tune.sol', 'bite.sol']
2,['join.sol', 'transferFrom.sol', 'flip.t.sol', 'heal.t.sol', 'flap.sol', 'drip.sol', 'frob.t.sol', 'tune.sol']
2,['join.sol', 'transferFrom.sol', 'flip.t.sol', 'heal.t.sol', 'flap.sol', 'drip.sol', 'frob.t.sol', 'bite.sol']
2,['join.sol', 'transferFrom.sol', 'flip.t.sol', 'heal.t.sol', 'flap.sol', 'drip.sol', 'tune.sol', 'bite.sol']
3,['join.sol', 'transferFrom.sol', 'flip.t.sol', 'heal.t.sol', 'flap.sol', 'frob.t.sol', 'tune.sol', 'bite.sol']
2,['join.sol', 'transferFrom.sol', 'flip.t.sol', 'heal.t.sol', 'drip.sol', 'frob.t.sol', 'tune.sol', 'bite.sol']
2,['join.sol', 'transferFrom.sol', 'flip.t.sol', 'flap.sol', 'drip.sol', 'frob.t.sol', 'tune.sol', 'bite.sol']
3,['join.sol', 'transferFrom.sol', 'flop.t.sol', 'flap.t.sol', 'heal.sol', 'drip.t.sol', 'heal.t.sol', 'flap.sol']
3,['join.sol', 'transferFrom.sol', 'flop.t.sol', 'flap.t.sol', 'heal.sol', 'drip.t.sol', 'heal.t.sol', 'drip.sol']
2,['join.sol', 'transferFrom.sol', 'flop.t.sol', 'flap.t.sol', 'heal.sol', 'drip.t.sol', 'heal.t.sol', 'frob.t.sol']
3,['join.sol', 'transferFrom.sol', 'flop.t.sol', 'flap.t.sol', 'heal.sol', 'drip.t.sol', 'heal.t.sol', 'tune.sol']
3,['join.sol', 'transferFrom.sol', 'flop.t.sol', 'flap.t.sol', 'heal.sol', 'drip.t.sol', 'heal.t.sol', 'bite.sol']
3,['join.sol', 'transferFrom.sol', 'flop.t.sol', 'flap.t.sol', 'heal.sol', 'drip.t.sol', 'flap.sol', 'drip.sol']
3,['join.sol', 'transferFrom.sol', 'flop.t.sol', 'flap.t.sol', 'heal.sol', 'drip.t.sol', 'flap.sol', 'frob.t.sol']
2,['join.sol', 'transferFrom.sol', 'flop.t.sol', 'flap.t.sol', 'heal.sol', 'drip.t.sol', 'flap.sol', 'tune.sol']
3,['join.sol', 'transferFrom.sol', 'flop.t.sol', 'flap.t.sol', 'heal.sol', 'drip.t.sol', 'flap.sol', 'bite.sol']
5,['join.sol', 'transferFrom.sol', 'flop.t.sol', 'flap.t.sol', 'heal.sol', 'drip.t.sol', 'drip.sol', 'frob.t.sol']
2,['join.sol', 'transferFrom.sol', 'flop.t.sol', 'flap.t.sol', 'heal.sol', 'drip.t.sol', 'drip.sol', 'tune.sol']
2,['join.sol', 'transferFrom.sol', 'flop.t.sol', 'flap.t.sol', 'heal.sol', 'drip.t.sol', 'drip.sol', 'bite.sol']
3,['join.sol', 'transferFrom.sol', 'flop.t.sol', 'flap.t.sol', 'heal.sol', 'drip.t.sol', 'frob.t.sol', 'tune.sol']
3,['join.sol', 'transferFrom.sol', 'flop.t.sol', 'flap.t.sol', 'heal.sol', 'drip.t.sol', 'frob.t.sol', 'bite.sol']
2,['join.sol', 'transferFrom.sol', 'flop.t.sol', 'flap.t.sol', 'heal.sol', 'drip.t.sol', 'tune.sol', 'bite.sol']
3,['join.sol', 'transferFrom.sol', 'flop.t.sol', 'flap.t.sol', 'heal.sol', 'heal.t.sol', 'flap.sol', 'drip.sol']
3,['join.sol', 'transferFrom.sol', 'flop.t.sol', 'flap.t.sol', 'heal.sol', 'heal.t.sol', 'flap.sol', 'frob.t.sol']
3,['join.sol', 'transferFrom.sol', 'flop.t.sol', 'flap.t.sol', 'heal.sol', 'heal.t.sol', 'flap.sol', 'tune.sol']
4,['join.sol', 'transferFrom.sol', 'flop.t.sol', 'flap.t.sol', 'heal.sol', 'heal.t.sol', 'flap.sol', 'bite.sol']
2,['join.sol', 'transferFrom.sol', 'flop.t.sol', 'flap.t.sol', 'heal.sol', 'heal.t.sol', 'drip.sol', 'frob.t.sol']
2,['join.sol', 'transferFrom.sol', 'flop.t.sol', 'flap.t.sol', 'heal.sol', 'heal.t.sol', 'drip.sol', 'tune.sol']
3,['join.sol', 'transferFrom.sol', 'flop.t.sol', 'flap.t.sol', 'heal.sol', 'heal.t.sol', 'drip.sol', 'bite.sol']
3,['join.sol', 'transferFrom.sol', 'flop.t.sol', 'flap.t.sol', 'heal.sol', 'heal.t.sol', 'frob.t.sol', 'tune.sol']
3,['join.sol', 'transferFrom.sol', 'flop.t.sol', 'flap.t.sol', 'heal.sol', 'heal.t.sol', 'frob.t.sol', 'bite.sol']
3,['join.sol', 'transferFrom.sol', 'flop.t.sol', 'flap.t.sol', 'heal.sol', 'heal.t.sol', 'tune.sol', 'bite.sol']
3,['join.sol', 'transferFrom.sol', 'flop.t.sol', 'flap.t.sol', 'heal.sol', 'flap.sol', 'drip.sol', 'frob.t.sol']
2,['join.sol', 'transferFrom.sol', 'flop.t.sol', 'flap.t.sol', 'heal.sol', 'flap.sol', 'drip.sol', 'tune.sol']
3,['join.sol', 'transferFrom.sol', 'flop.t.sol', 'flap.t.sol', 'heal.sol', 'flap.sol', 'drip.sol', 'bite.sol']
3,['join.sol', 'transferFrom.sol', 'flop.t.sol', 'flap.t.sol', 'heal.sol', 'flap.sol', 'frob.t.sol', 'tune.sol']
4,['join.sol', 'transferFrom.sol', 'flop.t.sol', 'flap.t.sol', 'heal.sol', 'flap.sol', 'frob.t.sol', 'bite.sol']
2,['join.sol', 'transferFrom.sol', 'flop.t.sol', 'flap.t.sol', 'heal.sol', 'flap.sol', 'tune.sol', 'bite.sol']
2,['join.sol', 'transferFrom.sol', 'flop.t.sol', 'flap.t.sol', 'heal.sol', 'drip.sol', 'frob.t.sol', 'tune.sol']
3,['join.sol', 'transferFrom.sol', 'flop.t.sol', 'flap.t.sol', 'heal.sol', 'drip.sol', 'frob.t.sol', 'bite.sol']
3,['join.sol', 'transferFrom.sol', 'flop.t.sol', 'flap.t.sol', 'heal.sol', 'drip.sol', 'tune.sol', 'bite.sol']
3,['join.sol', 'transferFrom.sol', 'flop.t.sol', 'flap.t.sol', 'heal.sol', 'frob.t.sol', 'tune.sol', 'bite.sol']
3,['join.sol', 'transferFrom.sol', 'flop.t.sol', 'flap.t.sol', 'drip.t.sol', 'heal.t.sol', 'flap.sol', 'drip.sol']
2,['join.sol', 'transferFrom.sol', 'flop.t.sol', 'flap.t.sol', 'drip.t.sol', 'heal.t.sol', 'flap.sol', 'frob.t.sol']
3,['join.sol', 'transferFrom.sol', 'flop.t.sol', 'flap.t.sol', 'drip.t.sol', 'heal.t.sol', 'flap.sol', 'tune.sol']
3,['join.sol', 'transferFrom.sol', 'flop.t.sol', 'flap.t.sol', 'drip.t.sol', 'heal.t.sol', 'flap.sol', 'bite.sol']
2,['join.sol', 'transferFrom.sol', 'flop.t.sol', 'flap.t.sol', 'drip.t.sol', 'heal.t.sol', 'drip.sol', 'frob.t.sol']
2,['join.sol', 'transferFrom.sol', 'flop.t.sol', 'flap.t.sol', 'drip.t.sol', 'heal.t.sol', 'drip.sol', 'tune.sol']
3,['join.sol', 'transferFrom.sol', 'flop.t.sol', 'flap.t.sol', 'drip.t.sol', 'heal.t.sol', 'drip.sol', 'bite.sol']
2,['join.sol', 'transferFrom.sol', 'flop.t.sol', 'flap.t.sol', 'drip.t.sol', 'heal.t.sol', 'frob.t.sol', 'tune.sol']
2,['join.sol', 'transferFrom.sol', 'flop.t.sol', 'flap.t.sol', 'drip.t.sol', 'heal.t.sol', 'frob.t.sol', 'bite.sol']
2,['join.sol', 'transferFrom.sol', 'flop.t.sol', 'flap.t.sol', 'drip.t.sol', 'heal.t.sol', 'tune.sol', 'bite.sol']
3,['join.sol', 'transferFrom.sol', 'flop.t.sol', 'flap.t.sol', 'drip.t.sol', 'flap.sol', 'drip.sol', 'frob.t.sol']
3,['join.sol', 'transferFrom.sol', 'flop.t.sol', 'flap.t.sol', 'drip.t.sol', 'flap.sol', 'drip.sol', 'tune.sol']
2,['join.sol', 'transferFrom.sol', 'flop.t.sol', 'flap.t.sol', 'drip.t.sol', 'flap.sol', 'drip.sol', 'bite.sol']
3,['join.sol', 'transferFrom.sol', 'flop.t.sol', 'flap.t.sol', 'drip.t.sol', 'flap.sol', 'frob.t.sol', 'tune.sol']
3,['join.sol', 'transferFrom.sol', 'flop.t.sol', 'flap.t.sol', 'drip.t.sol', 'flap.sol', 'frob.t.sol', 'bite.sol']
3,['join.sol', 'transferFrom.sol', 'flop.t.sol', 'flap.t.sol', 'drip.t.sol', 'flap.sol', 'tune.sol', 'bite.sol']
2,['join.sol', 'transferFrom.sol', 'flop.t.sol', 'flap.t.sol', 'drip.t.sol', 'drip.sol', 'frob.t.sol', 'tune.sol']
3,['join.sol', 'transferFrom.sol', 'flop.t.sol', 'flap.t.sol', 'drip.t.sol', 'drip.sol', 'frob.t.sol', 'bite.sol']
3,['join.sol', 'transferFrom.sol', 'flop.t.sol', 'flap.t.sol', 'drip.t.sol', 'drip.sol', 'tune.sol', 'bite.sol']
2,['join.sol', 'transferFrom.sol', 'flop.t.sol', 'flap.t.sol', 'drip.t.sol', 'frob.t.sol', 'tune.sol', 'bite.sol']
2,['join.sol', 'transferFrom.sol', 'flop.t.sol', 'flap.t.sol', 'heal.t.sol', 'flap.sol', 'drip.sol', 'frob.t.sol']
2,['join.sol', 'transferFrom.sol', 'flop.t.sol', 'flap.t.sol', 'heal.t.sol', 'flap.sol', 'drip.sol', 'tune.sol']
3,['join.sol', 'transferFrom.sol', 'flop.t.sol', 'flap.t.sol', 'heal.t.sol', 'flap.sol', 'drip.sol', 'bite.sol']
3,['join.sol', 'transferFrom.sol', 'flop.t.sol', 'flap.t.sol', 'heal.t.sol', 'flap.sol', 'frob.t.sol', 'tune.sol']
3,['join.sol', 'transferFrom.sol', 'flop.t.sol', 'flap.t.sol', 'heal.t.sol', 'flap.sol', 'frob.t.sol', 'bite.sol']
3,['join.sol', 'transferFrom.sol', 'flop.t.sol', 'flap.t.sol', 'heal.t.sol', 'flap.sol', 'tune.sol', 'bite.sol']
2,['join.sol', 'transferFrom.sol', 'flop.t.sol', 'flap.t.sol', 'heal.t.sol', 'drip.sol', 'frob.t.sol', 'tune.sol']
2,['join.sol', 'transferFrom.sol', 'flop.t.sol', 'flap.t.sol', 'heal.t.sol', 'drip.sol', 'frob.t.sol', 'bite.sol']
2,['join.sol', 'transferFrom.sol', 'flop.t.sol', 'flap.t.sol', 'heal.t.sol', 'drip.sol', 'tune.sol', 'bite.sol']
3,['join.sol', 'transferFrom.sol', 'flop.t.sol', 'flap.t.sol', 'heal.t.sol', 'frob.t.sol', 'tune.sol', 'bite.sol']
2,['join.sol', 'transferFrom.sol', 'flop.t.sol', 'flap.t.sol', 'flap.sol', 'drip.sol', 'frob.t.sol', 'tune.sol']
3,['join.sol', 'transferFrom.sol', 'flop.t.sol', 'flap.t.sol', 'flap.sol', 'drip.sol', 'frob.t.sol', 'bite.sol']
3,['join.sol', 'transferFrom.sol', 'flop.t.sol', 'flap.t.sol', 'flap.sol', 'drip.sol', 'tune.sol', 'bite.sol']
3,['join.sol', 'transferFrom.sol', 'flop.t.sol', 'flap.t.sol', 'flap.sol', 'frob.t.sol', 'tune.sol', 'bite.sol']
2,['join.sol', 'transferFrom.sol', 'flop.t.sol', 'flap.t.sol', 'drip.sol', 'frob.t.sol', 'tune.sol', 'bite.sol']
4,['join.sol', 'transferFrom.sol', 'flop.t.sol', 'heal.sol', 'drip.t.sol', 'heal.t.sol', 'flap.sol', 'drip.sol']
2,['join.sol', 'transferFrom.sol', 'flop.t.sol', 'heal.sol', 'drip.t.sol', 'heal.t.sol', 'flap.sol', 'frob.t.sol']
2,['join.sol', 'transferFrom.sol', 'flop.t.sol', 'heal.sol', 'drip.t.sol', 'heal.t.sol', 'flap.sol', 'tune.sol']
4,['join.sol', 'transferFrom.sol', 'flop.t.sol', 'heal.sol', 'drip.t.sol', 'heal.t.sol', 'flap.sol', 'bite.sol']
3,['join.sol', 'transferFrom.sol', 'flop.t.sol', 'heal.sol', 'drip.t.sol', 'heal.t.sol', 'drip.sol', 'frob.t.sol']
2,['join.sol', 'transferFrom.sol', 'flop.t.sol', 'heal.sol', 'drip.t.sol', 'heal.t.sol', 'drip.sol', 'tune.sol']
4,['join.sol', 'transferFrom.sol', 'flop.t.sol', 'heal.sol', 'drip.t.sol', 'heal.t.sol', 'drip.sol', 'bite.sol']
2,['join.sol', 'transferFrom.sol', 'flop.t.sol', 'heal.sol', 'drip.t.sol', 'heal.t.sol', 'frob.t.sol', 'tune.sol']
2,['join.sol', 'transferFrom.sol', 'flop.t.sol', 'heal.sol', 'drip.t.sol', 'heal.t.sol', 'frob.t.sol', 'bite.sol']
2,['join.sol', 'transferFrom.sol', 'flop.t.sol', 'heal.sol', 'drip.t.sol', 'heal.t.sol', 'tune.sol', 'bite.sol']
3,['join.sol', 'transferFrom.sol', 'flop.t.sol', 'heal.sol', 'drip.t.sol', 'flap.sol', 'drip.sol', 'frob.t.sol']
2,['join.sol', 'transferFrom.sol', 'flop.t.sol', 'heal.sol', 'drip.t.sol', 'flap.sol', 'drip.sol', 'tune.sol']
2,['join.sol', 'transferFrom.sol', 'flop.t.sol', 'heal.sol', 'drip.t.sol', 'flap.sol', 'drip.sol', 'bite.sol']
2,['join.sol', 'transferFrom.sol', 'flop.t.sol', 'heal.sol', 'drip.t.sol', 'flap.sol', 'frob.t.sol', 'tune.sol']
2,['join.sol', 'transferFrom.sol', 'flop.t.sol', 'heal.sol', 'drip.t.sol', 'flap.sol', 'frob.t.sol', 'bite.sol']
2,['join.sol', 'transferFrom.sol', 'flop.t.sol', 'heal.sol', 'drip.t.sol', 'flap.sol', 'tune.sol', 'bite.sol']
3,['join.sol', 'transferFrom.sol', 'flop.t.sol', 'heal.sol', 'drip.t.sol', 'drip.sol', 'frob.t.sol', 'tune.sol']
3,['join.sol', 'transferFrom.sol', 'flop.t.sol', 'heal.sol', 'drip.t.sol', 'drip.sol', 'frob.t.sol', 'bite.sol']
2,['join.sol', 'transferFrom.sol', 'flop.t.sol', 'heal.sol', 'drip.t.sol', 'drip.sol', 'tune.sol', 'bite.sol']
2,['join.sol', 'transferFrom.sol', 'flop.t.sol', 'heal.sol', 'drip.t.sol', 'frob.t.sol', 'tune.sol', 'bite.sol']
2,['join.sol', 'transferFrom.sol', 'flop.t.sol', 'heal.sol', 'heal.t.sol', 'flap.sol', 'drip.sol', 'frob.t.sol']
2,['join.sol', 'transferFrom.sol', 'flop.t.sol', 'heal.sol', 'heal.t.sol', 'flap.sol', 'drip.sol', 'tune.sol']
4,['join.sol', 'transferFrom.sol', 'flop.t.sol', 'heal.sol', 'heal.t.sol', 'flap.sol', 'drip.sol', 'bite.sol']
3,['join.sol', 'transferFrom.sol', 'flop.t.sol', 'heal.sol', 'heal.t.sol', 'flap.sol', 'frob.t.sol', 'tune.sol']
3,['join.sol', 'transferFrom.sol', 'flop.t.sol', 'heal.sol', 'heal.t.sol', 'flap.sol', 'frob.t.sol', 'bite.sol']
3,['join.sol', 'transferFrom.sol', 'flop.t.sol', 'heal.sol', 'heal.t.sol', 'flap.sol', 'tune.sol', 'bite.sol']
2,['join.sol', 'transferFrom.sol', 'flop.t.sol', 'heal.sol', 'heal.t.sol', 'drip.sol', 'frob.t.sol', 'tune.sol']
2,['join.sol', 'transferFrom.sol', 'flop.t.sol', 'heal.sol', 'heal.t.sol', 'drip.sol', 'frob.t.sol', 'bite.sol']
2,['join.sol', 'transferFrom.sol', 'flop.t.sol', 'heal.sol', 'heal.t.sol', 'drip.sol', 'tune.sol', 'bite.sol']
3,['join.sol', 'transferFrom.sol', 'flop.t.sol', 'heal.sol', 'heal.t.sol', 'frob.t.sol', 'tune.sol', 'bite.sol']
3,['join.sol', 'transferFrom.sol', 'flop.t.sol', 'heal.sol', 'flap.sol', 'drip.sol', 'frob.t.sol', 'tune.sol']
2,['join.sol', 'transferFrom.sol', 'flop.t.sol', 'heal.sol', 'flap.sol', 'drip.sol', 'frob.t.sol', 'bite.sol']
2,['join.sol', 'transferFrom.sol', 'flop.t.sol', 'heal.sol', 'flap.sol', 'drip.sol', 'tune.sol', 'bite.sol']
3,['join.sol', 'transferFrom.sol', 'flop.t.sol', 'heal.sol', 'flap.sol', 'frob.t.sol', 'tune.sol', 'bite.sol']
3,['join.sol', 'transferFrom.sol', 'flop.t.sol', 'heal.sol', 'drip.sol', 'frob.t.sol', 'tune.sol', 'bite.sol']
2,['join.sol', 'transferFrom.sol', 'flop.t.sol', 'drip.t.sol', 'heal.t.sol', 'flap.sol', 'drip.sol', 'frob.t.sol']
2,['join.sol', 'transferFrom.sol', 'flop.t.sol', 'drip.t.sol', 'heal.t.sol', 'flap.sol', 'drip.sol', 'tune.sol']
4,['join.sol', 'transferFrom.sol', 'flop.t.sol', 'drip.t.sol', 'heal.t.sol', 'flap.sol', 'drip.sol', 'bite.sol']
2,['join.sol', 'transferFrom.sol', 'flop.t.sol', 'drip.t.sol', 'heal.t.sol', 'flap.sol', 'frob.t.sol', 'tune.sol']
2,['join.sol', 'transferFrom.sol', 'flop.t.sol', 'drip.t.sol', 'heal.t.sol', 'flap.sol', 'frob.t.sol', 'bite.sol']
2,['join.sol', 'transferFrom.sol', 'flop.t.sol', 'drip.t.sol', 'heal.t.sol', 'flap.sol', 'tune.sol', 'bite.sol']
2,['join.sol', 'transferFrom.sol', 'flop.t.sol', 'drip.t.sol', 'heal.t.sol', 'drip.sol', 'frob.t.sol', 'tune.sol']
3,['join.sol', 'transferFrom.sol', 'flop.t.sol', 'drip.t.sol', 'heal.t.sol', 'drip.sol', 'frob.t.sol', 'bite.sol']
2,['join.sol', 'transferFrom.sol', 'flop.t.sol', 'drip.t.sol', 'heal.t.sol', 'drip.sol', 'tune.sol', 'bite.sol']
2,['join.sol', 'transferFrom.sol', 'flop.t.sol', 'drip.t.sol', 'heal.t.sol', 'frob.t.sol', 'tune.sol', 'bite.sol']
3,['join.sol', 'transferFrom.sol', 'flop.t.sol', 'drip.t.sol', 'flap.sol', 'drip.sol', 'frob.t.sol', 'tune.sol']
2,['join.sol', 'transferFrom.sol', 'flop.t.sol', 'drip.t.sol', 'flap.sol', 'drip.sol', 'frob.t.sol', 'bite.sol']
2,['join.sol', 'transferFrom.sol', 'flop.t.sol', 'drip.t.sol', 'flap.sol', 'drip.sol', 'tune.sol', 'bite.sol']
2,['join.sol', 'transferFrom.sol', 'flop.t.sol', 'drip.t.sol', 'flap.sol', 'frob.t.sol', 'tune.sol', 'bite.sol']
2,['join.sol', 'transferFrom.sol', 'flop.t.sol', 'drip.t.sol', 'drip.sol', 'frob.t.sol', 'tune.sol', 'bite.sol']
2,['join.sol', 'transferFrom.sol', 'flop.t.sol', 'heal.t.sol', 'flap.sol', 'drip.sol', 'frob.t.sol', 'tune.sol']
2,['join.sol', 'transferFrom.sol', 'flop.t.sol', 'heal.t.sol', 'flap.sol', 'drip.sol', 'frob.t.sol', 'bite.sol']
2,['join.sol', 'transferFrom.sol', 'flop.t.sol', 'heal.t.sol', 'flap.sol', 'drip.sol', 'tune.sol', 'bite.sol']
3,['join.sol', 'transferFrom.sol', 'flop.t.sol', 'heal.t.sol', 'flap.sol', 'frob.t.sol', 'tune.sol', 'bite.sol']
2,['join.sol', 'transferFrom.sol', 'flop.t.sol', 'heal.t.sol', 'drip.sol', 'frob.t.sol', 'tune.sol', 'bite.sol']
3,['join.sol', 'transferFrom.sol', 'flop.t.sol', 'flap.sol', 'drip.sol', 'frob.t.sol', 'tune.sol', 'bite.sol']
4,['join.sol', 'transferFrom.sol', 'flap.t.sol', 'heal.sol', 'drip.t.sol', 'heal.t.sol', 'flap.sol', 'drip.sol']
2,['join.sol', 'transferFrom.sol', 'flap.t.sol', 'heal.sol', 'drip.t.sol', 'heal.t.sol', 'flap.sol', 'frob.t.sol']
2,['join.sol', 'transferFrom.sol', 'flap.t.sol', 'heal.sol', 'drip.t.sol', 'heal.t.sol', 'flap.sol', 'tune.sol']
4,['join.sol', 'transferFrom.sol', 'flap.t.sol', 'heal.sol', 'drip.t.sol', 'heal.t.sol', 'flap.sol', 'bite.sol']
3,['join.sol', 'transferFrom.sol', 'flap.t.sol', 'heal.sol', 'drip.t.sol', 'heal.t.sol', 'drip.sol', 'frob.t.sol']
2,['join.sol', 'transferFrom.sol', 'flap.t.sol', 'heal.sol', 'drip.t.sol', 'heal.t.sol', 'drip.sol', 'tune.sol']
4,['join.sol', 'transferFrom.sol', 'flap.t.sol', 'heal.sol', 'drip.t.sol', 'heal.t.sol', 'drip.sol', 'bite.sol']
2,['join.sol', 'transferFrom.sol', 'flap.t.sol', 'heal.sol', 'drip.t.sol', 'heal.t.sol', 'frob.t.sol', 'tune.sol']
2,['join.sol', 'transferFrom.sol', 'flap.t.sol', 'heal.sol', 'drip.t.sol', 'heal.t.sol', 'frob.t.sol', 'bite.sol']
2,['join.sol', 'transferFrom.sol', 'flap.t.sol', 'heal.sol', 'drip.t.sol', 'heal.t.sol', 'tune.sol', 'bite.sol']
3,['join.sol', 'transferFrom.sol', 'flap.t.sol', 'heal.sol', 'drip.t.sol', 'flap.sol', 'drip.sol', 'frob.t.sol']
2,['join.sol', 'transferFrom.sol', 'flap.t.sol', 'heal.sol', 'drip.t.sol', 'flap.sol', 'drip.sol', 'tune.sol']
2,['join.sol', 'transferFrom.sol', 'flap.t.sol', 'heal.sol', 'drip.t.sol', 'flap.sol', 'drip.sol', 'bite.sol']
2,['join.sol', 'transferFrom.sol', 'flap.t.sol', 'heal.sol', 'drip.t.sol', 'flap.sol', 'frob.t.sol', 'tune.sol']
2,['join.sol', 'transferFrom.sol', 'flap.t.sol', 'heal.sol', 'drip.t.sol', 'flap.sol', 'frob.t.sol', 'bite.sol']
2,['join.sol', 'transferFrom.sol', 'flap.t.sol', 'heal.sol', 'drip.t.sol', 'flap.sol', 'tune.sol', 'bite.sol']
3,['join.sol', 'transferFrom.sol', 'flap.t.sol', 'heal.sol', 'drip.t.sol', 'drip.sol', 'frob.t.sol', 'tune.sol']
3,['join.sol', 'transferFrom.sol', 'flap.t.sol', 'heal.sol', 'drip.t.sol', 'drip.sol', 'frob.t.sol', 'bite.sol']
2,['join.sol', 'transferFrom.sol', 'flap.t.sol', 'heal.sol', 'drip.t.sol', 'drip.sol', 'tune.sol', 'bite.sol']
2,['join.sol', 'transferFrom.sol', 'flap.t.sol', 'heal.sol', 'drip.t.sol', 'frob.t.sol', 'tune.sol', 'bite.sol']
2,['join.sol', 'transferFrom.sol', 'flap.t.sol', 'heal.sol', 'heal.t.sol', 'flap.sol', 'drip.sol', 'frob.t.sol']
2,['join.sol', 'transferFrom.sol', 'flap.t.sol', 'heal.sol', 'heal.t.sol', 'flap.sol', 'drip.sol', 'tune.sol']
4,['join.sol', 'transferFrom.sol', 'flap.t.sol', 'heal.sol', 'heal.t.sol', 'flap.sol', 'drip.sol', 'bite.sol']
3,['join.sol', 'transferFrom.sol', 'flap.t.sol', 'heal.sol', 'heal.t.sol', 'flap.sol', 'frob.t.sol', 'tune.sol']
3,['join.sol', 'transferFrom.sol', 'flap.t.sol', 'heal.sol', 'heal.t.sol', 'flap.sol', 'frob.t.sol', 'bite.sol']
3,['join.sol', 'transferFrom.sol', 'flap.t.sol', 'heal.sol', 'heal.t.sol', 'flap.sol', 'tune.sol', 'bite.sol']
2,['join.sol', 'transferFrom.sol', 'flap.t.sol', 'heal.sol', 'heal.t.sol', 'drip.sol', 'frob.t.sol', 'tune.sol']
2,['join.sol', 'transferFrom.sol', 'flap.t.sol', 'heal.sol', 'heal.t.sol', 'drip.sol', 'frob.t.sol', 'bite.sol']
2,['join.sol', 'transferFrom.sol', 'flap.t.sol', 'heal.sol', 'heal.t.sol', 'drip.sol', 'tune.sol', 'bite.sol']
3,['join.sol', 'transferFrom.sol', 'flap.t.sol', 'heal.sol', 'heal.t.sol', 'frob.t.sol', 'tune.sol', 'bite.sol']
3,['join.sol', 'transferFrom.sol', 'flap.t.sol', 'heal.sol', 'flap.sol', 'drip.sol', 'frob.t.sol', 'tune.sol']
2,['join.sol', 'transferFrom.sol', 'flap.t.sol', 'heal.sol', 'flap.sol', 'drip.sol', 'frob.t.sol', 'bite.sol']
2,['join.sol', 'transferFrom.sol', 'flap.t.sol', 'heal.sol', 'flap.sol', 'drip.sol', 'tune.sol', 'bite.sol']
3,['join.sol', 'transferFrom.sol', 'flap.t.sol', 'heal.sol', 'flap.sol', 'frob.t.sol', 'tune.sol', 'bite.sol']
2,['join.sol', 'transferFrom.sol', 'flap.t.sol', 'heal.sol', 'drip.sol', 'frob.t.sol', 'tune.sol', 'bite.sol']
2,['join.sol', 'transferFrom.sol', 'flap.t.sol', 'drip.t.sol', 'heal.t.sol', 'flap.sol', 'drip.sol', 'frob.t.sol']
2,['join.sol', 'transferFrom.sol', 'flap.t.sol', 'drip.t.sol', 'heal.t.sol', 'flap.sol', 'drip.sol', 'tune.sol']
4,['join.sol', 'transferFrom.sol', 'flap.t.sol', 'drip.t.sol', 'heal.t.sol', 'flap.sol', 'drip.sol', 'bite.sol']
2,['join.sol', 'transferFrom.sol', 'flap.t.sol', 'drip.t.sol', 'heal.t.sol', 'flap.sol', 'frob.t.sol', 'tune.sol']
2,['join.sol', 'transferFrom.sol', 'flap.t.sol', 'drip.t.sol', 'heal.t.sol', 'flap.sol', 'frob.t.sol', 'bite.sol']
2,['join.sol', 'transferFrom.sol', 'flap.t.sol', 'drip.t.sol', 'heal.t.sol', 'flap.sol', 'tune.sol', 'bite.sol']
2,['join.sol', 'transferFrom.sol', 'flap.t.sol', 'drip.t.sol', 'heal.t.sol', 'drip.sol', 'frob.t.sol', 'tune.sol']
3,['join.sol', 'transferFrom.sol', 'flap.t.sol', 'drip.t.sol', 'heal.t.sol', 'drip.sol', 'frob.t.sol', 'bite.sol']
2,['join.sol', 'transferFrom.sol', 'flap.t.sol', 'drip.t.sol', 'heal.t.sol', 'drip.sol', 'tune.sol', 'bite.sol']
2,['join.sol', 'transferFrom.sol', 'flap.t.sol', 'drip.t.sol', 'heal.t.sol', 'frob.t.sol', 'tune.sol', 'bite.sol']
2,['join.sol', 'transferFrom.sol', 'flap.t.sol', 'drip.t.sol', 'flap.sol', 'drip.sol', 'frob.t.sol', 'tune.sol']
2,['join.sol', 'transferFrom.sol', 'flap.t.sol', 'drip.t.sol', 'flap.sol', 'drip.sol', 'frob.t.sol', 'bite.sol']
2,['join.sol', 'transferFrom.sol', 'flap.t.sol', 'drip.t.sol', 'flap.sol', 'drip.sol', 'tune.sol', 'bite.sol']
2,['join.sol', 'transferFrom.sol', 'flap.t.sol', 'drip.t.sol', 'flap.sol', 'frob.t.sol', 'tune.sol', 'bite.sol']
2,['join.sol', 'transferFrom.sol', 'flap.t.sol', 'drip.t.sol', 'drip.sol', 'frob.t.sol', 'tune.sol', 'bite.sol']
2,['join.sol', 'transferFrom.sol', 'flap.t.sol', 'heal.t.sol', 'flap.sol', 'drip.sol', 'frob.t.sol', 'tune.sol']
2,['join.sol', 'transferFrom.sol', 'flap.t.sol', 'heal.t.sol', 'flap.sol', 'drip.sol', 'frob.t.sol', 'bite.sol']
2,['join.sol', 'transferFrom.sol', 'flap.t.sol', 'heal.t.sol', 'flap.sol', 'drip.sol', 'tune.sol', 'bite.sol']
3,['join.sol', 'transferFrom.sol', 'flap.t.sol', 'heal.t.sol', 'flap.sol', 'frob.t.sol', 'tune.sol', 'bite.sol']
2,['join.sol', 'transferFrom.sol', 'flap.t.sol', 'heal.t.sol', 'drip.sol', 'frob.t.sol', 'tune.sol', 'bite.sol']
3,['join.sol', 'transferFrom.sol', 'flap.t.sol', 'flap.sol', 'drip.sol', 'frob.t.sol', 'tune.sol', 'bite.sol']
4,['join.sol', 'transferFrom.sol', 'heal.sol', 'drip.t.sol', 'heal.t.sol', 'flap.sol', 'drip.sol', 'frob.t.sol']
3,['join.sol', 'transferFrom.sol', 'heal.sol', 'drip.t.sol', 'heal.t.sol', 'flap.sol', 'drip.sol', 'tune.sol']
2,['join.sol', 'transferFrom.sol', 'heal.sol', 'drip.t.sol', 'heal.t.sol', 'flap.sol', 'drip.sol', 'bite.sol']
3,['join.sol', 'transferFrom.sol', 'heal.sol', 'drip.t.sol', 'heal.t.sol', 'flap.sol', 'frob.t.sol', 'tune.sol']
4,['join.sol', 'transferFrom.sol', 'heal.sol', 'drip.t.sol', 'heal.t.sol', 'flap.sol', 'frob.t.sol', 'bite.sol']
2,['join.sol', 'transferFrom.sol', 'heal.sol', 'drip.t.sol', 'heal.t.sol', 'flap.sol', 'tune.sol', 'bite.sol']
4,['join.sol', 'transferFrom.sol', 'heal.sol', 'drip.t.sol', 'heal.t.sol', 'drip.sol', 'frob.t.sol', 'tune.sol']
4,['join.sol', 'transferFrom.sol', 'heal.sol', 'drip.t.sol', 'heal.t.sol', 'drip.sol', 'frob.t.sol', 'bite.sol']
3,['join.sol', 'transferFrom.sol', 'heal.sol', 'drip.t.sol', 'heal.t.sol', 'drip.sol', 'tune.sol', 'bite.sol']
2,['join.sol', 'transferFrom.sol', 'heal.sol', 'drip.t.sol', 'heal.t.sol', 'frob.t.sol', 'tune.sol', 'bite.sol']
2,['join.sol', 'transferFrom.sol', 'heal.sol', 'drip.t.sol', 'flap.sol', 'drip.sol', 'frob.t.sol', 'tune.sol']
3,['join.sol', 'transferFrom.sol', 'heal.sol', 'drip.t.sol', 'flap.sol', 'drip.sol', 'frob.t.sol', 'bite.sol']
2,['join.sol', 'transferFrom.sol', 'heal.sol', 'drip.t.sol', 'flap.sol', 'drip.sol', 'tune.sol', 'bite.sol']
1,['join.sol', 'transferFrom.sol', 'heal.sol', 'drip.t.sol', 'flap.sol', 'frob.t.sol', 'tune.sol', 'bite.sol']
2,['join.sol', 'transferFrom.sol', 'heal.sol', 'drip.t.sol', 'drip.sol', 'frob.t.sol', 'tune.sol', 'bite.sol']
3,['join.sol', 'transferFrom.sol', 'heal.sol', 'heal.t.sol', 'flap.sol', 'drip.sol', 'frob.t.sol', 'tune.sol']
3,['join.sol', 'transferFrom.sol', 'heal.sol', 'heal.t.sol', 'flap.sol', 'drip.sol', 'frob.t.sol', 'bite.sol']
3,['join.sol', 'transferFrom.sol', 'heal.sol', 'heal.t.sol', 'flap.sol', 'drip.sol', 'tune.sol', 'bite.sol']
3,['join.sol', 'transferFrom.sol', 'heal.sol', 'heal.t.sol', 'flap.sol', 'frob.t.sol', 'tune.sol', 'bite.sol']
2,['join.sol', 'transferFrom.sol', 'heal.sol', 'heal.t.sol', 'drip.sol', 'frob.t.sol', 'tune.sol', 'bite.sol']
1,['join.sol', 'transferFrom.sol', 'heal.sol', 'flap.sol', 'drip.sol', 'frob.t.sol', 'tune.sol', 'bite.sol']
3,['join.sol', 'transferFrom.sol', 'drip.t.sol', 'heal.t.sol', 'flap.sol', 'drip.sol', 'frob.t.sol', 'tune.sol']
4,['join.sol', 'transferFrom.sol', 'drip.t.sol', 'heal.t.sol', 'flap.sol', 'drip.sol', 'frob.t.sol', 'bite.sol']
3,['join.sol', 'transferFrom.sol', 'drip.t.sol', 'heal.t.sol', 'flap.sol', 'drip.sol', 'tune.sol', 'bite.sol']
2,['join.sol', 'transferFrom.sol', 'drip.t.sol', 'heal.t.sol', 'flap.sol', 'frob.t.sol', 'tune.sol', 'bite.sol']
4,['join.sol', 'transferFrom.sol', 'drip.t.sol', 'heal.t.sol', 'drip.sol', 'frob.t.sol', 'tune.sol', 'bite.sol']
2,['join.sol', 'transferFrom.sol', 'drip.t.sol', 'flap.sol', 'drip.sol', 'frob.t.sol', 'tune.sol', 'bite.sol']
2,['join.sol', 'transferFrom.sol', 'heal.t.sol', 'flap.sol', 'drip.sol', 'frob.t.sol', 'tune.sol', 'bite.sol']
3,['join.sol', 'frob.sol', 'flip.t.sol', 'flop.t.sol', 'flap.t.sol', 'heal.sol', 'drip.t.sol', 'heal.t.sol']
3,['join.sol', 'frob.sol', 'flip.t.sol', 'flop.t.sol', 'flap.t.sol', 'heal.sol', 'drip.t.sol', 'flap.sol']
3,['join.sol', 'frob.sol', 'flip.t.sol', 'flop.t.sol', 'flap.t.sol', 'heal.sol', 'drip.t.sol', 'drip.sol']
2,['join.sol', 'frob.sol', 'flip.t.sol', 'flop.t.sol', 'flap.t.sol', 'heal.sol', 'drip.t.sol', 'frob.t.sol']
1,['join.sol', 'frob.sol', 'flip.t.sol', 'flop.t.sol', 'flap.t.sol', 'heal.sol', 'drip.t.sol', 'tune.sol']
2,['join.sol', 'frob.sol', 'flip.t.sol', 'flop.t.sol', 'flap.t.sol', 'heal.sol', 'drip.t.sol', 'bite.sol']
2,['join.sol', 'frob.sol', 'flip.t.sol', 'flop.t.sol', 'flap.t.sol', 'heal.sol', 'heal.t.sol', 'flap.sol']
3,['join.sol', 'frob.sol', 'flip.t.sol', 'flop.t.sol', 'flap.t.sol', 'heal.sol', 'heal.t.sol', 'drip.sol']
3,['join.sol', 'frob.sol', 'flip.t.sol', 'flop.t.sol', 'flap.t.sol', 'heal.sol', 'heal.t.sol', 'frob.t.sol']
2,['join.sol', 'frob.sol', 'flip.t.sol', 'flop.t.sol', 'flap.t.sol', 'heal.sol', 'heal.t.sol', 'tune.sol']
4,['join.sol', 'frob.sol', 'flip.t.sol', 'flop.t.sol', 'flap.t.sol', 'heal.sol', 'heal.t.sol', 'bite.sol']
3,['join.sol', 'frob.sol', 'flip.t.sol', 'flop.t.sol', 'flap.t.sol', 'heal.sol', 'flap.sol', 'drip.sol']
3,['join.sol', 'frob.sol', 'flip.t.sol', 'flop.t.sol', 'flap.t.sol', 'heal.sol', 'flap.sol', 'frob.t.sol']
4,['join.sol', 'frob.sol', 'flip.t.sol', 'flop.t.sol', 'flap.t.sol', 'heal.sol', 'flap.sol', 'tune.sol']
3,['join.sol', 'frob.sol', 'flip.t.sol', 'flop.t.sol', 'flap.t.sol', 'heal.sol', 'flap.sol', 'bite.sol']
2,['join.sol', 'frob.sol', 'flip.t.sol', 'flop.t.sol', 'flap.t.sol', 'heal.sol', 'drip.sol', 'frob.t.sol']
2,['join.sol', 'frob.sol', 'flip.t.sol', 'flop.t.sol', 'flap.t.sol', 'heal.sol', 'drip.sol', 'tune.sol']
3,['join.sol', 'frob.sol', 'flip.t.sol', 'flop.t.sol', 'flap.t.sol', 'heal.sol', 'drip.sol', 'bite.sol']
3,['join.sol', 'frob.sol', 'flip.t.sol', 'flop.t.sol', 'flap.t.sol', 'heal.sol', 'frob.t.sol', 'tune.sol']
3,['join.sol', 'frob.sol', 'flip.t.sol', 'flop.t.sol', 'flap.t.sol', 'heal.sol', 'frob.t.sol', 'bite.sol']
1,['join.sol', 'frob.sol', 'flip.t.sol', 'flop.t.sol', 'flap.t.sol', 'heal.sol', 'tune.sol', 'bite.sol']
3,['join.sol', 'frob.sol', 'flip.t.sol', 'flop.t.sol', 'flap.t.sol', 'drip.t.sol', 'heal.t.sol', 'flap.sol']
3,['join.sol', 'frob.sol', 'flip.t.sol', 'flop.t.sol', 'flap.t.sol', 'drip.t.sol', 'heal.t.sol', 'drip.sol']
2,['join.sol', 'frob.sol', 'flip.t.sol', 'flop.t.sol', 'flap.t.sol', 'drip.t.sol', 'heal.t.sol', 'frob.t.sol']
2,['join.sol', 'frob.sol', 'flip.t.sol', 'flop.t.sol', 'flap.t.sol', 'drip.t.sol', 'heal.t.sol', 'tune.sol']
3,['join.sol', 'frob.sol', 'flip.t.sol', 'flop.t.sol', 'flap.t.sol', 'drip.t.sol', 'heal.t.sol', 'bite.sol']
3,['join.sol', 'frob.sol', 'flip.t.sol', 'flop.t.sol', 'flap.t.sol', 'drip.t.sol', 'flap.sol', 'drip.sol']
2,['join.sol', 'frob.sol', 'flip.t.sol', 'flop.t.sol', 'flap.t.sol', 'drip.t.sol', 'flap.sol', 'frob.t.sol']
2,['join.sol', 'frob.sol', 'flip.t.sol', 'flop.t.sol', 'flap.t.sol', 'drip.t.sol', 'flap.sol', 'tune.sol']
2,['join.sol', 'frob.sol', 'flip.t.sol', 'flop.t.sol', 'flap.t.sol', 'drip.t.sol', 'flap.sol', 'bite.sol']
2,['join.sol', 'frob.sol', 'flip.t.sol', 'flop.t.sol', 'flap.t.sol', 'drip.t.sol', 'drip.sol', 'frob.t.sol']
2,['join.sol', 'frob.sol', 'flip.t.sol', 'flop.t.sol', 'flap.t.sol', 'drip.t.sol', 'drip.sol', 'tune.sol']
2,['join.sol', 'frob.sol', 'flip.t.sol', 'flop.t.sol', 'flap.t.sol', 'drip.t.sol', 'drip.sol', 'bite.sol']
2,['join.sol', 'frob.sol', 'flip.t.sol', 'flop.t.sol', 'flap.t.sol', 'drip.t.sol', 'frob.t.sol', 'tune.sol']
2,['join.sol', 'frob.sol', 'flip.t.sol', 'flop.t.sol', 'flap.t.sol', 'drip.t.sol', 'frob.t.sol', 'bite.sol']
2,['join.sol', 'frob.sol', 'flip.t.sol', 'flop.t.sol', 'flap.t.sol', 'drip.t.sol', 'tune.sol', 'bite.sol']
3,['join.sol', 'frob.sol', 'flip.t.sol', 'flop.t.sol', 'flap.t.sol', 'heal.t.sol', 'flap.sol', 'drip.sol']
3,['join.sol', 'frob.sol', 'flip.t.sol', 'flop.t.sol', 'flap.t.sol', 'heal.t.sol', 'flap.sol', 'frob.t.sol']
3,['join.sol', 'frob.sol', 'flip.t.sol', 'flop.t.sol', 'flap.t.sol', 'heal.t.sol', 'flap.sol', 'tune.sol']
4,['join.sol', 'frob.sol', 'flip.t.sol', 'flop.t.sol', 'flap.t.sol', 'heal.t.sol', 'flap.sol', 'bite.sol']
2,['join.sol', 'frob.sol', 'flip.t.sol', 'flop.t.sol', 'flap.t.sol', 'heal.t.sol', 'drip.sol', 'frob.t.sol']
2,['join.sol', 'frob.sol', 'flip.t.sol', 'flop.t.sol', 'flap.t.sol', 'heal.t.sol', 'drip.sol', 'tune.sol']
3,['join.sol', 'frob.sol', 'flip.t.sol', 'flop.t.sol', 'flap.t.sol', 'heal.t.sol', 'drip.sol', 'bite.sol']
3,['join.sol', 'frob.sol', 'flip.t.sol', 'flop.t.sol', 'flap.t.sol', 'heal.t.sol', 'frob.t.sol', 'tune.sol']
3,['join.sol', 'frob.sol', 'flip.t.sol', 'flop.t.sol', 'flap.t.sol', 'heal.t.sol', 'frob.t.sol', 'bite.sol']
3,['join.sol', 'frob.sol', 'flip.t.sol', 'flop.t.sol', 'flap.t.sol', 'heal.t.sol', 'tune.sol', 'bite.sol']
2,['join.sol', 'frob.sol', 'flip.t.sol', 'flop.t.sol', 'flap.t.sol', 'flap.sol', 'drip.sol', 'frob.t.sol']
4,['join.sol', 'frob.sol', 'flip.t.sol', 'flop.t.sol', 'flap.t.sol', 'flap.sol', 'drip.sol', 'tune.sol']
3,['join.sol', 'frob.sol', 'flip.t.sol', 'flop.t.sol', 'flap.t.sol', 'flap.sol', 'drip.sol', 'bite.sol']
3,['join.sol', 'frob.sol', 'flip.t.sol', 'flop.t.sol', 'flap.t.sol', 'flap.sol', 'frob.t.sol', 'tune.sol']
3,['join.sol', 'frob.sol', 'flip.t.sol', 'flop.t.sol', 'flap.t.sol', 'flap.sol', 'frob.t.sol', 'bite.sol']
2,['join.sol', 'frob.sol', 'flip.t.sol', 'flop.t.sol', 'flap.t.sol', 'flap.sol', 'tune.sol', 'bite.sol']
2,['join.sol', 'frob.sol', 'flip.t.sol', 'flop.t.sol', 'flap.t.sol', 'drip.sol', 'frob.t.sol', 'tune.sol']
2,['join.sol', 'frob.sol', 'flip.t.sol', 'flop.t.sol', 'flap.t.sol', 'drip.sol', 'frob.t.sol', 'bite.sol']
2,['join.sol', 'frob.sol', 'flip.t.sol', 'flop.t.sol', 'flap.t.sol', 'drip.sol', 'tune.sol', 'bite.sol']
3,['join.sol', 'frob.sol', 'flip.t.sol', 'flop.t.sol', 'flap.t.sol', 'frob.t.sol', 'tune.sol', 'bite.sol']
3,['join.sol', 'frob.sol', 'flip.t.sol', 'flop.t.sol', 'heal.sol', 'drip.t.sol', 'heal.t.sol', 'flap.sol']
3,['join.sol', 'frob.sol', 'flip.t.sol', 'flop.t.sol', 'heal.sol', 'drip.t.sol', 'heal.t.sol', 'drip.sol']
2,['join.sol', 'frob.sol', 'flip.t.sol', 'flop.t.sol', 'heal.sol', 'drip.t.sol', 'heal.t.sol', 'frob.t.sol']
2,['join.sol', 'frob.sol', 'flip.t.sol', 'flop.t.sol', 'heal.sol', 'drip.t.sol', 'heal.t.sol', 'tune.sol']
3,['join.sol', 'frob.sol', 'flip.t.sol', 'flop.t.sol', 'heal.sol', 'drip.t.sol', 'heal.t.sol', 'bite.sol']
2,['join.sol', 'frob.sol', 'flip.t.sol', 'flop.t.sol', 'heal.sol', 'drip.t.sol', 'flap.sol', 'drip.sol']
2,['join.sol', 'frob.sol', 'flip.t.sol', 'flop.t.sol', 'heal.sol', 'drip.t.sol', 'flap.sol', 'frob.t.sol']
1,['join.sol', 'frob.sol', 'flip.t.sol', 'flop.t.sol', 'heal.sol', 'drip.t.sol', 'flap.sol', 'tune.sol']
2,['join.sol', 'frob.sol', 'flip.t.sol', 'flop.t.sol', 'heal.sol', 'drip.t.sol', 'flap.sol', 'bite.sol']
3,['join.sol', 'frob.sol', 'flip.t.sol', 'flop.t.sol', 'heal.sol', 'drip.t.sol', 'drip.sol', 'frob.t.sol']
2,['join.sol', 'frob.sol', 'flip.t.sol', 'flop.t.sol', 'heal.sol', 'drip.t.sol', 'drip.sol', 'tune.sol']
6,['join.sol', 'frob.sol', 'flip.t.sol', 'flop.t.sol', 'heal.sol', 'drip.t.sol', 'drip.sol', 'bite.sol']
2,['join.sol', 'frob.sol', 'flip.t.sol', 'flop.t.sol', 'heal.sol', 'drip.t.sol', 'frob.t.sol', 'tune.sol']
2,['join.sol', 'frob.sol', 'flip.t.sol', 'flop.t.sol', 'heal.sol', 'drip.t.sol', 'frob.t.sol', 'bite.sol']
2,['join.sol', 'frob.sol', 'flip.t.sol', 'flop.t.sol', 'heal.sol', 'drip.t.sol', 'tune.sol', 'bite.sol']
3,['join.sol', 'frob.sol', 'flip.t.sol', 'flop.t.sol', 'heal.sol', 'heal.t.sol', 'flap.sol', 'drip.sol']
3,['join.sol', 'frob.sol', 'flip.t.sol', 'flop.t.sol', 'heal.sol', 'heal.t.sol', 'flap.sol', 'frob.t.sol']
3,['join.sol', 'frob.sol', 'flip.t.sol', 'flop.t.sol', 'heal.sol', 'heal.t.sol', 'flap.sol', 'tune.sol']
4,['join.sol', 'frob.sol', 'flip.t.sol', 'flop.t.sol', 'heal.sol', 'heal.t.sol', 'flap.sol', 'bite.sol']
2,['join.sol', 'frob.sol', 'flip.t.sol', 'flop.t.sol', 'heal.sol', 'heal.t.sol', 'drip.sol', 'frob.t.sol']
2,['join.sol', 'frob.sol', 'flip.t.sol', 'flop.t.sol', 'heal.sol', 'heal.t.sol', 'drip.sol', 'tune.sol']
3,['join.sol', 'frob.sol', 'flip.t.sol', 'flop.t.sol', 'heal.sol', 'heal.t.sol', 'drip.sol', 'bite.sol']
3,['join.sol', 'frob.sol', 'flip.t.sol', 'flop.t.sol', 'heal.sol', 'heal.t.sol', 'frob.t.sol', 'tune.sol']
3,['join.sol', 'frob.sol', 'flip.t.sol', 'flop.t.sol', 'heal.sol', 'heal.t.sol', 'frob.t.sol', 'bite.sol']
3,['join.sol', 'frob.sol', 'flip.t.sol', 'flop.t.sol', 'heal.sol', 'heal.t.sol', 'tune.sol', 'bite.sol']
2,['join.sol', 'frob.sol', 'flip.t.sol', 'flop.t.sol', 'heal.sol', 'flap.sol', 'drip.sol', 'frob.t.sol']
2,['join.sol', 'frob.sol', 'flip.t.sol', 'flop.t.sol', 'heal.sol', 'flap.sol', 'drip.sol', 'tune.sol']
2,['join.sol', 'frob.sol', 'flip.t.sol', 'flop.t.sol', 'heal.sol', 'flap.sol', 'drip.sol', 'bite.sol']
3,['join.sol', 'frob.sol', 'flip.t.sol', 'flop.t.sol', 'heal.sol', 'flap.sol', 'frob.t.sol', 'tune.sol']
3,['join.sol', 'frob.sol', 'flip.t.sol', 'flop.t.sol', 'heal.sol', 'flap.sol', 'frob.t.sol', 'bite.sol']
2,['join.sol', 'frob.sol', 'flip.t.sol', 'flop.t.sol', 'heal.sol', 'flap.sol', 'tune.sol', 'bite.sol']
2,['join.sol', 'frob.sol', 'flip.t.sol', 'flop.t.sol', 'heal.sol', 'drip.sol', 'frob.t.sol', 'tune.sol']
3,['join.sol', 'frob.sol', 'flip.t.sol', 'flop.t.sol', 'heal.sol', 'drip.sol', 'frob.t.sol', 'bite.sol']
2,['join.sol', 'frob.sol', 'flip.t.sol', 'flop.t.sol', 'heal.sol', 'drip.sol', 'tune.sol', 'bite.sol']
3,['join.sol', 'frob.sol', 'flip.t.sol', 'flop.t.sol', 'heal.sol', 'frob.t.sol', 'tune.sol', 'bite.sol']
3,['join.sol', 'frob.sol', 'flip.t.sol', 'flop.t.sol', 'drip.t.sol', 'heal.t.sol', 'flap.sol', 'drip.sol']
2,['join.sol', 'frob.sol', 'flip.t.sol', 'flop.t.sol', 'drip.t.sol', 'heal.t.sol', 'flap.sol', 'frob.t.sol']
2,['join.sol', 'frob.sol', 'flip.t.sol', 'flop.t.sol', 'drip.t.sol', 'heal.t.sol', 'flap.sol', 'tune.sol']
3,['join.sol', 'frob.sol', 'flip.t.sol', 'flop.t.sol', 'drip.t.sol', 'heal.t.sol', 'flap.sol', 'bite.sol']
2,['join.sol', 'frob.sol', 'flip.t.sol', 'flop.t.sol', 'drip.t.sol', 'heal.t.sol', 'drip.sol', 'frob.t.sol']
2,['join.sol', 'frob.sol', 'flip.t.sol', 'flop.t.sol', 'drip.t.sol', 'heal.t.sol', 'drip.sol', 'tune.sol']
2,['join.sol', 'frob.sol', 'flip.t.sol', 'flop.t.sol', 'drip.t.sol', 'heal.t.sol', 'drip.sol', 'bite.sol']
2,['join.sol', 'frob.sol', 'flip.t.sol', 'flop.t.sol', 'drip.t.sol', 'heal.t.sol', 'frob.t.sol', 'tune.sol']
2,['join.sol', 'frob.sol', 'flip.t.sol', 'flop.t.sol', 'drip.t.sol', 'heal.t.sol', 'frob.t.sol', 'bite.sol']
2,['join.sol', 'frob.sol', 'flip.t.sol', 'flop.t.sol', 'drip.t.sol', 'heal.t.sol', 'tune.sol', 'bite.sol']
2,['join.sol', 'frob.sol', 'flip.t.sol', 'flop.t.sol', 'drip.t.sol', 'flap.sol', 'drip.sol', 'frob.t.sol']
2,['join.sol', 'frob.sol', 'flip.t.sol', 'flop.t.sol', 'drip.t.sol', 'flap.sol', 'drip.sol', 'tune.sol']
3,['join.sol', 'frob.sol', 'flip.t.sol', 'flop.t.sol', 'drip.t.sol', 'flap.sol', 'drip.sol', 'bite.sol']
2,['join.sol', 'frob.sol', 'flip.t.sol', 'flop.t.sol', 'drip.t.sol', 'flap.sol', 'frob.t.sol', 'tune.sol']
2,['join.sol', 'frob.sol', 'flip.t.sol', 'flop.t.sol', 'drip.t.sol', 'flap.sol', 'frob.t.sol', 'bite.sol']
2,['join.sol', 'frob.sol', 'flip.t.sol', 'flop.t.sol', 'drip.t.sol', 'flap.sol', 'tune.sol', 'bite.sol']
1,['join.sol', 'frob.sol', 'flip.t.sol', 'flop.t.sol', 'drip.t.sol', 'drip.sol', 'frob.t.sol', 'tune.sol']
3,['join.sol', 'frob.sol', 'flip.t.sol', 'flop.t.sol', 'drip.t.sol', 'drip.sol', 'frob.t.sol', 'bite.sol']
2,['join.sol', 'frob.sol', 'flip.t.sol', 'flop.t.sol', 'drip.t.sol', 'drip.sol', 'tune.sol', 'bite.sol']
1,['join.sol', 'frob.sol', 'flip.t.sol', 'flop.t.sol', 'drip.t.sol', 'frob.t.sol', 'tune.sol', 'bite.sol']
2,['join.sol', 'frob.sol', 'flip.t.sol', 'flop.t.sol', 'heal.t.sol', 'flap.sol', 'drip.sol', 'frob.t.sol']
2,['join.sol', 'frob.sol', 'flip.t.sol', 'flop.t.sol', 'heal.t.sol', 'flap.sol', 'drip.sol', 'tune.sol']
3,['join.sol', 'frob.sol', 'flip.t.sol', 'flop.t.sol', 'heal.t.sol', 'flap.sol', 'drip.sol', 'bite.sol']
3,['join.sol', 'frob.sol', 'flip.t.sol', 'flop.t.sol', 'heal.t.sol', 'flap.sol', 'frob.t.sol', 'tune.sol']
3,['join.sol', 'frob.sol', 'flip.t.sol', 'flop.t.sol', 'heal.t.sol', 'flap.sol', 'frob.t.sol', 'bite.sol']
3,['join.sol', 'frob.sol', 'flip.t.sol', 'flop.t.sol', 'heal.t.sol', 'flap.sol', 'tune.sol', 'bite.sol']
2,['join.sol', 'frob.sol', 'flip.t.sol', 'flop.t.sol', 'heal.t.sol', 'drip.sol', 'frob.t.sol', 'tune.sol']
2,['join.sol', 'frob.sol', 'flip.t.sol', 'flop.t.sol', 'heal.t.sol', 'drip.sol', 'frob.t.sol', 'bite.sol']
2,['join.sol', 'frob.sol', 'flip.t.sol', 'flop.t.sol', 'heal.t.sol', 'drip.sol', 'tune.sol', 'bite.sol']
3,['join.sol', 'frob.sol', 'flip.t.sol', 'flop.t.sol', 'heal.t.sol', 'frob.t.sol', 'tune.sol', 'bite.sol']
2,['join.sol', 'frob.sol', 'flip.t.sol', 'flop.t.sol', 'flap.sol', 'drip.sol', 'frob.t.sol', 'tune.sol']
2,['join.sol', 'frob.sol', 'flip.t.sol', 'flop.t.sol', 'flap.sol', 'drip.sol', 'frob.t.sol', 'bite.sol']
2,['join.sol', 'frob.sol', 'flip.t.sol', 'flop.t.sol', 'flap.sol', 'drip.sol', 'tune.sol', 'bite.sol']
3,['join.sol', 'frob.sol', 'flip.t.sol', 'flop.t.sol', 'flap.sol', 'frob.t.sol', 'tune.sol', 'bite.sol']
2,['join.sol', 'frob.sol', 'flip.t.sol', 'flop.t.sol', 'drip.sol', 'frob.t.sol', 'tune.sol', 'bite.sol']
3,['join.sol', 'frob.sol', 'flip.t.sol', 'flap.t.sol', 'heal.sol', 'drip.t.sol', 'heal.t.sol', 'flap.sol']
3,['join.sol', 'frob.sol', 'flip.t.sol', 'flap.t.sol', 'heal.sol', 'drip.t.sol', 'heal.t.sol', 'drip.sol']
2,['join.sol', 'frob.sol', 'flip.t.sol', 'flap.t.sol', 'heal.sol', 'drip.t.sol', 'heal.t.sol', 'frob.t.sol']
2,['join.sol', 'frob.sol', 'flip.t.sol', 'flap.t.sol', 'heal.sol', 'drip.t.sol', 'heal.t.sol', 'tune.sol']
3,['join.sol', 'frob.sol', 'flip.t.sol', 'flap.t.sol', 'heal.sol', 'drip.t.sol', 'heal.t.sol', 'bite.sol']
2,['join.sol', 'frob.sol', 'flip.t.sol', 'flap.t.sol', 'heal.sol', 'drip.t.sol', 'flap.sol', 'drip.sol']
2,['join.sol', 'frob.sol', 'flip.t.sol', 'flap.t.sol', 'heal.sol', 'drip.t.sol', 'flap.sol', 'frob.t.sol']
1,['join.sol', 'frob.sol', 'flip.t.sol', 'flap.t.sol', 'heal.sol', 'drip.t.sol', 'flap.sol', 'tune.sol']
2,['join.sol', 'frob.sol', 'flip.t.sol', 'flap.t.sol', 'heal.sol', 'drip.t.sol', 'flap.sol', 'bite.sol']
3,['join.sol', 'frob.sol', 'flip.t.sol', 'flap.t.sol', 'heal.sol', 'drip.t.sol', 'drip.sol', 'frob.t.sol']
2,['join.sol', 'frob.sol', 'flip.t.sol', 'flap.t.sol', 'heal.sol', 'drip.t.sol', 'drip.sol', 'tune.sol']
2,['join.sol', 'frob.sol', 'flip.t.sol', 'flap.t.sol', 'heal.sol', 'drip.t.sol', 'drip.sol', 'bite.sol']
2,['join.sol', 'frob.sol', 'flip.t.sol', 'flap.t.sol', 'heal.sol', 'drip.t.sol', 'frob.t.sol', 'tune.sol']
2,['join.sol', 'frob.sol', 'flip.t.sol', 'flap.t.sol', 'heal.sol', 'drip.t.sol', 'frob.t.sol', 'bite.sol']
2,['join.sol', 'frob.sol', 'flip.t.sol', 'flap.t.sol', 'heal.sol', 'drip.t.sol', 'tune.sol', 'bite.sol']
3,['join.sol', 'frob.sol', 'flip.t.sol', 'flap.t.sol', 'heal.sol', 'heal.t.sol', 'flap.sol', 'drip.sol']
3,['join.sol', 'frob.sol', 'flip.t.sol', 'flap.t.sol', 'heal.sol', 'heal.t.sol', 'flap.sol', 'frob.t.sol']
3,['join.sol', 'frob.sol', 'flip.t.sol', 'flap.t.sol', 'heal.sol', 'heal.t.sol', 'flap.sol', 'tune.sol']
4,['join.sol', 'frob.sol', 'flip.t.sol', 'flap.t.sol', 'heal.sol', 'heal.t.sol', 'flap.sol', 'bite.sol']
2,['join.sol', 'frob.sol', 'flip.t.sol', 'flap.t.sol', 'heal.sol', 'heal.t.sol', 'drip.sol', 'frob.t.sol']
2,['join.sol', 'frob.sol', 'flip.t.sol', 'flap.t.sol', 'heal.sol', 'heal.t.sol', 'drip.sol', 'tune.sol']
3,['join.sol', 'frob.sol', 'flip.t.sol', 'flap.t.sol', 'heal.sol', 'heal.t.sol', 'drip.sol', 'bite.sol']
3,['join.sol', 'frob.sol', 'flip.t.sol', 'flap.t.sol', 'heal.sol', 'heal.t.sol', 'frob.t.sol', 'tune.sol']
3,['join.sol', 'frob.sol', 'flip.t.sol', 'flap.t.sol', 'heal.sol', 'heal.t.sol', 'frob.t.sol', 'bite.sol']
3,['join.sol', 'frob.sol', 'flip.t.sol', 'flap.t.sol', 'heal.sol', 'heal.t.sol', 'tune.sol', 'bite.sol']
2,['join.sol', 'frob.sol', 'flip.t.sol', 'flap.t.sol', 'heal.sol', 'flap.sol', 'drip.sol', 'frob.t.sol']
2,['join.sol', 'frob.sol', 'flip.t.sol', 'flap.t.sol', 'heal.sol', 'flap.sol', 'drip.sol', 'tune.sol']
2,['join.sol', 'frob.sol', 'flip.t.sol', 'flap.t.sol', 'heal.sol', 'flap.sol', 'drip.sol', 'bite.sol']
3,['join.sol', 'frob.sol', 'flip.t.sol', 'flap.t.sol', 'heal.sol', 'flap.sol', 'frob.t.sol', 'tune.sol']
3,['join.sol', 'frob.sol', 'flip.t.sol', 'flap.t.sol', 'heal.sol', 'flap.sol', 'frob.t.sol', 'bite.sol']
2,['join.sol', 'frob.sol', 'flip.t.sol', 'flap.t.sol', 'heal.sol', 'flap.sol', 'tune.sol', 'bite.sol']
2,['join.sol', 'frob.sol', 'flip.t.sol', 'flap.t.sol', 'heal.sol', 'drip.sol', 'frob.t.sol', 'tune.sol']
2,['join.sol', 'frob.sol', 'flip.t.sol', 'flap.t.sol', 'heal.sol', 'drip.sol', 'frob.t.sol', 'bite.sol']
2,['join.sol', 'frob.sol', 'flip.t.sol', 'flap.t.sol', 'heal.sol', 'drip.sol', 'tune.sol', 'bite.sol']
3,['join.sol', 'frob.sol', 'flip.t.sol', 'flap.t.sol', 'heal.sol', 'frob.t.sol', 'tune.sol', 'bite.sol']
3,['join.sol', 'frob.sol', 'flip.t.sol', 'flap.t.sol', 'drip.t.sol', 'heal.t.sol', 'flap.sol', 'drip.sol']
2,['join.sol', 'frob.sol', 'flip.t.sol', 'flap.t.sol', 'drip.t.sol', 'heal.t.sol', 'flap.sol', 'frob.t.sol']
2,['join.sol', 'frob.sol', 'flip.t.sol', 'flap.t.sol', 'drip.t.sol', 'heal.t.sol', 'flap.sol', 'tune.sol']
3,['join.sol', 'frob.sol', 'flip.t.sol', 'flap.t.sol', 'drip.t.sol', 'heal.t.sol', 'flap.sol', 'bite.sol']
2,['join.sol', 'frob.sol', 'flip.t.sol', 'flap.t.sol', 'drip.t.sol', 'heal.t.sol', 'drip.sol', 'frob.t.sol']
2,['join.sol', 'frob.sol', 'flip.t.sol', 'flap.t.sol', 'drip.t.sol', 'heal.t.sol', 'drip.sol', 'tune.sol']
2,['join.sol', 'frob.sol', 'flip.t.sol', 'flap.t.sol', 'drip.t.sol', 'heal.t.sol', 'drip.sol', 'bite.sol']
2,['join.sol', 'frob.sol', 'flip.t.sol', 'flap.t.sol', 'drip.t.sol', 'heal.t.sol', 'frob.t.sol', 'tune.sol']
2,['join.sol', 'frob.sol', 'flip.t.sol', 'flap.t.sol', 'drip.t.sol', 'heal.t.sol', 'frob.t.sol', 'bite.sol']
2,['join.sol', 'frob.sol', 'flip.t.sol', 'flap.t.sol', 'drip.t.sol', 'heal.t.sol', 'tune.sol', 'bite.sol']
2,['join.sol', 'frob.sol', 'flip.t.sol', 'flap.t.sol', 'drip.t.sol', 'flap.sol', 'drip.sol', 'frob.t.sol']
2,['join.sol', 'frob.sol', 'flip.t.sol', 'flap.t.sol', 'drip.t.sol', 'flap.sol', 'drip.sol', 'tune.sol']
3,['join.sol', 'frob.sol', 'flip.t.sol', 'flap.t.sol', 'drip.t.sol', 'flap.sol', 'drip.sol', 'bite.sol']
2,['join.sol', 'frob.sol', 'flip.t.sol', 'flap.t.sol', 'drip.t.sol', 'flap.sol', 'frob.t.sol', 'tune.sol']
2,['join.sol', 'frob.sol', 'flip.t.sol', 'flap.t.sol', 'drip.t.sol', 'flap.sol', 'frob.t.sol', 'bite.sol']
2,['join.sol', 'frob.sol', 'flip.t.sol', 'flap.t.sol', 'drip.t.sol', 'flap.sol', 'tune.sol', 'bite.sol']
1,['join.sol', 'frob.sol', 'flip.t.sol', 'flap.t.sol', 'drip.t.sol', 'drip.sol', 'frob.t.sol', 'tune.sol']
3,['join.sol', 'frob.sol', 'flip.t.sol', 'flap.t.sol', 'drip.t.sol', 'drip.sol', 'frob.t.sol', 'bite.sol']
2,['join.sol', 'frob.sol', 'flip.t.sol', 'flap.t.sol', 'drip.t.sol', 'drip.sol', 'tune.sol', 'bite.sol']
1,['join.sol', 'frob.sol', 'flip.t.sol', 'flap.t.sol', 'drip.t.sol', 'frob.t.sol', 'tune.sol', 'bite.sol']
2,['join.sol', 'frob.sol', 'flip.t.sol', 'flap.t.sol', 'heal.t.sol', 'flap.sol', 'drip.sol', 'frob.t.sol']
2,['join.sol', 'frob.sol', 'flip.t.sol', 'flap.t.sol', 'heal.t.sol', 'flap.sol', 'drip.sol', 'tune.sol']
3,['join.sol', 'frob.sol', 'flip.t.sol', 'flap.t.sol', 'heal.t.sol', 'flap.sol', 'drip.sol', 'bite.sol']
3,['join.sol', 'frob.sol', 'flip.t.sol', 'flap.t.sol', 'heal.t.sol', 'flap.sol', 'frob.t.sol', 'tune.sol']
3,['join.sol', 'frob.sol', 'flip.t.sol', 'flap.t.sol', 'heal.t.sol', 'flap.sol', 'frob.t.sol', 'bite.sol']
3,['join.sol', 'frob.sol', 'flip.t.sol', 'flap.t.sol', 'heal.t.sol', 'flap.sol', 'tune.sol', 'bite.sol']
2,['join.sol', 'frob.sol', 'flip.t.sol', 'flap.t.sol', 'heal.t.sol', 'drip.sol', 'frob.t.sol', 'tune.sol']
2,['join.sol', 'frob.sol', 'flip.t.sol', 'flap.t.sol', 'heal.t.sol', 'drip.sol', 'frob.t.sol', 'bite.sol']
2,['join.sol', 'frob.sol', 'flip.t.sol', 'flap.t.sol', 'heal.t.sol', 'drip.sol', 'tune.sol', 'bite.sol']
3,['join.sol', 'frob.sol', 'flip.t.sol', 'flap.t.sol', 'heal.t.sol', 'frob.t.sol', 'tune.sol', 'bite.sol']
3,['join.sol', 'frob.sol', 'flip.t.sol', 'flap.t.sol', 'flap.sol', 'drip.sol', 'frob.t.sol', 'tune.sol']
2,['join.sol', 'frob.sol', 'flip.t.sol', 'flap.t.sol', 'flap.sol', 'drip.sol', 'frob.t.sol', 'bite.sol']
2,['join.sol', 'frob.sol', 'flip.t.sol', 'flap.t.sol', 'flap.sol', 'drip.sol', 'tune.sol', 'bite.sol']
3,['join.sol', 'frob.sol', 'flip.t.sol', 'flap.t.sol', 'flap.sol', 'frob.t.sol', 'tune.sol', 'bite.sol']
2,['join.sol', 'frob.sol', 'flip.t.sol', 'flap.t.sol', 'drip.sol', 'frob.t.sol', 'tune.sol', 'bite.sol']
2,['join.sol', 'frob.sol', 'flip.t.sol', 'heal.sol', 'drip.t.sol', 'heal.t.sol', 'flap.sol', 'drip.sol']
2,['join.sol', 'frob.sol', 'flip.t.sol', 'heal.sol', 'drip.t.sol', 'heal.t.sol', 'flap.sol', 'frob.t.sol']
2,['join.sol', 'frob.sol', 'flip.t.sol', 'heal.sol', 'drip.t.sol', 'heal.t.sol', 'flap.sol', 'tune.sol']
2,['join.sol', 'frob.sol', 'flip.t.sol', 'heal.sol', 'drip.t.sol', 'heal.t.sol', 'flap.sol', 'bite.sol']
2,['join.sol', 'frob.sol', 'flip.t.sol', 'heal.sol', 'drip.t.sol', 'heal.t.sol', 'drip.sol', 'frob.t.sol']
2,['join.sol', 'frob.sol', 'flip.t.sol', 'heal.sol', 'drip.t.sol', 'heal.t.sol', 'drip.sol', 'tune.sol']
5,['join.sol', 'frob.sol', 'flip.t.sol', 'heal.sol', 'drip.t.sol', 'heal.t.sol', 'drip.sol', 'bite.sol']
2,['join.sol', 'frob.sol', 'flip.t.sol', 'heal.sol', 'drip.t.sol', 'heal.t.sol', 'frob.t.sol', 'tune.sol']
2,['join.sol', 'frob.sol', 'flip.t.sol', 'heal.sol', 'drip.t.sol', 'heal.t.sol', 'frob.t.sol', 'bite.sol']
2,['join.sol', 'frob.sol', 'flip.t.sol', 'heal.sol', 'drip.t.sol', 'heal.t.sol', 'tune.sol', 'bite.sol']
4,['join.sol', 'frob.sol', 'flip.t.sol', 'heal.sol', 'drip.t.sol', 'flap.sol', 'drip.sol', 'frob.t.sol']
2,['join.sol', 'frob.sol', 'flip.t.sol', 'heal.sol', 'drip.t.sol', 'flap.sol', 'drip.sol', 'tune.sol']
2,['join.sol', 'frob.sol', 'flip.t.sol', 'heal.sol', 'drip.t.sol', 'flap.sol', 'drip.sol', 'bite.sol']
2,['join.sol', 'frob.sol', 'flip.t.sol', 'heal.sol', 'drip.t.sol', 'flap.sol', 'frob.t.sol', 'tune.sol']
5,['join.sol', 'frob.sol', 'flip.t.sol', 'heal.sol', 'drip.t.sol', 'flap.sol', 'frob.t.sol', 'bite.sol']
2,['join.sol', 'frob.sol', 'flip.t.sol', 'heal.sol', 'drip.t.sol', 'flap.sol', 'tune.sol', 'bite.sol']
4,['join.sol', 'frob.sol', 'flip.t.sol', 'heal.sol', 'drip.t.sol', 'drip.sol', 'frob.t.sol', 'tune.sol']
5,['join.sol', 'frob.sol', 'flip.t.sol', 'heal.sol', 'drip.t.sol', 'drip.sol', 'frob.t.sol', 'bite.sol']
3,['join.sol', 'frob.sol', 'flip.t.sol', 'heal.sol', 'drip.t.sol', 'drip.sol', 'tune.sol', 'bite.sol']
4,['join.sol', 'frob.sol', 'flip.t.sol', 'heal.sol', 'drip.t.sol', 'frob.t.sol', 'tune.sol', 'bite.sol']
2,['join.sol', 'frob.sol', 'flip.t.sol', 'heal.sol', 'heal.t.sol', 'flap.sol', 'drip.sol', 'frob.t.sol']
2,['join.sol', 'frob.sol', 'flip.t.sol', 'heal.sol', 'heal.t.sol', 'flap.sol', 'drip.sol', 'tune.sol']
2,['join.sol', 'frob.sol', 'flip.t.sol', 'heal.sol', 'heal.t.sol', 'flap.sol', 'drip.sol', 'bite.sol']
3,['join.sol', 'frob.sol', 'flip.t.sol', 'heal.sol', 'heal.t.sol', 'flap.sol', 'frob.t.sol', 'tune.sol']
3,['join.sol', 'frob.sol', 'flip.t.sol', 'heal.sol', 'heal.t.sol', 'flap.sol', 'frob.t.sol', 'bite.sol']
3,['join.sol', 'frob.sol', 'flip.t.sol', 'heal.sol', 'heal.t.sol', 'flap.sol', 'tune.sol', 'bite.sol']
2,['join.sol', 'frob.sol', 'flip.t.sol', 'heal.sol', 'heal.t.sol', 'drip.sol', 'frob.t.sol', 'tune.sol']
2,['join.sol', 'frob.sol', 'flip.t.sol', 'heal.sol', 'heal.t.sol', 'drip.sol', 'frob.t.sol', 'bite.sol']
2,['join.sol', 'frob.sol', 'flip.t.sol', 'heal.sol', 'heal.t.sol', 'drip.sol', 'tune.sol', 'bite.sol']
3,['join.sol', 'frob.sol', 'flip.t.sol', 'heal.sol', 'heal.t.sol', 'frob.t.sol', 'tune.sol', 'bite.sol']
2,['join.sol', 'frob.sol', 'flip.t.sol', 'heal.sol', 'flap.sol', 'drip.sol', 'frob.t.sol', 'tune.sol']
5,['join.sol', 'frob.sol', 'flip.t.sol', 'heal.sol', 'flap.sol', 'drip.sol', 'frob.t.sol', 'bite.sol']
2,['join.sol', 'frob.sol', 'flip.t.sol', 'heal.sol', 'flap.sol', 'drip.sol', 'tune.sol', 'bite.sol']
2,['join.sol', 'frob.sol', 'flip.t.sol', 'heal.sol', 'flap.sol', 'frob.t.sol', 'tune.sol', 'bite.sol']
2,['join.sol', 'frob.sol', 'flip.t.sol', 'heal.sol', 'drip.sol', 'frob.t.sol', 'tune.sol', 'bite.sol']
2,['join.sol', 'frob.sol', 'flip.t.sol', 'drip.t.sol', 'heal.t.sol', 'flap.sol', 'drip.sol', 'frob.t.sol']
2,['join.sol', 'frob.sol', 'flip.t.sol', 'drip.t.sol', 'heal.t.sol', 'flap.sol', 'drip.sol', 'tune.sol']
2,['join.sol', 'frob.sol', 'flip.t.sol', 'drip.t.sol', 'heal.t.sol', 'flap.sol', 'drip.sol', 'bite.sol']
2,['join.sol', 'frob.sol', 'flip.t.sol', 'drip.t.sol', 'heal.t.sol', 'flap.sol', 'frob.t.sol', 'tune.sol']
2,['join.sol', 'frob.sol', 'flip.t.sol', 'drip.t.sol', 'heal.t.sol', 'flap.sol', 'frob.t.sol', 'bite.sol']
2,['join.sol', 'frob.sol', 'flip.t.sol', 'drip.t.sol', 'heal.t.sol', 'flap.sol', 'tune.sol', 'bite.sol']
2,['join.sol', 'frob.sol', 'flip.t.sol', 'drip.t.sol', 'heal.t.sol', 'drip.sol', 'frob.t.sol', 'tune.sol']
2,['join.sol', 'frob.sol', 'flip.t.sol', 'drip.t.sol', 'heal.t.sol', 'drip.sol', 'frob.t.sol', 'bite.sol']
2,['join.sol', 'frob.sol', 'flip.t.sol', 'drip.t.sol', 'heal.t.sol', 'drip.sol', 'tune.sol', 'bite.sol']
1,['join.sol', 'frob.sol', 'flip.t.sol', 'drip.t.sol', 'heal.t.sol', 'frob.t.sol', 'tune.sol', 'bite.sol']
2,['join.sol', 'frob.sol', 'flip.t.sol', 'drip.t.sol', 'flap.sol', 'drip.sol', 'frob.t.sol', 'tune.sol']
5,['join.sol', 'frob.sol', 'flip.t.sol', 'drip.t.sol', 'flap.sol', 'drip.sol', 'frob.t.sol', 'bite.sol']
3,['join.sol', 'frob.sol', 'flip.t.sol', 'drip.t.sol', 'flap.sol', 'drip.sol', 'tune.sol', 'bite.sol']
2,['join.sol', 'frob.sol', 'flip.t.sol', 'drip.t.sol', 'flap.sol', 'frob.t.sol', 'tune.sol', 'bite.sol']
4,['join.sol', 'frob.sol', 'flip.t.sol', 'drip.t.sol', 'drip.sol', 'frob.t.sol', 'tune.sol', 'bite.sol']
2,['join.sol', 'frob.sol', 'flip.t.sol', 'heal.t.sol', 'flap.sol', 'drip.sol', 'frob.t.sol', 'tune.sol']
2,['join.sol', 'frob.sol', 'flip.t.sol', 'heal.t.sol', 'flap.sol', 'drip.sol', 'frob.t.sol', 'bite.sol']
2,['join.sol', 'frob.sol', 'flip.t.sol', 'heal.t.sol', 'flap.sol', 'drip.sol', 'tune.sol', 'bite.sol']
3,['join.sol', 'frob.sol', 'flip.t.sol', 'heal.t.sol', 'flap.sol', 'frob.t.sol', 'tune.sol', 'bite.sol']
2,['join.sol', 'frob.sol', 'flip.t.sol', 'heal.t.sol', 'drip.sol', 'frob.t.sol', 'tune.sol', 'bite.sol']
2,['join.sol', 'frob.sol', 'flip.t.sol', 'flap.sol', 'drip.sol', 'frob.t.sol', 'tune.sol', 'bite.sol']
3,['join.sol', 'frob.sol', 'flop.t.sol', 'flap.t.sol', 'heal.sol', 'drip.t.sol', 'heal.t.sol', 'flap.sol']
3,['join.sol', 'frob.sol', 'flop.t.sol', 'flap.t.sol', 'heal.sol', 'drip.t.sol', 'heal.t.sol', 'drip.sol']
2,['join.sol', 'frob.sol', 'flop.t.sol', 'flap.t.sol', 'heal.sol', 'drip.t.sol', 'heal.t.sol', 'frob.t.sol']
2,['join.sol', 'frob.sol', 'flop.t.sol', 'flap.t.sol', 'heal.sol', 'drip.t.sol', 'heal.t.sol', 'tune.sol']
3,['join.sol', 'frob.sol', 'flop.t.sol', 'flap.t.sol', 'heal.sol', 'drip.t.sol', 'heal.t.sol', 'bite.sol']
3,['join.sol', 'frob.sol', 'flop.t.sol', 'flap.t.sol', 'heal.sol', 'drip.t.sol', 'flap.sol', 'drip.sol']
3,['join.sol', 'frob.sol', 'flop.t.sol', 'flap.t.sol', 'heal.sol', 'drip.t.sol', 'flap.sol', 'frob.t.sol']
2,['join.sol', 'frob.sol', 'flop.t.sol', 'flap.t.sol', 'heal.sol', 'drip.t.sol', 'flap.sol', 'tune.sol']
2,['join.sol', 'frob.sol', 'flop.t.sol', 'flap.t.sol', 'heal.sol', 'drip.t.sol', 'flap.sol', 'bite.sol']
4,['join.sol', 'frob.sol', 'flop.t.sol', 'flap.t.sol', 'heal.sol', 'drip.t.sol', 'drip.sol', 'frob.t.sol']
3,['join.sol', 'frob.sol', 'flop.t.sol', 'flap.t.sol', 'heal.sol', 'drip.t.sol', 'drip.sol', 'tune.sol']
2,['join.sol', 'frob.sol', 'flop.t.sol', 'flap.t.sol', 'heal.sol', 'drip.t.sol', 'drip.sol', 'bite.sol']
2,['join.sol', 'frob.sol', 'flop.t.sol', 'flap.t.sol', 'heal.sol', 'drip.t.sol', 'frob.t.sol', 'tune.sol']
3,['join.sol', 'frob.sol', 'flop.t.sol', 'flap.t.sol', 'heal.sol', 'drip.t.sol', 'frob.t.sol', 'bite.sol']
2,['join.sol', 'frob.sol', 'flop.t.sol', 'flap.t.sol', 'heal.sol', 'drip.t.sol', 'tune.sol', 'bite.sol']
3,['join.sol', 'frob.sol', 'flop.t.sol', 'flap.t.sol', 'heal.sol', 'heal.t.sol', 'flap.sol', 'drip.sol']
3,['join.sol', 'frob.sol', 'flop.t.sol', 'flap.t.sol', 'heal.sol', 'heal.t.sol', 'flap.sol', 'frob.t.sol']
3,['join.sol', 'frob.sol', 'flop.t.sol', 'flap.t.sol', 'heal.sol', 'heal.t.sol', 'flap.sol', 'tune.sol']
4,['join.sol', 'frob.sol', 'flop.t.sol', 'flap.t.sol', 'heal.sol', 'heal.t.sol', 'flap.sol', 'bite.sol']
2,['join.sol', 'frob.sol', 'flop.t.sol', 'flap.t.sol', 'heal.sol', 'heal.t.sol', 'drip.sol', 'frob.t.sol']
2,['join.sol', 'frob.sol', 'flop.t.sol', 'flap.t.sol', 'heal.sol', 'heal.t.sol', 'drip.sol', 'tune.sol']
3,['join.sol', 'frob.sol', 'flop.t.sol', 'flap.t.sol', 'heal.sol', 'heal.t.sol', 'drip.sol', 'bite.sol']
3,['join.sol', 'frob.sol', 'flop.t.sol', 'flap.t.sol', 'heal.sol', 'heal.t.sol', 'frob.t.sol', 'tune.sol']
3,['join.sol', 'frob.sol', 'flop.t.sol', 'flap.t.sol', 'heal.sol', 'heal.t.sol', 'frob.t.sol', 'bite.sol']
3,['join.sol', 'frob.sol', 'flop.t.sol', 'flap.t.sol', 'heal.sol', 'heal.t.sol', 'tune.sol', 'bite.sol']
3,['join.sol', 'frob.sol', 'flop.t.sol', 'flap.t.sol', 'heal.sol', 'flap.sol', 'drip.sol', 'frob.t.sol']
2,['join.sol', 'frob.sol', 'flop.t.sol', 'flap.t.sol', 'heal.sol', 'flap.sol', 'drip.sol', 'tune.sol']
3,['join.sol', 'frob.sol', 'flop.t.sol', 'flap.t.sol', 'heal.sol', 'flap.sol', 'drip.sol', 'bite.sol']
3,['join.sol', 'frob.sol', 'flop.t.sol', 'flap.t.sol', 'heal.sol', 'flap.sol', 'frob.t.sol', 'tune.sol']
4,['join.sol', 'frob.sol', 'flop.t.sol', 'flap.t.sol', 'heal.sol', 'flap.sol', 'frob.t.sol', 'bite.sol']
2,['join.sol', 'frob.sol', 'flop.t.sol', 'flap.t.sol', 'heal.sol', 'flap.sol', 'tune.sol', 'bite.sol']
2,['join.sol', 'frob.sol', 'flop.t.sol', 'flap.t.sol', 'heal.sol', 'drip.sol', 'frob.t.sol', 'tune.sol']
3,['join.sol', 'frob.sol', 'flop.t.sol', 'flap.t.sol', 'heal.sol', 'drip.sol', 'frob.t.sol', 'bite.sol']
2,['join.sol', 'frob.sol', 'flop.t.sol', 'flap.t.sol', 'heal.sol', 'drip.sol', 'tune.sol', 'bite.sol']
3,['join.sol', 'frob.sol', 'flop.t.sol', 'flap.t.sol', 'heal.sol', 'frob.t.sol', 'tune.sol', 'bite.sol']
3,['join.sol', 'frob.sol', 'flop.t.sol', 'flap.t.sol', 'drip.t.sol', 'heal.t.sol', 'flap.sol', 'drip.sol']
2,['join.sol', 'frob.sol', 'flop.t.sol', 'flap.t.sol', 'drip.t.sol', 'heal.t.sol', 'flap.sol', 'frob.t.sol']
2,['join.sol', 'frob.sol', 'flop.t.sol', 'flap.t.sol', 'drip.t.sol', 'heal.t.sol', 'flap.sol', 'tune.sol']
3,['join.sol', 'frob.sol', 'flop.t.sol', 'flap.t.sol', 'drip.t.sol', 'heal.t.sol', 'flap.sol', 'bite.sol']
2,['join.sol', 'frob.sol', 'flop.t.sol', 'flap.t.sol', 'drip.t.sol', 'heal.t.sol', 'drip.sol', 'frob.t.sol']
2,['join.sol', 'frob.sol', 'flop.t.sol', 'flap.t.sol', 'drip.t.sol', 'heal.t.sol', 'drip.sol', 'tune.sol']
3,['join.sol', 'frob.sol', 'flop.t.sol', 'flap.t.sol', 'drip.t.sol', 'heal.t.sol', 'drip.sol', 'bite.sol']
2,['join.sol', 'frob.sol', 'flop.t.sol', 'flap.t.sol', 'drip.t.sol', 'heal.t.sol', 'frob.t.sol', 'tune.sol']
2,['join.sol', 'frob.sol', 'flop.t.sol', 'flap.t.sol', 'drip.t.sol', 'heal.t.sol', 'frob.t.sol', 'bite.sol']
2,['join.sol', 'frob.sol', 'flop.t.sol', 'flap.t.sol', 'drip.t.sol', 'heal.t.sol', 'tune.sol', 'bite.sol']
3,['join.sol', 'frob.sol', 'flop.t.sol', 'flap.t.sol', 'drip.t.sol', 'flap.sol', 'drip.sol', 'frob.t.sol']
3,['join.sol', 'frob.sol', 'flop.t.sol', 'flap.t.sol', 'drip.t.sol', 'flap.sol', 'drip.sol', 'tune.sol']
2,['join.sol', 'frob.sol', 'flop.t.sol', 'flap.t.sol', 'drip.t.sol', 'flap.sol', 'drip.sol', 'bite.sol']
2,['join.sol', 'frob.sol', 'flop.t.sol', 'flap.t.sol', 'drip.t.sol', 'flap.sol', 'frob.t.sol', 'tune.sol']
3,['join.sol', 'frob.sol', 'flop.t.sol', 'flap.t.sol', 'drip.t.sol', 'flap.sol', 'frob.t.sol', 'bite.sol']
2,['join.sol', 'frob.sol', 'flop.t.sol', 'flap.t.sol', 'drip.t.sol', 'flap.sol', 'tune.sol', 'bite.sol']
2,['join.sol', 'frob.sol', 'flop.t.sol', 'flap.t.sol', 'drip.t.sol', 'drip.sol', 'frob.t.sol', 'tune.sol']
3,['join.sol', 'frob.sol', 'flop.t.sol', 'flap.t.sol', 'drip.t.sol', 'drip.sol', 'frob.t.sol', 'bite.sol']
3,['join.sol', 'frob.sol', 'flop.t.sol', 'flap.t.sol', 'drip.t.sol', 'drip.sol', 'tune.sol', 'bite.sol']
2,['join.sol', 'frob.sol', 'flop.t.sol', 'flap.t.sol', 'drip.t.sol', 'frob.t.sol', 'tune.sol', 'bite.sol']
2,['join.sol', 'frob.sol', 'flop.t.sol', 'flap.t.sol', 'heal.t.sol', 'flap.sol', 'drip.sol', 'frob.t.sol']
2,['join.sol', 'frob.sol', 'flop.t.sol', 'flap.t.sol', 'heal.t.sol', 'flap.sol', 'drip.sol', 'tune.sol']
3,['join.sol', 'frob.sol', 'flop.t.sol', 'flap.t.sol', 'heal.t.sol', 'flap.sol', 'drip.sol', 'bite.sol']
3,['join.sol', 'frob.sol', 'flop.t.sol', 'flap.t.sol', 'heal.t.sol', 'flap.sol', 'frob.t.sol', 'tune.sol']
3,['join.sol', 'frob.sol', 'flop.t.sol', 'flap.t.sol', 'heal.t.sol', 'flap.sol', 'frob.t.sol', 'bite.sol']
3,['join.sol', 'frob.sol', 'flop.t.sol', 'flap.t.sol', 'heal.t.sol', 'flap.sol', 'tune.sol', 'bite.sol']
2,['join.sol', 'frob.sol', 'flop.t.sol', 'flap.t.sol', 'heal.t.sol', 'drip.sol', 'frob.t.sol', 'tune.sol']
2,['join.sol', 'frob.sol', 'flop.t.sol', 'flap.t.sol', 'heal.t.sol', 'drip.sol', 'frob.t.sol', 'bite.sol']
2,['join.sol', 'frob.sol', 'flop.t.sol', 'flap.t.sol', 'heal.t.sol', 'drip.sol', 'tune.sol', 'bite.sol']
3,['join.sol', 'frob.sol', 'flop.t.sol', 'flap.t.sol', 'heal.t.sol', 'frob.t.sol', 'tune.sol', 'bite.sol']
2,['join.sol', 'frob.sol', 'flop.t.sol', 'flap.t.sol', 'flap.sol', 'drip.sol', 'frob.t.sol', 'tune.sol']
3,['join.sol', 'frob.sol', 'flop.t.sol', 'flap.t.sol', 'flap.sol', 'drip.sol', 'frob.t.sol', 'bite.sol']
3,['join.sol', 'frob.sol', 'flop.t.sol', 'flap.t.sol', 'flap.sol', 'drip.sol', 'tune.sol', 'bite.sol']
3,['join.sol', 'frob.sol', 'flop.t.sol', 'flap.t.sol', 'flap.sol', 'frob.t.sol', 'tune.sol', 'bite.sol']
2,['join.sol', 'frob.sol', 'flop.t.sol', 'flap.t.sol', 'drip.sol', 'frob.t.sol', 'tune.sol', 'bite.sol']
4,['join.sol', 'frob.sol', 'flop.t.sol', 'heal.sol', 'drip.t.sol', 'heal.t.sol', 'flap.sol', 'drip.sol']
2,['join.sol', 'frob.sol', 'flop.t.sol', 'heal.sol', 'drip.t.sol', 'heal.t.sol', 'flap.sol', 'frob.t.sol']
2,['join.sol', 'frob.sol', 'flop.t.sol', 'heal.sol', 'drip.t.sol', 'heal.t.sol', 'flap.sol', 'tune.sol']
3,['join.sol', 'frob.sol', 'flop.t.sol', 'heal.sol', 'drip.t.sol', 'heal.t.sol', 'flap.sol', 'bite.sol']
3,['join.sol', 'frob.sol', 'flop.t.sol', 'heal.sol', 'drip.t.sol', 'heal.t.sol', 'drip.sol', 'frob.t.sol']
2,['join.sol', 'frob.sol', 'flop.t.sol', 'heal.sol', 'drip.t.sol', 'heal.t.sol', 'drip.sol', 'tune.sol']
3,['join.sol', 'frob.sol', 'flop.t.sol', 'heal.sol', 'drip.t.sol', 'heal.t.sol', 'drip.sol', 'bite.sol']
2,['join.sol', 'frob.sol', 'flop.t.sol', 'heal.sol', 'drip.t.sol', 'heal.t.sol', 'frob.t.sol', 'tune.sol']
2,['join.sol', 'frob.sol', 'flop.t.sol', 'heal.sol', 'drip.t.sol', 'heal.t.sol', 'frob.t.sol', 'bite.sol']
2,['join.sol', 'frob.sol', 'flop.t.sol', 'heal.sol', 'drip.t.sol', 'heal.t.sol', 'tune.sol', 'bite.sol']
3,['join.sol', 'frob.sol', 'flop.t.sol', 'heal.sol', 'drip.t.sol', 'flap.sol', 'drip.sol', 'frob.t.sol']
2,['join.sol', 'frob.sol', 'flop.t.sol', 'heal.sol', 'drip.t.sol', 'flap.sol', 'drip.sol', 'tune.sol']
2,['join.sol', 'frob.sol', 'flop.t.sol', 'heal.sol', 'drip.t.sol', 'flap.sol', 'drip.sol', 'bite.sol']
3,['join.sol', 'frob.sol', 'flop.t.sol', 'heal.sol', 'drip.t.sol', 'flap.sol', 'frob.t.sol', 'tune.sol']
3,['join.sol', 'frob.sol', 'flop.t.sol', 'heal.sol', 'drip.t.sol', 'flap.sol', 'frob.t.sol', 'bite.sol']
2,['join.sol', 'frob.sol', 'flop.t.sol', 'heal.sol', 'drip.t.sol', 'flap.sol', 'tune.sol', 'bite.sol']
5,['join.sol', 'frob.sol', 'flop.t.sol', 'heal.sol', 'drip.t.sol', 'drip.sol', 'frob.t.sol', 'tune.sol']
3,['join.sol', 'frob.sol', 'flop.t.sol', 'heal.sol', 'drip.t.sol', 'drip.sol', 'frob.t.sol', 'bite.sol']
2,['join.sol', 'frob.sol', 'flop.t.sol', 'heal.sol', 'drip.t.sol', 'drip.sol', 'tune.sol', 'bite.sol']
4,['join.sol', 'frob.sol', 'flop.t.sol', 'heal.sol', 'drip.t.sol', 'frob.t.sol', 'tune.sol', 'bite.sol']
2,['join.sol', 'frob.sol', 'flop.t.sol', 'heal.sol', 'heal.t.sol', 'flap.sol', 'drip.sol', 'frob.t.sol']
2,['join.sol', 'frob.sol', 'flop.t.sol', 'heal.sol', 'heal.t.sol', 'flap.sol', 'drip.sol', 'tune.sol']
4,['join.sol', 'frob.sol', 'flop.t.sol', 'heal.sol', 'heal.t.sol', 'flap.sol', 'drip.sol', 'bite.sol']
3,['join.sol', 'frob.sol', 'flop.t.sol', 'heal.sol', 'heal.t.sol', 'flap.sol', 'frob.t.sol', 'tune.sol']
3,['join.sol', 'frob.sol', 'flop.t.sol', 'heal.sol', 'heal.t.sol', 'flap.sol', 'frob.t.sol', 'bite.sol']
3,['join.sol', 'frob.sol', 'flop.t.sol', 'heal.sol', 'heal.t.sol', 'flap.sol', 'tune.sol', 'bite.sol']
2,['join.sol', 'frob.sol', 'flop.t.sol', 'heal.sol', 'heal.t.sol', 'drip.sol', 'frob.t.sol', 'tune.sol']
2,['join.sol', 'frob.sol', 'flop.t.sol', 'heal.sol', 'heal.t.sol', 'drip.sol', 'frob.t.sol', 'bite.sol']
2,['join.sol', 'frob.sol', 'flop.t.sol', 'heal.sol', 'heal.t.sol', 'drip.sol', 'tune.sol', 'bite.sol']
3,['join.sol', 'frob.sol', 'flop.t.sol', 'heal.sol', 'heal.t.sol', 'frob.t.sol', 'tune.sol', 'bite.sol']
3,['join.sol', 'frob.sol', 'flop.t.sol', 'heal.sol', 'flap.sol', 'drip.sol', 'frob.t.sol', 'tune.sol']
2,['join.sol', 'frob.sol', 'flop.t.sol', 'heal.sol', 'flap.sol', 'drip.sol', 'frob.t.sol', 'bite.sol']
2,['join.sol', 'frob.sol', 'flop.t.sol', 'heal.sol', 'flap.sol', 'drip.sol', 'tune.sol', 'bite.sol']
3,['join.sol', 'frob.sol', 'flop.t.sol', 'heal.sol', 'flap.sol', 'frob.t.sol', 'tune.sol', 'bite.sol']
2,['join.sol', 'frob.sol', 'flop.t.sol', 'heal.sol', 'drip.sol', 'frob.t.sol', 'tune.sol', 'bite.sol']
2,['join.sol', 'frob.sol', 'flop.t.sol', 'drip.t.sol', 'heal.t.sol', 'flap.sol', 'drip.sol', 'frob.t.sol']
2,['join.sol', 'frob.sol', 'flop.t.sol', 'drip.t.sol', 'heal.t.sol', 'flap.sol', 'drip.sol', 'tune.sol']
3,['join.sol', 'frob.sol', 'flop.t.sol', 'drip.t.sol', 'heal.t.sol', 'flap.sol', 'drip.sol', 'bite.sol']
2,['join.sol', 'frob.sol', 'flop.t.sol', 'drip.t.sol', 'heal.t.sol', 'flap.sol', 'frob.t.sol', 'tune.sol']
2,['join.sol', 'frob.sol', 'flop.t.sol', 'drip.t.sol', 'heal.t.sol', 'flap.sol', 'frob.t.sol', 'bite.sol']
2,['join.sol', 'frob.sol', 'flop.t.sol', 'drip.t.sol', 'heal.t.sol', 'flap.sol', 'tune.sol', 'bite.sol']
2,['join.sol', 'frob.sol', 'flop.t.sol', 'drip.t.sol', 'heal.t.sol', 'drip.sol', 'frob.t.sol', 'tune.sol']
3,['join.sol', 'frob.sol', 'flop.t.sol', 'drip.t.sol', 'heal.t.sol', 'drip.sol', 'frob.t.sol', 'bite.sol']
2,['join.sol', 'frob.sol', 'flop.t.sol', 'drip.t.sol', 'heal.t.sol', 'drip.sol', 'tune.sol', 'bite.sol']
2,['join.sol', 'frob.sol', 'flop.t.sol', 'drip.t.sol', 'heal.t.sol', 'frob.t.sol', 'tune.sol', 'bite.sol']
2,['join.sol', 'frob.sol', 'flop.t.sol', 'drip.t.sol', 'flap.sol', 'drip.sol', 'frob.t.sol', 'tune.sol']
3,['join.sol', 'frob.sol', 'flop.t.sol', 'drip.t.sol', 'flap.sol', 'drip.sol', 'frob.t.sol', 'bite.sol']
2,['join.sol', 'frob.sol', 'flop.t.sol', 'drip.t.sol', 'flap.sol', 'drip.sol', 'tune.sol', 'bite.sol']
2,['join.sol', 'frob.sol', 'flop.t.sol', 'drip.t.sol', 'flap.sol', 'frob.t.sol', 'tune.sol', 'bite.sol']
5,['join.sol', 'frob.sol', 'flop.t.sol', 'drip.t.sol', 'drip.sol', 'frob.t.sol', 'tune.sol', 'bite.sol']
2,['join.sol', 'frob.sol', 'flop.t.sol', 'heal.t.sol', 'flap.sol', 'drip.sol', 'frob.t.sol', 'tune.sol']
2,['join.sol', 'frob.sol', 'flop.t.sol', 'heal.t.sol', 'flap.sol', 'drip.sol', 'frob.t.sol', 'bite.sol']
2,['join.sol', 'frob.sol', 'flop.t.sol', 'heal.t.sol', 'flap.sol', 'drip.sol', 'tune.sol', 'bite.sol']
3,['join.sol', 'frob.sol', 'flop.t.sol', 'heal.t.sol', 'flap.sol', 'frob.t.sol', 'tune.sol', 'bite.sol']
2,['join.sol', 'frob.sol', 'flop.t.sol', 'heal.t.sol', 'drip.sol', 'frob.t.sol', 'tune.sol', 'bite.sol']
2,['join.sol', 'frob.sol', 'flop.t.sol', 'flap.sol', 'drip.sol', 'frob.t.sol', 'tune.sol', 'bite.sol']
4,['join.sol', 'frob.sol', 'flap.t.sol', 'heal.sol', 'drip.t.sol', 'heal.t.sol', 'flap.sol', 'drip.sol']
2,['join.sol', 'frob.sol', 'flap.t.sol', 'heal.sol', 'drip.t.sol', 'heal.t.sol', 'flap.sol', 'frob.t.sol']
2,['join.sol', 'frob.sol', 'flap.t.sol', 'heal.sol', 'drip.t.sol', 'heal.t.sol', 'flap.sol', 'tune.sol']
3,['join.sol', 'frob.sol', 'flap.t.sol', 'heal.sol', 'drip.t.sol', 'heal.t.sol', 'flap.sol', 'bite.sol']
3,['join.sol', 'frob.sol', 'flap.t.sol', 'heal.sol', 'drip.t.sol', 'heal.t.sol', 'drip.sol', 'frob.t.sol']
2,['join.sol', 'frob.sol', 'flap.t.sol', 'heal.sol', 'drip.t.sol', 'heal.t.sol', 'drip.sol', 'tune.sol']
3,['join.sol', 'frob.sol', 'flap.t.sol', 'heal.sol', 'drip.t.sol', 'heal.t.sol', 'drip.sol', 'bite.sol']
2,['join.sol', 'frob.sol', 'flap.t.sol', 'heal.sol', 'drip.t.sol', 'heal.t.sol', 'frob.t.sol', 'tune.sol']
2,['join.sol', 'frob.sol', 'flap.t.sol', 'heal.sol', 'drip.t.sol', 'heal.t.sol', 'frob.t.sol', 'bite.sol']
2,['join.sol', 'frob.sol', 'flap.t.sol', 'heal.sol', 'drip.t.sol', 'heal.t.sol', 'tune.sol', 'bite.sol']
3,['join.sol', 'frob.sol', 'flap.t.sol', 'heal.sol', 'drip.t.sol', 'flap.sol', 'drip.sol', 'frob.t.sol']
2,['join.sol', 'frob.sol', 'flap.t.sol', 'heal.sol', 'drip.t.sol', 'flap.sol', 'drip.sol', 'tune.sol']
2,['join.sol', 'frob.sol', 'flap.t.sol', 'heal.sol', 'drip.t.sol', 'flap.sol', 'drip.sol', 'bite.sol']
3,['join.sol', 'frob.sol', 'flap.t.sol', 'heal.sol', 'drip.t.sol', 'flap.sol', 'frob.t.sol', 'tune.sol']
2,['join.sol', 'frob.sol', 'flap.t.sol', 'heal.sol', 'drip.t.sol', 'flap.sol', 'frob.t.sol', 'bite.sol']
1,['join.sol', 'frob.sol', 'flap.t.sol', 'heal.sol', 'drip.t.sol', 'flap.sol', 'tune.sol', 'bite.sol']
5,['join.sol', 'frob.sol', 'flap.t.sol', 'heal.sol', 'drip.t.sol', 'drip.sol', 'frob.t.sol', 'tune.sol']
3,['join.sol', 'frob.sol', 'flap.t.sol', 'heal.sol', 'drip.t.sol', 'drip.sol', 'frob.t.sol', 'bite.sol']
2,['join.sol', 'frob.sol', 'flap.t.sol', 'heal.sol', 'drip.t.sol', 'drip.sol', 'tune.sol', 'bite.sol']
2,['join.sol', 'frob.sol', 'flap.t.sol', 'heal.sol', 'drip.t.sol', 'frob.t.sol', 'tune.sol', 'bite.sol']
2,['join.sol', 'frob.sol', 'flap.t.sol', 'heal.sol', 'heal.t.sol', 'flap.sol', 'drip.sol', 'frob.t.sol']
2,['join.sol', 'frob.sol', 'flap.t.sol', 'heal.sol', 'heal.t.sol', 'flap.sol', 'drip.sol', 'tune.sol']
4,['join.sol', 'frob.sol', 'flap.t.sol', 'heal.sol', 'heal.t.sol', 'flap.sol', 'drip.sol', 'bite.sol']
3,['join.sol', 'frob.sol', 'flap.t.sol', 'heal.sol', 'heal.t.sol', 'flap.sol', 'frob.t.sol', 'tune.sol']
3,['join.sol', 'frob.sol', 'flap.t.sol', 'heal.sol', 'heal.t.sol', 'flap.sol', 'frob.t.sol', 'bite.sol']
3,['join.sol', 'frob.sol', 'flap.t.sol', 'heal.sol', 'heal.t.sol', 'flap.sol', 'tune.sol', 'bite.sol']
2,['join.sol', 'frob.sol', 'flap.t.sol', 'heal.sol', 'heal.t.sol', 'drip.sol', 'frob.t.sol', 'tune.sol']
2,['join.sol', 'frob.sol', 'flap.t.sol', 'heal.sol', 'heal.t.sol', 'drip.sol', 'frob.t.sol', 'bite.sol']
2,['join.sol', 'frob.sol', 'flap.t.sol', 'heal.sol', 'heal.t.sol', 'drip.sol', 'tune.sol', 'bite.sol']
3,['join.sol', 'frob.sol', 'flap.t.sol', 'heal.sol', 'heal.t.sol', 'frob.t.sol', 'tune.sol', 'bite.sol']
3,['join.sol', 'frob.sol', 'flap.t.sol', 'heal.sol', 'flap.sol', 'drip.sol', 'frob.t.sol', 'tune.sol']
2,['join.sol', 'frob.sol', 'flap.t.sol', 'heal.sol', 'flap.sol', 'drip.sol', 'frob.t.sol', 'bite.sol']
2,['join.sol', 'frob.sol', 'flap.t.sol', 'heal.sol', 'flap.sol', 'drip.sol', 'tune.sol', 'bite.sol']
3,['join.sol', 'frob.sol', 'flap.t.sol', 'heal.sol', 'flap.sol', 'frob.t.sol', 'tune.sol', 'bite.sol']
2,['join.sol', 'frob.sol', 'flap.t.sol', 'heal.sol', 'drip.sol', 'frob.t.sol', 'tune.sol', 'bite.sol']
2,['join.sol', 'frob.sol', 'flap.t.sol', 'drip.t.sol', 'heal.t.sol', 'flap.sol', 'drip.sol', 'frob.t.sol']
2,['join.sol', 'frob.sol', 'flap.t.sol', 'drip.t.sol', 'heal.t.sol', 'flap.sol', 'drip.sol', 'tune.sol']
3,['join.sol', 'frob.sol', 'flap.t.sol', 'drip.t.sol', 'heal.t.sol', 'flap.sol', 'drip.sol', 'bite.sol']
2,['join.sol', 'frob.sol', 'flap.t.sol', 'drip.t.sol', 'heal.t.sol', 'flap.sol', 'frob.t.sol', 'tune.sol']
2,['join.sol', 'frob.sol', 'flap.t.sol', 'drip.t.sol', 'heal.t.sol', 'flap.sol', 'frob.t.sol', 'bite.sol']
2,['join.sol', 'frob.sol', 'flap.t.sol', 'drip.t.sol', 'heal.t.sol', 'flap.sol', 'tune.sol', 'bite.sol']
2,['join.sol', 'frob.sol', 'flap.t.sol', 'drip.t.sol', 'heal.t.sol', 'drip.sol', 'frob.t.sol', 'tune.sol']
3,['join.sol', 'frob.sol', 'flap.t.sol', 'drip.t.sol', 'heal.t.sol', 'drip.sol', 'frob.t.sol', 'bite.sol']
2,['join.sol', 'frob.sol', 'flap.t.sol', 'drip.t.sol', 'heal.t.sol', 'drip.sol', 'tune.sol', 'bite.sol']
2,['join.sol', 'frob.sol', 'flap.t.sol', 'drip.t.sol', 'heal.t.sol', 'frob.t.sol', 'tune.sol', 'bite.sol']
2,['join.sol', 'frob.sol', 'flap.t.sol', 'drip.t.sol', 'flap.sol', 'drip.sol', 'frob.t.sol', 'tune.sol']
3,['join.sol', 'frob.sol', 'flap.t.sol', 'drip.t.sol', 'flap.sol', 'drip.sol', 'frob.t.sol', 'bite.sol']
2,['join.sol', 'frob.sol', 'flap.t.sol', 'drip.t.sol', 'flap.sol', 'drip.sol', 'tune.sol', 'bite.sol']
2,['join.sol', 'frob.sol', 'flap.t.sol', 'drip.t.sol', 'flap.sol', 'frob.t.sol', 'tune.sol', 'bite.sol']
2,['join.sol', 'frob.sol', 'flap.t.sol', 'drip.t.sol', 'drip.sol', 'frob.t.sol', 'tune.sol', 'bite.sol']
2,['join.sol', 'frob.sol', 'flap.t.sol', 'heal.t.sol', 'flap.sol', 'drip.sol', 'frob.t.sol', 'tune.sol']
2,['join.sol', 'frob.sol', 'flap.t.sol', 'heal.t.sol', 'flap.sol', 'drip.sol', 'frob.t.sol', 'bite.sol']
2,['join.sol', 'frob.sol', 'flap.t.sol', 'heal.t.sol', 'flap.sol', 'drip.sol', 'tune.sol', 'bite.sol']
3,['join.sol', 'frob.sol', 'flap.t.sol', 'heal.t.sol', 'flap.sol', 'frob.t.sol', 'tune.sol', 'bite.sol']
2,['join.sol', 'frob.sol', 'flap.t.sol', 'heal.t.sol', 'drip.sol', 'frob.t.sol', 'tune.sol', 'bite.sol']
2,['join.sol', 'frob.sol', 'flap.t.sol', 'flap.sol', 'drip.sol', 'frob.t.sol', 'tune.sol', 'bite.sol']
4,['join.sol', 'frob.sol', 'heal.sol', 'drip.t.sol', 'heal.t.sol', 'flap.sol', 'drip.sol', 'frob.t.sol']
3,['join.sol', 'frob.sol', 'heal.sol', 'drip.t.sol', 'heal.t.sol', 'flap.sol', 'drip.sol', 'tune.sol']
2,['join.sol', 'frob.sol', 'heal.sol', 'drip.t.sol', 'heal.t.sol', 'flap.sol', 'drip.sol', 'bite.sol']
2,['join.sol', 'frob.sol', 'heal.sol', 'drip.t.sol', 'heal.t.sol', 'flap.sol', 'frob.t.sol', 'tune.sol']
5,['join.sol', 'frob.sol', 'heal.sol', 'drip.t.sol', 'heal.t.sol', 'flap.sol', 'frob.t.sol', 'bite.sol']
3,['join.sol', 'frob.sol', 'heal.sol', 'drip.t.sol', 'heal.t.sol', 'flap.sol', 'tune.sol', 'bite.sol']
4,['join.sol', 'frob.sol', 'heal.sol', 'drip.t.sol', 'heal.t.sol', 'drip.sol', 'frob.t.sol', 'tune.sol']
5,['join.sol', 'frob.sol', 'heal.sol', 'drip.t.sol', 'heal.t.sol', 'drip.sol', 'frob.t.sol', 'bite.sol']
2,['join.sol', 'frob.sol', 'heal.sol', 'drip.t.sol', 'heal.t.sol', 'drip.sol', 'tune.sol', 'bite.sol']
4,['join.sol', 'frob.sol', 'heal.sol', 'drip.t.sol', 'heal.t.sol', 'frob.t.sol', 'tune.sol', 'bite.sol']
2,['join.sol', 'frob.sol', 'heal.sol', 'drip.t.sol', 'flap.sol', 'drip.sol', 'frob.t.sol', 'tune.sol']
3,['join.sol', 'frob.sol', 'heal.sol', 'drip.t.sol', 'flap.sol', 'drip.sol', 'frob.t.sol', 'bite.sol']
2,['join.sol', 'frob.sol', 'heal.sol', 'drip.t.sol', 'flap.sol', 'drip.sol', 'tune.sol', 'bite.sol']
2,['join.sol', 'frob.sol', 'heal.sol', 'drip.t.sol', 'flap.sol', 'frob.t.sol', 'tune.sol', 'bite.sol']
2,['join.sol', 'frob.sol', 'heal.sol', 'drip.t.sol', 'drip.sol', 'frob.t.sol', 'tune.sol', 'bite.sol']
2,['join.sol', 'frob.sol', 'heal.sol', 'heal.t.sol', 'flap.sol', 'drip.sol', 'frob.t.sol', 'tune.sol']
3,['join.sol', 'frob.sol', 'heal.sol', 'heal.t.sol', 'flap.sol', 'drip.sol', 'frob.t.sol', 'bite.sol']
3,['join.sol', 'frob.sol', 'heal.sol', 'heal.t.sol', 'flap.sol', 'drip.sol', 'tune.sol', 'bite.sol']
3,['join.sol', 'frob.sol', 'heal.sol', 'heal.t.sol', 'flap.sol', 'frob.t.sol', 'tune.sol', 'bite.sol']
1,['join.sol', 'frob.sol', 'heal.sol', 'heal.t.sol', 'drip.sol', 'frob.t.sol', 'tune.sol', 'bite.sol']
2,['join.sol', 'frob.sol', 'heal.sol', 'flap.sol', 'drip.sol', 'frob.t.sol', 'tune.sol', 'bite.sol']
2,['join.sol', 'frob.sol', 'drip.t.sol', 'heal.t.sol', 'flap.sol', 'drip.sol', 'frob.t.sol', 'tune.sol']
5,['join.sol', 'frob.sol', 'drip.t.sol', 'heal.t.sol', 'flap.sol', 'drip.sol', 'frob.t.sol', 'bite.sol']
3,['join.sol', 'frob.sol', 'drip.t.sol', 'heal.t.sol', 'flap.sol', 'drip.sol', 'tune.sol', 'bite.sol']
1,['join.sol', 'frob.sol', 'drip.t.sol', 'heal.t.sol', 'flap.sol', 'frob.t.sol', 'tune.sol', 'bite.sol']
4,['join.sol', 'frob.sol', 'drip.t.sol', 'heal.t.sol', 'drip.sol', 'frob.t.sol', 'tune.sol', 'bite.sol']
2,['join.sol', 'frob.sol', 'drip.t.sol', 'flap.sol', 'drip.sol', 'frob.t.sol', 'tune.sol', 'bite.sol']
2,['join.sol', 'frob.sol', 'heal.t.sol', 'flap.sol', 'drip.sol', 'frob.t.sol', 'tune.sol', 'bite.sol']
3,['join.sol', 'flip.t.sol', 'flop.t.sol', 'flap.t.sol', 'heal.sol', 'drip.t.sol', 'heal.t.sol', 'flap.sol']
3,['join.sol', 'flip.t.sol', 'flop.t.sol', 'flap.t.sol', 'heal.sol', 'drip.t.sol', 'heal.t.sol', 'drip.sol']
2,['join.sol', 'flip.t.sol', 'flop.t.sol', 'flap.t.sol', 'heal.sol', 'drip.t.sol', 'heal.t.sol', 'frob.t.sol']
2,['join.sol', 'flip.t.sol', 'flop.t.sol', 'flap.t.sol', 'heal.sol', 'drip.t.sol', 'heal.t.sol', 'tune.sol']
3,['join.sol', 'flip.t.sol', 'flop.t.sol', 'flap.t.sol', 'heal.sol', 'drip.t.sol', 'heal.t.sol', 'bite.sol']
3,['join.sol', 'flip.t.sol', 'flop.t.sol', 'flap.t.sol', 'heal.sol', 'drip.t.sol', 'flap.sol', 'drip.sol']
2,['join.sol', 'flip.t.sol', 'flop.t.sol', 'flap.t.sol', 'heal.sol', 'drip.t.sol', 'flap.sol', 'frob.t.sol']
2,['join.sol', 'flip.t.sol', 'flop.t.sol', 'flap.t.sol', 'heal.sol', 'drip.t.sol', 'flap.sol', 'tune.sol']
3,['join.sol', 'flip.t.sol', 'flop.t.sol', 'flap.t.sol', 'heal.sol', 'drip.t.sol', 'flap.sol', 'bite.sol']
2,['join.sol', 'flip.t.sol', 'flop.t.sol', 'flap.t.sol', 'heal.sol', 'drip.t.sol', 'drip.sol', 'frob.t.sol']
2,['join.sol', 'flip.t.sol', 'flop.t.sol', 'flap.t.sol', 'heal.sol', 'drip.t.sol', 'drip.sol', 'tune.sol']
2,['join.sol', 'flip.t.sol', 'flop.t.sol', 'flap.t.sol', 'heal.sol', 'drip.t.sol', 'drip.sol', 'bite.sol']
2,['join.sol', 'flip.t.sol', 'flop.t.sol', 'flap.t.sol', 'heal.sol', 'drip.t.sol', 'frob.t.sol', 'tune.sol']
2,['join.sol', 'flip.t.sol', 'flop.t.sol', 'flap.t.sol', 'heal.sol', 'drip.t.sol', 'frob.t.sol', 'bite.sol']
1,['join.sol', 'flip.t.sol', 'flop.t.sol', 'flap.t.sol', 'heal.sol', 'drip.t.sol', 'tune.sol', 'bite.sol']
3,['join.sol', 'flip.t.sol', 'flop.t.sol', 'flap.t.sol', 'heal.sol', 'heal.t.sol', 'flap.sol', 'drip.sol']
3,['join.sol', 'flip.t.sol', 'flop.t.sol', 'flap.t.sol', 'heal.sol', 'heal.t.sol', 'flap.sol', 'frob.t.sol']
3,['join.sol', 'flip.t.sol', 'flop.t.sol', 'flap.t.sol', 'heal.sol', 'heal.t.sol', 'flap.sol', 'tune.sol']
2,['join.sol', 'flip.t.sol', 'flop.t.sol', 'flap.t.sol', 'heal.sol', 'heal.t.sol', 'flap.sol', 'bite.sol']
2,['join.sol', 'flip.t.sol', 'flop.t.sol', 'flap.t.sol', 'heal.sol', 'heal.t.sol', 'drip.sol', 'frob.t.sol']
2,['join.sol', 'flip.t.sol', 'flop.t.sol', 'flap.t.sol', 'heal.sol', 'heal.t.sol', 'drip.sol', 'tune.sol']
3,['join.sol', 'flip.t.sol', 'flop.t.sol', 'flap.t.sol', 'heal.sol', 'heal.t.sol', 'drip.sol', 'bite.sol']
3,['join.sol', 'flip.t.sol', 'flop.t.sol', 'flap.t.sol', 'heal.sol', 'heal.t.sol', 'frob.t.sol', 'tune.sol']
3,['join.sol', 'flip.t.sol', 'flop.t.sol', 'flap.t.sol', 'heal.sol', 'heal.t.sol', 'frob.t.sol', 'bite.sol']
1,['join.sol', 'flip.t.sol', 'flop.t.sol', 'flap.t.sol', 'heal.sol', 'heal.t.sol', 'tune.sol', 'bite.sol']
2,['join.sol', 'flip.t.sol', 'flop.t.sol', 'flap.t.sol', 'heal.sol', 'flap.sol', 'drip.sol', 'frob.t.sol']
3,['join.sol', 'flip.t.sol', 'flop.t.sol', 'flap.t.sol', 'heal.sol', 'flap.sol', 'drip.sol', 'tune.sol']
3,['join.sol', 'flip.t.sol', 'flop.t.sol', 'flap.t.sol', 'heal.sol', 'flap.sol', 'drip.sol', 'bite.sol']
3,['join.sol', 'flip.t.sol', 'flop.t.sol', 'flap.t.sol', 'heal.sol', 'flap.sol', 'frob.t.sol', 'tune.sol']
3,['join.sol', 'flip.t.sol', 'flop.t.sol', 'flap.t.sol', 'heal.sol', 'flap.sol', 'frob.t.sol', 'bite.sol']
3,['join.sol', 'flip.t.sol', 'flop.t.sol', 'flap.t.sol', 'heal.sol', 'flap.sol', 'tune.sol', 'bite.sol']
2,['join.sol', 'flip.t.sol', 'flop.t.sol', 'flap.t.sol', 'heal.sol', 'drip.sol', 'frob.t.sol', 'tune.sol']
2,['join.sol', 'flip.t.sol', 'flop.t.sol', 'flap.t.sol', 'heal.sol', 'drip.sol', 'frob.t.sol', 'bite.sol']
2,['join.sol', 'flip.t.sol', 'flop.t.sol', 'flap.t.sol', 'heal.sol', 'drip.sol', 'tune.sol', 'bite.sol']
3,['join.sol', 'flip.t.sol', 'flop.t.sol', 'flap.t.sol', 'heal.sol', 'frob.t.sol', 'tune.sol', 'bite.sol']
3,['join.sol', 'flip.t.sol', 'flop.t.sol', 'flap.t.sol', 'drip.t.sol', 'heal.t.sol', 'flap.sol', 'drip.sol']
2,['join.sol', 'flip.t.sol', 'flop.t.sol', 'flap.t.sol', 'drip.t.sol', 'heal.t.sol', 'flap.sol', 'frob.t.sol']
1,['join.sol', 'flip.t.sol', 'flop.t.sol', 'flap.t.sol', 'drip.t.sol', 'heal.t.sol', 'flap.sol', 'tune.sol']
3,['join.sol', 'flip.t.sol', 'flop.t.sol', 'flap.t.sol', 'drip.t.sol', 'heal.t.sol', 'flap.sol', 'bite.sol']
2,['join.sol', 'flip.t.sol', 'flop.t.sol', 'flap.t.sol', 'drip.t.sol', 'heal.t.sol', 'drip.sol', 'frob.t.sol']
2,['join.sol', 'flip.t.sol', 'flop.t.sol', 'flap.t.sol', 'drip.t.sol', 'heal.t.sol', 'drip.sol', 'tune.sol']
3,['join.sol', 'flip.t.sol', 'flop.t.sol', 'flap.t.sol', 'drip.t.sol', 'heal.t.sol', 'drip.sol', 'bite.sol']
2,['join.sol', 'flip.t.sol', 'flop.t.sol', 'flap.t.sol', 'drip.t.sol', 'heal.t.sol', 'frob.t.sol', 'tune.sol']
2,['join.sol', 'flip.t.sol', 'flop.t.sol', 'flap.t.sol', 'drip.t.sol', 'heal.t.sol', 'frob.t.sol', 'bite.sol']
2,['join.sol', 'flip.t.sol', 'flop.t.sol', 'flap.t.sol', 'drip.t.sol', 'heal.t.sol', 'tune.sol', 'bite.sol']
2,['join.sol', 'flip.t.sol', 'flop.t.sol', 'flap.t.sol', 'drip.t.sol', 'flap.sol', 'drip.sol', 'frob.t.sol']
3,['join.sol', 'flip.t.sol', 'flop.t.sol', 'flap.t.sol', 'drip.t.sol', 'flap.sol', 'drip.sol', 'tune.sol']
2,['join.sol', 'flip.t.sol', 'flop.t.sol', 'flap.t.sol', 'drip.t.sol', 'flap.sol', 'drip.sol', 'bite.sol']
2,['join.sol', 'flip.t.sol', 'flop.t.sol', 'flap.t.sol', 'drip.t.sol', 'flap.sol', 'frob.t.sol', 'tune.sol']
2,['join.sol', 'flip.t.sol', 'flop.t.sol', 'flap.t.sol', 'drip.t.sol', 'flap.sol', 'frob.t.sol', 'bite.sol']
1,['join.sol', 'flip.t.sol', 'flop.t.sol', 'flap.t.sol', 'drip.t.sol', 'flap.sol', 'tune.sol', 'bite.sol']
2,['join.sol', 'flip.t.sol', 'flop.t.sol', 'flap.t.sol', 'drip.t.sol', 'drip.sol', 'frob.t.sol', 'tune.sol']
2,['join.sol', 'flip.t.sol', 'flop.t.sol', 'flap.t.sol', 'drip.t.sol', 'drip.sol', 'frob.t.sol', 'bite.sol']
2,['join.sol', 'flip.t.sol', 'flop.t.sol', 'flap.t.sol', 'drip.t.sol', 'drip.sol', 'tune.sol', 'bite.sol']
2,['join.sol', 'flip.t.sol', 'flop.t.sol', 'flap.t.sol', 'drip.t.sol', 'frob.t.sol', 'tune.sol', 'bite.sol']
2,['join.sol', 'flip.t.sol', 'flop.t.sol', 'flap.t.sol', 'heal.t.sol', 'flap.sol', 'drip.sol', 'frob.t.sol']
2,['join.sol', 'flip.t.sol', 'flop.t.sol', 'flap.t.sol', 'heal.t.sol', 'flap.sol', 'drip.sol', 'tune.sol']
3,['join.sol', 'flip.t.sol', 'flop.t.sol', 'flap.t.sol', 'heal.t.sol', 'flap.sol', 'drip.sol', 'bite.sol']
3,['join.sol', 'flip.t.sol', 'flop.t.sol', 'flap.t.sol', 'heal.t.sol', 'flap.sol', 'frob.t.sol', 'tune.sol']
3,['join.sol', 'flip.t.sol', 'flop.t.sol', 'flap.t.sol', 'heal.t.sol', 'flap.sol', 'frob.t.sol', 'bite.sol']
3,['join.sol', 'flip.t.sol', 'flop.t.sol', 'flap.t.sol', 'heal.t.sol', 'flap.sol', 'tune.sol', 'bite.sol']
2,['join.sol', 'flip.t.sol', 'flop.t.sol', 'flap.t.sol', 'heal.t.sol', 'drip.sol', 'frob.t.sol', 'tune.sol']
2,['join.sol', 'flip.t.sol', 'flop.t.sol', 'flap.t.sol', 'heal.t.sol', 'drip.sol', 'frob.t.sol', 'bite.sol']
2,['join.sol', 'flip.t.sol', 'flop.t.sol', 'flap.t.sol', 'heal.t.sol', 'drip.sol', 'tune.sol', 'bite.sol']
3,['join.sol', 'flip.t.sol', 'flop.t.sol', 'flap.t.sol', 'heal.t.sol', 'frob.t.sol', 'tune.sol', 'bite.sol']
3,['join.sol', 'flip.t.sol', 'flop.t.sol', 'flap.t.sol', 'flap.sol', 'drip.sol', 'frob.t.sol', 'tune.sol']
2,['join.sol', 'flip.t.sol', 'flop.t.sol', 'flap.t.sol', 'flap.sol', 'drip.sol', 'frob.t.sol', 'bite.sol']
3,['join.sol', 'flip.t.sol', 'flop.t.sol', 'flap.t.sol', 'flap.sol', 'drip.sol', 'tune.sol', 'bite.sol']
3,['join.sol', 'flip.t.sol', 'flop.t.sol', 'flap.t.sol', 'flap.sol', 'frob.t.sol', 'tune.sol', 'bite.sol']
2,['join.sol', 'flip.t.sol', 'flop.t.sol', 'flap.t.sol', 'drip.sol', 'frob.t.sol', 'tune.sol', 'bite.sol']
3,['join.sol', 'flip.t.sol', 'flop.t.sol', 'heal.sol', 'drip.t.sol', 'heal.t.sol', 'flap.sol', 'drip.sol']
2,['join.sol', 'flip.t.sol', 'flop.t.sol', 'heal.sol', 'drip.t.sol', 'heal.t.sol', 'flap.sol', 'frob.t.sol']
1,['join.sol', 'flip.t.sol', 'flop.t.sol', 'heal.sol', 'drip.t.sol', 'heal.t.sol', 'flap.sol', 'tune.sol']
3,['join.sol', 'flip.t.sol', 'flop.t.sol', 'heal.sol', 'drip.t.sol', 'heal.t.sol', 'flap.sol', 'bite.sol']
2,['join.sol', 'flip.t.sol', 'flop.t.sol', 'heal.sol', 'drip.t.sol', 'heal.t.sol', 'drip.sol', 'frob.t.sol']
2,['join.sol', 'flip.t.sol', 'flop.t.sol', 'heal.sol', 'drip.t.sol', 'heal.t.sol', 'drip.sol', 'tune.sol']
2,['join.sol', 'flip.t.sol', 'flop.t.sol', 'heal.sol', 'drip.t.sol', 'heal.t.sol', 'drip.sol', 'bite.sol']
2,['join.sol', 'flip.t.sol', 'flop.t.sol', 'heal.sol', 'drip.t.sol', 'heal.t.sol', 'frob.t.sol', 'tune.sol']
2,['join.sol', 'flip.t.sol', 'flop.t.sol', 'heal.sol', 'drip.t.sol', 'heal.t.sol', 'frob.t.sol', 'bite.sol']
2,['join.sol', 'flip.t.sol', 'flop.t.sol', 'heal.sol', 'drip.t.sol', 'heal.t.sol', 'tune.sol', 'bite.sol']
2,['join.sol', 'flip.t.sol', 'flop.t.sol', 'heal.sol', 'drip.t.sol', 'flap.sol', 'drip.sol', 'frob.t.sol']
2,['join.sol', 'flip.t.sol', 'flop.t.sol', 'heal.sol', 'drip.t.sol', 'flap.sol', 'drip.sol', 'tune.sol']
2,['join.sol', 'flip.t.sol', 'flop.t.sol', 'heal.sol', 'drip.t.sol', 'flap.sol', 'drip.sol', 'bite.sol']
2,['join.sol', 'flip.t.sol', 'flop.t.sol', 'heal.sol', 'drip.t.sol', 'flap.sol', 'frob.t.sol', 'tune.sol']
2,['join.sol', 'flip.t.sol', 'flop.t.sol', 'heal.sol', 'drip.t.sol', 'flap.sol', 'frob.t.sol', 'bite.sol']
1,['join.sol', 'flip.t.sol', 'flop.t.sol', 'heal.sol', 'drip.t.sol', 'flap.sol', 'tune.sol', 'bite.sol']
2,['join.sol', 'flip.t.sol', 'flop.t.sol', 'heal.sol', 'drip.t.sol', 'drip.sol', 'frob.t.sol', 'tune.sol']
2,['join.sol', 'flip.t.sol', 'flop.t.sol', 'heal.sol', 'drip.t.sol', 'drip.sol', 'frob.t.sol', 'bite.sol']
2,['join.sol', 'flip.t.sol', 'flop.t.sol', 'heal.sol', 'drip.t.sol', 'drip.sol', 'tune.sol', 'bite.sol']
1,['join.sol', 'flip.t.sol', 'flop.t.sol', 'heal.sol', 'drip.t.sol', 'frob.t.sol', 'tune.sol', 'bite.sol']
2,['join.sol', 'flip.t.sol', 'flop.t.sol', 'heal.sol', 'heal.t.sol', 'flap.sol', 'drip.sol', 'frob.t.sol']
2,['join.sol', 'flip.t.sol', 'flop.t.sol', 'heal.sol', 'heal.t.sol', 'flap.sol', 'drip.sol', 'tune.sol']
3,['join.sol', 'flip.t.sol', 'flop.t.sol', 'heal.sol', 'heal.t.sol', 'flap.sol', 'drip.sol', 'bite.sol']
3,['join.sol', 'flip.t.sol', 'flop.t.sol', 'heal.sol', 'heal.t.sol', 'flap.sol', 'frob.t.sol', 'tune.sol']
3,['join.sol', 'flip.t.sol', 'flop.t.sol', 'heal.sol', 'heal.t.sol', 'flap.sol', 'frob.t.sol', 'bite.sol']
3,['join.sol', 'flip.t.sol', 'flop.t.sol', 'heal.sol', 'heal.t.sol', 'flap.sol', 'tune.sol', 'bite.sol']
2,['join.sol', 'flip.t.sol', 'flop.t.sol', 'heal.sol', 'heal.t.sol', 'drip.sol', 'frob.t.sol', 'tune.sol']
2,['join.sol', 'flip.t.sol', 'flop.t.sol', 'heal.sol', 'heal.t.sol', 'drip.sol', 'frob.t.sol', 'bite.sol']
2,['join.sol', 'flip.t.sol', 'flop.t.sol', 'heal.sol', 'heal.t.sol', 'drip.sol', 'tune.sol', 'bite.sol']
3,['join.sol', 'flip.t.sol', 'flop.t.sol', 'heal.sol', 'heal.t.sol', 'frob.t.sol', 'tune.sol', 'bite.sol']
2,['join.sol', 'flip.t.sol', 'flop.t.sol', 'heal.sol', 'flap.sol', 'drip.sol', 'frob.t.sol', 'tune.sol']
2,['join.sol', 'flip.t.sol', 'flop.t.sol', 'heal.sol', 'flap.sol', 'drip.sol', 'frob.t.sol', 'bite.sol']
2,['join.sol', 'flip.t.sol', 'flop.t.sol', 'heal.sol', 'flap.sol', 'drip.sol', 'tune.sol', 'bite.sol']
3,['join.sol', 'flip.t.sol', 'flop.t.sol', 'heal.sol', 'flap.sol', 'frob.t.sol', 'tune.sol', 'bite.sol']
2,['join.sol', 'flip.t.sol', 'flop.t.sol', 'heal.sol', 'drip.sol', 'frob.t.sol', 'tune.sol', 'bite.sol']
2,['join.sol', 'flip.t.sol', 'flop.t.sol', 'drip.t.sol', 'heal.t.sol', 'flap.sol', 'drip.sol', 'frob.t.sol']
1,['join.sol', 'flip.t.sol', 'flop.t.sol', 'drip.t.sol', 'heal.t.sol', 'flap.sol', 'drip.sol', 'tune.sol']
2,['join.sol', 'flip.t.sol', 'flop.t.sol', 'drip.t.sol', 'heal.t.sol', 'flap.sol', 'drip.sol', 'bite.sol']
2,['join.sol', 'flip.t.sol', 'flop.t.sol', 'drip.t.sol', 'heal.t.sol', 'flap.sol', 'frob.t.sol', 'tune.sol']
2,['join.sol', 'flip.t.sol', 'flop.t.sol', 'drip.t.sol', 'heal.t.sol', 'flap.sol', 'frob.t.sol', 'bite.sol']
1,['join.sol', 'flip.t.sol', 'flop.t.sol', 'drip.t.sol', 'heal.t.sol', 'flap.sol', 'tune.sol', 'bite.sol']
2,['join.sol', 'flip.t.sol', 'flop.t.sol', 'drip.t.sol', 'heal.t.sol', 'drip.sol', 'frob.t.sol', 'tune.sol']
2,['join.sol', 'flip.t.sol', 'flop.t.sol', 'drip.t.sol', 'heal.t.sol', 'drip.sol', 'frob.t.sol', 'bite.sol']
2,['join.sol', 'flip.t.sol', 'flop.t.sol', 'drip.t.sol', 'heal.t.sol', 'drip.sol', 'tune.sol', 'bite.sol']
2,['join.sol', 'flip.t.sol', 'flop.t.sol', 'drip.t.sol', 'heal.t.sol', 'frob.t.sol', 'tune.sol', 'bite.sol']
2,['join.sol', 'flip.t.sol', 'flop.t.sol', 'drip.t.sol', 'flap.sol', 'drip.sol', 'frob.t.sol', 'tune.sol']
2,['join.sol', 'flip.t.sol', 'flop.t.sol', 'drip.t.sol', 'flap.sol', 'drip.sol', 'frob.t.sol', 'bite.sol']
2,['join.sol', 'flip.t.sol', 'flop.t.sol', 'drip.t.sol', 'flap.sol', 'drip.sol', 'tune.sol', 'bite.sol']
1,['join.sol', 'flip.t.sol', 'flop.t.sol', 'drip.t.sol', 'flap.sol', 'frob.t.sol', 'tune.sol', 'bite.sol']
1,['join.sol', 'flip.t.sol', 'flop.t.sol', 'drip.t.sol', 'drip.sol', 'frob.t.sol', 'tune.sol', 'bite.sol']
2,['join.sol', 'flip.t.sol', 'flop.t.sol', 'heal.t.sol', 'flap.sol', 'drip.sol', 'frob.t.sol', 'tune.sol']
2,['join.sol', 'flip.t.sol', 'flop.t.sol', 'heal.t.sol', 'flap.sol', 'drip.sol', 'frob.t.sol', 'bite.sol']
2,['join.sol', 'flip.t.sol', 'flop.t.sol', 'heal.t.sol', 'flap.sol', 'drip.sol', 'tune.sol', 'bite.sol']
3,['join.sol', 'flip.t.sol', 'flop.t.sol', 'heal.t.sol', 'flap.sol', 'frob.t.sol', 'tune.sol', 'bite.sol']
2,['join.sol', 'flip.t.sol', 'flop.t.sol', 'heal.t.sol', 'drip.sol', 'frob.t.sol', 'tune.sol', 'bite.sol']
2,['join.sol', 'flip.t.sol', 'flop.t.sol', 'flap.sol', 'drip.sol', 'frob.t.sol', 'tune.sol', 'bite.sol']
3,['join.sol', 'flip.t.sol', 'flap.t.sol', 'heal.sol', 'drip.t.sol', 'heal.t.sol', 'flap.sol', 'drip.sol']
2,['join.sol', 'flip.t.sol', 'flap.t.sol', 'heal.sol', 'drip.t.sol', 'heal.t.sol', 'flap.sol', 'frob.t.sol']
1,['join.sol', 'flip.t.sol', 'flap.t.sol', 'heal.sol', 'drip.t.sol', 'heal.t.sol', 'flap.sol', 'tune.sol']
3,['join.sol', 'flip.t.sol', 'flap.t.sol', 'heal.sol', 'drip.t.sol', 'heal.t.sol', 'flap.sol', 'bite.sol']
2,['join.sol', 'flip.t.sol', 'flap.t.sol', 'heal.sol', 'drip.t.sol', 'heal.t.sol', 'drip.sol', 'frob.t.sol']
2,['join.sol', 'flip.t.sol', 'flap.t.sol', 'heal.sol', 'drip.t.sol', 'heal.t.sol', 'drip.sol', 'tune.sol']
3,['join.sol', 'flip.t.sol', 'flap.t.sol', 'heal.sol', 'drip.t.sol', 'heal.t.sol', 'drip.sol', 'bite.sol']
2,['join.sol', 'flip.t.sol', 'flap.t.sol', 'heal.sol', 'drip.t.sol', 'heal.t.sol', 'frob.t.sol', 'tune.sol']
2,['join.sol', 'flip.t.sol', 'flap.t.sol', 'heal.sol', 'drip.t.sol', 'heal.t.sol', 'frob.t.sol', 'bite.sol']
2,['join.sol', 'flip.t.sol', 'flap.t.sol', 'heal.sol', 'drip.t.sol', 'heal.t.sol', 'tune.sol', 'bite.sol']
2,['join.sol', 'flip.t.sol', 'flap.t.sol', 'heal.sol', 'drip.t.sol', 'flap.sol', 'drip.sol', 'frob.t.sol']
1,['join.sol', 'flip.t.sol', 'flap.t.sol', 'heal.sol', 'drip.t.sol', 'flap.sol', 'drip.sol', 'tune.sol']
2,['join.sol', 'flip.t.sol', 'flap.t.sol', 'heal.sol', 'drip.t.sol', 'flap.sol', 'drip.sol', 'bite.sol']
2,['join.sol', 'flip.t.sol', 'flap.t.sol', 'heal.sol', 'drip.t.sol', 'flap.sol', 'frob.t.sol', 'tune.sol']
2,['join.sol', 'flip.t.sol', 'flap.t.sol', 'heal.sol', 'drip.t.sol', 'flap.sol', 'frob.t.sol', 'bite.sol']
1,['join.sol', 'flip.t.sol', 'flap.t.sol', 'heal.sol', 'drip.t.sol', 'flap.sol', 'tune.sol', 'bite.sol']
2,['join.sol', 'flip.t.sol', 'flap.t.sol', 'heal.sol', 'drip.t.sol', 'drip.sol', 'frob.t.sol', 'tune.sol']
2,['join.sol', 'flip.t.sol', 'flap.t.sol', 'heal.sol', 'drip.t.sol', 'drip.sol', 'frob.t.sol', 'bite.sol']
2,['join.sol', 'flip.t.sol', 'flap.t.sol', 'heal.sol', 'drip.t.sol', 'drip.sol', 'tune.sol', 'bite.sol']
1,['join.sol', 'flip.t.sol', 'flap.t.sol', 'heal.sol', 'drip.t.sol', 'frob.t.sol', 'tune.sol', 'bite.sol']
2,['join.sol', 'flip.t.sol', 'flap.t.sol', 'heal.sol', 'heal.t.sol', 'flap.sol', 'drip.sol', 'frob.t.sol']
2,['join.sol', 'flip.t.sol', 'flap.t.sol', 'heal.sol', 'heal.t.sol', 'flap.sol', 'drip.sol', 'tune.sol']
3,['join.sol', 'flip.t.sol', 'flap.t.sol', 'heal.sol', 'heal.t.sol', 'flap.sol', 'drip.sol', 'bite.sol']
3,['join.sol', 'flip.t.sol', 'flap.t.sol', 'heal.sol', 'heal.t.sol', 'flap.sol', 'frob.t.sol', 'tune.sol']
3,['join.sol', 'flip.t.sol', 'flap.t.sol', 'heal.sol', 'heal.t.sol', 'flap.sol', 'frob.t.sol', 'bite.sol']
3,['join.sol', 'flip.t.sol', 'flap.t.sol', 'heal.sol', 'heal.t.sol', 'flap.sol', 'tune.sol', 'bite.sol']
2,['join.sol', 'flip.t.sol', 'flap.t.sol', 'heal.sol', 'heal.t.sol', 'drip.sol', 'frob.t.sol', 'tune.sol']
2,['join.sol', 'flip.t.sol', 'flap.t.sol', 'heal.sol', 'heal.t.sol', 'drip.sol', 'frob.t.sol', 'bite.sol']
2,['join.sol', 'flip.t.sol', 'flap.t.sol', 'heal.sol', 'heal.t.sol', 'drip.sol', 'tune.sol', 'bite.sol']
3,['join.sol', 'flip.t.sol', 'flap.t.sol', 'heal.sol', 'heal.t.sol', 'frob.t.sol', 'tune.sol', 'bite.sol']
2,['join.sol', 'flip.t.sol', 'flap.t.sol', 'heal.sol', 'flap.sol', 'drip.sol', 'frob.t.sol', 'tune.sol']
2,['join.sol', 'flip.t.sol', 'flap.t.sol', 'heal.sol', 'flap.sol', 'drip.sol', 'frob.t.sol', 'bite.sol']
2,['join.sol', 'flip.t.sol', 'flap.t.sol', 'heal.sol', 'flap.sol', 'drip.sol', 'tune.sol', 'bite.sol']
3,['join.sol', 'flip.t.sol', 'flap.t.sol', 'heal.sol', 'flap.sol', 'frob.t.sol', 'tune.sol', 'bite.sol']
2,['join.sol', 'flip.t.sol', 'flap.t.sol', 'heal.sol', 'drip.sol', 'frob.t.sol', 'tune.sol', 'bite.sol']
2,['join.sol', 'flip.t.sol', 'flap.t.sol', 'drip.t.sol', 'heal.t.sol', 'flap.sol', 'drip.sol', 'frob.t.sol']
1,['join.sol', 'flip.t.sol', 'flap.t.sol', 'drip.t.sol', 'heal.t.sol', 'flap.sol', 'drip.sol', 'tune.sol']
2,['join.sol', 'flip.t.sol', 'flap.t.sol', 'drip.t.sol', 'heal.t.sol', 'flap.sol', 'drip.sol', 'bite.sol']
2,['join.sol', 'flip.t.sol', 'flap.t.sol', 'drip.t.sol', 'heal.t.sol', 'flap.sol', 'frob.t.sol', 'tune.sol']
2,['join.sol', 'flip.t.sol', 'flap.t.sol', 'drip.t.sol', 'heal.t.sol', 'flap.sol', 'frob.t.sol', 'bite.sol']
1,['join.sol', 'flip.t.sol', 'flap.t.sol', 'drip.t.sol', 'heal.t.sol', 'flap.sol', 'tune.sol', 'bite.sol']
2,['join.sol', 'flip.t.sol', 'flap.t.sol', 'drip.t.sol', 'heal.t.sol', 'drip.sol', 'frob.t.sol', 'tune.sol']
2,['join.sol', 'flip.t.sol', 'flap.t.sol', 'drip.t.sol', 'heal.t.sol', 'drip.sol', 'frob.t.sol', 'bite.sol']
2,['join.sol', 'flip.t.sol', 'flap.t.sol', 'drip.t.sol', 'heal.t.sol', 'drip.sol', 'tune.sol', 'bite.sol']
2,['join.sol', 'flip.t.sol', 'flap.t.sol', 'drip.t.sol', 'heal.t.sol', 'frob.t.sol', 'tune.sol', 'bite.sol']
2,['join.sol', 'flip.t.sol', 'flap.t.sol', 'drip.t.sol', 'flap.sol', 'drip.sol', 'frob.t.sol', 'tune.sol']
2,['join.sol', 'flip.t.sol', 'flap.t.sol', 'drip.t.sol', 'flap.sol', 'drip.sol', 'frob.t.sol', 'bite.sol']
2,['join.sol', 'flip.t.sol', 'flap.t.sol', 'drip.t.sol', 'flap.sol', 'drip.sol', 'tune.sol', 'bite.sol']
1,['join.sol', 'flip.t.sol', 'flap.t.sol', 'drip.t.sol', 'flap.sol', 'frob.t.sol', 'tune.sol', 'bite.sol']
1,['join.sol', 'flip.t.sol', 'flap.t.sol', 'drip.t.sol', 'drip.sol', 'frob.t.sol', 'tune.sol', 'bite.sol']
2,['join.sol', 'flip.t.sol', 'flap.t.sol', 'heal.t.sol', 'flap.sol', 'drip.sol', 'frob.t.sol', 'tune.sol']
2,['join.sol', 'flip.t.sol', 'flap.t.sol', 'heal.t.sol', 'flap.sol', 'drip.sol', 'frob.t.sol', 'bite.sol']
2,['join.sol', 'flip.t.sol', 'flap.t.sol', 'heal.t.sol', 'flap.sol', 'drip.sol', 'tune.sol', 'bite.sol']
3,['join.sol', 'flip.t.sol', 'flap.t.sol', 'heal.t.sol', 'flap.sol', 'frob.t.sol', 'tune.sol', 'bite.sol']
2,['join.sol', 'flip.t.sol', 'flap.t.sol', 'heal.t.sol', 'drip.sol', 'frob.t.sol', 'tune.sol', 'bite.sol']
2,['join.sol', 'flip.t.sol', 'flap.t.sol', 'flap.sol', 'drip.sol', 'frob.t.sol', 'tune.sol', 'bite.sol']
2,['join.sol', 'flip.t.sol', 'heal.sol', 'drip.t.sol', 'heal.t.sol', 'flap.sol', 'drip.sol', 'frob.t.sol']
2,['join.sol', 'flip.t.sol', 'heal.sol', 'drip.t.sol', 'heal.t.sol', 'flap.sol', 'drip.sol', 'tune.sol']
2,['join.sol', 'flip.t.sol', 'heal.sol', 'drip.t.sol', 'heal.t.sol', 'flap.sol', 'drip.sol', 'bite.sol']
2,['join.sol', 'flip.t.sol', 'heal.sol', 'drip.t.sol', 'heal.t.sol', 'flap.sol', 'frob.t.sol', 'tune.sol']
2,['join.sol', 'flip.t.sol', 'heal.sol', 'drip.t.sol', 'heal.t.sol', 'flap.sol', 'frob.t.sol', 'bite.sol']
2,['join.sol', 'flip.t.sol', 'heal.sol', 'drip.t.sol', 'heal.t.sol', 'flap.sol', 'tune.sol', 'bite.sol']
2,['join.sol', 'flip.t.sol', 'heal.sol', 'drip.t.sol', 'heal.t.sol', 'drip.sol', 'frob.t.sol', 'tune.sol']
2,['join.sol', 'flip.t.sol', 'heal.sol', 'drip.t.sol', 'heal.t.sol', 'drip.sol', 'frob.t.sol', 'bite.sol']
2,['join.sol', 'flip.t.sol', 'heal.sol', 'drip.t.sol', 'heal.t.sol', 'drip.sol', 'tune.sol', 'bite.sol']
2,['join.sol', 'flip.t.sol', 'heal.sol', 'drip.t.sol', 'heal.t.sol', 'frob.t.sol', 'tune.sol', 'bite.sol']
4,['join.sol', 'flip.t.sol', 'heal.sol', 'drip.t.sol', 'flap.sol', 'drip.sol', 'frob.t.sol', 'tune.sol']
5,['join.sol', 'flip.t.sol', 'heal.sol', 'drip.t.sol', 'flap.sol', 'drip.sol', 'frob.t.sol', 'bite.sol']
2,['join.sol', 'flip.t.sol', 'heal.sol', 'drip.t.sol', 'flap.sol', 'drip.sol', 'tune.sol', 'bite.sol']
1,['join.sol', 'flip.t.sol', 'heal.sol', 'drip.t.sol', 'flap.sol', 'frob.t.sol', 'tune.sol', 'bite.sol']
4,['join.sol', 'flip.t.sol', 'heal.sol', 'drip.t.sol', 'drip.sol', 'frob.t.sol', 'tune.sol', 'bite.sol']
2,['join.sol', 'flip.t.sol', 'heal.sol', 'heal.t.sol', 'flap.sol', 'drip.sol', 'frob.t.sol', 'tune.sol']
2,['join.sol', 'flip.t.sol', 'heal.sol', 'heal.t.sol', 'flap.sol', 'drip.sol', 'frob.t.sol', 'bite.sol']
2,['join.sol', 'flip.t.sol', 'heal.sol', 'heal.t.sol', 'flap.sol', 'drip.sol', 'tune.sol', 'bite.sol']
3,['join.sol', 'flip.t.sol', 'heal.sol', 'heal.t.sol', 'flap.sol', 'frob.t.sol', 'tune.sol', 'bite.sol']
2,['join.sol', 'flip.t.sol', 'heal.sol', 'heal.t.sol', 'drip.sol', 'frob.t.sol', 'tune.sol', 'bite.sol']
2,['join.sol', 'flip.t.sol', 'heal.sol', 'flap.sol', 'drip.sol', 'frob.t.sol', 'tune.sol', 'bite.sol']
2,['join.sol', 'flip.t.sol', 'drip.t.sol', 'heal.t.sol', 'flap.sol', 'drip.sol', 'frob.t.sol', 'tune.sol']
2,['join.sol', 'flip.t.sol', 'drip.t.sol', 'heal.t.sol', 'flap.sol', 'drip.sol', 'frob.t.sol', 'bite.sol']
2,['join.sol', 'flip.t.sol', 'drip.t.sol', 'heal.t.sol', 'flap.sol', 'drip.sol', 'tune.sol', 'bite.sol']
1,['join.sol', 'flip.t.sol', 'drip.t.sol', 'heal.t.sol', 'flap.sol', 'frob.t.sol', 'tune.sol', 'bite.sol']
4,['join.sol', 'flip.t.sol', 'drip.t.sol', 'heal.t.sol', 'drip.sol', 'frob.t.sol', 'tune.sol', 'bite.sol']
2,['join.sol', 'flip.t.sol', 'drip.t.sol', 'flap.sol', 'drip.sol', 'frob.t.sol', 'tune.sol', 'bite.sol']
2,['join.sol', 'flip.t.sol', 'heal.t.sol', 'flap.sol', 'drip.sol', 'frob.t.sol', 'tune.sol', 'bite.sol']
3,['join.sol', 'flop.t.sol', 'flap.t.sol', 'heal.sol', 'drip.t.sol', 'heal.t.sol', 'flap.sol', 'drip.sol']
2,['join.sol', 'flop.t.sol', 'flap.t.sol', 'heal.sol', 'drip.t.sol', 'heal.t.sol', 'flap.sol', 'frob.t.sol']
2,['join.sol', 'flop.t.sol', 'flap.t.sol', 'heal.sol', 'drip.t.sol', 'heal.t.sol', 'flap.sol', 'tune.sol']
3,['join.sol', 'flop.t.sol', 'flap.t.sol', 'heal.sol', 'drip.t.sol', 'heal.t.sol', 'flap.sol', 'bite.sol']
2,['join.sol', 'flop.t.sol', 'flap.t.sol', 'heal.sol', 'drip.t.sol', 'heal.t.sol', 'drip.sol', 'frob.t.sol']
2,['join.sol', 'flop.t.sol', 'flap.t.sol', 'heal.sol', 'drip.t.sol', 'heal.t.sol', 'drip.sol', 'tune.sol']
3,['join.sol', 'flop.t.sol', 'flap.t.sol', 'heal.sol', 'drip.t.sol', 'heal.t.sol', 'drip.sol', 'bite.sol']
2,['join.sol', 'flop.t.sol', 'flap.t.sol', 'heal.sol', 'drip.t.sol', 'heal.t.sol', 'frob.t.sol', 'tune.sol']
2,['join.sol', 'flop.t.sol', 'flap.t.sol', 'heal.sol', 'drip.t.sol', 'heal.t.sol', 'frob.t.sol', 'bite.sol']
2,['join.sol', 'flop.t.sol', 'flap.t.sol', 'heal.sol', 'drip.t.sol', 'heal.t.sol', 'tune.sol', 'bite.sol']
3,['join.sol', 'flop.t.sol', 'flap.t.sol', 'heal.sol', 'drip.t.sol', 'flap.sol', 'drip.sol', 'frob.t.sol']
2,['join.sol', 'flop.t.sol', 'flap.t.sol', 'heal.sol', 'drip.t.sol', 'flap.sol', 'drip.sol', 'tune.sol']
2,['join.sol', 'flop.t.sol', 'flap.t.sol', 'heal.sol', 'drip.t.sol', 'flap.sol', 'drip.sol', 'bite.sol']
2,['join.sol', 'flop.t.sol', 'flap.t.sol', 'heal.sol', 'drip.t.sol', 'flap.sol', 'frob.t.sol', 'tune.sol']
3,['join.sol', 'flop.t.sol', 'flap.t.sol', 'heal.sol', 'drip.t.sol', 'flap.sol', 'frob.t.sol', 'bite.sol']
2,['join.sol', 'flop.t.sol', 'flap.t.sol', 'heal.sol', 'drip.t.sol', 'flap.sol', 'tune.sol', 'bite.sol']
2,['join.sol', 'flop.t.sol', 'flap.t.sol', 'heal.sol', 'drip.t.sol', 'drip.sol', 'frob.t.sol', 'tune.sol']
5,['join.sol', 'flop.t.sol', 'flap.t.sol', 'heal.sol', 'drip.t.sol', 'drip.sol', 'frob.t.sol', 'bite.sol']
2,['join.sol', 'flop.t.sol', 'flap.t.sol', 'heal.sol', 'drip.t.sol', 'drip.sol', 'tune.sol', 'bite.sol']
2,['join.sol', 'flop.t.sol', 'flap.t.sol', 'heal.sol', 'drip.t.sol', 'frob.t.sol', 'tune.sol', 'bite.sol']
2,['join.sol', 'flop.t.sol', 'flap.t.sol', 'heal.sol', 'heal.t.sol', 'flap.sol', 'drip.sol', 'frob.t.sol']
2,['join.sol', 'flop.t.sol', 'flap.t.sol', 'heal.sol', 'heal.t.sol', 'flap.sol', 'drip.sol', 'tune.sol']
3,['join.sol', 'flop.t.sol', 'flap.t.sol', 'heal.sol', 'heal.t.sol', 'flap.sol', 'drip.sol', 'bite.sol']
3,['join.sol', 'flop.t.sol', 'flap.t.sol', 'heal.sol', 'heal.t.sol', 'flap.sol', 'frob.t.sol', 'tune.sol']
3,['join.sol', 'flop.t.sol', 'flap.t.sol', 'heal.sol', 'heal.t.sol', 'flap.sol', 'frob.t.sol', 'bite.sol']
3,['join.sol', 'flop.t.sol', 'flap.t.sol', 'heal.sol', 'heal.t.sol', 'flap.sol', 'tune.sol', 'bite.sol']
2,['join.sol', 'flop.t.sol', 'flap.t.sol', 'heal.sol', 'heal.t.sol', 'drip.sol', 'frob.t.sol', 'tune.sol']
2,['join.sol', 'flop.t.sol', 'flap.t.sol', 'heal.sol', 'heal.t.sol', 'drip.sol', 'frob.t.sol', 'bite.sol']
2,['join.sol', 'flop.t.sol', 'flap.t.sol', 'heal.sol', 'heal.t.sol', 'drip.sol', 'tune.sol', 'bite.sol']
3,['join.sol', 'flop.t.sol', 'flap.t.sol', 'heal.sol', 'heal.t.sol', 'frob.t.sol', 'tune.sol', 'bite.sol']
2,['join.sol', 'flop.t.sol', 'flap.t.sol', 'heal.sol', 'flap.sol', 'drip.sol', 'frob.t.sol', 'tune.sol']
3,['join.sol', 'flop.t.sol', 'flap.t.sol', 'heal.sol', 'flap.sol', 'drip.sol', 'frob.t.sol', 'bite.sol']
2,['join.sol', 'flop.t.sol', 'flap.t.sol', 'heal.sol', 'flap.sol', 'drip.sol', 'tune.sol', 'bite.sol']
3,['join.sol', 'flop.t.sol', 'flap.t.sol', 'heal.sol', 'flap.sol', 'frob.t.sol', 'tune.sol', 'bite.sol']
2,['join.sol', 'flop.t.sol', 'flap.t.sol', 'heal.sol', 'drip.sol', 'frob.t.sol', 'tune.sol', 'bite.sol']
2,['join.sol', 'flop.t.sol', 'flap.t.sol', 'drip.t.sol', 'heal.t.sol', 'flap.sol', 'drip.sol', 'frob.t.sol']
2,['join.sol', 'flop.t.sol', 'flap.t.sol', 'drip.t.sol', 'heal.t.sol', 'flap.sol', 'drip.sol', 'tune.sol']
3,['join.sol', 'flop.t.sol', 'flap.t.sol', 'drip.t.sol', 'heal.t.sol', 'flap.sol', 'drip.sol', 'bite.sol']
2,['join.sol', 'flop.t.sol', 'flap.t.sol', 'drip.t.sol', 'heal.t.sol', 'flap.sol', 'frob.t.sol', 'tune.sol']
2,['join.sol', 'flop.t.sol', 'flap.t.sol', 'drip.t.sol', 'heal.t.sol', 'flap.sol', 'frob.t.sol', 'bite.sol']
2,['join.sol', 'flop.t.sol', 'flap.t.sol', 'drip.t.sol', 'heal.t.sol', 'flap.sol', 'tune.sol', 'bite.sol']
2,['join.sol', 'flop.t.sol', 'flap.t.sol', 'drip.t.sol', 'heal.t.sol', 'drip.sol', 'frob.t.sol', 'tune.sol']
2,['join.sol', 'flop.t.sol', 'flap.t.sol', 'drip.t.sol', 'heal.t.sol', 'drip.sol', 'frob.t.sol', 'bite.sol']
2,['join.sol', 'flop.t.sol', 'flap.t.sol', 'drip.t.sol', 'heal.t.sol', 'drip.sol', 'tune.sol', 'bite.sol']
2,['join.sol', 'flop.t.sol', 'flap.t.sol', 'drip.t.sol', 'heal.t.sol', 'frob.t.sol', 'tune.sol', 'bite.sol']
2,['join.sol', 'flop.t.sol', 'flap.t.sol', 'drip.t.sol', 'flap.sol', 'drip.sol', 'frob.t.sol', 'tune.sol']
3,['join.sol', 'flop.t.sol', 'flap.t.sol', 'drip.t.sol', 'flap.sol', 'drip.sol', 'frob.t.sol', 'bite.sol']
3,['join.sol', 'flop.t.sol', 'flap.t.sol', 'drip.t.sol', 'flap.sol', 'drip.sol', 'tune.sol', 'bite.sol']
2,['join.sol', 'flop.t.sol', 'flap.t.sol', 'drip.t.sol', 'flap.sol', 'frob.t.sol', 'tune.sol', 'bite.sol']
2,['join.sol', 'flop.t.sol', 'flap.t.sol', 'drip.t.sol', 'drip.sol', 'frob.t.sol', 'tune.sol', 'bite.sol']
2,['join.sol', 'flop.t.sol', 'flap.t.sol', 'heal.t.sol', 'flap.sol', 'drip.sol', 'frob.t.sol', 'tune.sol']
2,['join.sol', 'flop.t.sol', 'flap.t.sol', 'heal.t.sol', 'flap.sol', 'drip.sol', 'frob.t.sol', 'bite.sol']
2,['join.sol', 'flop.t.sol', 'flap.t.sol', 'heal.t.sol', 'flap.sol', 'drip.sol', 'tune.sol', 'bite.sol']
3,['join.sol', 'flop.t.sol', 'flap.t.sol', 'heal.t.sol', 'flap.sol', 'frob.t.sol', 'tune.sol', 'bite.sol']
2,['join.sol', 'flop.t.sol', 'flap.t.sol', 'heal.t.sol', 'drip.sol', 'frob.t.sol', 'tune.sol', 'bite.sol']
2,['join.sol', 'flop.t.sol', 'flap.t.sol', 'flap.sol', 'drip.sol', 'frob.t.sol', 'tune.sol', 'bite.sol']
3,['join.sol', 'flop.t.sol', 'heal.sol', 'drip.t.sol', 'heal.t.sol', 'flap.sol', 'drip.sol', 'frob.t.sol']
2,['join.sol', 'flop.t.sol', 'heal.sol', 'drip.t.sol', 'heal.t.sol', 'flap.sol', 'drip.sol', 'tune.sol']
3,['join.sol', 'flop.t.sol', 'heal.sol', 'drip.t.sol', 'heal.t.sol', 'flap.sol', 'drip.sol', 'bite.sol']
2,['join.sol', 'flop.t.sol', 'heal.sol', 'drip.t.sol', 'heal.t.sol', 'flap.sol', 'frob.t.sol', 'tune.sol']
2,['join.sol', 'flop.t.sol', 'heal.sol', 'drip.t.sol', 'heal.t.sol', 'flap.sol', 'frob.t.sol', 'bite.sol']
2,['join.sol', 'flop.t.sol', 'heal.sol', 'drip.t.sol', 'heal.t.sol', 'flap.sol', 'tune.sol', 'bite.sol']
3,['join.sol', 'flop.t.sol', 'heal.sol', 'drip.t.sol', 'heal.t.sol', 'drip.sol', 'frob.t.sol', 'tune.sol']
2,['join.sol', 'flop.t.sol', 'heal.sol', 'drip.t.sol', 'heal.t.sol', 'drip.sol', 'frob.t.sol', 'bite.sol']
2,['join.sol', 'flop.t.sol', 'heal.sol', 'drip.t.sol', 'heal.t.sol', 'drip.sol', 'tune.sol', 'bite.sol']
2,['join.sol', 'flop.t.sol', 'heal.sol', 'drip.t.sol', 'heal.t.sol', 'frob.t.sol', 'tune.sol', 'bite.sol']
3,['join.sol', 'flop.t.sol', 'heal.sol', 'drip.t.sol', 'flap.sol', 'drip.sol', 'frob.t.sol', 'tune.sol']
3,['join.sol', 'flop.t.sol', 'heal.sol', 'drip.t.sol', 'flap.sol', 'drip.sol', 'frob.t.sol', 'bite.sol']
2,['join.sol', 'flop.t.sol', 'heal.sol', 'drip.t.sol', 'flap.sol', 'drip.sol', 'tune.sol', 'bite.sol']
2,['join.sol', 'flop.t.sol', 'heal.sol', 'drip.t.sol', 'flap.sol', 'frob.t.sol', 'tune.sol', 'bite.sol']
4,['join.sol', 'flop.t.sol', 'heal.sol', 'drip.t.sol', 'drip.sol', 'frob.t.sol', 'tune.sol', 'bite.sol']
2,['join.sol', 'flop.t.sol', 'heal.sol', 'heal.t.sol', 'flap.sol', 'drip.sol', 'frob.t.sol', 'tune.sol']
2,['join.sol', 'flop.t.sol', 'heal.sol', 'heal.t.sol', 'flap.sol', 'drip.sol', 'frob.t.sol', 'bite.sol']
2,['join.sol', 'flop.t.sol', 'heal.sol', 'heal.t.sol', 'flap.sol', 'drip.sol', 'tune.sol', 'bite.sol']
3,['join.sol', 'flop.t.sol', 'heal.sol', 'heal.t.sol', 'flap.sol', 'frob.t.sol', 'tune.sol', 'bite.sol']
2,['join.sol', 'flop.t.sol', 'heal.sol', 'heal.t.sol', 'drip.sol', 'frob.t.sol', 'tune.sol', 'bite.sol']
2,['join.sol', 'flop.t.sol', 'heal.sol', 'flap.sol', 'drip.sol', 'frob.t.sol', 'tune.sol', 'bite.sol']
2,['join.sol', 'flop.t.sol', 'drip.t.sol', 'heal.t.sol', 'flap.sol', 'drip.sol', 'frob.t.sol', 'tune.sol']
2,['join.sol', 'flop.t.sol', 'drip.t.sol', 'heal.t.sol', 'flap.sol', 'drip.sol', 'frob.t.sol', 'bite.sol']
2,['join.sol', 'flop.t.sol', 'drip.t.sol', 'heal.t.sol', 'flap.sol', 'drip.sol', 'tune.sol', 'bite.sol']
2,['join.sol', 'flop.t.sol', 'drip.t.sol', 'heal.t.sol', 'flap.sol', 'frob.t.sol', 'tune.sol', 'bite.sol']
2,['join.sol', 'flop.t.sol', 'drip.t.sol', 'heal.t.sol', 'drip.sol', 'frob.t.sol', 'tune.sol', 'bite.sol']
2,['join.sol', 'flop.t.sol', 'drip.t.sol', 'flap.sol', 'drip.sol', 'frob.t.sol', 'tune.sol', 'bite.sol']
2,['join.sol', 'flop.t.sol', 'heal.t.sol', 'flap.sol', 'drip.sol', 'frob.t.sol', 'tune.sol', 'bite.sol']
3,['join.sol', 'flap.t.sol', 'heal.sol', 'drip.t.sol', 'heal.t.sol', 'flap.sol', 'drip.sol', 'frob.t.sol']
2,['join.sol', 'flap.t.sol', 'heal.sol', 'drip.t.sol', 'heal.t.sol', 'flap.sol', 'drip.sol', 'tune.sol']
3,['join.sol', 'flap.t.sol', 'heal.sol', 'drip.t.sol', 'heal.t.sol', 'flap.sol', 'drip.sol', 'bite.sol']
2,['join.sol', 'flap.t.sol', 'heal.sol', 'drip.t.sol', 'heal.t.sol', 'flap.sol', 'frob.t.sol', 'tune.sol']
2,['join.sol', 'flap.t.sol', 'heal.sol', 'drip.t.sol', 'heal.t.sol', 'flap.sol', 'frob.t.sol', 'bite.sol']
2,['join.sol', 'flap.t.sol', 'heal.sol', 'drip.t.sol', 'heal.t.sol', 'flap.sol', 'tune.sol', 'bite.sol']
2,['join.sol', 'flap.t.sol', 'heal.sol', 'drip.t.sol', 'heal.t.sol', 'drip.sol', 'frob.t.sol', 'tune.sol']
2,['join.sol', 'flap.t.sol', 'heal.sol', 'drip.t.sol', 'heal.t.sol', 'drip.sol', 'frob.t.sol', 'bite.sol']
2,['join.sol', 'flap.t.sol', 'heal.sol', 'drip.t.sol', 'heal.t.sol', 'drip.sol', 'tune.sol', 'bite.sol']
2,['join.sol', 'flap.t.sol', 'heal.sol', 'drip.t.sol', 'heal.t.sol', 'frob.t.sol', 'tune.sol', 'bite.sol']
3,['join.sol', 'flap.t.sol', 'heal.sol', 'drip.t.sol', 'flap.sol', 'drip.sol', 'frob.t.sol', 'tune.sol']
3,['join.sol', 'flap.t.sol', 'heal.sol', 'drip.t.sol', 'flap.sol', 'drip.sol', 'frob.t.sol', 'bite.sol']
2,['join.sol', 'flap.t.sol', 'heal.sol', 'drip.t.sol', 'flap.sol', 'drip.sol', 'tune.sol', 'bite.sol']
2,['join.sol', 'flap.t.sol', 'heal.sol', 'drip.t.sol', 'flap.sol', 'frob.t.sol', 'tune.sol', 'bite.sol']
4,['join.sol', 'flap.t.sol', 'heal.sol', 'drip.t.sol', 'drip.sol', 'frob.t.sol', 'tune.sol', 'bite.sol']
2,['join.sol', 'flap.t.sol', 'heal.sol', 'heal.t.sol', 'flap.sol', 'drip.sol', 'frob.t.sol', 'tune.sol']
2,['join.sol', 'flap.t.sol', 'heal.sol', 'heal.t.sol', 'flap.sol', 'drip.sol', 'frob.t.sol', 'bite.sol']
2,['join.sol', 'flap.t.sol', 'heal.sol', 'heal.t.sol', 'flap.sol', 'drip.sol', 'tune.sol', 'bite.sol']
3,['join.sol', 'flap.t.sol', 'heal.sol', 'heal.t.sol', 'flap.sol', 'frob.t.sol', 'tune.sol', 'bite.sol']
2,['join.sol', 'flap.t.sol', 'heal.sol', 'heal.t.sol', 'drip.sol', 'frob.t.sol', 'tune.sol', 'bite.sol']
3,['join.sol', 'flap.t.sol', 'heal.sol', 'flap.sol', 'drip.sol', 'frob.t.sol', 'tune.sol', 'bite.sol']
2,['join.sol', 'flap.t.sol', 'drip.t.sol', 'heal.t.sol', 'flap.sol', 'drip.sol', 'frob.t.sol', 'tune.sol']
2,['join.sol', 'flap.t.sol', 'drip.t.sol', 'heal.t.sol', 'flap.sol', 'drip.sol', 'frob.t.sol', 'bite.sol']
2,['join.sol', 'flap.t.sol', 'drip.t.sol', 'heal.t.sol', 'flap.sol', 'drip.sol', 'tune.sol', 'bite.sol']
2,['join.sol', 'flap.t.sol', 'drip.t.sol', 'heal.t.sol', 'flap.sol', 'frob.t.sol', 'tune.sol', 'bite.sol']
2,['join.sol', 'flap.t.sol', 'drip.t.sol', 'heal.t.sol', 'drip.sol', 'frob.t.sol', 'tune.sol', 'bite.sol']
2,['join.sol', 'flap.t.sol', 'drip.t.sol', 'flap.sol', 'drip.sol', 'frob.t.sol', 'tune.sol', 'bite.sol']
2,['join.sol', 'flap.t.sol', 'heal.t.sol', 'flap.sol', 'drip.sol', 'frob.t.sol', 'tune.sol', 'bite.sol']
4,['join.sol', 'heal.sol', 'drip.t.sol', 'heal.t.sol', 'flap.sol', 'drip.sol', 'frob.t.sol', 'tune.sol']
4,['join.sol', 'heal.sol', 'drip.t.sol', 'heal.t.sol', 'flap.sol', 'drip.sol', 'frob.t.sol', 'bite.sol']
2,['join.sol', 'heal.sol', 'drip.t.sol', 'heal.t.sol', 'flap.sol', 'drip.sol', 'tune.sol', 'bite.sol']
1,['join.sol', 'heal.sol', 'drip.t.sol', 'heal.t.sol', 'flap.sol', 'frob.t.sol', 'tune.sol', 'bite.sol']
4,['join.sol', 'heal.sol', 'drip.t.sol', 'heal.t.sol', 'drip.sol', 'frob.t.sol', 'tune.sol', 'bite.sol']
2,['join.sol', 'heal.sol', 'drip.t.sol', 'flap.sol', 'drip.sol', 'frob.t.sol', 'tune.sol', 'bite.sol']
2,['join.sol', 'heal.sol', 'heal.t.sol', 'flap.sol', 'drip.sol', 'frob.t.sol', 'tune.sol', 'bite.sol']
1,['join.sol', 'drip.t.sol', 'heal.t.sol', 'flap.sol', 'drip.sol', 'frob.t.sol', 'tune.sol', 'bite.sol']
3,['flip.sol', 'transferFrom.sol', 'frob.sol', 'flip.t.sol', 'flop.t.sol', 'flap.t.sol', 'heal.sol', 'drip.t.sol']
2,['flip.sol', 'transferFrom.sol', 'frob.sol', 'flip.t.sol', 'flop.t.sol', 'flap.t.sol', 'heal.sol', 'heal.t.sol']
4,['flip.sol', 'transferFrom.sol', 'frob.sol', 'flip.t.sol', 'flop.t.sol', 'flap.t.sol', 'heal.sol', 'flap.sol']
3,['flip.sol', 'transferFrom.sol', 'frob.sol', 'flip.t.sol', 'flop.t.sol', 'flap.t.sol', 'heal.sol', 'drip.sol']
3,['flip.sol', 'transferFrom.sol', 'frob.sol', 'flip.t.sol', 'flop.t.sol', 'flap.t.sol', 'heal.sol', 'frob.t.sol']
3,['flip.sol', 'transferFrom.sol', 'frob.sol', 'flip.t.sol', 'flop.t.sol', 'flap.t.sol', 'heal.sol', 'tune.sol']
3,['flip.sol', 'transferFrom.sol', 'frob.sol', 'flip.t.sol', 'flop.t.sol', 'flap.t.sol', 'heal.sol', 'bite.sol']
3,['flip.sol', 'transferFrom.sol', 'frob.sol', 'flip.t.sol', 'flop.t.sol', 'flap.t.sol', 'drip.t.sol', 'heal.t.sol']
4,['flip.sol', 'transferFrom.sol', 'frob.sol', 'flip.t.sol', 'flop.t.sol', 'flap.t.sol', 'drip.t.sol', 'flap.sol']
4,['flip.sol', 'transferFrom.sol', 'frob.sol', 'flip.t.sol', 'flop.t.sol', 'flap.t.sol', 'drip.t.sol', 'drip.sol']
2,['flip.sol', 'transferFrom.sol', 'frob.sol', 'flip.t.sol', 'flop.t.sol', 'flap.t.sol', 'drip.t.sol', 'frob.t.sol']
2,['flip.sol', 'transferFrom.sol', 'frob.sol', 'flip.t.sol', 'flop.t.sol', 'flap.t.sol', 'drip.t.sol', 'tune.sol']
2,['flip.sol', 'transferFrom.sol', 'frob.sol', 'flip.t.sol', 'flop.t.sol', 'flap.t.sol', 'drip.t.sol', 'bite.sol']
4,['flip.sol', 'transferFrom.sol', 'frob.sol', 'flip.t.sol', 'flop.t.sol', 'flap.t.sol', 'heal.t.sol', 'flap.sol']
3,['flip.sol', 'transferFrom.sol', 'frob.sol', 'flip.t.sol', 'flop.t.sol', 'flap.t.sol', 'heal.t.sol', 'drip.sol']
3,['flip.sol', 'transferFrom.sol', 'frob.sol', 'flip.t.sol', 'flop.t.sol', 'flap.t.sol', 'heal.t.sol', 'frob.t.sol']
3,['flip.sol', 'transferFrom.sol', 'frob.sol', 'flip.t.sol', 'flop.t.sol', 'flap.t.sol', 'heal.t.sol', 'tune.sol']
4,['flip.sol', 'transferFrom.sol', 'frob.sol', 'flip.t.sol', 'flop.t.sol', 'flap.t.sol', 'heal.t.sol', 'bite.sol']
4,['flip.sol', 'transferFrom.sol', 'frob.sol', 'flip.t.sol', 'flop.t.sol', 'flap.t.sol', 'flap.sol', 'drip.sol']
4,['flip.sol', 'transferFrom.sol', 'frob.sol', 'flip.t.sol', 'flop.t.sol', 'flap.t.sol', 'flap.sol', 'frob.t.sol']
4,['flip.sol', 'transferFrom.sol', 'frob.sol', 'flip.t.sol', 'flop.t.sol', 'flap.t.sol', 'flap.sol', 'tune.sol']
3,['flip.sol', 'transferFrom.sol', 'frob.sol', 'flip.t.sol', 'flop.t.sol', 'flap.t.sol', 'flap.sol', 'bite.sol']
2,['flip.sol', 'transferFrom.sol', 'frob.sol', 'flip.t.sol', 'flop.t.sol', 'flap.t.sol', 'drip.sol', 'frob.t.sol']
4,['flip.sol', 'transferFrom.sol', 'frob.sol', 'flip.t.sol', 'flop.t.sol', 'flap.t.sol', 'drip.sol', 'tune.sol']
3,['flip.sol', 'transferFrom.sol', 'frob.sol', 'flip.t.sol', 'flop.t.sol', 'flap.t.sol', 'drip.sol', 'bite.sol']
3,['flip.sol', 'transferFrom.sol', 'frob.sol', 'flip.t.sol', 'flop.t.sol', 'flap.t.sol', 'frob.t.sol', 'tune.sol']
3,['flip.sol', 'transferFrom.sol', 'frob.sol', 'flip.t.sol', 'flop.t.sol', 'flap.t.sol', 'frob.t.sol', 'bite.sol']
2,['flip.sol', 'transferFrom.sol', 'frob.sol', 'flip.t.sol', 'flop.t.sol', 'flap.t.sol', 'tune.sol', 'bite.sol']
3,['flip.sol', 'transferFrom.sol', 'frob.sol', 'flip.t.sol', 'flop.t.sol', 'heal.sol', 'drip.t.sol', 'heal.t.sol']
2,['flip.sol', 'transferFrom.sol', 'frob.sol', 'flip.t.sol', 'flop.t.sol', 'heal.sol', 'drip.t.sol', 'flap.sol']
2,['flip.sol', 'transferFrom.sol', 'frob.sol', 'flip.t.sol', 'flop.t.sol', 'heal.sol', 'drip.t.sol', 'drip.sol']
3,['flip.sol', 'transferFrom.sol', 'frob.sol', 'flip.t.sol', 'flop.t.sol', 'heal.sol', 'drip.t.sol', 'frob.t.sol']
2,['flip.sol', 'transferFrom.sol', 'frob.sol', 'flip.t.sol', 'flop.t.sol', 'heal.sol', 'drip.t.sol', 'tune.sol']
2,['flip.sol', 'transferFrom.sol', 'frob.sol', 'flip.t.sol', 'flop.t.sol', 'heal.sol', 'drip.t.sol', 'bite.sol']
4,['flip.sol', 'transferFrom.sol', 'frob.sol', 'flip.t.sol', 'flop.t.sol', 'heal.sol', 'heal.t.sol', 'flap.sol']
3,['flip.sol', 'transferFrom.sol', 'frob.sol', 'flip.t.sol', 'flop.t.sol', 'heal.sol', 'heal.t.sol', 'drip.sol']
3,['flip.sol', 'transferFrom.sol', 'frob.sol', 'flip.t.sol', 'flop.t.sol', 'heal.sol', 'heal.t.sol', 'frob.t.sol']
3,['flip.sol', 'transferFrom.sol', 'frob.sol', 'flip.t.sol', 'flop.t.sol', 'heal.sol', 'heal.t.sol', 'tune.sol']
4,['flip.sol', 'transferFrom.sol', 'frob.sol', 'flip.t.sol', 'flop.t.sol', 'heal.sol', 'heal.t.sol', 'bite.sol']
3,['flip.sol', 'transferFrom.sol', 'frob.sol', 'flip.t.sol', 'flop.t.sol', 'heal.sol', 'flap.sol', 'drip.sol']
3,['flip.sol', 'transferFrom.sol', 'frob.sol', 'flip.t.sol', 'flop.t.sol', 'heal.sol', 'flap.sol', 'frob.t.sol']
2,['flip.sol', 'transferFrom.sol', 'frob.sol', 'flip.t.sol', 'flop.t.sol', 'heal.sol', 'flap.sol', 'tune.sol']
2,['flip.sol', 'transferFrom.sol', 'frob.sol', 'flip.t.sol', 'flop.t.sol', 'heal.sol', 'flap.sol', 'bite.sol']
2,['flip.sol', 'transferFrom.sol', 'frob.sol', 'flip.t.sol', 'flop.t.sol', 'heal.sol', 'drip.sol', 'frob.t.sol']
2,['flip.sol', 'transferFrom.sol', 'frob.sol', 'flip.t.sol', 'flop.t.sol', 'heal.sol', 'drip.sol', 'tune.sol']
3,['flip.sol', 'transferFrom.sol', 'frob.sol', 'flip.t.sol', 'flop.t.sol', 'heal.sol', 'drip.sol', 'bite.sol']
3,['flip.sol', 'transferFrom.sol', 'frob.sol', 'flip.t.sol', 'flop.t.sol', 'heal.sol', 'frob.t.sol', 'tune.sol']
3,['flip.sol', 'transferFrom.sol', 'frob.sol', 'flip.t.sol', 'flop.t.sol', 'heal.sol', 'frob.t.sol', 'bite.sol']
1,['flip.sol', 'transferFrom.sol', 'frob.sol', 'flip.t.sol', 'flop.t.sol', 'heal.sol', 'tune.sol', 'bite.sol']
3,['flip.sol', 'transferFrom.sol', 'frob.sol', 'flip.t.sol', 'flop.t.sol', 'drip.t.sol', 'heal.t.sol', 'flap.sol']
3,['flip.sol', 'transferFrom.sol', 'frob.sol', 'flip.t.sol', 'flop.t.sol', 'drip.t.sol', 'heal.t.sol', 'drip.sol']
2,['flip.sol', 'transferFrom.sol', 'frob.sol', 'flip.t.sol', 'flop.t.sol', 'drip.t.sol', 'heal.t.sol', 'frob.t.sol']
2,['flip.sol', 'transferFrom.sol', 'frob.sol', 'flip.t.sol', 'flop.t.sol', 'drip.t.sol', 'heal.t.sol', 'tune.sol']
2,['flip.sol', 'transferFrom.sol', 'frob.sol', 'flip.t.sol', 'flop.t.sol', 'drip.t.sol', 'heal.t.sol', 'bite.sol']
3,['flip.sol', 'transferFrom.sol', 'frob.sol', 'flip.t.sol', 'flop.t.sol', 'drip.t.sol', 'flap.sol', 'drip.sol']
2,['flip.sol', 'transferFrom.sol', 'frob.sol', 'flip.t.sol', 'flop.t.sol', 'drip.t.sol', 'flap.sol', 'frob.t.sol']
2,['flip.sol', 'transferFrom.sol', 'frob.sol', 'flip.t.sol', 'flop.t.sol', 'drip.t.sol', 'flap.sol', 'tune.sol']
3,['flip.sol', 'transferFrom.sol', 'frob.sol', 'flip.t.sol', 'flop.t.sol', 'drip.t.sol', 'flap.sol', 'bite.sol']
3,['flip.sol', 'transferFrom.sol', 'frob.sol', 'flip.t.sol', 'flop.t.sol', 'drip.t.sol', 'drip.sol', 'frob.t.sol']
2,['flip.sol', 'transferFrom.sol', 'frob.sol', 'flip.t.sol', 'flop.t.sol', 'drip.t.sol', 'drip.sol', 'tune.sol']
5,['flip.sol', 'transferFrom.sol', 'frob.sol', 'flip.t.sol', 'flop.t.sol', 'drip.t.sol', 'drip.sol', 'bite.sol']
2,['flip.sol', 'transferFrom.sol', 'frob.sol', 'flip.t.sol', 'flop.t.sol', 'drip.t.sol', 'frob.t.sol', 'tune.sol']
2,['flip.sol', 'transferFrom.sol', 'frob.sol', 'flip.t.sol', 'flop.t.sol', 'drip.t.sol', 'frob.t.sol', 'bite.sol']
2,['flip.sol', 'transferFrom.sol', 'frob.sol', 'flip.t.sol', 'flop.t.sol', 'drip.t.sol', 'tune.sol', 'bite.sol']
3,['flip.sol', 'transferFrom.sol', 'frob.sol', 'flip.t.sol', 'flop.t.sol', 'heal.t.sol', 'flap.sol', 'drip.sol']
3,['flip.sol', 'transferFrom.sol', 'frob.sol', 'flip.t.sol', 'flop.t.sol', 'heal.t.sol', 'flap.sol', 'frob.t.sol']
3,['flip.sol', 'transferFrom.sol', 'frob.sol', 'flip.t.sol', 'flop.t.sol', 'heal.t.sol', 'flap.sol', 'tune.sol']
4,['flip.sol', 'transferFrom.sol', 'frob.sol', 'flip.t.sol', 'flop.t.sol', 'heal.t.sol', 'flap.sol', 'bite.sol']
2,['flip.sol', 'transferFrom.sol', 'frob.sol', 'flip.t.sol', 'flop.t.sol', 'heal.t.sol', 'drip.sol', 'frob.t.sol']
2,['flip.sol', 'transferFrom.sol', 'frob.sol', 'flip.t.sol', 'flop.t.sol', 'heal.t.sol', 'drip.sol', 'tune.sol']
3,['flip.sol', 'transferFrom.sol', 'frob.sol', 'flip.t.sol', 'flop.t.sol', 'heal.t.sol', 'drip.sol', 'bite.sol']
3,['flip.sol', 'transferFrom.sol', 'frob.sol', 'flip.t.sol', 'flop.t.sol', 'heal.t.sol', 'frob.t.sol', 'tune.sol']
3,['flip.sol', 'transferFrom.sol', 'frob.sol', 'flip.t.sol', 'flop.t.sol', 'heal.t.sol', 'frob.t.sol', 'bite.sol']
3,['flip.sol', 'transferFrom.sol', 'frob.sol', 'flip.t.sol', 'flop.t.sol', 'heal.t.sol', 'tune.sol', 'bite.sol']
2,['flip.sol', 'transferFrom.sol', 'frob.sol', 'flip.t.sol', 'flop.t.sol', 'flap.sol', 'drip.sol', 'frob.t.sol']
2,['flip.sol', 'transferFrom.sol', 'frob.sol', 'flip.t.sol', 'flop.t.sol', 'flap.sol', 'drip.sol', 'tune.sol']
3,['flip.sol', 'transferFrom.sol', 'frob.sol', 'flip.t.sol', 'flop.t.sol', 'flap.sol', 'drip.sol', 'bite.sol']
4,['flip.sol', 'transferFrom.sol', 'frob.sol', 'flip.t.sol', 'flop.t.sol', 'flap.sol', 'frob.t.sol', 'tune.sol']
3,['flip.sol', 'transferFrom.sol', 'frob.sol', 'flip.t.sol', 'flop.t.sol', 'flap.sol', 'frob.t.sol', 'bite.sol']
2,['flip.sol', 'transferFrom.sol', 'frob.sol', 'flip.t.sol', 'flop.t.sol', 'flap.sol', 'tune.sol', 'bite.sol']
2,['flip.sol', 'transferFrom.sol', 'frob.sol', 'flip.t.sol', 'flop.t.sol', 'drip.sol', 'frob.t.sol', 'tune.sol']
2,['flip.sol', 'transferFrom.sol', 'frob.sol', 'flip.t.sol', 'flop.t.sol', 'drip.sol', 'frob.t.sol', 'bite.sol']
2,['flip.sol', 'transferFrom.sol', 'frob.sol', 'flip.t.sol', 'flop.t.sol', 'drip.sol', 'tune.sol', 'bite.sol']
3,['flip.sol', 'transferFrom.sol', 'frob.sol', 'flip.t.sol', 'flop.t.sol', 'frob.t.sol', 'tune.sol', 'bite.sol']
3,['flip.sol', 'transferFrom.sol', 'frob.sol', 'flip.t.sol', 'flap.t.sol', 'heal.sol', 'drip.t.sol', 'heal.t.sol']
2,['flip.sol', 'transferFrom.sol', 'frob.sol', 'flip.t.sol', 'flap.t.sol', 'heal.sol', 'drip.t.sol', 'flap.sol']
2,['flip.sol', 'transferFrom.sol', 'frob.sol', 'flip.t.sol', 'flap.t.sol', 'heal.sol', 'drip.t.sol', 'drip.sol']
3,['flip.sol', 'transferFrom.sol', 'frob.sol', 'flip.t.sol', 'flap.t.sol', 'heal.sol', 'drip.t.sol', 'frob.t.sol']
2,['flip.sol', 'transferFrom.sol', 'frob.sol', 'flip.t.sol', 'flap.t.sol', 'heal.sol', 'drip.t.sol', 'tune.sol']
2,['flip.sol', 'transferFrom.sol', 'frob.sol', 'flip.t.sol', 'flap.t.sol', 'heal.sol', 'drip.t.sol', 'bite.sol']
4,['flip.sol', 'transferFrom.sol', 'frob.sol', 'flip.t.sol', 'flap.t.sol', 'heal.sol', 'heal.t.sol', 'flap.sol']
3,['flip.sol', 'transferFrom.sol', 'frob.sol', 'flip.t.sol', 'flap.t.sol', 'heal.sol', 'heal.t.sol', 'drip.sol']
3,['flip.sol', 'transferFrom.sol', 'frob.sol', 'flip.t.sol', 'flap.t.sol', 'heal.sol', 'heal.t.sol', 'frob.t.sol']
3,['flip.sol', 'transferFrom.sol', 'frob.sol', 'flip.t.sol', 'flap.t.sol', 'heal.sol', 'heal.t.sol', 'tune.sol']
4,['flip.sol', 'transferFrom.sol', 'frob.sol', 'flip.t.sol', 'flap.t.sol', 'heal.sol', 'heal.t.sol', 'bite.sol']
3,['flip.sol', 'transferFrom.sol', 'frob.sol', 'flip.t.sol', 'flap.t.sol', 'heal.sol', 'flap.sol', 'drip.sol']
3,['flip.sol', 'transferFrom.sol', 'frob.sol', 'flip.t.sol', 'flap.t.sol', 'heal.sol', 'flap.sol', 'frob.t.sol']
2,['flip.sol', 'transferFrom.sol', 'frob.sol', 'flip.t.sol', 'flap.t.sol', 'heal.sol', 'flap.sol', 'tune.sol']
2,['flip.sol', 'transferFrom.sol', 'frob.sol', 'flip.t.sol', 'flap.t.sol', 'heal.sol', 'flap.sol', 'bite.sol']
2,['flip.sol', 'transferFrom.sol', 'frob.sol', 'flip.t.sol', 'flap.t.sol', 'heal.sol', 'drip.sol', 'frob.t.sol']
2,['flip.sol', 'transferFrom.sol', 'frob.sol', 'flip.t.sol', 'flap.t.sol', 'heal.sol', 'drip.sol', 'tune.sol']
3,['flip.sol', 'transferFrom.sol', 'frob.sol', 'flip.t.sol', 'flap.t.sol', 'heal.sol', 'drip.sol', 'bite.sol']
3,['flip.sol', 'transferFrom.sol', 'frob.sol', 'flip.t.sol', 'flap.t.sol', 'heal.sol', 'frob.t.sol', 'tune.sol']
3,['flip.sol', 'transferFrom.sol', 'frob.sol', 'flip.t.sol', 'flap.t.sol', 'heal.sol', 'frob.t.sol', 'bite.sol']
1,['flip.sol', 'transferFrom.sol', 'frob.sol', 'flip.t.sol', 'flap.t.sol', 'heal.sol', 'tune.sol', 'bite.sol']
3,['flip.sol', 'transferFrom.sol', 'frob.sol', 'flip.t.sol', 'flap.t.sol', 'drip.t.sol', 'heal.t.sol', 'flap.sol']
3,['flip.sol', 'transferFrom.sol', 'frob.sol', 'flip.t.sol', 'flap.t.sol', 'drip.t.sol', 'heal.t.sol', 'drip.sol']
2,['flip.sol', 'transferFrom.sol', 'frob.sol', 'flip.t.sol', 'flap.t.sol', 'drip.t.sol', 'heal.t.sol', 'frob.t.sol']
2,['flip.sol', 'transferFrom.sol', 'frob.sol', 'flip.t.sol', 'flap.t.sol', 'drip.t.sol', 'heal.t.sol', 'tune.sol']
2,['flip.sol', 'transferFrom.sol', 'frob.sol', 'flip.t.sol', 'flap.t.sol', 'drip.t.sol', 'heal.t.sol', 'bite.sol']
3,['flip.sol', 'transferFrom.sol', 'frob.sol', 'flip.t.sol', 'flap.t.sol', 'drip.t.sol', 'flap.sol', 'drip.sol']
2,['flip.sol', 'transferFrom.sol', 'frob.sol', 'flip.t.sol', 'flap.t.sol', 'drip.t.sol', 'flap.sol', 'frob.t.sol']
2,['flip.sol', 'transferFrom.sol', 'frob.sol', 'flip.t.sol', 'flap.t.sol', 'drip.t.sol', 'flap.sol', 'tune.sol']
2,['flip.sol', 'transferFrom.sol', 'frob.sol', 'flip.t.sol', 'flap.t.sol', 'drip.t.sol', 'flap.sol', 'bite.sol']
3,['flip.sol', 'transferFrom.sol', 'frob.sol', 'flip.t.sol', 'flap.t.sol', 'drip.t.sol', 'drip.sol', 'frob.t.sol']
2,['flip.sol', 'transferFrom.sol', 'frob.sol', 'flip.t.sol', 'flap.t.sol', 'drip.t.sol', 'drip.sol', 'tune.sol']
4,['flip.sol', 'transferFrom.sol', 'frob.sol', 'flip.t.sol', 'flap.t.sol', 'drip.t.sol', 'drip.sol', 'bite.sol']
2,['flip.sol', 'transferFrom.sol', 'frob.sol', 'flip.t.sol', 'flap.t.sol', 'drip.t.sol', 'frob.t.sol', 'tune.sol']
2,['flip.sol', 'transferFrom.sol', 'frob.sol', 'flip.t.sol', 'flap.t.sol', 'drip.t.sol', 'frob.t.sol', 'bite.sol']
2,['flip.sol', 'transferFrom.sol', 'frob.sol', 'flip.t.sol', 'flap.t.sol', 'drip.t.sol', 'tune.sol', 'bite.sol']
3,['flip.sol', 'transferFrom.sol', 'frob.sol', 'flip.t.sol', 'flap.t.sol', 'heal.t.sol', 'flap.sol', 'drip.sol']
3,['flip.sol', 'transferFrom.sol', 'frob.sol', 'flip.t.sol', 'flap.t.sol', 'heal.t.sol', 'flap.sol', 'frob.t.sol']
3,['flip.sol', 'transferFrom.sol', 'frob.sol', 'flip.t.sol', 'flap.t.sol', 'heal.t.sol', 'flap.sol', 'tune.sol']
4,['flip.sol', 'transferFrom.sol', 'frob.sol', 'flip.t.sol', 'flap.t.sol', 'heal.t.sol', 'flap.sol', 'bite.sol']
2,['flip.sol', 'transferFrom.sol', 'frob.sol', 'flip.t.sol', 'flap.t.sol', 'heal.t.sol', 'drip.sol', 'frob.t.sol']
2,['flip.sol', 'transferFrom.sol', 'frob.sol', 'flip.t.sol', 'flap.t.sol', 'heal.t.sol', 'drip.sol', 'tune.sol']
3,['flip.sol', 'transferFrom.sol', 'frob.sol', 'flip.t.sol', 'flap.t.sol', 'heal.t.sol', 'drip.sol', 'bite.sol']
3,['flip.sol', 'transferFrom.sol', 'frob.sol', 'flip.t.sol', 'flap.t.sol', 'heal.t.sol', 'frob.t.sol', 'tune.sol']
3,['flip.sol', 'transferFrom.sol', 'frob.sol', 'flip.t.sol', 'flap.t.sol', 'heal.t.sol', 'frob.t.sol', 'bite.sol']
3,['flip.sol', 'transferFrom.sol', 'frob.sol', 'flip.t.sol', 'flap.t.sol', 'heal.t.sol', 'tune.sol', 'bite.sol']
4,['flip.sol', 'transferFrom.sol', 'frob.sol', 'flip.t.sol', 'flap.t.sol', 'flap.sol', 'drip.sol', 'frob.t.sol']
2,['flip.sol', 'transferFrom.sol', 'frob.sol', 'flip.t.sol', 'flap.t.sol', 'flap.sol', 'drip.sol', 'tune.sol']
3,['flip.sol', 'transferFrom.sol', 'frob.sol', 'flip.t.sol', 'flap.t.sol', 'flap.sol', 'drip.sol', 'bite.sol']
3,['flip.sol', 'transferFrom.sol', 'frob.sol', 'flip.t.sol', 'flap.t.sol', 'flap.sol', 'frob.t.sol', 'tune.sol']
3,['flip.sol', 'transferFrom.sol', 'frob.sol', 'flip.t.sol', 'flap.t.sol', 'flap.sol', 'frob.t.sol', 'bite.sol']
2,['flip.sol', 'transferFrom.sol', 'frob.sol', 'flip.t.sol', 'flap.t.sol', 'flap.sol', 'tune.sol', 'bite.sol']
2,['flip.sol', 'transferFrom.sol', 'frob.sol', 'flip.t.sol', 'flap.t.sol', 'drip.sol', 'frob.t.sol', 'tune.sol']
2,['flip.sol', 'transferFrom.sol', 'frob.sol', 'flip.t.sol', 'flap.t.sol', 'drip.sol', 'frob.t.sol', 'bite.sol']
2,['flip.sol', 'transferFrom.sol', 'frob.sol', 'flip.t.sol', 'flap.t.sol', 'drip.sol', 'tune.sol', 'bite.sol']
3,['flip.sol', 'transferFrom.sol', 'frob.sol', 'flip.t.sol', 'flap.t.sol', 'frob.t.sol', 'tune.sol', 'bite.sol']
2,['flip.sol', 'transferFrom.sol', 'frob.sol', 'flip.t.sol', 'heal.sol', 'drip.t.sol', 'heal.t.sol', 'flap.sol']
2,['flip.sol', 'transferFrom.sol', 'frob.sol', 'flip.t.sol', 'heal.sol', 'drip.t.sol', 'heal.t.sol', 'drip.sol']
2,['flip.sol', 'transferFrom.sol', 'frob.sol', 'flip.t.sol', 'heal.sol', 'drip.t.sol', 'heal.t.sol', 'frob.t.sol']
2,['flip.sol', 'transferFrom.sol', 'frob.sol', 'flip.t.sol', 'heal.sol', 'drip.t.sol', 'heal.t.sol', 'tune.sol']
2,['flip.sol', 'transferFrom.sol', 'frob.sol', 'flip.t.sol', 'heal.sol', 'drip.t.sol', 'heal.t.sol', 'bite.sol']
2,['flip.sol', 'transferFrom.sol', 'frob.sol', 'flip.t.sol', 'heal.sol', 'drip.t.sol', 'flap.sol', 'drip.sol']
4,['flip.sol', 'transferFrom.sol', 'frob.sol', 'flip.t.sol', 'heal.sol', 'drip.t.sol', 'flap.sol', 'frob.t.sol']
2,['flip.sol', 'transferFrom.sol', 'frob.sol', 'flip.t.sol', 'heal.sol', 'drip.t.sol', 'flap.sol', 'tune.sol']
2,['flip.sol', 'transferFrom.sol', 'frob.sol', 'flip.t.sol', 'heal.sol', 'drip.t.sol', 'flap.sol', 'bite.sol']
4,['flip.sol', 'transferFrom.sol', 'frob.sol', 'flip.t.sol', 'heal.sol', 'drip.t.sol', 'drip.sol', 'frob.t.sol']
2,['flip.sol', 'transferFrom.sol', 'frob.sol', 'flip.t.sol', 'heal.sol', 'drip.t.sol', 'drip.sol', 'tune.sol']
2,['flip.sol', 'transferFrom.sol', 'frob.sol', 'flip.t.sol', 'heal.sol', 'drip.t.sol', 'drip.sol', 'bite.sol']
3,['flip.sol', 'transferFrom.sol', 'frob.sol', 'flip.t.sol', 'heal.sol', 'drip.t.sol', 'frob.t.sol', 'tune.sol']
4,['flip.sol', 'transferFrom.sol', 'frob.sol', 'flip.t.sol', 'heal.sol', 'drip.t.sol', 'frob.t.sol', 'bite.sol']
2,['flip.sol', 'transferFrom.sol', 'frob.sol', 'flip.t.sol', 'heal.sol', 'drip.t.sol', 'tune.sol', 'bite.sol']
3,['flip.sol', 'transferFrom.sol', 'frob.sol', 'flip.t.sol', 'heal.sol', 'heal.t.sol', 'flap.sol', 'drip.sol']
3,['flip.sol', 'transferFrom.sol', 'frob.sol', 'flip.t.sol', 'heal.sol', 'heal.t.sol', 'flap.sol', 'frob.t.sol']
3,['flip.sol', 'transferFrom.sol', 'frob.sol', 'flip.t.sol', 'heal.sol', 'heal.t.sol', 'flap.sol', 'tune.sol']
3,['flip.sol', 'transferFrom.sol', 'frob.sol', 'flip.t.sol', 'heal.sol', 'heal.t.sol', 'flap.sol', 'bite.sol']
2,['flip.sol', 'transferFrom.sol', 'frob.sol', 'flip.t.sol', 'heal.sol', 'heal.t.sol', 'drip.sol', 'frob.t.sol']
2,['flip.sol', 'transferFrom.sol', 'frob.sol', 'flip.t.sol', 'heal.sol', 'heal.t.sol', 'drip.sol', 'tune.sol']
2,['flip.sol', 'transferFrom.sol', 'frob.sol', 'flip.t.sol', 'heal.sol', 'heal.t.sol', 'drip.sol', 'bite.sol']
3,['flip.sol', 'transferFrom.sol', 'frob.sol', 'flip.t.sol', 'heal.sol', 'heal.t.sol', 'frob.t.sol', 'tune.sol']
3,['flip.sol', 'transferFrom.sol', 'frob.sol', 'flip.t.sol', 'heal.sol', 'heal.t.sol', 'frob.t.sol', 'bite.sol']
3,['flip.sol', 'transferFrom.sol', 'frob.sol', 'flip.t.sol', 'heal.sol', 'heal.t.sol', 'tune.sol', 'bite.sol']
3,['flip.sol', 'transferFrom.sol', 'frob.sol', 'flip.t.sol', 'heal.sol', 'flap.sol', 'drip.sol', 'frob.t.sol']
2,['flip.sol', 'transferFrom.sol', 'frob.sol', 'flip.t.sol', 'heal.sol', 'flap.sol', 'drip.sol', 'tune.sol']
2,['flip.sol', 'transferFrom.sol', 'frob.sol', 'flip.t.sol', 'heal.sol', 'flap.sol', 'drip.sol', 'bite.sol']
3,['flip.sol', 'transferFrom.sol', 'frob.sol', 'flip.t.sol', 'heal.sol', 'flap.sol', 'frob.t.sol', 'tune.sol']
4,['flip.sol', 'transferFrom.sol', 'frob.sol', 'flip.t.sol', 'heal.sol', 'flap.sol', 'frob.t.sol', 'bite.sol']
2,['flip.sol', 'transferFrom.sol', 'frob.sol', 'flip.t.sol', 'heal.sol', 'flap.sol', 'tune.sol', 'bite.sol']
2,['flip.sol', 'transferFrom.sol', 'frob.sol', 'flip.t.sol', 'heal.sol', 'drip.sol', 'frob.t.sol', 'tune.sol']
5,['flip.sol', 'transferFrom.sol', 'frob.sol', 'flip.t.sol', 'heal.sol', 'drip.sol', 'frob.t.sol', 'bite.sol']
2,['flip.sol', 'transferFrom.sol', 'frob.sol', 'flip.t.sol', 'heal.sol', 'drip.sol', 'tune.sol', 'bite.sol']
2,['flip.sol', 'transferFrom.sol', 'frob.sol', 'flip.t.sol', 'heal.sol', 'frob.t.sol', 'tune.sol', 'bite.sol']
2,['flip.sol', 'transferFrom.sol', 'frob.sol', 'flip.t.sol', 'drip.t.sol', 'heal.t.sol', 'flap.sol', 'drip.sol']
2,['flip.sol', 'transferFrom.sol', 'frob.sol', 'flip.t.sol', 'drip.t.sol', 'heal.t.sol', 'flap.sol', 'frob.t.sol']
2,['flip.sol', 'transferFrom.sol', 'frob.sol', 'flip.t.sol', 'drip.t.sol', 'heal.t.sol', 'flap.sol', 'tune.sol']
2,['flip.sol', 'transferFrom.sol', 'frob.sol', 'flip.t.sol', 'drip.t.sol', 'heal.t.sol', 'flap.sol', 'bite.sol']
3,['flip.sol', 'transferFrom.sol', 'frob.sol', 'flip.t.sol', 'drip.t.sol', 'heal.t.sol', 'drip.sol', 'frob.t.sol']
2,['flip.sol', 'transferFrom.sol', 'frob.sol', 'flip.t.sol', 'drip.t.sol', 'heal.t.sol', 'drip.sol', 'tune.sol']
2,['flip.sol', 'transferFrom.sol', 'frob.sol', 'flip.t.sol', 'drip.t.sol', 'heal.t.sol', 'drip.sol', 'bite.sol']
2,['flip.sol', 'transferFrom.sol', 'frob.sol', 'flip.t.sol', 'drip.t.sol', 'heal.t.sol', 'frob.t.sol', 'tune.sol']
2,['flip.sol', 'transferFrom.sol', 'frob.sol', 'flip.t.sol', 'drip.t.sol', 'heal.t.sol', 'frob.t.sol', 'bite.sol']
2,['flip.sol', 'transferFrom.sol', 'frob.sol', 'flip.t.sol', 'drip.t.sol', 'heal.t.sol', 'tune.sol', 'bite.sol']
5,['flip.sol', 'transferFrom.sol', 'frob.sol', 'flip.t.sol', 'drip.t.sol', 'flap.sol', 'drip.sol', 'frob.t.sol']
2,['flip.sol', 'transferFrom.sol', 'frob.sol', 'flip.t.sol', 'drip.t.sol', 'flap.sol', 'drip.sol', 'tune.sol']
3,['flip.sol', 'transferFrom.sol', 'frob.sol', 'flip.t.sol', 'drip.t.sol', 'flap.sol', 'drip.sol', 'bite.sol']
2,['flip.sol', 'transferFrom.sol', 'frob.sol', 'flip.t.sol', 'drip.t.sol', 'flap.sol', 'frob.t.sol', 'tune.sol']
3,['flip.sol', 'transferFrom.sol', 'frob.sol', 'flip.t.sol', 'drip.t.sol', 'flap.sol', 'frob.t.sol', 'bite.sol']
2,['flip.sol', 'transferFrom.sol', 'frob.sol', 'flip.t.sol', 'drip.t.sol', 'flap.sol', 'tune.sol', 'bite.sol']
4,['flip.sol', 'transferFrom.sol', 'frob.sol', 'flip.t.sol', 'drip.t.sol', 'drip.sol', 'frob.t.sol', 'tune.sol']
5,['flip.sol', 'transferFrom.sol', 'frob.sol', 'flip.t.sol', 'drip.t.sol', 'drip.sol', 'frob.t.sol', 'bite.sol']
3,['flip.sol', 'transferFrom.sol', 'frob.sol', 'flip.t.sol', 'drip.t.sol', 'drip.sol', 'tune.sol', 'bite.sol']
1,['flip.sol', 'transferFrom.sol', 'frob.sol', 'flip.t.sol', 'drip.t.sol', 'frob.t.sol', 'tune.sol', 'bite.sol']
2,['flip.sol', 'transferFrom.sol', 'frob.sol', 'flip.t.sol', 'heal.t.sol', 'flap.sol', 'drip.sol', 'frob.t.sol']
2,['flip.sol', 'transferFrom.sol', 'frob.sol', 'flip.t.sol', 'heal.t.sol', 'flap.sol', 'drip.sol', 'tune.sol']
2,['flip.sol', 'transferFrom.sol', 'frob.sol', 'flip.t.sol', 'heal.t.sol', 'flap.sol', 'drip.sol', 'bite.sol']
3,['flip.sol', 'transferFrom.sol', 'frob.sol', 'flip.t.sol', 'heal.t.sol', 'flap.sol', 'frob.t.sol', 'tune.sol']
3,['flip.sol', 'transferFrom.sol', 'frob.sol', 'flip.t.sol', 'heal.t.sol', 'flap.sol', 'frob.t.sol', 'bite.sol']
3,['flip.sol', 'transferFrom.sol', 'frob.sol', 'flip.t.sol', 'heal.t.sol', 'flap.sol', 'tune.sol', 'bite.sol']
2,['flip.sol', 'transferFrom.sol', 'frob.sol', 'flip.t.sol', 'heal.t.sol', 'drip.sol', 'frob.t.sol', 'tune.sol']
2,['flip.sol', 'transferFrom.sol', 'frob.sol', 'flip.t.sol', 'heal.t.sol', 'drip.sol', 'frob.t.sol', 'bite.sol']
2,['flip.sol', 'transferFrom.sol', 'frob.sol', 'flip.t.sol', 'heal.t.sol', 'drip.sol', 'tune.sol', 'bite.sol']
3,['flip.sol', 'transferFrom.sol', 'frob.sol', 'flip.t.sol', 'heal.t.sol', 'frob.t.sol', 'tune.sol', 'bite.sol']
3,['flip.sol', 'transferFrom.sol', 'frob.sol', 'flip.t.sol', 'flap.sol', 'drip.sol', 'frob.t.sol', 'tune.sol']
3,['flip.sol', 'transferFrom.sol', 'frob.sol', 'flip.t.sol', 'flap.sol', 'drip.sol', 'frob.t.sol', 'bite.sol']
2,['flip.sol', 'transferFrom.sol', 'frob.sol', 'flip.t.sol', 'flap.sol', 'drip.sol', 'tune.sol', 'bite.sol']
2,['flip.sol', 'transferFrom.sol', 'frob.sol', 'flip.t.sol', 'flap.sol', 'frob.t.sol', 'tune.sol', 'bite.sol']
2,['flip.sol', 'transferFrom.sol', 'frob.sol', 'flip.t.sol', 'drip.sol', 'frob.t.sol', 'tune.sol', 'bite.sol']
3,['flip.sol', 'transferFrom.sol', 'frob.sol', 'flop.t.sol', 'flap.t.sol', 'heal.sol', 'drip.t.sol', 'heal.t.sol']
3,['flip.sol', 'transferFrom.sol', 'frob.sol', 'flop.t.sol', 'flap.t.sol', 'heal.sol', 'drip.t.sol', 'flap.sol']
3,['flip.sol', 'transferFrom.sol', 'frob.sol', 'flop.t.sol', 'flap.t.sol', 'heal.sol', 'drip.t.sol', 'drip.sol']
3,['flip.sol', 'transferFrom.sol', 'frob.sol', 'flop.t.sol', 'flap.t.sol', 'heal.sol', 'drip.t.sol', 'frob.t.sol']
2,['flip.sol', 'transferFrom.sol', 'frob.sol', 'flop.t.sol', 'flap.t.sol', 'heal.sol', 'drip.t.sol', 'tune.sol']
2,['flip.sol', 'transferFrom.sol', 'frob.sol', 'flop.t.sol', 'flap.t.sol', 'heal.sol', 'drip.t.sol', 'bite.sol']
4,['flip.sol', 'transferFrom.sol', 'frob.sol', 'flop.t.sol', 'flap.t.sol', 'heal.sol', 'heal.t.sol', 'flap.sol']
3,['flip.sol', 'transferFrom.sol', 'frob.sol', 'flop.t.sol', 'flap.t.sol', 'heal.sol', 'heal.t.sol', 'drip.sol']
3,['flip.sol', 'transferFrom.sol', 'frob.sol', 'flop.t.sol', 'flap.t.sol', 'heal.sol', 'heal.t.sol', 'frob.t.sol']
3,['flip.sol', 'transferFrom.sol', 'frob.sol', 'flop.t.sol', 'flap.t.sol', 'heal.sol', 'heal.t.sol', 'tune.sol']
4,['flip.sol', 'transferFrom.sol', 'frob.sol', 'flop.t.sol', 'flap.t.sol', 'heal.sol', 'heal.t.sol', 'bite.sol']
3,['flip.sol', 'transferFrom.sol', 'frob.sol', 'flop.t.sol', 'flap.t.sol', 'heal.sol', 'flap.sol', 'drip.sol']
4,['flip.sol', 'transferFrom.sol', 'frob.sol', 'flop.t.sol', 'flap.t.sol', 'heal.sol', 'flap.sol', 'frob.t.sol']
2,['flip.sol', 'transferFrom.sol', 'frob.sol', 'flop.t.sol', 'flap.t.sol', 'heal.sol', 'flap.sol', 'tune.sol']
3,['flip.sol', 'transferFrom.sol', 'frob.sol', 'flop.t.sol', 'flap.t.sol', 'heal.sol', 'flap.sol', 'bite.sol']
3,['flip.sol', 'transferFrom.sol', 'frob.sol', 'flop.t.sol', 'flap.t.sol', 'heal.sol', 'drip.sol', 'frob.t.sol']
2,['flip.sol', 'transferFrom.sol', 'frob.sol', 'flop.t.sol', 'flap.t.sol', 'heal.sol', 'drip.sol', 'tune.sol']
2,['flip.sol', 'transferFrom.sol', 'frob.sol', 'flop.t.sol', 'flap.t.sol', 'heal.sol', 'drip.sol', 'bite.sol']
3,['flip.sol', 'transferFrom.sol', 'frob.sol', 'flop.t.sol', 'flap.t.sol', 'heal.sol', 'frob.t.sol', 'tune.sol']
4,['flip.sol', 'transferFrom.sol', 'frob.sol', 'flop.t.sol', 'flap.t.sol', 'heal.sol', 'frob.t.sol', 'bite.sol']
2,['flip.sol', 'transferFrom.sol', 'frob.sol', 'flop.t.sol', 'flap.t.sol', 'heal.sol', 'tune.sol', 'bite.sol']
3,['flip.sol', 'transferFrom.sol', 'frob.sol', 'flop.t.sol', 'flap.t.sol', 'drip.t.sol', 'heal.t.sol', 'flap.sol']
3,['flip.sol', 'transferFrom.sol', 'frob.sol', 'flop.t.sol', 'flap.t.sol', 'drip.t.sol', 'heal.t.sol', 'drip.sol']
2,['flip.sol', 'transferFrom.sol', 'frob.sol', 'flop.t.sol', 'flap.t.sol', 'drip.t.sol', 'heal.t.sol', 'frob.t.sol']
2,['flip.sol', 'transferFrom.sol', 'frob.sol', 'flop.t.sol', 'flap.t.sol', 'drip.t.sol', 'heal.t.sol', 'tune.sol']
3,['flip.sol', 'transferFrom.sol', 'frob.sol', 'flop.t.sol', 'flap.t.sol', 'drip.t.sol', 'heal.t.sol', 'bite.sol']
5,['flip.sol', 'transferFrom.sol', 'frob.sol', 'flop.t.sol', 'flap.t.sol', 'drip.t.sol', 'flap.sol', 'drip.sol']
3,['flip.sol', 'transferFrom.sol', 'frob.sol', 'flop.t.sol', 'flap.t.sol', 'drip.t.sol', 'flap.sol', 'frob.t.sol']
3,['flip.sol', 'transferFrom.sol', 'frob.sol', 'flop.t.sol', 'flap.t.sol', 'drip.t.sol', 'flap.sol', 'tune.sol']
2,['flip.sol', 'transferFrom.sol', 'frob.sol', 'flop.t.sol', 'flap.t.sol', 'drip.t.sol', 'flap.sol', 'bite.sol']
3,['flip.sol', 'transferFrom.sol', 'frob.sol', 'flop.t.sol', 'flap.t.sol', 'drip.t.sol', 'drip.sol', 'frob.t.sol']
5,['flip.sol', 'transferFrom.sol', 'frob.sol', 'flop.t.sol', 'flap.t.sol', 'drip.t.sol', 'drip.sol', 'tune.sol']
2,['flip.sol', 'transferFrom.sol', 'frob.sol', 'flop.t.sol', 'flap.t.sol', 'drip.t.sol', 'drip.sol', 'bite.sol']
2,['flip.sol', 'transferFrom.sol', 'frob.sol', 'flop.t.sol', 'flap.t.sol', 'drip.t.sol', 'frob.t.sol', 'tune.sol']
3,['flip.sol', 'transferFrom.sol', 'frob.sol', 'flop.t.sol', 'flap.t.sol', 'drip.t.sol', 'frob.t.sol', 'bite.sol']
2,['flip.sol', 'transferFrom.sol', 'frob.sol', 'flop.t.sol', 'flap.t.sol', 'drip.t.sol', 'tune.sol', 'bite.sol']
3,['flip.sol', 'transferFrom.sol', 'frob.sol', 'flop.t.sol', 'flap.t.sol', 'heal.t.sol', 'flap.sol', 'drip.sol']
3,['flip.sol', 'transferFrom.sol', 'frob.sol', 'flop.t.sol', 'flap.t.sol', 'heal.t.sol', 'flap.sol', 'frob.t.sol']
4,['flip.sol', 'transferFrom.sol', 'frob.sol', 'flop.t.sol', 'flap.t.sol', 'heal.t.sol', 'flap.sol', 'tune.sol']
4,['flip.sol', 'transferFrom.sol', 'frob.sol', 'flop.t.sol', 'flap.t.sol', 'heal.t.sol', 'flap.sol', 'bite.sol']
2,['flip.sol', 'transferFrom.sol', 'frob.sol', 'flop.t.sol', 'flap.t.sol', 'heal.t.sol', 'drip.sol', 'frob.t.sol']
2,['flip.sol', 'transferFrom.sol', 'frob.sol', 'flop.t.sol', 'flap.t.sol', 'heal.t.sol', 'drip.sol', 'tune.sol']
3,['flip.sol', 'transferFrom.sol', 'frob.sol', 'flop.t.sol', 'flap.t.sol', 'heal.t.sol', 'drip.sol', 'bite.sol']
3,['flip.sol', 'transferFrom.sol', 'frob.sol', 'flop.t.sol', 'flap.t.sol', 'heal.t.sol', 'frob.t.sol', 'tune.sol']
3,['flip.sol', 'transferFrom.sol', 'frob.sol', 'flop.t.sol', 'flap.t.sol', 'heal.t.sol', 'frob.t.sol', 'bite.sol']
3,['flip.sol', 'transferFrom.sol', 'frob.sol', 'flop.t.sol', 'flap.t.sol', 'heal.t.sol', 'tune.sol', 'bite.sol']
3,['flip.sol', 'transferFrom.sol', 'frob.sol', 'flop.t.sol', 'flap.t.sol', 'flap.sol', 'drip.sol', 'frob.t.sol']
3,['flip.sol', 'transferFrom.sol', 'frob.sol', 'flop.t.sol', 'flap.t.sol', 'flap.sol', 'drip.sol', 'tune.sol']
4,['flip.sol', 'transferFrom.sol', 'frob.sol', 'flop.t.sol', 'flap.t.sol', 'flap.sol', 'drip.sol', 'bite.sol']
3,['flip.sol', 'transferFrom.sol', 'frob.sol', 'flop.t.sol', 'flap.t.sol', 'flap.sol', 'frob.t.sol', 'tune.sol']
4,['flip.sol', 'transferFrom.sol', 'frob.sol', 'flop.t.sol', 'flap.t.sol', 'flap.sol', 'frob.t.sol', 'bite.sol']
3,['flip.sol', 'transferFrom.sol', 'frob.sol', 'flop.t.sol', 'flap.t.sol', 'flap.sol', 'tune.sol', 'bite.sol']
2,['flip.sol', 'transferFrom.sol', 'frob.sol', 'flop.t.sol', 'flap.t.sol', 'drip.sol', 'frob.t.sol', 'tune.sol']
3,['flip.sol', 'transferFrom.sol', 'frob.sol', 'flop.t.sol', 'flap.t.sol', 'drip.sol', 'frob.t.sol', 'bite.sol']
5,['flip.sol', 'transferFrom.sol', 'frob.sol', 'flop.t.sol', 'flap.t.sol', 'drip.sol', 'tune.sol', 'bite.sol']
3,['flip.sol', 'transferFrom.sol', 'frob.sol', 'flop.t.sol', 'flap.t.sol', 'frob.t.sol', 'tune.sol', 'bite.sol']
4,['flip.sol', 'transferFrom.sol', 'frob.sol', 'flop.t.sol', 'heal.sol', 'drip.t.sol', 'heal.t.sol', 'flap.sol']
4,['flip.sol', 'transferFrom.sol', 'frob.sol', 'flop.t.sol', 'heal.sol', 'drip.t.sol', 'heal.t.sol', 'drip.sol']
3,['flip.sol', 'transferFrom.sol', 'frob.sol', 'flop.t.sol', 'heal.sol', 'drip.t.sol', 'heal.t.sol', 'frob.t.sol']
2,['flip.sol', 'transferFrom.sol', 'frob.sol', 'flop.t.sol', 'heal.sol', 'drip.t.sol', 'heal.t.sol', 'tune.sol']
3,['flip.sol', 'transferFrom.sol', 'frob.sol', 'flop.t.sol', 'heal.sol', 'drip.t.sol', 'heal.t.sol', 'bite.sol']
2,['flip.sol', 'transferFrom.sol', 'frob.sol', 'flop.t.sol', 'heal.sol', 'drip.t.sol', 'flap.sol', 'drip.sol']
2,['flip.sol', 'transferFrom.sol', 'frob.sol', 'flop.t.sol', 'heal.sol', 'drip.t.sol', 'flap.sol', 'frob.t.sol']
1,['flip.sol', 'transferFrom.sol', 'frob.sol', 'flop.t.sol', 'heal.sol', 'drip.t.sol', 'flap.sol', 'tune.sol']
2,['flip.sol', 'transferFrom.sol', 'frob.sol', 'flop.t.sol', 'heal.sol', 'drip.t.sol', 'flap.sol', 'bite.sol']
3,['flip.sol', 'transferFrom.sol', 'frob.sol', 'flop.t.sol', 'heal.sol', 'drip.t.sol', 'drip.sol', 'frob.t.sol']
2,['flip.sol', 'transferFrom.sol', 'frob.sol', 'flop.t.sol', 'heal.sol', 'drip.t.sol', 'drip.sol', 'tune.sol']
2,['flip.sol', 'transferFrom.sol', 'frob.sol', 'flop.t.sol', 'heal.sol', 'drip.t.sol', 'drip.sol', 'bite.sol']
2,['flip.sol', 'transferFrom.sol', 'frob.sol', 'flop.t.sol', 'heal.sol', 'drip.t.sol', 'frob.t.sol', 'tune.sol']
3,['flip.sol', 'transferFrom.sol', 'frob.sol', 'flop.t.sol', 'heal.sol', 'drip.t.sol', 'frob.t.sol', 'bite.sol']
1,['flip.sol', 'transferFrom.sol', 'frob.sol', 'flop.t.sol', 'heal.sol', 'drip.t.sol', 'tune.sol', 'bite.sol']
4,['flip.sol', 'transferFrom.sol', 'frob.sol', 'flop.t.sol', 'heal.sol', 'heal.t.sol', 'flap.sol', 'drip.sol']
3,['flip.sol', 'transferFrom.sol', 'frob.sol', 'flop.t.sol', 'heal.sol', 'heal.t.sol', 'flap.sol', 'frob.t.sol']
3,['flip.sol', 'transferFrom.sol', 'frob.sol', 'flop.t.sol', 'heal.sol', 'heal.t.sol', 'flap.sol', 'tune.sol']
5,['flip.sol', 'transferFrom.sol', 'frob.sol', 'flop.t.sol', 'heal.sol', 'heal.t.sol', 'flap.sol', 'bite.sol']
2,['flip.sol', 'transferFrom.sol', 'frob.sol', 'flop.t.sol', 'heal.sol', 'heal.t.sol', 'drip.sol', 'frob.t.sol']
2,['flip.sol', 'transferFrom.sol', 'frob.sol', 'flop.t.sol', 'heal.sol', 'heal.t.sol', 'drip.sol', 'tune.sol']
4,['flip.sol', 'transferFrom.sol', 'frob.sol', 'flop.t.sol', 'heal.sol', 'heal.t.sol', 'drip.sol', 'bite.sol']
3,['flip.sol', 'transferFrom.sol', 'frob.sol', 'flop.t.sol', 'heal.sol', 'heal.t.sol', 'frob.t.sol', 'tune.sol']
3,['flip.sol', 'transferFrom.sol', 'frob.sol', 'flop.t.sol', 'heal.sol', 'heal.t.sol', 'frob.t.sol', 'bite.sol']
3,['flip.sol', 'transferFrom.sol', 'frob.sol', 'flop.t.sol', 'heal.sol', 'heal.t.sol', 'tune.sol', 'bite.sol']
2,['flip.sol', 'transferFrom.sol', 'frob.sol', 'flop.t.sol', 'heal.sol', 'flap.sol', 'drip.sol', 'frob.t.sol']
2,['flip.sol', 'transferFrom.sol', 'frob.sol', 'flop.t.sol', 'heal.sol', 'flap.sol', 'drip.sol', 'tune.sol']
2,['flip.sol', 'transferFrom.sol', 'frob.sol', 'flop.t.sol', 'heal.sol', 'flap.sol', 'drip.sol', 'bite.sol']
3,['flip.sol', 'transferFrom.sol', 'frob.sol', 'flop.t.sol', 'heal.sol', 'flap.sol', 'frob.t.sol', 'tune.sol']
3,['flip.sol', 'transferFrom.sol', 'frob.sol', 'flop.t.sol', 'heal.sol', 'flap.sol', 'frob.t.sol', 'bite.sol']
2,['flip.sol', 'transferFrom.sol', 'frob.sol', 'flop.t.sol', 'heal.sol', 'flap.sol', 'tune.sol', 'bite.sol']
3,['flip.sol', 'transferFrom.sol', 'frob.sol', 'flop.t.sol', 'heal.sol', 'drip.sol', 'frob.t.sol', 'tune.sol']
3,['flip.sol', 'transferFrom.sol', 'frob.sol', 'flop.t.sol', 'heal.sol', 'drip.sol', 'frob.t.sol', 'bite.sol']
2,['flip.sol', 'transferFrom.sol', 'frob.sol', 'flop.t.sol', 'heal.sol', 'drip.sol', 'tune.sol', 'bite.sol']
3,['flip.sol', 'transferFrom.sol', 'frob.sol', 'flop.t.sol', 'heal.sol', 'frob.t.sol', 'tune.sol', 'bite.sol']
4,['flip.sol', 'transferFrom.sol', 'frob.sol', 'flop.t.sol', 'drip.t.sol', 'heal.t.sol', 'flap.sol', 'drip.sol']
2,['flip.sol', 'transferFrom.sol', 'frob.sol', 'flop.t.sol', 'drip.t.sol', 'heal.t.sol', 'flap.sol', 'frob.t.sol']
2,['flip.sol', 'transferFrom.sol', 'frob.sol', 'flop.t.sol', 'drip.t.sol', 'heal.t.sol', 'flap.sol', 'tune.sol']
3,['flip.sol', 'transferFrom.sol', 'frob.sol', 'flop.t.sol', 'drip.t.sol', 'heal.t.sol', 'flap.sol', 'bite.sol']
3,['flip.sol', 'transferFrom.sol', 'frob.sol', 'flop.t.sol', 'drip.t.sol', 'heal.t.sol', 'drip.sol', 'frob.t.sol']
2,['flip.sol', 'transferFrom.sol', 'frob.sol', 'flop.t.sol', 'drip.t.sol', 'heal.t.sol', 'drip.sol', 'tune.sol']
3,['flip.sol', 'transferFrom.sol', 'frob.sol', 'flop.t.sol', 'drip.t.sol', 'heal.t.sol', 'drip.sol', 'bite.sol']
2,['flip.sol', 'transferFrom.sol', 'frob.sol', 'flop.t.sol', 'drip.t.sol', 'heal.t.sol', 'frob.t.sol', 'tune.sol']
2,['flip.sol', 'transferFrom.sol', 'frob.sol', 'flop.t.sol', 'drip.t.sol', 'heal.t.sol', 'frob.t.sol', 'bite.sol']
2,['flip.sol', 'transferFrom.sol', 'frob.sol', 'flop.t.sol', 'drip.t.sol', 'heal.t.sol', 'tune.sol', 'bite.sol']
3,['flip.sol', 'transferFrom.sol', 'frob.sol', 'flop.t.sol', 'drip.t.sol', 'flap.sol', 'drip.sol', 'frob.t.sol']
3,['flip.sol', 'transferFrom.sol', 'frob.sol', 'flop.t.sol', 'drip.t.sol', 'flap.sol', 'drip.sol', 'tune.sol']
2,['flip.sol', 'transferFrom.sol', 'frob.sol', 'flop.t.sol', 'drip.t.sol', 'flap.sol', 'drip.sol', 'bite.sol']
2,['flip.sol', 'transferFrom.sol', 'frob.sol', 'flop.t.sol', 'drip.t.sol', 'flap.sol', 'frob.t.sol', 'tune.sol']
2,['flip.sol', 'transferFrom.sol', 'frob.sol', 'flop.t.sol', 'drip.t.sol', 'flap.sol', 'frob.t.sol', 'bite.sol']
4,['flip.sol', 'transferFrom.sol', 'frob.sol', 'flop.t.sol', 'drip.t.sol', 'flap.sol', 'tune.sol', 'bite.sol']
2,['flip.sol', 'transferFrom.sol', 'frob.sol', 'flop.t.sol', 'drip.t.sol', 'drip.sol', 'frob.t.sol', 'tune.sol']
3,['flip.sol', 'transferFrom.sol', 'frob.sol', 'flop.t.sol', 'drip.t.sol', 'drip.sol', 'frob.t.sol', 'bite.sol']
2,['flip.sol', 'transferFrom.sol', 'frob.sol', 'flop.t.sol', 'drip.t.sol', 'drip.sol', 'tune.sol', 'bite.sol']
2,['flip.sol', 'transferFrom.sol', 'frob.sol', 'flop.t.sol', 'drip.t.sol', 'frob.t.sol', 'tune.sol', 'bite.sol']
2,['flip.sol', 'transferFrom.sol', 'frob.sol', 'flop.t.sol', 'heal.t.sol', 'flap.sol', 'drip.sol', 'frob.t.sol']
2,['flip.sol', 'transferFrom.sol', 'frob.sol', 'flop.t.sol', 'heal.t.sol', 'flap.sol', 'drip.sol', 'tune.sol']
4,['flip.sol', 'transferFrom.sol', 'frob.sol', 'flop.t.sol', 'heal.t.sol', 'flap.sol', 'drip.sol', 'bite.sol']
3,['flip.sol', 'transferFrom.sol', 'frob.sol', 'flop.t.sol', 'heal.t.sol', 'flap.sol', 'frob.t.sol', 'tune.sol']
3,['flip.sol', 'transferFrom.sol', 'frob.sol', 'flop.t.sol', 'heal.t.sol', 'flap.sol', 'frob.t.sol', 'bite.sol']
3,['flip.sol', 'transferFrom.sol', 'frob.sol', 'flop.t.sol', 'heal.t.sol', 'flap.sol', 'tune.sol', 'bite.sol']
2,['flip.sol', 'transferFrom.sol', 'frob.sol', 'flop.t.sol', 'heal.t.sol', 'drip.sol', 'frob.t.sol', 'tune.sol']
2,['flip.sol', 'transferFrom.sol', 'frob.sol', 'flop.t.sol', 'heal.t.sol', 'drip.sol', 'frob.t.sol', 'bite.sol']
2,['flip.sol', 'transferFrom.sol', 'frob.sol', 'flop.t.sol', 'heal.t.sol', 'drip.sol', 'tune.sol', 'bite.sol']
3,['flip.sol', 'transferFrom.sol', 'frob.sol', 'flop.t.sol', 'heal.t.sol', 'frob.t.sol', 'tune.sol', 'bite.sol']
3,['flip.sol', 'transferFrom.sol', 'frob.sol', 'flop.t.sol', 'flap.sol', 'drip.sol', 'frob.t.sol', 'tune.sol']
2,['flip.sol', 'transferFrom.sol', 'frob.sol', 'flop.t.sol', 'flap.sol', 'drip.sol', 'frob.t.sol', 'bite.sol']
3,['flip.sol', 'transferFrom.sol', 'frob.sol', 'flop.t.sol', 'flap.sol', 'drip.sol', 'tune.sol', 'bite.sol']
3,['flip.sol', 'transferFrom.sol', 'frob.sol', 'flop.t.sol', 'flap.sol', 'frob.t.sol', 'tune.sol', 'bite.sol']
2,['flip.sol', 'transferFrom.sol', 'frob.sol', 'flop.t.sol', 'drip.sol', 'frob.t.sol', 'tune.sol', 'bite.sol']
4,['flip.sol', 'transferFrom.sol', 'frob.sol', 'flap.t.sol', 'heal.sol', 'drip.t.sol', 'heal.t.sol', 'flap.sol']
4,['flip.sol', 'transferFrom.sol', 'frob.sol', 'flap.t.sol', 'heal.sol', 'drip.t.sol', 'heal.t.sol', 'drip.sol']
2,['flip.sol', 'transferFrom.sol', 'frob.sol', 'flap.t.sol', 'heal.sol', 'drip.t.sol', 'heal.t.sol', 'frob.t.sol']
2,['flip.sol', 'transferFrom.sol', 'frob.sol', 'flap.t.sol', 'heal.sol', 'drip.t.sol', 'heal.t.sol', 'tune.sol']
3,['flip.sol', 'transferFrom.sol', 'frob.sol', 'flap.t.sol', 'heal.sol', 'drip.t.sol', 'heal.t.sol', 'bite.sol']
2,['flip.sol', 'transferFrom.sol', 'frob.sol', 'flap.t.sol', 'heal.sol', 'drip.t.sol', 'flap.sol', 'drip.sol']
2,['flip.sol', 'transferFrom.sol', 'frob.sol', 'flap.t.sol', 'heal.sol', 'drip.t.sol', 'flap.sol', 'frob.t.sol']
1,['flip.sol', 'transferFrom.sol', 'frob.sol', 'flap.t.sol', 'heal.sol', 'drip.t.sol', 'flap.sol', 'tune.sol']
2,['flip.sol', 'transferFrom.sol', 'frob.sol', 'flap.t.sol', 'heal.sol', 'drip.t.sol', 'flap.sol', 'bite.sol']
3,['flip.sol', 'transferFrom.sol', 'frob.sol', 'flap.t.sol', 'heal.sol', 'drip.t.sol', 'drip.sol', 'frob.t.sol']
2,['flip.sol', 'transferFrom.sol', 'frob.sol', 'flap.t.sol', 'heal.sol', 'drip.t.sol', 'drip.sol', 'tune.sol']
2,['flip.sol', 'transferFrom.sol', 'frob.sol', 'flap.t.sol', 'heal.sol', 'drip.t.sol', 'drip.sol', 'bite.sol']
2,['flip.sol', 'transferFrom.sol', 'frob.sol', 'flap.t.sol', 'heal.sol', 'drip.t.sol', 'frob.t.sol', 'tune.sol']
3,['flip.sol', 'transferFrom.sol', 'frob.sol', 'flap.t.sol', 'heal.sol', 'drip.t.sol', 'frob.t.sol', 'bite.sol']
1,['flip.sol', 'transferFrom.sol', 'frob.sol', 'flap.t.sol', 'heal.sol', 'drip.t.sol', 'tune.sol', 'bite.sol']
4,['flip.sol', 'transferFrom.sol', 'frob.sol', 'flap.t.sol', 'heal.sol', 'heal.t.sol', 'flap.sol', 'drip.sol']
3,['flip.sol', 'transferFrom.sol', 'frob.sol', 'flap.t.sol', 'heal.sol', 'heal.t.sol', 'flap.sol', 'frob.t.sol']
3,['flip.sol', 'transferFrom.sol', 'frob.sol', 'flap.t.sol', 'heal.sol', 'heal.t.sol', 'flap.sol', 'tune.sol']
5,['flip.sol', 'transferFrom.sol', 'frob.sol', 'flap.t.sol', 'heal.sol', 'heal.t.sol', 'flap.sol', 'bite.sol']
2,['flip.sol', 'transferFrom.sol', 'frob.sol', 'flap.t.sol', 'heal.sol', 'heal.t.sol', 'drip.sol', 'frob.t.sol']
2,['flip.sol', 'transferFrom.sol', 'frob.sol', 'flap.t.sol', 'heal.sol', 'heal.t.sol', 'drip.sol', 'tune.sol']
3,['flip.sol', 'transferFrom.sol', 'frob.sol', 'flap.t.sol', 'heal.sol', 'heal.t.sol', 'drip.sol', 'bite.sol']
3,['flip.sol', 'transferFrom.sol', 'frob.sol', 'flap.t.sol', 'heal.sol', 'heal.t.sol', 'frob.t.sol', 'tune.sol']
3,['flip.sol', 'transferFrom.sol', 'frob.sol', 'flap.t.sol', 'heal.sol', 'heal.t.sol', 'frob.t.sol', 'bite.sol']
3,['flip.sol', 'transferFrom.sol', 'frob.sol', 'flap.t.sol', 'heal.sol', 'heal.t.sol', 'tune.sol', 'bite.sol']
2,['flip.sol', 'transferFrom.sol', 'frob.sol', 'flap.t.sol', 'heal.sol', 'flap.sol', 'drip.sol', 'frob.t.sol']
2,['flip.sol', 'transferFrom.sol', 'frob.sol', 'flap.t.sol', 'heal.sol', 'flap.sol', 'drip.sol', 'tune.sol']
2,['flip.sol', 'transferFrom.sol', 'frob.sol', 'flap.t.sol', 'heal.sol', 'flap.sol', 'drip.sol', 'bite.sol']
3,['flip.sol', 'transferFrom.sol', 'frob.sol', 'flap.t.sol', 'heal.sol', 'flap.sol', 'frob.t.sol', 'tune.sol']
3,['flip.sol', 'transferFrom.sol', 'frob.sol', 'flap.t.sol', 'heal.sol', 'flap.sol', 'frob.t.sol', 'bite.sol']
2,['flip.sol', 'transferFrom.sol', 'frob.sol', 'flap.t.sol', 'heal.sol', 'flap.sol', 'tune.sol', 'bite.sol']
3,['flip.sol', 'transferFrom.sol', 'frob.sol', 'flap.t.sol', 'heal.sol', 'drip.sol', 'frob.t.sol', 'tune.sol']
3,['flip.sol', 'transferFrom.sol', 'frob.sol', 'flap.t.sol', 'heal.sol', 'drip.sol', 'frob.t.sol', 'bite.sol']
2,['flip.sol', 'transferFrom.sol', 'frob.sol', 'flap.t.sol', 'heal.sol', 'drip.sol', 'tune.sol', 'bite.sol']
3,['flip.sol', 'transferFrom.sol', 'frob.sol', 'flap.t.sol', 'heal.sol', 'frob.t.sol', 'tune.sol', 'bite.sol']
4,['flip.sol', 'transferFrom.sol', 'frob.sol', 'flap.t.sol', 'drip.t.sol', 'heal.t.sol', 'flap.sol', 'drip.sol']
2,['flip.sol', 'transferFrom.sol', 'frob.sol', 'flap.t.sol', 'drip.t.sol', 'heal.t.sol', 'flap.sol', 'frob.t.sol']
2,['flip.sol', 'transferFrom.sol', 'frob.sol', 'flap.t.sol', 'drip.t.sol', 'heal.t.sol', 'flap.sol', 'tune.sol']
3,['flip.sol', 'transferFrom.sol', 'frob.sol', 'flap.t.sol', 'drip.t.sol', 'heal.t.sol', 'flap.sol', 'bite.sol']
2,['flip.sol', 'transferFrom.sol', 'frob.sol', 'flap.t.sol', 'drip.t.sol', 'heal.t.sol', 'drip.sol', 'frob.t.sol']
2,['flip.sol', 'transferFrom.sol', 'frob.sol', 'flap.t.sol', 'drip.t.sol', 'heal.t.sol', 'drip.sol', 'tune.sol']
3,['flip.sol', 'transferFrom.sol', 'frob.sol', 'flap.t.sol', 'drip.t.sol', 'heal.t.sol', 'drip.sol', 'bite.sol']
2,['flip.sol', 'transferFrom.sol', 'frob.sol', 'flap.t.sol', 'drip.t.sol', 'heal.t.sol', 'frob.t.sol', 'tune.sol']
2,['flip.sol', 'transferFrom.sol', 'frob.sol', 'flap.t.sol', 'drip.t.sol', 'heal.t.sol', 'frob.t.sol', 'bite.sol']
2,['flip.sol', 'transferFrom.sol', 'frob.sol', 'flap.t.sol', 'drip.t.sol', 'heal.t.sol', 'tune.sol', 'bite.sol']
2,['flip.sol', 'transferFrom.sol', 'frob.sol', 'flap.t.sol', 'drip.t.sol', 'flap.sol', 'drip.sol', 'frob.t.sol']
3,['flip.sol', 'transferFrom.sol', 'frob.sol', 'flap.t.sol', 'drip.t.sol', 'flap.sol', 'drip.sol', 'tune.sol']
4,['flip.sol', 'transferFrom.sol', 'frob.sol', 'flap.t.sol', 'drip.t.sol', 'flap.sol', 'drip.sol', 'bite.sol']
2,['flip.sol', 'transferFrom.sol', 'frob.sol', 'flap.t.sol', 'drip.t.sol', 'flap.sol', 'frob.t.sol', 'tune.sol']
2,['flip.sol', 'transferFrom.sol', 'frob.sol', 'flap.t.sol', 'drip.t.sol', 'flap.sol', 'frob.t.sol', 'bite.sol']
2,['flip.sol', 'transferFrom.sol', 'frob.sol', 'flap.t.sol', 'drip.t.sol', 'flap.sol', 'tune.sol', 'bite.sol']
2,['flip.sol', 'transferFrom.sol', 'frob.sol', 'flap.t.sol', 'drip.t.sol', 'drip.sol', 'frob.t.sol', 'tune.sol']
3,['flip.sol', 'transferFrom.sol', 'frob.sol', 'flap.t.sol', 'drip.t.sol', 'drip.sol', 'frob.t.sol', 'bite.sol']
2,['flip.sol', 'transferFrom.sol', 'frob.sol', 'flap.t.sol', 'drip.t.sol', 'drip.sol', 'tune.sol', 'bite.sol']
2,['flip.sol', 'transferFrom.sol', 'frob.sol', 'flap.t.sol', 'drip.t.sol', 'frob.t.sol', 'tune.sol', 'bite.sol']
2,['flip.sol', 'transferFrom.sol', 'frob.sol', 'flap.t.sol', 'heal.t.sol', 'flap.sol', 'drip.sol', 'frob.t.sol']
2,['flip.sol', 'transferFrom.sol', 'frob.sol', 'flap.t.sol', 'heal.t.sol', 'flap.sol', 'drip.sol', 'tune.sol']
4,['flip.sol', 'transferFrom.sol', 'frob.sol', 'flap.t.sol', 'heal.t.sol', 'flap.sol', 'drip.sol', 'bite.sol']
3,['flip.sol', 'transferFrom.sol', 'frob.sol', 'flap.t.sol', 'heal.t.sol', 'flap.sol', 'frob.t.sol', 'tune.sol']
3,['flip.sol', 'transferFrom.sol', 'frob.sol', 'flap.t.sol', 'heal.t.sol', 'flap.sol', 'frob.t.sol', 'bite.sol']
3,['flip.sol', 'transferFrom.sol', 'frob.sol', 'flap.t.sol', 'heal.t.sol', 'flap.sol', 'tune.sol', 'bite.sol']
2,['flip.sol', 'transferFrom.sol', 'frob.sol', 'flap.t.sol', 'heal.t.sol', 'drip.sol', 'frob.t.sol', 'tune.sol']
2,['flip.sol', 'transferFrom.sol', 'frob.sol', 'flap.t.sol', 'heal.t.sol', 'drip.sol', 'frob.t.sol', 'bite.sol']
2,['flip.sol', 'transferFrom.sol', 'frob.sol', 'flap.t.sol', 'heal.t.sol', 'drip.sol', 'tune.sol', 'bite.sol']
3,['flip.sol', 'transferFrom.sol', 'frob.sol', 'flap.t.sol', 'heal.t.sol', 'frob.t.sol', 'tune.sol', 'bite.sol']
3,['flip.sol', 'transferFrom.sol', 'frob.sol', 'flap.t.sol', 'flap.sol', 'drip.sol', 'frob.t.sol', 'tune.sol']
2,['flip.sol', 'transferFrom.sol', 'frob.sol', 'flap.t.sol', 'flap.sol', 'drip.sol', 'frob.t.sol', 'bite.sol']
3,['flip.sol', 'transferFrom.sol', 'frob.sol', 'flap.t.sol', 'flap.sol', 'drip.sol', 'tune.sol', 'bite.sol']
3,['flip.sol', 'transferFrom.sol', 'frob.sol', 'flap.t.sol', 'flap.sol', 'frob.t.sol', 'tune.sol', 'bite.sol']
2,['flip.sol', 'transferFrom.sol', 'frob.sol', 'flap.t.sol', 'drip.sol', 'frob.t.sol', 'tune.sol', 'bite.sol']
2,['flip.sol', 'transferFrom.sol', 'frob.sol', 'heal.sol', 'drip.t.sol', 'heal.t.sol', 'flap.sol', 'drip.sol']
4,['flip.sol', 'transferFrom.sol', 'frob.sol', 'heal.sol', 'drip.t.sol', 'heal.t.sol', 'flap.sol', 'frob.t.sol']
3,['flip.sol', 'transferFrom.sol', 'frob.sol', 'heal.sol', 'drip.t.sol', 'heal.t.sol', 'flap.sol', 'tune.sol']
2,['flip.sol', 'transferFrom.sol', 'frob.sol', 'heal.sol', 'drip.t.sol', 'heal.t.sol', 'flap.sol', 'bite.sol']
4,['flip.sol', 'transferFrom.sol', 'frob.sol', 'heal.sol', 'drip.t.sol', 'heal.t.sol', 'drip.sol', 'frob.t.sol']
3,['flip.sol', 'transferFrom.sol', 'frob.sol', 'heal.sol', 'drip.t.sol', 'heal.t.sol', 'drip.sol', 'tune.sol']
2,['flip.sol', 'transferFrom.sol', 'frob.sol', 'heal.sol', 'drip.t.sol', 'heal.t.sol', 'drip.sol', 'bite.sol']
3,['flip.sol', 'transferFrom.sol', 'frob.sol', 'heal.sol', 'drip.t.sol', 'heal.t.sol', 'frob.t.sol', 'tune.sol']
4,['flip.sol', 'transferFrom.sol', 'frob.sol', 'heal.sol', 'drip.t.sol', 'heal.t.sol', 'frob.t.sol', 'bite.sol']
2,['flip.sol', 'transferFrom.sol', 'frob.sol', 'heal.sol', 'drip.t.sol', 'heal.t.sol', 'tune.sol', 'bite.sol']
3,['flip.sol', 'transferFrom.sol', 'frob.sol', 'heal.sol', 'drip.t.sol', 'flap.sol', 'drip.sol', 'frob.t.sol']
2,['flip.sol', 'transferFrom.sol', 'frob.sol', 'heal.sol', 'drip.t.sol', 'flap.sol', 'drip.sol', 'tune.sol']
2,['flip.sol', 'transferFrom.sol', 'frob.sol', 'heal.sol', 'drip.t.sol', 'flap.sol', 'drip.sol', 'bite.sol']
2,['flip.sol', 'transferFrom.sol', 'frob.sol', 'heal.sol', 'drip.t.sol', 'flap.sol', 'frob.t.sol', 'tune.sol']
2,['flip.sol', 'transferFrom.sol', 'frob.sol', 'heal.sol', 'drip.t.sol', 'flap.sol', 'frob.t.sol', 'bite.sol']
2,['flip.sol', 'transferFrom.sol', 'frob.sol', 'heal.sol', 'drip.t.sol', 'flap.sol', 'tune.sol', 'bite.sol']
2,['flip.sol', 'transferFrom.sol', 'frob.sol', 'heal.sol', 'drip.t.sol', 'drip.sol', 'frob.t.sol', 'tune.sol']
2,['flip.sol', 'transferFrom.sol', 'frob.sol', 'heal.sol', 'drip.t.sol', 'drip.sol', 'frob.t.sol', 'bite.sol']
2,['flip.sol', 'transferFrom.sol', 'frob.sol', 'heal.sol', 'drip.t.sol', 'drip.sol', 'tune.sol', 'bite.sol']
2,['flip.sol', 'transferFrom.sol', 'frob.sol', 'heal.sol', 'drip.t.sol', 'frob.t.sol', 'tune.sol', 'bite.sol']
3,['flip.sol', 'transferFrom.sol', 'frob.sol', 'heal.sol', 'heal.t.sol', 'flap.sol', 'drip.sol', 'frob.t.sol']
3,['flip.sol', 'transferFrom.sol', 'frob.sol', 'heal.sol', 'heal.t.sol', 'flap.sol', 'drip.sol', 'tune.sol']
2,['flip.sol', 'transferFrom.sol', 'frob.sol', 'heal.sol', 'heal.t.sol', 'flap.sol', 'drip.sol', 'bite.sol']
3,['flip.sol', 'transferFrom.sol', 'frob.sol', 'heal.sol', 'heal.t.sol', 'flap.sol', 'frob.t.sol', 'tune.sol']
4,['flip.sol', 'transferFrom.sol', 'frob.sol', 'heal.sol', 'heal.t.sol', 'flap.sol', 'frob.t.sol', 'bite.sol']
4,['flip.sol', 'transferFrom.sol', 'frob.sol', 'heal.sol', 'heal.t.sol', 'flap.sol', 'tune.sol', 'bite.sol']
3,['flip.sol', 'transferFrom.sol', 'frob.sol', 'heal.sol', 'heal.t.sol', 'drip.sol', 'frob.t.sol', 'tune.sol']
5,['flip.sol', 'transferFrom.sol', 'frob.sol', 'heal.sol', 'heal.t.sol', 'drip.sol', 'frob.t.sol', 'bite.sol']
3,['flip.sol', 'transferFrom.sol', 'frob.sol', 'heal.sol', 'heal.t.sol', 'drip.sol', 'tune.sol', 'bite.sol']
3,['flip.sol', 'transferFrom.sol', 'frob.sol', 'heal.sol', 'heal.t.sol', 'frob.t.sol', 'tune.sol', 'bite.sol']
2,['flip.sol', 'transferFrom.sol', 'frob.sol', 'heal.sol', 'flap.sol', 'drip.sol', 'frob.t.sol', 'tune.sol']
2,['flip.sol', 'transferFrom.sol', 'frob.sol', 'heal.sol', 'flap.sol', 'drip.sol', 'frob.t.sol', 'bite.sol']
2,['flip.sol', 'transferFrom.sol', 'frob.sol', 'heal.sol', 'flap.sol', 'drip.sol', 'tune.sol', 'bite.sol']
2,['flip.sol', 'transferFrom.sol', 'frob.sol', 'heal.sol', 'flap.sol', 'frob.t.sol', 'tune.sol', 'bite.sol']
2,['flip.sol', 'transferFrom.sol', 'frob.sol', 'heal.sol', 'drip.sol', 'frob.t.sol', 'tune.sol', 'bite.sol']
5,['flip.sol', 'transferFrom.sol', 'frob.sol', 'drip.t.sol', 'heal.t.sol', 'flap.sol', 'drip.sol', 'frob.t.sol']
3,['flip.sol', 'transferFrom.sol', 'frob.sol', 'drip.t.sol', 'heal.t.sol', 'flap.sol', 'drip.sol', 'tune.sol']
2,['flip.sol', 'transferFrom.sol', 'frob.sol', 'drip.t.sol', 'heal.t.sol', 'flap.sol', 'drip.sol', 'bite.sol']
3,['flip.sol', 'transferFrom.sol', 'frob.sol', 'drip.t.sol', 'heal.t.sol', 'flap.sol', 'frob.t.sol', 'tune.sol']
3,['flip.sol', 'transferFrom.sol', 'frob.sol', 'drip.t.sol', 'heal.t.sol', 'flap.sol', 'frob.t.sol', 'bite.sol']
3,['flip.sol', 'transferFrom.sol', 'frob.sol', 'drip.t.sol', 'heal.t.sol', 'flap.sol', 'tune.sol', 'bite.sol']
2,['flip.sol', 'transferFrom.sol', 'frob.sol', 'drip.t.sol', 'heal.t.sol', 'drip.sol', 'frob.t.sol', 'tune.sol']
4,['flip.sol', 'transferFrom.sol', 'frob.sol', 'drip.t.sol', 'heal.t.sol', 'drip.sol', 'frob.t.sol', 'bite.sol']
3,['flip.sol', 'transferFrom.sol', 'frob.sol', 'drip.t.sol', 'heal.t.sol', 'drip.sol', 'tune.sol', 'bite.sol']
1,['flip.sol', 'transferFrom.sol', 'frob.sol', 'drip.t.sol', 'heal.t.sol', 'frob.t.sol', 'tune.sol', 'bite.sol']
2,['flip.sol', 'transferFrom.sol', 'frob.sol', 'drip.t.sol', 'flap.sol', 'drip.sol', 'frob.t.sol', 'tune.sol']
3,['flip.sol', 'transferFrom.sol', 'frob.sol', 'drip.t.sol', 'flap.sol', 'drip.sol', 'frob.t.sol', 'bite.sol']
2,['flip.sol', 'transferFrom.sol', 'frob.sol', 'drip.t.sol', 'flap.sol', 'drip.sol', 'tune.sol', 'bite.sol']
2,['flip.sol', 'transferFrom.sol', 'frob.sol', 'drip.t.sol', 'flap.sol', 'frob.t.sol', 'tune.sol', 'bite.sol']
2,['flip.sol', 'transferFrom.sol', 'frob.sol', 'drip.t.sol', 'drip.sol', 'frob.t.sol', 'tune.sol', 'bite.sol']
3,['flip.sol', 'transferFrom.sol', 'frob.sol', 'heal.t.sol', 'flap.sol', 'drip.sol', 'frob.t.sol', 'tune.sol']
3,['flip.sol', 'transferFrom.sol', 'frob.sol', 'heal.t.sol', 'flap.sol', 'drip.sol', 'frob.t.sol', 'bite.sol']
3,['flip.sol', 'transferFrom.sol', 'frob.sol', 'heal.t.sol', 'flap.sol', 'drip.sol', 'tune.sol', 'bite.sol']
3,['flip.sol', 'transferFrom.sol', 'frob.sol', 'heal.t.sol', 'flap.sol', 'frob.t.sol', 'tune.sol', 'bite.sol']
1,['flip.sol', 'transferFrom.sol', 'frob.sol', 'heal.t.sol', 'drip.sol', 'frob.t.sol', 'tune.sol', 'bite.sol']
2,['flip.sol', 'transferFrom.sol', 'frob.sol', 'flap.sol', 'drip.sol', 'frob.t.sol', 'tune.sol', 'bite.sol']
3,['flip.sol', 'transferFrom.sol', 'flip.t.sol', 'flop.t.sol', 'flap.t.sol', 'heal.sol', 'drip.t.sol', 'heal.t.sol']
3,['flip.sol', 'transferFrom.sol', 'flip.t.sol', 'flop.t.sol', 'flap.t.sol', 'heal.sol', 'drip.t.sol', 'flap.sol']
3,['flip.sol', 'transferFrom.sol', 'flip.t.sol', 'flop.t.sol', 'flap.t.sol', 'heal.sol', 'drip.t.sol', 'drip.sol']
2,['flip.sol', 'transferFrom.sol', 'flip.t.sol', 'flop.t.sol', 'flap.t.sol', 'heal.sol', 'drip.t.sol', 'frob.t.sol']
1,['flip.sol', 'transferFrom.sol', 'flip.t.sol', 'flop.t.sol', 'flap.t.sol', 'heal.sol', 'drip.t.sol', 'tune.sol']
2,['flip.sol', 'transferFrom.sol', 'flip.t.sol', 'flop.t.sol', 'flap.t.sol', 'heal.sol', 'drip.t.sol', 'bite.sol']
4,['flip.sol', 'transferFrom.sol', 'flip.t.sol', 'flop.t.sol', 'flap.t.sol', 'heal.sol', 'heal.t.sol', 'flap.sol']
3,['flip.sol', 'transferFrom.sol', 'flip.t.sol', 'flop.t.sol', 'flap.t.sol', 'heal.sol', 'heal.t.sol', 'drip.sol']
3,['flip.sol', 'transferFrom.sol', 'flip.t.sol', 'flop.t.sol', 'flap.t.sol', 'heal.sol', 'heal.t.sol', 'frob.t.sol']
2,['flip.sol', 'transferFrom.sol', 'flip.t.sol', 'flop.t.sol', 'flap.t.sol', 'heal.sol', 'heal.t.sol', 'tune.sol']
2,['flip.sol', 'transferFrom.sol', 'flip.t.sol', 'flop.t.sol', 'flap.t.sol', 'heal.sol', 'heal.t.sol', 'bite.sol']
3,['flip.sol', 'transferFrom.sol', 'flip.t.sol', 'flop.t.sol', 'flap.t.sol', 'heal.sol', 'flap.sol', 'drip.sol']
3,['flip.sol', 'transferFrom.sol', 'flip.t.sol', 'flop.t.sol', 'flap.t.sol', 'heal.sol', 'flap.sol', 'frob.t.sol']
3,['flip.sol', 'transferFrom.sol', 'flip.t.sol', 'flop.t.sol', 'flap.t.sol', 'heal.sol', 'flap.sol', 'tune.sol']
2,['flip.sol', 'transferFrom.sol', 'flip.t.sol', 'flop.t.sol', 'flap.t.sol', 'heal.sol', 'flap.sol', 'bite.sol']
2,['flip.sol', 'transferFrom.sol', 'flip.t.sol', 'flop.t.sol', 'flap.t.sol', 'heal.sol', 'drip.sol', 'frob.t.sol']
2,['flip.sol', 'transferFrom.sol', 'flip.t.sol', 'flop.t.sol', 'flap.t.sol', 'heal.sol', 'drip.sol', 'tune.sol']
3,['flip.sol', 'transferFrom.sol', 'flip.t.sol', 'flop.t.sol', 'flap.t.sol', 'heal.sol', 'drip.sol', 'bite.sol']
3,['flip.sol', 'transferFrom.sol', 'flip.t.sol', 'flop.t.sol', 'flap.t.sol', 'heal.sol', 'frob.t.sol', 'tune.sol']
3,['flip.sol', 'transferFrom.sol', 'flip.t.sol', 'flop.t.sol', 'flap.t.sol', 'heal.sol', 'frob.t.sol', 'bite.sol']
2,['flip.sol', 'transferFrom.sol', 'flip.t.sol', 'flop.t.sol', 'flap.t.sol', 'heal.sol', 'tune.sol', 'bite.sol']
3,['flip.sol', 'transferFrom.sol', 'flip.t.sol', 'flop.t.sol', 'flap.t.sol', 'drip.t.sol', 'heal.t.sol', 'flap.sol']
3,['flip.sol', 'transferFrom.sol', 'flip.t.sol', 'flop.t.sol', 'flap.t.sol', 'drip.t.sol', 'heal.t.sol', 'drip.sol']
2,['flip.sol', 'transferFrom.sol', 'flip.t.sol', 'flop.t.sol', 'flap.t.sol', 'drip.t.sol', 'heal.t.sol', 'frob.t.sol']
2,['flip.sol', 'transferFrom.sol', 'flip.t.sol', 'flop.t.sol', 'flap.t.sol', 'drip.t.sol', 'heal.t.sol', 'tune.sol']
3,['flip.sol', 'transferFrom.sol', 'flip.t.sol', 'flop.t.sol', 'flap.t.sol', 'drip.t.sol', 'heal.t.sol', 'bite.sol']
4,['flip.sol', 'transferFrom.sol', 'flip.t.sol', 'flop.t.sol', 'flap.t.sol', 'drip.t.sol', 'flap.sol', 'drip.sol']
2,['flip.sol', 'transferFrom.sol', 'flip.t.sol', 'flop.t.sol', 'flap.t.sol', 'drip.t.sol', 'flap.sol', 'frob.t.sol']
4,['flip.sol', 'transferFrom.sol', 'flip.t.sol', 'flop.t.sol', 'flap.t.sol', 'drip.t.sol', 'flap.sol', 'tune.sol']
3,['flip.sol', 'transferFrom.sol', 'flip.t.sol', 'flop.t.sol', 'flap.t.sol', 'drip.t.sol', 'flap.sol', 'bite.sol']
2,['flip.sol', 'transferFrom.sol', 'flip.t.sol', 'flop.t.sol', 'flap.t.sol', 'drip.t.sol', 'drip.sol', 'frob.t.sol']
2,['flip.sol', 'transferFrom.sol', 'flip.t.sol', 'flop.t.sol', 'flap.t.sol', 'drip.t.sol', 'drip.sol', 'tune.sol']
2,['flip.sol', 'transferFrom.sol', 'flip.t.sol', 'flop.t.sol', 'flap.t.sol', 'drip.t.sol', 'drip.sol', 'bite.sol']
2,['flip.sol', 'transferFrom.sol', 'flip.t.sol', 'flop.t.sol', 'flap.t.sol', 'drip.t.sol', 'frob.t.sol', 'tune.sol']
2,['flip.sol', 'transferFrom.sol', 'flip.t.sol', 'flop.t.sol', 'flap.t.sol', 'drip.t.sol', 'frob.t.sol', 'bite.sol']
2,['flip.sol', 'transferFrom.sol', 'flip.t.sol', 'flop.t.sol', 'flap.t.sol', 'drip.t.sol', 'tune.sol', 'bite.sol']
4,['flip.sol', 'transferFrom.sol', 'flip.t.sol', 'flop.t.sol', 'flap.t.sol', 'heal.t.sol', 'flap.sol', 'drip.sol']
3,['flip.sol', 'transferFrom.sol', 'flip.t.sol', 'flop.t.sol', 'flap.t.sol', 'heal.t.sol', 'flap.sol', 'frob.t.sol']
4,['flip.sol', 'transferFrom.sol', 'flip.t.sol', 'flop.t.sol', 'flap.t.sol', 'heal.t.sol', 'flap.sol', 'tune.sol']
4,['flip.sol', 'transferFrom.sol', 'flip.t.sol', 'flop.t.sol', 'flap.t.sol', 'heal.t.sol', 'flap.sol', 'bite.sol']
2,['flip.sol', 'transferFrom.sol', 'flip.t.sol', 'flop.t.sol', 'flap.t.sol', 'heal.t.sol', 'drip.sol', 'frob.t.sol']
2,['flip.sol', 'transferFrom.sol', 'flip.t.sol', 'flop.t.sol', 'flap.t.sol', 'heal.t.sol', 'drip.sol', 'tune.sol']
3,['flip.sol', 'transferFrom.sol', 'flip.t.sol', 'flop.t.sol', 'flap.t.sol', 'heal.t.sol', 'drip.sol', 'bite.sol']
3,['flip.sol', 'transferFrom.sol', 'flip.t.sol', 'flop.t.sol', 'flap.t.sol', 'heal.t.sol', 'frob.t.sol', 'tune.sol']
3,['flip.sol', 'transferFrom.sol', 'flip.t.sol', 'flop.t.sol', 'flap.t.sol', 'heal.t.sol', 'frob.t.sol', 'bite.sol']
3,['flip.sol', 'transferFrom.sol', 'flip.t.sol', 'flop.t.sol', 'flap.t.sol', 'heal.t.sol', 'tune.sol', 'bite.sol']
4,['flip.sol', 'transferFrom.sol', 'flip.t.sol', 'flop.t.sol', 'flap.t.sol', 'flap.sol', 'drip.sol', 'frob.t.sol']
4,['flip.sol', 'transferFrom.sol', 'flip.t.sol', 'flop.t.sol', 'flap.t.sol', 'flap.sol', 'drip.sol', 'tune.sol']
3,['flip.sol', 'transferFrom.sol', 'flip.t.sol', 'flop.t.sol', 'flap.t.sol', 'flap.sol', 'drip.sol', 'bite.sol']
3,['flip.sol', 'transferFrom.sol', 'flip.t.sol', 'flop.t.sol', 'flap.t.sol', 'flap.sol', 'frob.t.sol', 'tune.sol']
3,['flip.sol', 'transferFrom.sol', 'flip.t.sol', 'flop.t.sol', 'flap.t.sol', 'flap.sol', 'frob.t.sol', 'bite.sol']
4,['flip.sol', 'transferFrom.sol', 'flip.t.sol', 'flop.t.sol', 'flap.t.sol', 'flap.sol', 'tune.sol', 'bite.sol']
2,['flip.sol', 'transferFrom.sol', 'flip.t.sol', 'flop.t.sol', 'flap.t.sol', 'drip.sol', 'frob.t.sol', 'tune.sol']
2,['flip.sol', 'transferFrom.sol', 'flip.t.sol', 'flop.t.sol', 'flap.t.sol', 'drip.sol', 'frob.t.sol', 'bite.sol']
2,['flip.sol', 'transferFrom.sol', 'flip.t.sol', 'flop.t.sol', 'flap.t.sol', 'drip.sol', 'tune.sol', 'bite.sol']
3,['flip.sol', 'transferFrom.sol', 'flip.t.sol', 'flop.t.sol', 'flap.t.sol', 'frob.t.sol', 'tune.sol', 'bite.sol']
3,['flip.sol', 'transferFrom.sol', 'flip.t.sol', 'flop.t.sol', 'heal.sol', 'drip.t.sol', 'heal.t.sol', 'flap.sol']
3,['flip.sol', 'transferFrom.sol', 'flip.t.sol', 'flop.t.sol', 'heal.sol', 'drip.t.sol', 'heal.t.sol', 'drip.sol']
2,['flip.sol', 'transferFrom.sol', 'flip.t.sol', 'flop.t.sol', 'heal.sol', 'drip.t.sol', 'heal.t.sol', 'frob.t.sol']
2,['flip.sol', 'transferFrom.sol', 'flip.t.sol', 'flop.t.sol', 'heal.sol', 'drip.t.sol', 'heal.t.sol', 'tune.sol']
3,['flip.sol', 'transferFrom.sol', 'flip.t.sol', 'flop.t.sol', 'heal.sol', 'drip.t.sol', 'heal.t.sol', 'bite.sol']
2,['flip.sol', 'transferFrom.sol', 'flip.t.sol', 'flop.t.sol', 'heal.sol', 'drip.t.sol', 'flap.sol', 'drip.sol']
2,['flip.sol', 'transferFrom.sol', 'flip.t.sol', 'flop.t.sol', 'heal.sol', 'drip.t.sol', 'flap.sol', 'frob.t.sol']
2,['flip.sol', 'transferFrom.sol', 'flip.t.sol', 'flop.t.sol', 'heal.sol', 'drip.t.sol', 'flap.sol', 'tune.sol']
2,['flip.sol', 'transferFrom.sol', 'flip.t.sol', 'flop.t.sol', 'heal.sol', 'drip.t.sol', 'flap.sol', 'bite.sol']
3,['flip.sol', 'transferFrom.sol', 'flip.t.sol', 'flop.t.sol', 'heal.sol', 'drip.t.sol', 'drip.sol', 'frob.t.sol']
2,['flip.sol', 'transferFrom.sol', 'flip.t.sol', 'flop.t.sol', 'heal.sol', 'drip.t.sol', 'drip.sol', 'tune.sol']
5,['flip.sol', 'transferFrom.sol', 'flip.t.sol', 'flop.t.sol', 'heal.sol', 'drip.t.sol', 'drip.sol', 'bite.sol']
2,['flip.sol', 'transferFrom.sol', 'flip.t.sol', 'flop.t.sol', 'heal.sol', 'drip.t.sol', 'frob.t.sol', 'tune.sol']
2,['flip.sol', 'transferFrom.sol', 'flip.t.sol', 'flop.t.sol', 'heal.sol', 'drip.t.sol', 'frob.t.sol', 'bite.sol']
1,['flip.sol', 'transferFrom.sol', 'flip.t.sol', 'flop.t.sol', 'heal.sol', 'drip.t.sol', 'tune.sol', 'bite.sol']
3,['flip.sol', 'transferFrom.sol', 'flip.t.sol', 'flop.t.sol', 'heal.sol', 'heal.t.sol', 'flap.sol', 'drip.sol']
3,['flip.sol', 'transferFrom.sol', 'flip.t.sol', 'flop.t.sol', 'heal.sol', 'heal.t.sol', 'flap.sol', 'frob.t.sol']
3,['flip.sol', 'transferFrom.sol', 'flip.t.sol', 'flop.t.sol', 'heal.sol', 'heal.t.sol', 'flap.sol', 'tune.sol']
4,['flip.sol', 'transferFrom.sol', 'flip.t.sol', 'flop.t.sol', 'heal.sol', 'heal.t.sol', 'flap.sol', 'bite.sol']
2,['flip.sol', 'transferFrom.sol', 'flip.t.sol', 'flop.t.sol', 'heal.sol', 'heal.t.sol', 'drip.sol', 'frob.t.sol']
2,['flip.sol', 'transferFrom.sol', 'flip.t.sol', 'flop.t.sol', 'heal.sol', 'heal.t.sol', 'drip.sol', 'tune.sol']
3,['flip.sol', 'transferFrom.sol', 'flip.t.sol', 'flop.t.sol', 'heal.sol', 'heal.t.sol', 'drip.sol', 'bite.sol']
3,['flip.sol', 'transferFrom.sol', 'flip.t.sol', 'flop.t.sol', 'heal.sol', 'heal.t.sol', 'frob.t.sol', 'tune.sol']
3,['flip.sol', 'transferFrom.sol', 'flip.t.sol', 'flop.t.sol', 'heal.sol', 'heal.t.sol', 'frob.t.sol', 'bite.sol']
3,['flip.sol', 'transferFrom.sol', 'flip.t.sol', 'flop.t.sol', 'heal.sol', 'heal.t.sol', 'tune.sol', 'bite.sol']
2,['flip.sol', 'transferFrom.sol', 'flip.t.sol', 'flop.t.sol', 'heal.sol', 'flap.sol', 'drip.sol', 'frob.t.sol']
2,['flip.sol', 'transferFrom.sol', 'flip.t.sol', 'flop.t.sol', 'heal.sol', 'flap.sol', 'drip.sol', 'tune.sol']
3,['flip.sol', 'transferFrom.sol', 'flip.t.sol', 'flop.t.sol', 'heal.sol', 'flap.sol', 'drip.sol', 'bite.sol']
3,['flip.sol', 'transferFrom.sol', 'flip.t.sol', 'flop.t.sol', 'heal.sol', 'flap.sol', 'frob.t.sol', 'tune.sol']
3,['flip.sol', 'transferFrom.sol', 'flip.t.sol', 'flop.t.sol', 'heal.sol', 'flap.sol', 'frob.t.sol', 'bite.sol']
1,['flip.sol', 'transferFrom.sol', 'flip.t.sol', 'flop.t.sol', 'heal.sol', 'flap.sol', 'tune.sol', 'bite.sol']
2,['flip.sol', 'transferFrom.sol', 'flip.t.sol', 'flop.t.sol', 'heal.sol', 'drip.sol', 'frob.t.sol', 'tune.sol']
2,['flip.sol', 'transferFrom.sol', 'flip.t.sol', 'flop.t.sol', 'heal.sol', 'drip.sol', 'frob.t.sol', 'bite.sol']
2,['flip.sol', 'transferFrom.sol', 'flip.t.sol', 'flop.t.sol', 'heal.sol', 'drip.sol', 'tune.sol', 'bite.sol']
3,['flip.sol', 'transferFrom.sol', 'flip.t.sol', 'flop.t.sol', 'heal.sol', 'frob.t.sol', 'tune.sol', 'bite.sol']
3,['flip.sol', 'transferFrom.sol', 'flip.t.sol', 'flop.t.sol', 'drip.t.sol', 'heal.t.sol', 'flap.sol', 'drip.sol']
2,['flip.sol', 'transferFrom.sol', 'flip.t.sol', 'flop.t.sol', 'drip.t.sol', 'heal.t.sol', 'flap.sol', 'frob.t.sol']
2,['flip.sol', 'transferFrom.sol', 'flip.t.sol', 'flop.t.sol', 'drip.t.sol', 'heal.t.sol', 'flap.sol', 'tune.sol']
3,['flip.sol', 'transferFrom.sol', 'flip.t.sol', 'flop.t.sol', 'drip.t.sol', 'heal.t.sol', 'flap.sol', 'bite.sol']
2,['flip.sol', 'transferFrom.sol', 'flip.t.sol', 'flop.t.sol', 'drip.t.sol', 'heal.t.sol', 'drip.sol', 'frob.t.sol']
2,['flip.sol', 'transferFrom.sol', 'flip.t.sol', 'flop.t.sol', 'drip.t.sol', 'heal.t.sol', 'drip.sol', 'tune.sol']
2,['flip.sol', 'transferFrom.sol', 'flip.t.sol', 'flop.t.sol', 'drip.t.sol', 'heal.t.sol', 'drip.sol', 'bite.sol']
2,['flip.sol', 'transferFrom.sol', 'flip.t.sol', 'flop.t.sol', 'drip.t.sol', 'heal.t.sol', 'frob.t.sol', 'tune.sol']
2,['flip.sol', 'transferFrom.sol', 'flip.t.sol', 'flop.t.sol', 'drip.t.sol', 'heal.t.sol', 'frob.t.sol', 'bite.sol']
2,['flip.sol', 'transferFrom.sol', 'flip.t.sol', 'flop.t.sol', 'drip.t.sol', 'heal.t.sol', 'tune.sol', 'bite.sol']
2,['flip.sol', 'transferFrom.sol', 'flip.t.sol', 'flop.t.sol', 'drip.t.sol', 'flap.sol', 'drip.sol', 'frob.t.sol']
2,['flip.sol', 'transferFrom.sol', 'flip.t.sol', 'flop.t.sol', 'drip.t.sol', 'flap.sol', 'drip.sol', 'tune.sol']
2,['flip.sol', 'transferFrom.sol', 'flip.t.sol', 'flop.t.sol', 'drip.t.sol', 'flap.sol', 'drip.sol', 'bite.sol']
2,['flip.sol', 'transferFrom.sol', 'flip.t.sol', 'flop.t.sol', 'drip.t.sol', 'flap.sol', 'frob.t.sol', 'tune.sol']
2,['flip.sol', 'transferFrom.sol', 'flip.t.sol', 'flop.t.sol', 'drip.t.sol', 'flap.sol', 'frob.t.sol', 'bite.sol']
2,['flip.sol', 'transferFrom.sol', 'flip.t.sol', 'flop.t.sol', 'drip.t.sol', 'flap.sol', 'tune.sol', 'bite.sol']
2,['flip.sol', 'transferFrom.sol', 'flip.t.sol', 'flop.t.sol', 'drip.t.sol', 'drip.sol', 'frob.t.sol', 'tune.sol']
2,['flip.sol', 'transferFrom.sol', 'flip.t.sol', 'flop.t.sol', 'drip.t.sol', 'drip.sol', 'frob.t.sol', 'bite.sol']
2,['flip.sol', 'transferFrom.sol', 'flip.t.sol', 'flop.t.sol', 'drip.t.sol', 'drip.sol', 'tune.sol', 'bite.sol']
1,['flip.sol', 'transferFrom.sol', 'flip.t.sol', 'flop.t.sol', 'drip.t.sol', 'frob.t.sol', 'tune.sol', 'bite.sol']
2,['flip.sol', 'transferFrom.sol', 'flip.t.sol', 'flop.t.sol', 'heal.t.sol', 'flap.sol', 'drip.sol', 'frob.t.sol']
3,['flip.sol', 'transferFrom.sol', 'flip.t.sol', 'flop.t.sol', 'heal.t.sol', 'flap.sol', 'drip.sol', 'tune.sol']
3,['flip.sol', 'transferFrom.sol', 'flip.t.sol', 'flop.t.sol', 'heal.t.sol', 'flap.sol', 'drip.sol', 'bite.sol']
3,['flip.sol', 'transferFrom.sol', 'flip.t.sol', 'flop.t.sol', 'heal.t.sol', 'flap.sol', 'frob.t.sol', 'tune.sol']
3,['flip.sol', 'transferFrom.sol', 'flip.t.sol', 'flop.t.sol', 'heal.t.sol', 'flap.sol', 'frob.t.sol', 'bite.sol']
3,['flip.sol', 'transferFrom.sol', 'flip.t.sol', 'flop.t.sol', 'heal.t.sol', 'flap.sol', 'tune.sol', 'bite.sol']
2,['flip.sol', 'transferFrom.sol', 'flip.t.sol', 'flop.t.sol', 'heal.t.sol', 'drip.sol', 'frob.t.sol', 'tune.sol']
2,['flip.sol', 'transferFrom.sol', 'flip.t.sol', 'flop.t.sol', 'heal.t.sol', 'drip.sol', 'frob.t.sol', 'bite.sol']
2,['flip.sol', 'transferFrom.sol', 'flip.t.sol', 'flop.t.sol', 'heal.t.sol', 'drip.sol', 'tune.sol', 'bite.sol']
3,['flip.sol', 'transferFrom.sol', 'flip.t.sol', 'flop.t.sol', 'heal.t.sol', 'frob.t.sol', 'tune.sol', 'bite.sol']
4,['flip.sol', 'transferFrom.sol', 'flip.t.sol', 'flop.t.sol', 'flap.sol', 'drip.sol', 'frob.t.sol', 'tune.sol']
2,['flip.sol', 'transferFrom.sol', 'flip.t.sol', 'flop.t.sol', 'flap.sol', 'drip.sol', 'frob.t.sol', 'bite.sol']
2,['flip.sol', 'transferFrom.sol', 'flip.t.sol', 'flop.t.sol', 'flap.sol', 'drip.sol', 'tune.sol', 'bite.sol']
3,['flip.sol', 'transferFrom.sol', 'flip.t.sol', 'flop.t.sol', 'flap.sol', 'frob.t.sol', 'tune.sol', 'bite.sol']
2,['flip.sol', 'transferFrom.sol', 'flip.t.sol', 'flop.t.sol', 'drip.sol', 'frob.t.sol', 'tune.sol', 'bite.sol']
3,['flip.sol', 'transferFrom.sol', 'flip.t.sol', 'flap.t.sol', 'heal.sol', 'drip.t.sol', 'heal.t.sol', 'flap.sol']
3,['flip.sol', 'transferFrom.sol', 'flip.t.sol', 'flap.t.sol', 'heal.sol', 'drip.t.sol', 'heal.t.sol', 'drip.sol']
2,['flip.sol', 'transferFrom.sol', 'flip.t.sol', 'flap.t.sol', 'heal.sol', 'drip.t.sol', 'heal.t.sol', 'frob.t.sol']
2,['flip.sol', 'transferFrom.sol', 'flip.t.sol', 'flap.t.sol', 'heal.sol', 'drip.t.sol', 'heal.t.sol', 'tune.sol']
3,['flip.sol', 'transferFrom.sol', 'flip.t.sol', 'flap.t.sol', 'heal.sol', 'drip.t.sol', 'heal.t.sol', 'bite.sol']
2,['flip.sol', 'transferFrom.sol', 'flip.t.sol', 'flap.t.sol', 'heal.sol', 'drip.t.sol', 'flap.sol', 'drip.sol']
2,['flip.sol', 'transferFrom.sol', 'flip.t.sol', 'flap.t.sol', 'heal.sol', 'drip.t.sol', 'flap.sol', 'frob.t.sol']
2,['flip.sol', 'transferFrom.sol', 'flip.t.sol', 'flap.t.sol', 'heal.sol', 'drip.t.sol', 'flap.sol', 'tune.sol']
2,['flip.sol', 'transferFrom.sol', 'flip.t.sol', 'flap.t.sol', 'heal.sol', 'drip.t.sol', 'flap.sol', 'bite.sol']
3,['flip.sol', 'transferFrom.sol', 'flip.t.sol', 'flap.t.sol', 'heal.sol', 'drip.t.sol', 'drip.sol', 'frob.t.sol']
2,['flip.sol', 'transferFrom.sol', 'flip.t.sol', 'flap.t.sol', 'heal.sol', 'drip.t.sol', 'drip.sol', 'tune.sol']
2,['flip.sol', 'transferFrom.sol', 'flip.t.sol', 'flap.t.sol', 'heal.sol', 'drip.t.sol', 'drip.sol', 'bite.sol']
2,['flip.sol', 'transferFrom.sol', 'flip.t.sol', 'flap.t.sol', 'heal.sol', 'drip.t.sol', 'frob.t.sol', 'tune.sol']
2,['flip.sol', 'transferFrom.sol', 'flip.t.sol', 'flap.t.sol', 'heal.sol', 'drip.t.sol', 'frob.t.sol', 'bite.sol']
1,['flip.sol', 'transferFrom.sol', 'flip.t.sol', 'flap.t.sol', 'heal.sol', 'drip.t.sol', 'tune.sol', 'bite.sol']
3,['flip.sol', 'transferFrom.sol', 'flip.t.sol', 'flap.t.sol', 'heal.sol', 'heal.t.sol', 'flap.sol', 'drip.sol']
3,['flip.sol', 'transferFrom.sol', 'flip.t.sol', 'flap.t.sol', 'heal.sol', 'heal.t.sol', 'flap.sol', 'frob.t.sol']
3,['flip.sol', 'transferFrom.sol', 'flip.t.sol', 'flap.t.sol', 'heal.sol', 'heal.t.sol', 'flap.sol', 'tune.sol']
2,['flip.sol', 'transferFrom.sol', 'flip.t.sol', 'flap.t.sol', 'heal.sol', 'heal.t.sol', 'flap.sol', 'bite.sol']
2,['flip.sol', 'transferFrom.sol', 'flip.t.sol', 'flap.t.sol', 'heal.sol', 'heal.t.sol', 'drip.sol', 'frob.t.sol']
2,['flip.sol', 'transferFrom.sol', 'flip.t.sol', 'flap.t.sol', 'heal.sol', 'heal.t.sol', 'drip.sol', 'tune.sol']
3,['flip.sol', 'transferFrom.sol', 'flip.t.sol', 'flap.t.sol', 'heal.sol', 'heal.t.sol', 'drip.sol', 'bite.sol']
3,['flip.sol', 'transferFrom.sol', 'flip.t.sol', 'flap.t.sol', 'heal.sol', 'heal.t.sol', 'frob.t.sol', 'tune.sol']
3,['flip.sol', 'transferFrom.sol', 'flip.t.sol', 'flap.t.sol', 'heal.sol', 'heal.t.sol', 'frob.t.sol', 'bite.sol']
3,['flip.sol', 'transferFrom.sol', 'flip.t.sol', 'flap.t.sol', 'heal.sol', 'heal.t.sol', 'tune.sol', 'bite.sol']
2,['flip.sol', 'transferFrom.sol', 'flip.t.sol', 'flap.t.sol', 'heal.sol', 'flap.sol', 'drip.sol', 'frob.t.sol']
2,['flip.sol', 'transferFrom.sol', 'flip.t.sol', 'flap.t.sol', 'heal.sol', 'flap.sol', 'drip.sol', 'tune.sol']
3,['flip.sol', 'transferFrom.sol', 'flip.t.sol', 'flap.t.sol', 'heal.sol', 'flap.sol', 'drip.sol', 'bite.sol']
3,['flip.sol', 'transferFrom.sol', 'flip.t.sol', 'flap.t.sol', 'heal.sol', 'flap.sol', 'frob.t.sol', 'tune.sol']
3,['flip.sol', 'transferFrom.sol', 'flip.t.sol', 'flap.t.sol', 'heal.sol', 'flap.sol', 'frob.t.sol', 'bite.sol']
1,['flip.sol', 'transferFrom.sol', 'flip.t.sol', 'flap.t.sol', 'heal.sol', 'flap.sol', 'tune.sol', 'bite.sol']
2,['flip.sol', 'transferFrom.sol', 'flip.t.sol', 'flap.t.sol', 'heal.sol', 'drip.sol', 'frob.t.sol', 'tune.sol']
2,['flip.sol', 'transferFrom.sol', 'flip.t.sol', 'flap.t.sol', 'heal.sol', 'drip.sol', 'frob.t.sol', 'bite.sol']
2,['flip.sol', 'transferFrom.sol', 'flip.t.sol', 'flap.t.sol', 'heal.sol', 'drip.sol', 'tune.sol', 'bite.sol']
3,['flip.sol', 'transferFrom.sol', 'flip.t.sol', 'flap.t.sol', 'heal.sol', 'frob.t.sol', 'tune.sol', 'bite.sol']
3,['flip.sol', 'transferFrom.sol', 'flip.t.sol', 'flap.t.sol', 'drip.t.sol', 'heal.t.sol', 'flap.sol', 'drip.sol']
2,['flip.sol', 'transferFrom.sol', 'flip.t.sol', 'flap.t.sol', 'drip.t.sol', 'heal.t.sol', 'flap.sol', 'frob.t.sol']
2,['flip.sol', 'transferFrom.sol', 'flip.t.sol', 'flap.t.sol', 'drip.t.sol', 'heal.t.sol', 'flap.sol', 'tune.sol']
3,['flip.sol', 'transferFrom.sol', 'flip.t.sol', 'flap.t.sol', 'drip.t.sol', 'heal.t.sol', 'flap.sol', 'bite.sol']
2,['flip.sol', 'transferFrom.sol', 'flip.t.sol', 'flap.t.sol', 'drip.t.sol', 'heal.t.sol', 'drip.sol', 'frob.t.sol']
2,['flip.sol', 'transferFrom.sol', 'flip.t.sol', 'flap.t.sol', 'drip.t.sol', 'heal.t.sol', 'drip.sol', 'tune.sol']
2,['flip.sol', 'transferFrom.sol', 'flip.t.sol', 'flap.t.sol', 'drip.t.sol', 'heal.t.sol', 'drip.sol', 'bite.sol']
2,['flip.sol', 'transferFrom.sol', 'flip.t.sol', 'flap.t.sol', 'drip.t.sol', 'heal.t.sol', 'frob.t.sol', 'tune.sol']
2,['flip.sol', 'transferFrom.sol', 'flip.t.sol', 'flap.t.sol', 'drip.t.sol', 'heal.t.sol', 'frob.t.sol', 'bite.sol']
2,['flip.sol', 'transferFrom.sol', 'flip.t.sol', 'flap.t.sol', 'drip.t.sol', 'heal.t.sol', 'tune.sol', 'bite.sol']
2,['flip.sol', 'transferFrom.sol', 'flip.t.sol', 'flap.t.sol', 'drip.t.sol', 'flap.sol', 'drip.sol', 'frob.t.sol']
2,['flip.sol', 'transferFrom.sol', 'flip.t.sol', 'flap.t.sol', 'drip.t.sol', 'flap.sol', 'drip.sol', 'tune.sol']
2,['flip.sol', 'transferFrom.sol', 'flip.t.sol', 'flap.t.sol', 'drip.t.sol', 'flap.sol', 'drip.sol', 'bite.sol']
2,['flip.sol', 'transferFrom.sol', 'flip.t.sol', 'flap.t.sol', 'drip.t.sol', 'flap.sol', 'frob.t.sol', 'tune.sol']
2,['flip.sol', 'transferFrom.sol', 'flip.t.sol', 'flap.t.sol', 'drip.t.sol', 'flap.sol', 'frob.t.sol', 'bite.sol']
2,['flip.sol', 'transferFrom.sol', 'flip.t.sol', 'flap.t.sol', 'drip.t.sol', 'flap.sol', 'tune.sol', 'bite.sol']
2,['flip.sol', 'transferFrom.sol', 'flip.t.sol', 'flap.t.sol', 'drip.t.sol', 'drip.sol', 'frob.t.sol', 'tune.sol']
2,['flip.sol', 'transferFrom.sol', 'flip.t.sol', 'flap.t.sol', 'drip.t.sol', 'drip.sol', 'frob.t.sol', 'bite.sol']
2,['flip.sol', 'transferFrom.sol', 'flip.t.sol', 'flap.t.sol', 'drip.t.sol', 'drip.sol', 'tune.sol', 'bite.sol']
1,['flip.sol', 'transferFrom.sol', 'flip.t.sol', 'flap.t.sol', 'drip.t.sol', 'frob.t.sol', 'tune.sol', 'bite.sol']
2,['flip.sol', 'transferFrom.sol', 'flip.t.sol', 'flap.t.sol', 'heal.t.sol', 'flap.sol', 'drip.sol', 'frob.t.sol']
3,['flip.sol', 'transferFrom.sol', 'flip.t.sol', 'flap.t.sol', 'heal.t.sol', 'flap.sol', 'drip.sol', 'tune.sol']
3,['flip.sol', 'transferFrom.sol', 'flip.t.sol', 'flap.t.sol', 'heal.t.sol', 'flap.sol', 'drip.sol', 'bite.sol']
3,['flip.sol', 'transferFrom.sol', 'flip.t.sol', 'flap.t.sol', 'heal.t.sol', 'flap.sol', 'frob.t.sol', 'tune.sol']
3,['flip.sol', 'transferFrom.sol', 'flip.t.sol', 'flap.t.sol', 'heal.t.sol', 'flap.sol', 'frob.t.sol', 'bite.sol']
3,['flip.sol', 'transferFrom.sol', 'flip.t.sol', 'flap.t.sol', 'heal.t.sol', 'flap.sol', 'tune.sol', 'bite.sol']
2,['flip.sol', 'transferFrom.sol', 'flip.t.sol', 'flap.t.sol', 'heal.t.sol', 'drip.sol', 'frob.t.sol', 'tune.sol']
2,['flip.sol', 'transferFrom.sol', 'flip.t.sol', 'flap.t.sol', 'heal.t.sol', 'drip.sol', 'frob.t.sol', 'bite.sol']
2,['flip.sol', 'transferFrom.sol', 'flip.t.sol', 'flap.t.sol', 'heal.t.sol', 'drip.sol', 'tune.sol', 'bite.sol']
3,['flip.sol', 'transferFrom.sol', 'flip.t.sol', 'flap.t.sol', 'heal.t.sol', 'frob.t.sol', 'tune.sol', 'bite.sol']
4,['flip.sol', 'transferFrom.sol', 'flip.t.sol', 'flap.t.sol', 'flap.sol', 'drip.sol', 'frob.t.sol', 'tune.sol']
2,['flip.sol', 'transferFrom.sol', 'flip.t.sol', 'flap.t.sol', 'flap.sol', 'drip.sol', 'frob.t.sol', 'bite.sol']
2,['flip.sol', 'transferFrom.sol', 'flip.t.sol', 'flap.t.sol', 'flap.sol', 'drip.sol', 'tune.sol', 'bite.sol']
3,['flip.sol', 'transferFrom.sol', 'flip.t.sol', 'flap.t.sol', 'flap.sol', 'frob.t.sol', 'tune.sol', 'bite.sol']
2,['flip.sol', 'transferFrom.sol', 'flip.t.sol', 'flap.t.sol', 'drip.sol', 'frob.t.sol', 'tune.sol', 'bite.sol']
2,['flip.sol', 'transferFrom.sol', 'flip.t.sol', 'heal.sol', 'drip.t.sol', 'heal.t.sol', 'flap.sol', 'drip.sol']
2,['flip.sol', 'transferFrom.sol', 'flip.t.sol', 'heal.sol', 'drip.t.sol', 'heal.t.sol', 'flap.sol', 'frob.t.sol']
2,['flip.sol', 'transferFrom.sol', 'flip.t.sol', 'heal.sol', 'drip.t.sol', 'heal.t.sol', 'flap.sol', 'tune.sol']
2,['flip.sol', 'transferFrom.sol', 'flip.t.sol', 'heal.sol', 'drip.t.sol', 'heal.t.sol', 'flap.sol', 'bite.sol']
2,['flip.sol', 'transferFrom.sol', 'flip.t.sol', 'heal.sol', 'drip.t.sol', 'heal.t.sol', 'drip.sol', 'frob.t.sol']
2,['flip.sol', 'transferFrom.sol', 'flip.t.sol', 'heal.sol', 'drip.t.sol', 'heal.t.sol', 'drip.sol', 'tune.sol']
4,['flip.sol', 'transferFrom.sol', 'flip.t.sol', 'heal.sol', 'drip.t.sol', 'heal.t.sol', 'drip.sol', 'bite.sol']
2,['flip.sol', 'transferFrom.sol', 'flip.t.sol', 'heal.sol', 'drip.t.sol', 'heal.t.sol', 'frob.t.sol', 'tune.sol']
2,['flip.sol', 'transferFrom.sol', 'flip.t.sol', 'heal.sol', 'drip.t.sol', 'heal.t.sol', 'frob.t.sol', 'bite.sol']
2,['flip.sol', 'transferFrom.sol', 'flip.t.sol', 'heal.sol', 'drip.t.sol', 'heal.t.sol', 'tune.sol', 'bite.sol']
5,['flip.sol', 'transferFrom.sol', 'flip.t.sol', 'heal.sol', 'drip.t.sol', 'flap.sol', 'drip.sol', 'frob.t.sol']
2,['flip.sol', 'transferFrom.sol', 'flip.t.sol', 'heal.sol', 'drip.t.sol', 'flap.sol', 'drip.sol', 'tune.sol']
2,['flip.sol', 'transferFrom.sol', 'flip.t.sol', 'heal.sol', 'drip.t.sol', 'flap.sol', 'drip.sol', 'bite.sol']
1,['flip.sol', 'transferFrom.sol', 'flip.t.sol', 'heal.sol', 'drip.t.sol', 'flap.sol', 'frob.t.sol', 'tune.sol']
4,['flip.sol', 'transferFrom.sol', 'flip.t.sol', 'heal.sol', 'drip.t.sol', 'flap.sol', 'frob.t.sol', 'bite.sol']
2,['flip.sol', 'transferFrom.sol', 'flip.t.sol', 'heal.sol', 'drip.t.sol', 'flap.sol', 'tune.sol', 'bite.sol']
3,['flip.sol', 'transferFrom.sol', 'flip.t.sol', 'heal.sol', 'drip.t.sol', 'drip.sol', 'frob.t.sol', 'tune.sol']
4,['flip.sol', 'transferFrom.sol', 'flip.t.sol', 'heal.sol', 'drip.t.sol', 'drip.sol', 'frob.t.sol', 'bite.sol']
2,['flip.sol', 'transferFrom.sol', 'flip.t.sol', 'heal.sol', 'drip.t.sol', 'drip.sol', 'tune.sol', 'bite.sol']
4,['flip.sol', 'transferFrom.sol', 'flip.t.sol', 'heal.sol', 'drip.t.sol', 'frob.t.sol', 'tune.sol', 'bite.sol']
2,['flip.sol', 'transferFrom.sol', 'flip.t.sol', 'heal.sol', 'heal.t.sol', 'flap.sol', 'drip.sol', 'frob.t.sol']
2,['flip.sol', 'transferFrom.sol', 'flip.t.sol', 'heal.sol', 'heal.t.sol', 'flap.sol', 'drip.sol', 'tune.sol']
2,['flip.sol', 'transferFrom.sol', 'flip.t.sol', 'heal.sol', 'heal.t.sol', 'flap.sol', 'drip.sol', 'bite.sol']
3,['flip.sol', 'transferFrom.sol', 'flip.t.sol', 'heal.sol', 'heal.t.sol', 'flap.sol', 'frob.t.sol', 'tune.sol']
3,['flip.sol', 'transferFrom.sol', 'flip.t.sol', 'heal.sol', 'heal.t.sol', 'flap.sol', 'frob.t.sol', 'bite.sol']
3,['flip.sol', 'transferFrom.sol', 'flip.t.sol', 'heal.sol', 'heal.t.sol', 'flap.sol', 'tune.sol', 'bite.sol']
2,['flip.sol', 'transferFrom.sol', 'flip.t.sol', 'heal.sol', 'heal.t.sol', 'drip.sol', 'frob.t.sol', 'tune.sol']
2,['flip.sol', 'transferFrom.sol', 'flip.t.sol', 'heal.sol', 'heal.t.sol', 'drip.sol', 'frob.t.sol', 'bite.sol']
2,['flip.sol', 'transferFrom.sol', 'flip.t.sol', 'heal.sol', 'heal.t.sol', 'drip.sol', 'tune.sol', 'bite.sol']
3,['flip.sol', 'transferFrom.sol', 'flip.t.sol', 'heal.sol', 'heal.t.sol', 'frob.t.sol', 'tune.sol', 'bite.sol']
2,['flip.sol', 'transferFrom.sol', 'flip.t.sol', 'heal.sol', 'flap.sol', 'drip.sol', 'frob.t.sol', 'tune.sol']
4,['flip.sol', 'transferFrom.sol', 'flip.t.sol', 'heal.sol', 'flap.sol', 'drip.sol', 'frob.t.sol', 'bite.sol']
2,['flip.sol', 'transferFrom.sol', 'flip.t.sol', 'heal.sol', 'flap.sol', 'drip.sol', 'tune.sol', 'bite.sol']
2,['flip.sol', 'transferFrom.sol', 'flip.t.sol', 'heal.sol', 'flap.sol', 'frob.t.sol', 'tune.sol', 'bite.sol']
2,['flip.sol', 'transferFrom.sol', 'flip.t.sol', 'heal.sol', 'drip.sol', 'frob.t.sol', 'tune.sol', 'bite.sol']
2,['flip.sol', 'transferFrom.sol', 'flip.t.sol', 'drip.t.sol', 'heal.t.sol', 'flap.sol', 'drip.sol', 'frob.t.sol']
2,['flip.sol', 'transferFrom.sol', 'flip.t.sol', 'drip.t.sol', 'heal.t.sol', 'flap.sol', 'drip.sol', 'tune.sol']
2,['flip.sol', 'transferFrom.sol', 'flip.t.sol', 'drip.t.sol', 'heal.t.sol', 'flap.sol', 'drip.sol', 'bite.sol']
2,['flip.sol', 'transferFrom.sol', 'flip.t.sol', 'drip.t.sol', 'heal.t.sol', 'flap.sol', 'frob.t.sol', 'tune.sol']
2,['flip.sol', 'transferFrom.sol', 'flip.t.sol', 'drip.t.sol', 'heal.t.sol', 'flap.sol', 'frob.t.sol', 'bite.sol']
2,['flip.sol', 'transferFrom.sol', 'flip.t.sol', 'drip.t.sol', 'heal.t.sol', 'flap.sol', 'tune.sol', 'bite.sol']
2,['flip.sol', 'transferFrom.sol', 'flip.t.sol', 'drip.t.sol', 'heal.t.sol', 'drip.sol', 'frob.t.sol', 'tune.sol']
2,['flip.sol', 'transferFrom.sol', 'flip.t.sol', 'drip.t.sol', 'heal.t.sol', 'drip.sol', 'frob.t.sol', 'bite.sol']
2,['flip.sol', 'transferFrom.sol', 'flip.t.sol', 'drip.t.sol', 'heal.t.sol', 'drip.sol', 'tune.sol', 'bite.sol']
1,['flip.sol', 'transferFrom.sol', 'flip.t.sol', 'drip.t.sol', 'heal.t.sol', 'frob.t.sol', 'tune.sol', 'bite.sol']
2,['flip.sol', 'transferFrom.sol', 'flip.t.sol', 'drip.t.sol', 'flap.sol', 'drip.sol', 'frob.t.sol', 'tune.sol']
4,['flip.sol', 'transferFrom.sol', 'flip.t.sol', 'drip.t.sol', 'flap.sol', 'drip.sol', 'frob.t.sol', 'bite.sol']
2,['flip.sol', 'transferFrom.sol', 'flip.t.sol', 'drip.t.sol', 'flap.sol', 'drip.sol', 'tune.sol', 'bite.sol']
1,['flip.sol', 'transferFrom.sol', 'flip.t.sol', 'drip.t.sol', 'flap.sol', 'frob.t.sol', 'tune.sol', 'bite.sol']
4,['flip.sol', 'transferFrom.sol', 'flip.t.sol', 'drip.t.sol', 'drip.sol', 'frob.t.sol', 'tune.sol', 'bite.sol']
2,['flip.sol', 'transferFrom.sol', 'flip.t.sol', 'heal.t.sol', 'flap.sol', 'drip.sol', 'frob.t.sol', 'tune.sol']
2,['flip.sol', 'transferFrom.sol', 'flip.t.sol', 'heal.t.sol', 'flap.sol', 'drip.sol', 'frob.t.sol', 'bite.sol']
2,['flip.sol', 'transferFrom.sol', 'flip.t.sol', 'heal.t.sol', 'flap.sol', 'drip.sol', 'tune.sol', 'bite.sol']
3,['flip.sol', 'transferFrom.sol', 'flip.t.sol', 'heal.t.sol', 'flap.sol', 'frob.t.sol', 'tune.sol', 'bite.sol']
2,['flip.sol', 'transferFrom.sol', 'flip.t.sol', 'heal.t.sol', 'drip.sol', 'frob.t.sol', 'tune.sol', 'bite.sol']
2,['flip.sol', 'transferFrom.sol', 'flip.t.sol', 'flap.sol', 'drip.sol', 'frob.t.sol', 'tune.sol', 'bite.sol']
3,['flip.sol', 'transferFrom.sol', 'flop.t.sol', 'flap.t.sol', 'heal.sol', 'drip.t.sol', 'heal.t.sol', 'flap.sol']
3,['flip.sol', 'transferFrom.sol', 'flop.t.sol', 'flap.t.sol', 'heal.sol', 'drip.t.sol', 'heal.t.sol', 'drip.sol']
2,['flip.sol', 'transferFrom.sol', 'flop.t.sol', 'flap.t.sol', 'heal.sol', 'drip.t.sol', 'heal.t.sol', 'frob.t.sol']
2,['flip.sol', 'transferFrom.sol', 'flop.t.sol', 'flap.t.sol', 'heal.sol', 'drip.t.sol', 'heal.t.sol', 'tune.sol']
3,['flip.sol', 'transferFrom.sol', 'flop.t.sol', 'flap.t.sol', 'heal.sol', 'drip.t.sol', 'heal.t.sol', 'bite.sol']
3,['flip.sol', 'transferFrom.sol', 'flop.t.sol', 'flap.t.sol', 'heal.sol', 'drip.t.sol', 'flap.sol', 'drip.sol']
3,['flip.sol', 'transferFrom.sol', 'flop.t.sol', 'flap.t.sol', 'heal.sol', 'drip.t.sol', 'flap.sol', 'frob.t.sol']
2,['flip.sol', 'transferFrom.sol', 'flop.t.sol', 'flap.t.sol', 'heal.sol', 'drip.t.sol', 'flap.sol', 'tune.sol']
2,['flip.sol', 'transferFrom.sol', 'flop.t.sol', 'flap.t.sol', 'heal.sol', 'drip.t.sol', 'flap.sol', 'bite.sol']
5,['flip.sol', 'transferFrom.sol', 'flop.t.sol', 'flap.t.sol', 'heal.sol', 'drip.t.sol', 'drip.sol', 'frob.t.sol']
2,['flip.sol', 'transferFrom.sol', 'flop.t.sol', 'flap.t.sol', 'heal.sol', 'drip.t.sol', 'drip.sol', 'tune.sol']
2,['flip.sol', 'transferFrom.sol', 'flop.t.sol', 'flap.t.sol', 'heal.sol', 'drip.t.sol', 'drip.sol', 'bite.sol']
3,['flip.sol', 'transferFrom.sol', 'flop.t.sol', 'flap.t.sol', 'heal.sol', 'drip.t.sol', 'frob.t.sol', 'tune.sol']
3,['flip.sol', 'transferFrom.sol', 'flop.t.sol', 'flap.t.sol', 'heal.sol', 'drip.t.sol', 'frob.t.sol', 'bite.sol']
2,['flip.sol', 'transferFrom.sol', 'flop.t.sol', 'flap.t.sol', 'heal.sol', 'drip.t.sol', 'tune.sol', 'bite.sol']
3,['flip.sol', 'transferFrom.sol', 'flop.t.sol', 'flap.t.sol', 'heal.sol', 'heal.t.sol', 'flap.sol', 'drip.sol']
3,['flip.sol', 'transferFrom.sol', 'flop.t.sol', 'flap.t.sol', 'heal.sol', 'heal.t.sol', 'flap.sol', 'frob.t.sol']
4,['flip.sol', 'transferFrom.sol', 'flop.t.sol', 'flap.t.sol', 'heal.sol', 'heal.t.sol', 'flap.sol', 'tune.sol']
4,['flip.sol', 'transferFrom.sol', 'flop.t.sol', 'flap.t.sol', 'heal.sol', 'heal.t.sol', 'flap.sol', 'bite.sol']
2,['flip.sol', 'transferFrom.sol', 'flop.t.sol', 'flap.t.sol', 'heal.sol', 'heal.t.sol', 'drip.sol', 'frob.t.sol']
3,['flip.sol', 'transferFrom.sol', 'flop.t.sol', 'flap.t.sol', 'heal.sol', 'heal.t.sol', 'drip.sol', 'tune.sol']
3,['flip.sol', 'transferFrom.sol', 'flop.t.sol', 'flap.t.sol', 'heal.sol', 'heal.t.sol', 'drip.sol', 'bite.sol']
3,['flip.sol', 'transferFrom.sol', 'flop.t.sol', 'flap.t.sol', 'heal.sol', 'heal.t.sol', 'frob.t.sol', 'tune.sol']
3,['flip.sol', 'transferFrom.sol', 'flop.t.sol', 'flap.t.sol', 'heal.sol', 'heal.t.sol', 'frob.t.sol', 'bite.sol']
3,['flip.sol', 'transferFrom.sol', 'flop.t.sol', 'flap.t.sol', 'heal.sol', 'heal.t.sol', 'tune.sol', 'bite.sol']
3,['flip.sol', 'transferFrom.sol', 'flop.t.sol', 'flap.t.sol', 'heal.sol', 'flap.sol', 'drip.sol', 'frob.t.sol']
2,['flip.sol', 'transferFrom.sol', 'flop.t.sol', 'flap.t.sol', 'heal.sol', 'flap.sol', 'drip.sol', 'tune.sol']
3,['flip.sol', 'transferFrom.sol', 'flop.t.sol', 'flap.t.sol', 'heal.sol', 'flap.sol', 'drip.sol', 'bite.sol']
3,['flip.sol', 'transferFrom.sol', 'flop.t.sol', 'flap.t.sol', 'heal.sol', 'flap.sol', 'frob.t.sol', 'tune.sol']
3,['flip.sol', 'transferFrom.sol', 'flop.t.sol', 'flap.t.sol', 'heal.sol', 'flap.sol', 'frob.t.sol', 'bite.sol']
2,['flip.sol', 'transferFrom.sol', 'flop.t.sol', 'flap.t.sol', 'heal.sol', 'flap.sol', 'tune.sol', 'bite.sol']
3,['flip.sol', 'transferFrom.sol', 'flop.t.sol', 'flap.t.sol', 'heal.sol', 'drip.sol', 'frob.t.sol', 'tune.sol']
3,['flip.sol', 'transferFrom.sol', 'flop.t.sol', 'flap.t.sol', 'heal.sol', 'drip.sol', 'frob.t.sol', 'bite.sol']
2,['flip.sol', 'transferFrom.sol', 'flop.t.sol', 'flap.t.sol', 'heal.sol', 'drip.sol', 'tune.sol', 'bite.sol']
3,['flip.sol', 'transferFrom.sol', 'flop.t.sol', 'flap.t.sol', 'heal.sol', 'frob.t.sol', 'tune.sol', 'bite.sol']
3,['flip.sol', 'transferFrom.sol', 'flop.t.sol', 'flap.t.sol', 'drip.t.sol', 'heal.t.sol', 'flap.sol', 'drip.sol']
2,['flip.sol', 'transferFrom.sol', 'flop.t.sol', 'flap.t.sol', 'drip.t.sol', 'heal.t.sol', 'flap.sol', 'frob.t.sol']
2,['flip.sol', 'transferFrom.sol', 'flop.t.sol', 'flap.t.sol', 'drip.t.sol', 'heal.t.sol', 'flap.sol', 'tune.sol']
3,['flip.sol', 'transferFrom.sol', 'flop.t.sol', 'flap.t.sol', 'drip.t.sol', 'heal.t.sol', 'flap.sol', 'bite.sol']
2,['flip.sol', 'transferFrom.sol', 'flop.t.sol', 'flap.t.sol', 'drip.t.sol', 'heal.t.sol', 'drip.sol', 'frob.t.sol']
2,['flip.sol', 'transferFrom.sol', 'flop.t.sol', 'flap.t.sol', 'drip.t.sol', 'heal.t.sol', 'drip.sol', 'tune.sol']
3,['flip.sol', 'transferFrom.sol', 'flop.t.sol', 'flap.t.sol', 'drip.t.sol', 'heal.t.sol', 'drip.sol', 'bite.sol']
2,['flip.sol', 'transferFrom.sol', 'flop.t.sol', 'flap.t.sol', 'drip.t.sol', 'heal.t.sol', 'frob.t.sol', 'tune.sol']
2,['flip.sol', 'transferFrom.sol', 'flop.t.sol', 'flap.t.sol', 'drip.t.sol', 'heal.t.sol', 'frob.t.sol', 'bite.sol']
2,['flip.sol', 'transferFrom.sol', 'flop.t.sol', 'flap.t.sol', 'drip.t.sol', 'heal.t.sol', 'tune.sol', 'bite.sol']
3,['flip.sol', 'transferFrom.sol', 'flop.t.sol', 'flap.t.sol', 'drip.t.sol', 'flap.sol', 'drip.sol', 'frob.t.sol']
3,['flip.sol', 'transferFrom.sol', 'flop.t.sol', 'flap.t.sol', 'drip.t.sol', 'flap.sol', 'drip.sol', 'tune.sol']
4,['flip.sol', 'transferFrom.sol', 'flop.t.sol', 'flap.t.sol', 'drip.t.sol', 'flap.sol', 'drip.sol', 'bite.sol']
3,['flip.sol', 'transferFrom.sol', 'flop.t.sol', 'flap.t.sol', 'drip.t.sol', 'flap.sol', 'frob.t.sol', 'tune.sol']
3,['flip.sol', 'transferFrom.sol', 'flop.t.sol', 'flap.t.sol', 'drip.t.sol', 'flap.sol', 'frob.t.sol', 'bite.sol']
2,['flip.sol', 'transferFrom.sol', 'flop.t.sol', 'flap.t.sol', 'drip.t.sol', 'flap.sol', 'tune.sol', 'bite.sol']
3,['flip.sol', 'transferFrom.sol', 'flop.t.sol', 'flap.t.sol', 'drip.t.sol', 'drip.sol', 'frob.t.sol', 'tune.sol']
3,['flip.sol', 'transferFrom.sol', 'flop.t.sol', 'flap.t.sol', 'drip.t.sol', 'drip.sol', 'frob.t.sol', 'bite.sol']
3,['flip.sol', 'transferFrom.sol', 'flop.t.sol', 'flap.t.sol', 'drip.t.sol', 'drip.sol', 'tune.sol', 'bite.sol']
2,['flip.sol', 'transferFrom.sol', 'flop.t.sol', 'flap.t.sol', 'drip.t.sol', 'frob.t.sol', 'tune.sol', 'bite.sol']
2,['flip.sol', 'transferFrom.sol', 'flop.t.sol', 'flap.t.sol', 'heal.t.sol', 'flap.sol', 'drip.sol', 'frob.t.sol']
2,['flip.sol', 'transferFrom.sol', 'flop.t.sol', 'flap.t.sol', 'heal.t.sol', 'flap.sol', 'drip.sol', 'tune.sol']
3,['flip.sol', 'transferFrom.sol', 'flop.t.sol', 'flap.t.sol', 'heal.t.sol', 'flap.sol', 'drip.sol', 'bite.sol']
3,['flip.sol', 'transferFrom.sol', 'flop.t.sol', 'flap.t.sol', 'heal.t.sol', 'flap.sol', 'frob.t.sol', 'tune.sol']
3,['flip.sol', 'transferFrom.sol', 'flop.t.sol', 'flap.t.sol', 'heal.t.sol', 'flap.sol', 'frob.t.sol', 'bite.sol']
3,['flip.sol', 'transferFrom.sol', 'flop.t.sol', 'flap.t.sol', 'heal.t.sol', 'flap.sol', 'tune.sol', 'bite.sol']
2,['flip.sol', 'transferFrom.sol', 'flop.t.sol', 'flap.t.sol', 'heal.t.sol', 'drip.sol', 'frob.t.sol', 'tune.sol']
2,['flip.sol', 'transferFrom.sol', 'flop.t.sol', 'flap.t.sol', 'heal.t.sol', 'drip.sol', 'frob.t.sol', 'bite.sol']
2,['flip.sol', 'transferFrom.sol', 'flop.t.sol', 'flap.t.sol', 'heal.t.sol', 'drip.sol', 'tune.sol', 'bite.sol']
3,['flip.sol', 'transferFrom.sol', 'flop.t.sol', 'flap.t.sol', 'heal.t.sol', 'frob.t.sol', 'tune.sol', 'bite.sol']
2,['flip.sol', 'transferFrom.sol', 'flop.t.sol', 'flap.t.sol', 'flap.sol', 'drip.sol', 'frob.t.sol', 'tune.sol']
3,['flip.sol', 'transferFrom.sol', 'flop.t.sol', 'flap.t.sol', 'flap.sol', 'drip.sol', 'frob.t.sol', 'bite.sol']
3,['flip.sol', 'transferFrom.sol', 'flop.t.sol', 'flap.t.sol', 'flap.sol', 'drip.sol', 'tune.sol', 'bite.sol']
3,['flip.sol', 'transferFrom.sol', 'flop.t.sol', 'flap.t.sol', 'flap.sol', 'frob.t.sol', 'tune.sol', 'bite.sol']
2,['flip.sol', 'transferFrom.sol', 'flop.t.sol', 'flap.t.sol', 'drip.sol', 'frob.t.sol', 'tune.sol', 'bite.sol']
4,['flip.sol', 'transferFrom.sol', 'flop.t.sol', 'heal.sol', 'drip.t.sol', 'heal.t.sol', 'flap.sol', 'drip.sol']
2,['flip.sol', 'transferFrom.sol', 'flop.t.sol', 'heal.sol', 'drip.t.sol', 'heal.t.sol', 'flap.sol', 'frob.t.sol']
2,['flip.sol', 'transferFrom.sol', 'flop.t.sol', 'heal.sol', 'drip.t.sol', 'heal.t.sol', 'flap.sol', 'tune.sol']
4,['flip.sol', 'transferFrom.sol', 'flop.t.sol', 'heal.sol', 'drip.t.sol', 'heal.t.sol', 'flap.sol', 'bite.sol']
3,['flip.sol', 'transferFrom.sol', 'flop.t.sol', 'heal.sol', 'drip.t.sol', 'heal.t.sol', 'drip.sol', 'frob.t.sol']
2,['flip.sol', 'transferFrom.sol', 'flop.t.sol', 'heal.sol', 'drip.t.sol', 'heal.t.sol', 'drip.sol', 'tune.sol']
3,['flip.sol', 'transferFrom.sol', 'flop.t.sol', 'heal.sol', 'drip.t.sol', 'heal.t.sol', 'drip.sol', 'bite.sol']
2,['flip.sol', 'transferFrom.sol', 'flop.t.sol', 'heal.sol', 'drip.t.sol', 'heal.t.sol', 'frob.t.sol', 'tune.sol']
2,['flip.sol', 'transferFrom.sol', 'flop.t.sol', 'heal.sol', 'drip.t.sol', 'heal.t.sol', 'frob.t.sol', 'bite.sol']
2,['flip.sol', 'transferFrom.sol', 'flop.t.sol', 'heal.sol', 'drip.t.sol', 'heal.t.sol', 'tune.sol', 'bite.sol']
3,['flip.sol', 'transferFrom.sol', 'flop.t.sol', 'heal.sol', 'drip.t.sol', 'flap.sol', 'drip.sol', 'frob.t.sol']
2,['flip.sol', 'transferFrom.sol', 'flop.t.sol', 'heal.sol', 'drip.t.sol', 'flap.sol', 'drip.sol', 'tune.sol']
2,['flip.sol', 'transferFrom.sol', 'flop.t.sol', 'heal.sol', 'drip.t.sol', 'flap.sol', 'drip.sol', 'bite.sol']
2,['flip.sol', 'transferFrom.sol', 'flop.t.sol', 'heal.sol', 'drip.t.sol', 'flap.sol', 'frob.t.sol', 'tune.sol']
3,['flip.sol', 'transferFrom.sol', 'flop.t.sol', 'heal.sol', 'drip.t.sol', 'flap.sol', 'frob.t.sol', 'bite.sol']
1,['flip.sol', 'transferFrom.sol', 'flop.t.sol', 'heal.sol', 'drip.t.sol', 'flap.sol', 'tune.sol', 'bite.sol']
3,['flip.sol', 'transferFrom.sol', 'flop.t.sol', 'heal.sol', 'drip.t.sol', 'drip.sol', 'frob.t.sol', 'tune.sol']
3,['flip.sol', 'transferFrom.sol', 'flop.t.sol', 'heal.sol', 'drip.t.sol', 'drip.sol', 'frob.t.sol', 'bite.sol']
2,['flip.sol', 'transferFrom.sol', 'flop.t.sol', 'heal.sol', 'drip.t.sol', 'drip.sol', 'tune.sol', 'bite.sol']
4,['flip.sol', 'transferFrom.sol', 'flop.t.sol', 'heal.sol', 'drip.t.sol', 'frob.t.sol', 'tune.sol', 'bite.sol']
2,['flip.sol', 'transferFrom.sol', 'flop.t.sol', 'heal.sol', 'heal.t.sol', 'flap.sol', 'drip.sol', 'frob.t.sol']
2,['flip.sol', 'transferFrom.sol', 'flop.t.sol', 'heal.sol', 'heal.t.sol', 'flap.sol', 'drip.sol', 'tune.sol']
4,['flip.sol', 'transferFrom.sol', 'flop.t.sol', 'heal.sol', 'heal.t.sol', 'flap.sol', 'drip.sol', 'bite.sol']
3,['flip.sol', 'transferFrom.sol', 'flop.t.sol', 'heal.sol', 'heal.t.sol', 'flap.sol', 'frob.t.sol', 'tune.sol']
3,['flip.sol', 'transferFrom.sol', 'flop.t.sol', 'heal.sol', 'heal.t.sol', 'flap.sol', 'frob.t.sol', 'bite.sol']
3,['flip.sol', 'transferFrom.sol', 'flop.t.sol', 'heal.sol', 'heal.t.sol', 'flap.sol', 'tune.sol', 'bite.sol']
2,['flip.sol', 'transferFrom.sol', 'flop.t.sol', 'heal.sol', 'heal.t.sol', 'drip.sol', 'frob.t.sol', 'tune.sol']
2,['flip.sol', 'transferFrom.sol', 'flop.t.sol', 'heal.sol', 'heal.t.sol', 'drip.sol', 'frob.t.sol', 'bite.sol']
2,['flip.sol', 'transferFrom.sol', 'flop.t.sol', 'heal.sol', 'heal.t.sol', 'drip.sol', 'tune.sol', 'bite.sol']
3,['flip.sol', 'transferFrom.sol', 'flop.t.sol', 'heal.sol', 'heal.t.sol', 'frob.t.sol', 'tune.sol', 'bite.sol']
2,['flip.sol', 'transferFrom.sol', 'flop.t.sol', 'heal.sol', 'flap.sol', 'drip.sol', 'frob.t.sol', 'tune.sol']
2,['flip.sol', 'transferFrom.sol', 'flop.t.sol', 'heal.sol', 'flap.sol', 'drip.sol', 'frob.t.sol', 'bite.sol']
2,['flip.sol', 'transferFrom.sol', 'flop.t.sol', 'heal.sol', 'flap.sol', 'drip.sol', 'tune.sol', 'bite.sol']
3,['flip.sol', 'transferFrom.sol', 'flop.t.sol', 'heal.sol', 'flap.sol', 'frob.t.sol', 'tune.sol', 'bite.sol']
2,['flip.sol', 'transferFrom.sol', 'flop.t.sol', 'heal.sol', 'drip.sol', 'frob.t.sol', 'tune.sol', 'bite.sol']
2,['flip.sol', 'transferFrom.sol', 'flop.t.sol', 'drip.t.sol', 'heal.t.sol', 'flap.sol', 'drip.sol', 'frob.t.sol']
2,['flip.sol', 'transferFrom.sol', 'flop.t.sol', 'drip.t.sol', 'heal.t.sol', 'flap.sol', 'drip.sol', 'tune.sol']
3,['flip.sol', 'transferFrom.sol', 'flop.t.sol', 'drip.t.sol', 'heal.t.sol', 'flap.sol', 'drip.sol', 'bite.sol']
2,['flip.sol', 'transferFrom.sol', 'flop.t.sol', 'drip.t.sol', 'heal.t.sol', 'flap.sol', 'frob.t.sol', 'tune.sol']
2,['flip.sol', 'transferFrom.sol', 'flop.t.sol', 'drip.t.sol', 'heal.t.sol', 'flap.sol', 'frob.t.sol', 'bite.sol']
2,['flip.sol', 'transferFrom.sol', 'flop.t.sol', 'drip.t.sol', 'heal.t.sol', 'flap.sol', 'tune.sol', 'bite.sol']
2,['flip.sol', 'transferFrom.sol', 'flop.t.sol', 'drip.t.sol', 'heal.t.sol', 'drip.sol', 'frob.t.sol', 'tune.sol']
3,['flip.sol', 'transferFrom.sol', 'flop.t.sol', 'drip.t.sol', 'heal.t.sol', 'drip.sol', 'frob.t.sol', 'bite.sol']
2,['flip.sol', 'transferFrom.sol', 'flop.t.sol', 'drip.t.sol', 'heal.t.sol', 'drip.sol', 'tune.sol', 'bite.sol']
2,['flip.sol', 'transferFrom.sol', 'flop.t.sol', 'drip.t.sol', 'heal.t.sol', 'frob.t.sol', 'tune.sol', 'bite.sol']
2,['flip.sol', 'transferFrom.sol', 'flop.t.sol', 'drip.t.sol', 'flap.sol', 'drip.sol', 'frob.t.sol', 'tune.sol']
3,['flip.sol', 'transferFrom.sol', 'flop.t.sol', 'drip.t.sol', 'flap.sol', 'drip.sol', 'frob.t.sol', 'bite.sol']
4,['flip.sol', 'transferFrom.sol', 'flop.t.sol', 'drip.t.sol', 'flap.sol', 'drip.sol', 'tune.sol', 'bite.sol']
2,['flip.sol', 'transferFrom.sol', 'flop.t.sol', 'drip.t.sol', 'flap.sol', 'frob.t.sol', 'tune.sol', 'bite.sol']
5,['flip.sol', 'transferFrom.sol', 'flop.t.sol', 'drip.t.sol', 'drip.sol', 'frob.t.sol', 'tune.sol', 'bite.sol']
2,['flip.sol', 'transferFrom.sol', 'flop.t.sol', 'heal.t.sol', 'flap.sol', 'drip.sol', 'frob.t.sol', 'tune.sol']
2,['flip.sol', 'transferFrom.sol', 'flop.t.sol', 'heal.t.sol', 'flap.sol', 'drip.sol', 'frob.t.sol', 'bite.sol']
2,['flip.sol', 'transferFrom.sol', 'flop.t.sol', 'heal.t.sol', 'flap.sol', 'drip.sol', 'tune.sol', 'bite.sol']
3,['flip.sol', 'transferFrom.sol', 'flop.t.sol', 'heal.t.sol', 'flap.sol', 'frob.t.sol', 'tune.sol', 'bite.sol']
2,['flip.sol', 'transferFrom.sol', 'flop.t.sol', 'heal.t.sol', 'drip.sol', 'frob.t.sol', 'tune.sol', 'bite.sol']
2,['flip.sol', 'transferFrom.sol', 'flop.t.sol', 'flap.sol', 'drip.sol', 'frob.t.sol', 'tune.sol', 'bite.sol']
4,['flip.sol', 'transferFrom.sol', 'flap.t.sol', 'heal.sol', 'drip.t.sol', 'heal.t.sol', 'flap.sol', 'drip.sol']
2,['flip.sol', 'transferFrom.sol', 'flap.t.sol', 'heal.sol', 'drip.t.sol', 'heal.t.sol', 'flap.sol', 'frob.t.sol']
2,['flip.sol', 'transferFrom.sol', 'flap.t.sol', 'heal.sol', 'drip.t.sol', 'heal.t.sol', 'flap.sol', 'tune.sol']
4,['flip.sol', 'transferFrom.sol', 'flap.t.sol', 'heal.sol', 'drip.t.sol', 'heal.t.sol', 'flap.sol', 'bite.sol']
3,['flip.sol', 'transferFrom.sol', 'flap.t.sol', 'heal.sol', 'drip.t.sol', 'heal.t.sol', 'drip.sol', 'frob.t.sol']
2,['flip.sol', 'transferFrom.sol', 'flap.t.sol', 'heal.sol', 'drip.t.sol', 'heal.t.sol', 'drip.sol', 'tune.sol']
3,['flip.sol', 'transferFrom.sol', 'flap.t.sol', 'heal.sol', 'drip.t.sol', 'heal.t.sol', 'drip.sol', 'bite.sol']
2,['flip.sol', 'transferFrom.sol', 'flap.t.sol', 'heal.sol', 'drip.t.sol', 'heal.t.sol', 'frob.t.sol', 'tune.sol']
2,['flip.sol', 'transferFrom.sol', 'flap.t.sol', 'heal.sol', 'drip.t.sol', 'heal.t.sol', 'frob.t.sol', 'bite.sol']
2,['flip.sol', 'transferFrom.sol', 'flap.t.sol', 'heal.sol', 'drip.t.sol', 'heal.t.sol', 'tune.sol', 'bite.sol']
3,['flip.sol', 'transferFrom.sol', 'flap.t.sol', 'heal.sol', 'drip.t.sol', 'flap.sol', 'drip.sol', 'frob.t.sol']
2,['flip.sol', 'transferFrom.sol', 'flap.t.sol', 'heal.sol', 'drip.t.sol', 'flap.sol', 'drip.sol', 'tune.sol']
2,['flip.sol', 'transferFrom.sol', 'flap.t.sol', 'heal.sol', 'drip.t.sol', 'flap.sol', 'drip.sol', 'bite.sol']
2,['flip.sol', 'transferFrom.sol', 'flap.t.sol', 'heal.sol', 'drip.t.sol', 'flap.sol', 'frob.t.sol', 'tune.sol']
2,['flip.sol', 'transferFrom.sol', 'flap.t.sol', 'heal.sol', 'drip.t.sol', 'flap.sol', 'frob.t.sol', 'bite.sol']
1,['flip.sol', 'transferFrom.sol', 'flap.t.sol', 'heal.sol', 'drip.t.sol', 'flap.sol', 'tune.sol', 'bite.sol']
3,['flip.sol', 'transferFrom.sol', 'flap.t.sol', 'heal.sol', 'drip.t.sol', 'drip.sol', 'frob.t.sol', 'tune.sol']
3,['flip.sol', 'transferFrom.sol', 'flap.t.sol', 'heal.sol', 'drip.t.sol', 'drip.sol', 'frob.t.sol', 'bite.sol']
2,['flip.sol', 'transferFrom.sol', 'flap.t.sol', 'heal.sol', 'drip.t.sol', 'drip.sol', 'tune.sol', 'bite.sol']
2,['flip.sol', 'transferFrom.sol', 'flap.t.sol', 'heal.sol', 'drip.t.sol', 'frob.t.sol', 'tune.sol', 'bite.sol']
2,['flip.sol', 'transferFrom.sol', 'flap.t.sol', 'heal.sol', 'heal.t.sol', 'flap.sol', 'drip.sol', 'frob.t.sol']
2,['flip.sol', 'transferFrom.sol', 'flap.t.sol', 'heal.sol', 'heal.t.sol', 'flap.sol', 'drip.sol', 'tune.sol']
4,['flip.sol', 'transferFrom.sol', 'flap.t.sol', 'heal.sol', 'heal.t.sol', 'flap.sol', 'drip.sol', 'bite.sol']
3,['flip.sol', 'transferFrom.sol', 'flap.t.sol', 'heal.sol', 'heal.t.sol', 'flap.sol', 'frob.t.sol', 'tune.sol']
3,['flip.sol', 'transferFrom.sol', 'flap.t.sol', 'heal.sol', 'heal.t.sol', 'flap.sol', 'frob.t.sol', 'bite.sol']
3,['flip.sol', 'transferFrom.sol', 'flap.t.sol', 'heal.sol', 'heal.t.sol', 'flap.sol', 'tune.sol', 'bite.sol']
2,['flip.sol', 'transferFrom.sol', 'flap.t.sol', 'heal.sol', 'heal.t.sol', 'drip.sol', 'frob.t.sol', 'tune.sol']
2,['flip.sol', 'transferFrom.sol', 'flap.t.sol', 'heal.sol', 'heal.t.sol', 'drip.sol', 'frob.t.sol', 'bite.sol']
2,['flip.sol', 'transferFrom.sol', 'flap.t.sol', 'heal.sol', 'heal.t.sol', 'drip.sol', 'tune.sol', 'bite.sol']
3,['flip.sol', 'transferFrom.sol', 'flap.t.sol', 'heal.sol', 'heal.t.sol', 'frob.t.sol', 'tune.sol', 'bite.sol']
2,['flip.sol', 'transferFrom.sol', 'flap.t.sol', 'heal.sol', 'flap.sol', 'drip.sol', 'frob.t.sol', 'tune.sol']
2,['flip.sol', 'transferFrom.sol', 'flap.t.sol', 'heal.sol', 'flap.sol', 'drip.sol', 'frob.t.sol', 'bite.sol']
2,['flip.sol', 'transferFrom.sol', 'flap.t.sol', 'heal.sol', 'flap.sol', 'drip.sol', 'tune.sol', 'bite.sol']
3,['flip.sol', 'transferFrom.sol', 'flap.t.sol', 'heal.sol', 'flap.sol', 'frob.t.sol', 'tune.sol', 'bite.sol']
2,['flip.sol', 'transferFrom.sol', 'flap.t.sol', 'heal.sol', 'drip.sol', 'frob.t.sol', 'tune.sol', 'bite.sol']
2,['flip.sol', 'transferFrom.sol', 'flap.t.sol', 'drip.t.sol', 'heal.t.sol', 'flap.sol', 'drip.sol', 'frob.t.sol']
2,['flip.sol', 'transferFrom.sol', 'flap.t.sol', 'drip.t.sol', 'heal.t.sol', 'flap.sol', 'drip.sol', 'tune.sol']
3,['flip.sol', 'transferFrom.sol', 'flap.t.sol', 'drip.t.sol', 'heal.t.sol', 'flap.sol', 'drip.sol', 'bite.sol']
2,['flip.sol', 'transferFrom.sol', 'flap.t.sol', 'drip.t.sol', 'heal.t.sol', 'flap.sol', 'frob.t.sol', 'tune.sol']
2,['flip.sol', 'transferFrom.sol', 'flap.t.sol', 'drip.t.sol', 'heal.t.sol', 'flap.sol', 'frob.t.sol', 'bite.sol']
2,['flip.sol', 'transferFrom.sol', 'flap.t.sol', 'drip.t.sol', 'heal.t.sol', 'flap.sol', 'tune.sol', 'bite.sol']
2,['flip.sol', 'transferFrom.sol', 'flap.t.sol', 'drip.t.sol', 'heal.t.sol', 'drip.sol', 'frob.t.sol', 'tune.sol']
3,['flip.sol', 'transferFrom.sol', 'flap.t.sol', 'drip.t.sol', 'heal.t.sol', 'drip.sol', 'frob.t.sol', 'bite.sol']
2,['flip.sol', 'transferFrom.sol', 'flap.t.sol', 'drip.t.sol', 'heal.t.sol', 'drip.sol', 'tune.sol', 'bite.sol']
2,['flip.sol', 'transferFrom.sol', 'flap.t.sol', 'drip.t.sol', 'heal.t.sol', 'frob.t.sol', 'tune.sol', 'bite.sol']
2,['flip.sol', 'transferFrom.sol', 'flap.t.sol', 'drip.t.sol', 'flap.sol', 'drip.sol', 'frob.t.sol', 'tune.sol']
2,['flip.sol', 'transferFrom.sol', 'flap.t.sol', 'drip.t.sol', 'flap.sol', 'drip.sol', 'frob.t.sol', 'bite.sol']
4,['flip.sol', 'transferFrom.sol', 'flap.t.sol', 'drip.t.sol', 'flap.sol', 'drip.sol', 'tune.sol', 'bite.sol']
2,['flip.sol', 'transferFrom.sol', 'flap.t.sol', 'drip.t.sol', 'flap.sol', 'frob.t.sol', 'tune.sol', 'bite.sol']
2,['flip.sol', 'transferFrom.sol', 'flap.t.sol', 'drip.t.sol', 'drip.sol', 'frob.t.sol', 'tune.sol', 'bite.sol']
2,['flip.sol', 'transferFrom.sol', 'flap.t.sol', 'heal.t.sol', 'flap.sol', 'drip.sol', 'frob.t.sol', 'tune.sol']
2,['flip.sol', 'transferFrom.sol', 'flap.t.sol', 'heal.t.sol', 'flap.sol', 'drip.sol', 'frob.t.sol', 'bite.sol']
2,['flip.sol', 'transferFrom.sol', 'flap.t.sol', 'heal.t.sol', 'flap.sol', 'drip.sol', 'tune.sol', 'bite.sol']
3,['flip.sol', 'transferFrom.sol', 'flap.t.sol', 'heal.t.sol', 'flap.sol', 'frob.t.sol', 'tune.sol', 'bite.sol']
2,['flip.sol', 'transferFrom.sol', 'flap.t.sol', 'heal.t.sol', 'drip.sol', 'frob.t.sol', 'tune.sol', 'bite.sol']
2,['flip.sol', 'transferFrom.sol', 'flap.t.sol', 'flap.sol', 'drip.sol', 'frob.t.sol', 'tune.sol', 'bite.sol']
4,['flip.sol', 'transferFrom.sol', 'heal.sol', 'drip.t.sol', 'heal.t.sol', 'flap.sol', 'drip.sol', 'frob.t.sol']
3,['flip.sol', 'transferFrom.sol', 'heal.sol', 'drip.t.sol', 'heal.t.sol', 'flap.sol', 'drip.sol', 'tune.sol']
2,['flip.sol', 'transferFrom.sol', 'heal.sol', 'drip.t.sol', 'heal.t.sol', 'flap.sol', 'drip.sol', 'bite.sol']
3,['flip.sol', 'transferFrom.sol', 'heal.sol', 'drip.t.sol', 'heal.t.sol', 'flap.sol', 'frob.t.sol', 'tune.sol']
4,['flip.sol', 'transferFrom.sol', 'heal.sol', 'drip.t.sol', 'heal.t.sol', 'flap.sol', 'frob.t.sol', 'bite.sol']
2,['flip.sol', 'transferFrom.sol', 'heal.sol', 'drip.t.sol', 'heal.t.sol', 'flap.sol', 'tune.sol', 'bite.sol']
4,['flip.sol', 'transferFrom.sol', 'heal.sol', 'drip.t.sol', 'heal.t.sol', 'drip.sol', 'frob.t.sol', 'tune.sol']
4,['flip.sol', 'transferFrom.sol', 'heal.sol', 'drip.t.sol', 'heal.t.sol', 'drip.sol', 'frob.t.sol', 'bite.sol']
2,['flip.sol', 'transferFrom.sol', 'heal.sol', 'drip.t.sol', 'heal.t.sol', 'drip.sol', 'tune.sol', 'bite.sol']
3,['flip.sol', 'transferFrom.sol', 'heal.sol', 'drip.t.sol', 'heal.t.sol', 'frob.t.sol', 'tune.sol', 'bite.sol']
2,['flip.sol', 'transferFrom.sol', 'heal.sol', 'drip.t.sol', 'flap.sol', 'drip.sol', 'frob.t.sol', 'tune.sol']
2,['flip.sol', 'transferFrom.sol', 'heal.sol', 'drip.t.sol', 'flap.sol', 'drip.sol', 'frob.t.sol', 'bite.sol']
2,['flip.sol', 'transferFrom.sol', 'heal.sol', 'drip.t.sol', 'flap.sol', 'drip.sol', 'tune.sol', 'bite.sol']
2,['flip.sol', 'transferFrom.sol', 'heal.sol', 'drip.t.sol', 'flap.sol', 'frob.t.sol', 'tune.sol', 'bite.sol']
1,['flip.sol', 'transferFrom.sol', 'heal.sol', 'drip.t.sol', 'drip.sol', 'frob.t.sol', 'tune.sol', 'bite.sol']
3,['flip.sol', 'transferFrom.sol', 'heal.sol', 'heal.t.sol', 'flap.sol', 'drip.sol', 'frob.t.sol', 'tune.sol']
3,['flip.sol', 'transferFrom.sol', 'heal.sol', 'heal.t.sol', 'flap.sol', 'drip.sol', 'frob.t.sol', 'bite.sol']
2,['flip.sol', 'transferFrom.sol', 'heal.sol', 'heal.t.sol', 'flap.sol', 'drip.sol', 'tune.sol', 'bite.sol']
3,['flip.sol', 'transferFrom.sol', 'heal.sol', 'heal.t.sol', 'flap.sol', 'frob.t.sol', 'tune.sol', 'bite.sol']
2,['flip.sol', 'transferFrom.sol', 'heal.sol', 'heal.t.sol', 'drip.sol', 'frob.t.sol', 'tune.sol', 'bite.sol']
1,['flip.sol', 'transferFrom.sol', 'heal.sol', 'flap.sol', 'drip.sol', 'frob.t.sol', 'tune.sol', 'bite.sol']
3,['flip.sol', 'transferFrom.sol', 'drip.t.sol', 'heal.t.sol', 'flap.sol', 'drip.sol', 'frob.t.sol', 'tune.sol']
4,['flip.sol', 'transferFrom.sol', 'drip.t.sol', 'heal.t.sol', 'flap.sol', 'drip.sol', 'frob.t.sol', 'bite.sol']
2,['flip.sol', 'transferFrom.sol', 'drip.t.sol', 'heal.t.sol', 'flap.sol', 'drip.sol', 'tune.sol', 'bite.sol']
1,['flip.sol', 'transferFrom.sol', 'drip.t.sol', 'heal.t.sol', 'flap.sol', 'frob.t.sol', 'tune.sol', 'bite.sol']
4,['flip.sol', 'transferFrom.sol', 'drip.t.sol', 'heal.t.sol', 'drip.sol', 'frob.t.sol', 'tune.sol', 'bite.sol']
2,['flip.sol', 'transferFrom.sol', 'drip.t.sol', 'flap.sol', 'drip.sol', 'frob.t.sol', 'tune.sol', 'bite.sol']
2,['flip.sol', 'transferFrom.sol', 'heal.t.sol', 'flap.sol', 'drip.sol', 'frob.t.sol', 'tune.sol', 'bite.sol']
3,['flip.sol', 'frob.sol', 'flip.t.sol', 'flop.t.sol', 'flap.t.sol', 'heal.sol', 'drip.t.sol', 'heal.t.sol']
3,['flip.sol', 'frob.sol', 'flip.t.sol', 'flop.t.sol', 'flap.t.sol', 'heal.sol', 'drip.t.sol', 'flap.sol']
2,['flip.sol', 'frob.sol', 'flip.t.sol', 'flop.t.sol', 'flap.t.sol', 'heal.sol', 'drip.t.sol', 'drip.sol']
2,['flip.sol', 'frob.sol', 'flip.t.sol', 'flop.t.sol', 'flap.t.sol', 'heal.sol', 'drip.t.sol', 'frob.t.sol']
2,['flip.sol', 'frob.sol', 'flip.t.sol', 'flop.t.sol', 'flap.t.sol', 'heal.sol', 'drip.t.sol', 'tune.sol']
2,['flip.sol', 'frob.sol', 'flip.t.sol', 'flop.t.sol', 'flap.t.sol', 'heal.sol', 'drip.t.sol', 'bite.sol']
2,['flip.sol', 'frob.sol', 'flip.t.sol', 'flop.t.sol', 'flap.t.sol', 'heal.sol', 'heal.t.sol', 'flap.sol']
3,['flip.sol', 'frob.sol', 'flip.t.sol', 'flop.t.sol', 'flap.t.sol', 'heal.sol', 'heal.t.sol', 'drip.sol']
3,['flip.sol', 'frob.sol', 'flip.t.sol', 'flop.t.sol', 'flap.t.sol', 'heal.sol', 'heal.t.sol', 'frob.t.sol']
2,['flip.sol', 'frob.sol', 'flip.t.sol', 'flop.t.sol', 'flap.t.sol', 'heal.sol', 'heal.t.sol', 'tune.sol']
2,['flip.sol', 'frob.sol', 'flip.t.sol', 'flop.t.sol', 'flap.t.sol', 'heal.sol', 'heal.t.sol', 'bite.sol']
3,['flip.sol', 'frob.sol', 'flip.t.sol', 'flop.t.sol', 'flap.t.sol', 'heal.sol', 'flap.sol', 'drip.sol']
3,['flip.sol', 'frob.sol', 'flip.t.sol', 'flop.t.sol', 'flap.t.sol', 'heal.sol', 'flap.sol', 'frob.t.sol']
2,['flip.sol', 'frob.sol', 'flip.t.sol', 'flop.t.sol', 'flap.t.sol', 'heal.sol', 'flap.sol', 'tune.sol']
3,['flip.sol', 'frob.sol', 'flip.t.sol', 'flop.t.sol', 'flap.t.sol', 'heal.sol', 'flap.sol', 'bite.sol']
2,['flip.sol', 'frob.sol', 'flip.t.sol', 'flop.t.sol', 'flap.t.sol', 'heal.sol', 'drip.sol', 'frob.t.sol']
2,['flip.sol', 'frob.sol', 'flip.t.sol', 'flop.t.sol', 'flap.t.sol', 'heal.sol', 'drip.sol', 'tune.sol']
2,['flip.sol', 'frob.sol', 'flip.t.sol', 'flop.t.sol', 'flap.t.sol', 'heal.sol', 'drip.sol', 'bite.sol']
3,['flip.sol', 'frob.sol', 'flip.t.sol', 'flop.t.sol', 'flap.t.sol', 'heal.sol', 'frob.t.sol', 'tune.sol']
3,['flip.sol', 'frob.sol', 'flip.t.sol', 'flop.t.sol', 'flap.t.sol', 'heal.sol', 'frob.t.sol', 'bite.sol']
2,['flip.sol', 'frob.sol', 'flip.t.sol', 'flop.t.sol', 'flap.t.sol', 'heal.sol', 'tune.sol', 'bite.sol']
3,['flip.sol', 'frob.sol', 'flip.t.sol', 'flop.t.sol', 'flap.t.sol', 'drip.t.sol', 'heal.t.sol', 'flap.sol']
3,['flip.sol', 'frob.sol', 'flip.t.sol', 'flop.t.sol', 'flap.t.sol', 'drip.t.sol', 'heal.t.sol', 'drip.sol']
2,['flip.sol', 'frob.sol', 'flip.t.sol', 'flop.t.sol', 'flap.t.sol', 'drip.t.sol', 'heal.t.sol', 'frob.t.sol']
2,['flip.sol', 'frob.sol', 'flip.t.sol', 'flop.t.sol', 'flap.t.sol', 'drip.t.sol', 'heal.t.sol', 'tune.sol']
3,['flip.sol', 'frob.sol', 'flip.t.sol', 'flop.t.sol', 'flap.t.sol', 'drip.t.sol', 'heal.t.sol', 'bite.sol']
2,['flip.sol', 'frob.sol', 'flip.t.sol', 'flop.t.sol', 'flap.t.sol', 'drip.t.sol', 'flap.sol', 'drip.sol']
3,['flip.sol', 'frob.sol', 'flip.t.sol', 'flop.t.sol', 'flap.t.sol', 'drip.t.sol', 'flap.sol', 'frob.t.sol']
2,['flip.sol', 'frob.sol', 'flip.t.sol', 'flop.t.sol', 'flap.t.sol', 'drip.t.sol', 'flap.sol', 'tune.sol']
2,['flip.sol', 'frob.sol', 'flip.t.sol', 'flop.t.sol', 'flap.t.sol', 'drip.t.sol', 'flap.sol', 'bite.sol']
2,['flip.sol', 'frob.sol', 'flip.t.sol', 'flop.t.sol', 'flap.t.sol', 'drip.t.sol', 'drip.sol', 'frob.t.sol']
2,['flip.sol', 'frob.sol', 'flip.t.sol', 'flop.t.sol', 'flap.t.sol', 'drip.t.sol', 'drip.sol', 'tune.sol']
2,['flip.sol', 'frob.sol', 'flip.t.sol', 'flop.t.sol', 'flap.t.sol', 'drip.t.sol', 'drip.sol', 'bite.sol']
2,['flip.sol', 'frob.sol', 'flip.t.sol', 'flop.t.sol', 'flap.t.sol', 'drip.t.sol', 'frob.t.sol', 'tune.sol']
2,['flip.sol', 'frob.sol', 'flip.t.sol', 'flop.t.sol', 'flap.t.sol', 'drip.t.sol', 'frob.t.sol', 'bite.sol']
2,['flip.sol', 'frob.sol', 'flip.t.sol', 'flop.t.sol', 'flap.t.sol', 'drip.t.sol', 'tune.sol', 'bite.sol']
3,['flip.sol', 'frob.sol', 'flip.t.sol', 'flop.t.sol', 'flap.t.sol', 'heal.t.sol', 'flap.sol', 'drip.sol']
3,['flip.sol', 'frob.sol', 'flip.t.sol', 'flop.t.sol', 'flap.t.sol', 'heal.t.sol', 'flap.sol', 'frob.t.sol']
2,['flip.sol', 'frob.sol', 'flip.t.sol', 'flop.t.sol', 'flap.t.sol', 'heal.t.sol', 'flap.sol', 'tune.sol']
3,['flip.sol', 'frob.sol', 'flip.t.sol', 'flop.t.sol', 'flap.t.sol', 'heal.t.sol', 'flap.sol', 'bite.sol']
2,['flip.sol', 'frob.sol', 'flip.t.sol', 'flop.t.sol', 'flap.t.sol', 'heal.t.sol', 'drip.sol', 'frob.t.sol']
2,['flip.sol', 'frob.sol', 'flip.t.sol', 'flop.t.sol', 'flap.t.sol', 'heal.t.sol', 'drip.sol', 'tune.sol']
3,['flip.sol', 'frob.sol', 'flip.t.sol', 'flop.t.sol', 'flap.t.sol', 'heal.t.sol', 'drip.sol', 'bite.sol']
3,['flip.sol', 'frob.sol', 'flip.t.sol', 'flop.t.sol', 'flap.t.sol', 'heal.t.sol', 'frob.t.sol', 'tune.sol']
3,['flip.sol', 'frob.sol', 'flip.t.sol', 'flop.t.sol', 'flap.t.sol', 'heal.t.sol', 'frob.t.sol', 'bite.sol']
2,['flip.sol', 'frob.sol', 'flip.t.sol', 'flop.t.sol', 'flap.t.sol', 'heal.t.sol', 'tune.sol', 'bite.sol']
3,['flip.sol', 'frob.sol', 'flip.t.sol', 'flop.t.sol', 'flap.t.sol', 'flap.sol', 'drip.sol', 'frob.t.sol']
2,['flip.sol', 'frob.sol', 'flip.t.sol', 'flop.t.sol', 'flap.t.sol', 'flap.sol', 'drip.sol', 'tune.sol']
2,['flip.sol', 'frob.sol', 'flip.t.sol', 'flop.t.sol', 'flap.t.sol', 'flap.sol', 'drip.sol', 'bite.sol']
3,['flip.sol', 'frob.sol', 'flip.t.sol', 'flop.t.sol', 'flap.t.sol', 'flap.sol', 'frob.t.sol', 'tune.sol']
3,['flip.sol', 'frob.sol', 'flip.t.sol', 'flop.t.sol', 'flap.t.sol', 'flap.sol', 'frob.t.sol', 'bite.sol']
2,['flip.sol', 'frob.sol', 'flip.t.sol', 'flop.t.sol', 'flap.t.sol', 'flap.sol', 'tune.sol', 'bite.sol']
2,['flip.sol', 'frob.sol', 'flip.t.sol', 'flop.t.sol', 'flap.t.sol', 'drip.sol', 'frob.t.sol', 'tune.sol']
2,['flip.sol', 'frob.sol', 'flip.t.sol', 'flop.t.sol', 'flap.t.sol', 'drip.sol', 'frob.t.sol', 'bite.sol']
2,['flip.sol', 'frob.sol', 'flip.t.sol', 'flop.t.sol', 'flap.t.sol', 'drip.sol', 'tune.sol', 'bite.sol']
2,['flip.sol', 'frob.sol', 'flip.t.sol', 'flop.t.sol', 'flap.t.sol', 'frob.t.sol', 'tune.sol', 'bite.sol']
3,['flip.sol', 'frob.sol', 'flip.t.sol', 'flop.t.sol', 'heal.sol', 'drip.t.sol', 'heal.t.sol', 'flap.sol']
3,['flip.sol', 'frob.sol', 'flip.t.sol', 'flop.t.sol', 'heal.sol', 'drip.t.sol', 'heal.t.sol', 'drip.sol']
2,['flip.sol', 'frob.sol', 'flip.t.sol', 'flop.t.sol', 'heal.sol', 'drip.t.sol', 'heal.t.sol', 'frob.t.sol']
2,['flip.sol', 'frob.sol', 'flip.t.sol', 'flop.t.sol', 'heal.sol', 'drip.t.sol', 'heal.t.sol', 'tune.sol']
2,['flip.sol', 'frob.sol', 'flip.t.sol', 'flop.t.sol', 'heal.sol', 'drip.t.sol', 'heal.t.sol', 'bite.sol']
3,['flip.sol', 'frob.sol', 'flip.t.sol', 'flop.t.sol', 'heal.sol', 'drip.t.sol', 'flap.sol', 'drip.sol']
2,['flip.sol', 'frob.sol', 'flip.t.sol', 'flop.t.sol', 'heal.sol', 'drip.t.sol', 'flap.sol', 'frob.t.sol']
2,['flip.sol', 'frob.sol', 'flip.t.sol', 'flop.t.sol', 'heal.sol', 'drip.t.sol', 'flap.sol', 'tune.sol']
2,['flip.sol', 'frob.sol', 'flip.t.sol', 'flop.t.sol', 'heal.sol', 'drip.t.sol', 'flap.sol', 'bite.sol']
3,['flip.sol', 'frob.sol', 'flip.t.sol', 'flop.t.sol', 'heal.sol', 'drip.t.sol', 'drip.sol', 'frob.t.sol']
2,['flip.sol', 'frob.sol', 'flip.t.sol', 'flop.t.sol', 'heal.sol', 'drip.t.sol', 'drip.sol', 'tune.sol']
5,['flip.sol', 'frob.sol', 'flip.t.sol', 'flop.t.sol', 'heal.sol', 'drip.t.sol', 'drip.sol', 'bite.sol']
1,['flip.sol', 'frob.sol', 'flip.t.sol', 'flop.t.sol', 'heal.sol', 'drip.t.sol', 'frob.t.sol', 'tune.sol']
2,['flip.sol', 'frob.sol', 'flip.t.sol', 'flop.t.sol', 'heal.sol', 'drip.t.sol', 'frob.t.sol', 'bite.sol']
1,['flip.sol', 'frob.sol', 'flip.t.sol', 'flop.t.sol', 'heal.sol', 'drip.t.sol', 'tune.sol', 'bite.sol']
3,['flip.sol', 'frob.sol', 'flip.t.sol', 'flop.t.sol', 'heal.sol', 'heal.t.sol', 'flap.sol', 'drip.sol']
3,['flip.sol', 'frob.sol', 'flip.t.sol', 'flop.t.sol', 'heal.sol', 'heal.t.sol', 'flap.sol', 'frob.t.sol']
2,['flip.sol', 'frob.sol', 'flip.t.sol', 'flop.t.sol', 'heal.sol', 'heal.t.sol', 'flap.sol', 'tune.sol']
2,['flip.sol', 'frob.sol', 'flip.t.sol', 'flop.t.sol', 'heal.sol', 'heal.t.sol', 'flap.sol', 'bite.sol']
2,['flip.sol', 'frob.sol', 'flip.t.sol', 'flop.t.sol', 'heal.sol', 'heal.t.sol', 'drip.sol', 'frob.t.sol']
2,['flip.sol', 'frob.sol', 'flip.t.sol', 'flop.t.sol', 'heal.sol', 'heal.t.sol', 'drip.sol', 'tune.sol']
3,['flip.sol', 'frob.sol', 'flip.t.sol', 'flop.t.sol', 'heal.sol', 'heal.t.sol', 'drip.sol', 'bite.sol']
3,['flip.sol', 'frob.sol', 'flip.t.sol', 'flop.t.sol', 'heal.sol', 'heal.t.sol', 'frob.t.sol', 'tune.sol']
3,['flip.sol', 'frob.sol', 'flip.t.sol', 'flop.t.sol', 'heal.sol', 'heal.t.sol', 'frob.t.sol', 'bite.sol']
2,['flip.sol', 'frob.sol', 'flip.t.sol', 'flop.t.sol', 'heal.sol', 'heal.t.sol', 'tune.sol', 'bite.sol']
2,['flip.sol', 'frob.sol', 'flip.t.sol', 'flop.t.sol', 'heal.sol', 'flap.sol', 'drip.sol', 'frob.t.sol']
2,['flip.sol', 'frob.sol', 'flip.t.sol', 'flop.t.sol', 'heal.sol', 'flap.sol', 'drip.sol', 'tune.sol']
3,['flip.sol', 'frob.sol', 'flip.t.sol', 'flop.t.sol', 'heal.sol', 'flap.sol', 'drip.sol', 'bite.sol']
3,['flip.sol', 'frob.sol', 'flip.t.sol', 'flop.t.sol', 'heal.sol', 'flap.sol', 'frob.t.sol', 'tune.sol']
3,['flip.sol', 'frob.sol', 'flip.t.sol', 'flop.t.sol', 'heal.sol', 'flap.sol', 'frob.t.sol', 'bite.sol']
2,['flip.sol', 'frob.sol', 'flip.t.sol', 'flop.t.sol', 'heal.sol', 'flap.sol', 'tune.sol', 'bite.sol']
2,['flip.sol', 'frob.sol', 'flip.t.sol', 'flop.t.sol', 'heal.sol', 'drip.sol', 'frob.t.sol', 'tune.sol']
3,['flip.sol', 'frob.sol', 'flip.t.sol', 'flop.t.sol', 'heal.sol', 'drip.sol', 'frob.t.sol', 'bite.sol']
2,['flip.sol', 'frob.sol', 'flip.t.sol', 'flop.t.sol', 'heal.sol', 'drip.sol', 'tune.sol', 'bite.sol']
2,['flip.sol', 'frob.sol', 'flip.t.sol', 'flop.t.sol', 'heal.sol', 'frob.t.sol', 'tune.sol', 'bite.sol']
3,['flip.sol', 'frob.sol', 'flip.t.sol', 'flop.t.sol', 'drip.t.sol', 'heal.t.sol', 'flap.sol', 'drip.sol']
2,['flip.sol', 'frob.sol', 'flip.t.sol', 'flop.t.sol', 'drip.t.sol', 'heal.t.sol', 'flap.sol', 'frob.t.sol']
2,['flip.sol', 'frob.sol', 'flip.t.sol', 'flop.t.sol', 'drip.t.sol', 'heal.t.sol', 'flap.sol', 'tune.sol']
2,['flip.sol', 'frob.sol', 'flip.t.sol', 'flop.t.sol', 'drip.t.sol', 'heal.t.sol', 'flap.sol', 'bite.sol']
2,['flip.sol', 'frob.sol', 'flip.t.sol', 'flop.t.sol', 'drip.t.sol', 'heal.t.sol', 'drip.sol', 'frob.t.sol']
2,['flip.sol', 'frob.sol', 'flip.t.sol', 'flop.t.sol', 'drip.t.sol', 'heal.t.sol', 'drip.sol', 'tune.sol']
2,['flip.sol', 'frob.sol', 'flip.t.sol', 'flop.t.sol', 'drip.t.sol', 'heal.t.sol', 'drip.sol', 'bite.sol']
2,['flip.sol', 'frob.sol', 'flip.t.sol', 'flop.t.sol', 'drip.t.sol', 'heal.t.sol', 'frob.t.sol', 'tune.sol']
2,['flip.sol', 'frob.sol', 'flip.t.sol', 'flop.t.sol', 'drip.t.sol', 'heal.t.sol', 'frob.t.sol', 'bite.sol']
2,['flip.sol', 'frob.sol', 'flip.t.sol', 'flop.t.sol', 'drip.t.sol', 'heal.t.sol', 'tune.sol', 'bite.sol']
3,['flip.sol', 'frob.sol', 'flip.t.sol', 'flop.t.sol', 'drip.t.sol', 'flap.sol', 'drip.sol', 'frob.t.sol']
2,['flip.sol', 'frob.sol', 'flip.t.sol', 'flop.t.sol', 'drip.t.sol', 'flap.sol', 'drip.sol', 'tune.sol']
2,['flip.sol', 'frob.sol', 'flip.t.sol', 'flop.t.sol', 'drip.t.sol', 'flap.sol', 'drip.sol', 'bite.sol']
2,['flip.sol', 'frob.sol', 'flip.t.sol', 'flop.t.sol', 'drip.t.sol', 'flap.sol', 'frob.t.sol', 'tune.sol']
2,['flip.sol', 'frob.sol', 'flip.t.sol', 'flop.t.sol', 'drip.t.sol', 'flap.sol', 'frob.t.sol', 'bite.sol']
2,['flip.sol', 'frob.sol', 'flip.t.sol', 'flop.t.sol', 'drip.t.sol', 'flap.sol', 'tune.sol', 'bite.sol']
1,['flip.sol', 'frob.sol', 'flip.t.sol', 'flop.t.sol', 'drip.t.sol', 'drip.sol', 'frob.t.sol', 'tune.sol']
3,['flip.sol', 'frob.sol', 'flip.t.sol', 'flop.t.sol', 'drip.t.sol', 'drip.sol', 'frob.t.sol', 'bite.sol']
2,['flip.sol', 'frob.sol', 'flip.t.sol', 'flop.t.sol', 'drip.t.sol', 'drip.sol', 'tune.sol', 'bite.sol']
1,['flip.sol', 'frob.sol', 'flip.t.sol', 'flop.t.sol', 'drip.t.sol', 'frob.t.sol', 'tune.sol', 'bite.sol']
2,['flip.sol', 'frob.sol', 'flip.t.sol', 'flop.t.sol', 'heal.t.sol', 'flap.sol', 'drip.sol', 'frob.t.sol']
2,['flip.sol', 'frob.sol', 'flip.t.sol', 'flop.t.sol', 'heal.t.sol', 'flap.sol', 'drip.sol', 'tune.sol']
2,['flip.sol', 'frob.sol', 'flip.t.sol', 'flop.t.sol', 'heal.t.sol', 'flap.sol', 'drip.sol', 'bite.sol']
3,['flip.sol', 'frob.sol', 'flip.t.sol', 'flop.t.sol', 'heal.t.sol', 'flap.sol', 'frob.t.sol', 'tune.sol']
3,['flip.sol', 'frob.sol', 'flip.t.sol', 'flop.t.sol', 'heal.t.sol', 'flap.sol', 'frob.t.sol', 'bite.sol']
2,['flip.sol', 'frob.sol', 'flip.t.sol', 'flop.t.sol', 'heal.t.sol', 'flap.sol', 'tune.sol', 'bite.sol']
2,['flip.sol', 'frob.sol', 'flip.t.sol', 'flop.t.sol', 'heal.t.sol', 'drip.sol', 'frob.t.sol', 'tune.sol']
2,['flip.sol', 'frob.sol', 'flip.t.sol', 'flop.t.sol', 'heal.t.sol', 'drip.sol', 'frob.t.sol', 'bite.sol']
2,['flip.sol', 'frob.sol', 'flip.t.sol', 'flop.t.sol', 'heal.t.sol', 'drip.sol', 'tune.sol', 'bite.sol']
3,['flip.sol', 'frob.sol', 'flip.t.sol', 'flop.t.sol', 'heal.t.sol', 'frob.t.sol', 'tune.sol', 'bite.sol']
2,['flip.sol', 'frob.sol', 'flip.t.sol', 'flop.t.sol', 'flap.sol', 'drip.sol', 'frob.t.sol', 'tune.sol']
3,['flip.sol', 'frob.sol', 'flip.t.sol', 'flop.t.sol', 'flap.sol', 'drip.sol', 'frob.t.sol', 'bite.sol']
2,['flip.sol', 'frob.sol', 'flip.t.sol', 'flop.t.sol', 'flap.sol', 'drip.sol', 'tune.sol', 'bite.sol']
2,['flip.sol', 'frob.sol', 'flip.t.sol', 'flop.t.sol', 'flap.sol', 'frob.t.sol', 'tune.sol', 'bite.sol']
2,['flip.sol', 'frob.sol', 'flip.t.sol', 'flop.t.sol', 'drip.sol', 'frob.t.sol', 'tune.sol', 'bite.sol']
3,['flip.sol', 'frob.sol', 'flip.t.sol', 'flap.t.sol', 'heal.sol', 'drip.t.sol', 'heal.t.sol', 'flap.sol']
3,['flip.sol', 'frob.sol', 'flip.t.sol', 'flap.t.sol', 'heal.sol', 'drip.t.sol', 'heal.t.sol', 'drip.sol']
2,['flip.sol', 'frob.sol', 'flip.t.sol', 'flap.t.sol', 'heal.sol', 'drip.t.sol', 'heal.t.sol', 'frob.t.sol']
1,['flip.sol', 'frob.sol', 'flip.t.sol', 'flap.t.sol', 'heal.sol', 'drip.t.sol', 'heal.t.sol', 'tune.sol']
2,['flip.sol', 'frob.sol', 'flip.t.sol', 'flap.t.sol', 'heal.sol', 'drip.t.sol', 'heal.t.sol', 'bite.sol']
3,['flip.sol', 'frob.sol', 'flip.t.sol', 'flap.t.sol', 'heal.sol', 'drip.t.sol', 'flap.sol', 'drip.sol']
2,['flip.sol', 'frob.sol', 'flip.t.sol', 'flap.t.sol', 'heal.sol', 'drip.t.sol', 'flap.sol', 'frob.t.sol']
2,['flip.sol', 'frob.sol', 'flip.t.sol', 'flap.t.sol', 'heal.sol', 'drip.t.sol', 'flap.sol', 'tune.sol']
2,['flip.sol', 'frob.sol', 'flip.t.sol', 'flap.t.sol', 'heal.sol', 'drip.t.sol', 'flap.sol', 'bite.sol']
2,['flip.sol', 'frob.sol', 'flip.t.sol', 'flap.t.sol', 'heal.sol', 'drip.t.sol', 'drip.sol', 'frob.t.sol']
2,['flip.sol', 'frob.sol', 'flip.t.sol', 'flap.t.sol', 'heal.sol', 'drip.t.sol', 'drip.sol', 'tune.sol']
5,['flip.sol', 'frob.sol', 'flip.t.sol', 'flap.t.sol', 'heal.sol', 'drip.t.sol', 'drip.sol', 'bite.sol']
1,['flip.sol', 'frob.sol', 'flip.t.sol', 'flap.t.sol', 'heal.sol', 'drip.t.sol', 'frob.t.sol', 'tune.sol']
2,['flip.sol', 'frob.sol', 'flip.t.sol', 'flap.t.sol', 'heal.sol', 'drip.t.sol', 'frob.t.sol', 'bite.sol']
1,['flip.sol', 'frob.sol', 'flip.t.sol', 'flap.t.sol', 'heal.sol', 'drip.t.sol', 'tune.sol', 'bite.sol']
3,['flip.sol', 'frob.sol', 'flip.t.sol', 'flap.t.sol', 'heal.sol', 'heal.t.sol', 'flap.sol', 'drip.sol']
3,['flip.sol', 'frob.sol', 'flip.t.sol', 'flap.t.sol', 'heal.sol', 'heal.t.sol', 'flap.sol', 'frob.t.sol']
2,['flip.sol', 'frob.sol', 'flip.t.sol', 'flap.t.sol', 'heal.sol', 'heal.t.sol', 'flap.sol', 'tune.sol']
2,['flip.sol', 'frob.sol', 'flip.t.sol', 'flap.t.sol', 'heal.sol', 'heal.t.sol', 'flap.sol', 'bite.sol']
2,['flip.sol', 'frob.sol', 'flip.t.sol', 'flap.t.sol', 'heal.sol', 'heal.t.sol', 'drip.sol', 'frob.t.sol']
2,['flip.sol', 'frob.sol', 'flip.t.sol', 'flap.t.sol', 'heal.sol', 'heal.t.sol', 'drip.sol', 'tune.sol']
3,['flip.sol', 'frob.sol', 'flip.t.sol', 'flap.t.sol', 'heal.sol', 'heal.t.sol', 'drip.sol', 'bite.sol']
3,['flip.sol', 'frob.sol', 'flip.t.sol', 'flap.t.sol', 'heal.sol', 'heal.t.sol', 'frob.t.sol', 'tune.sol']
3,['flip.sol', 'frob.sol', 'flip.t.sol', 'flap.t.sol', 'heal.sol', 'heal.t.sol', 'frob.t.sol', 'bite.sol']
2,['flip.sol', 'frob.sol', 'flip.t.sol', 'flap.t.sol', 'heal.sol', 'heal.t.sol', 'tune.sol', 'bite.sol']
2,['flip.sol', 'frob.sol', 'flip.t.sol', 'flap.t.sol', 'heal.sol', 'flap.sol', 'drip.sol', 'frob.t.sol']
2,['flip.sol', 'frob.sol', 'flip.t.sol', 'flap.t.sol', 'heal.sol', 'flap.sol', 'drip.sol', 'tune.sol']
3,['flip.sol', 'frob.sol', 'flip.t.sol', 'flap.t.sol', 'heal.sol', 'flap.sol', 'drip.sol', 'bite.sol']
3,['flip.sol', 'frob.sol', 'flip.t.sol', 'flap.t.sol', 'heal.sol', 'flap.sol', 'frob.t.sol', 'tune.sol']
3,['flip.sol', 'frob.sol', 'flip.t.sol', 'flap.t.sol', 'heal.sol', 'flap.sol', 'frob.t.sol', 'bite.sol']
2,['flip.sol', 'frob.sol', 'flip.t.sol', 'flap.t.sol', 'heal.sol', 'flap.sol', 'tune.sol', 'bite.sol']
2,['flip.sol', 'frob.sol', 'flip.t.sol', 'flap.t.sol', 'heal.sol', 'drip.sol', 'frob.t.sol', 'tune.sol']
3,['flip.sol', 'frob.sol', 'flip.t.sol', 'flap.t.sol', 'heal.sol', 'drip.sol', 'frob.t.sol', 'bite.sol']
2,['flip.sol', 'frob.sol', 'flip.t.sol', 'flap.t.sol', 'heal.sol', 'drip.sol', 'tune.sol', 'bite.sol']
2,['flip.sol', 'frob.sol', 'flip.t.sol', 'flap.t.sol', 'heal.sol', 'frob.t.sol', 'tune.sol', 'bite.sol']
3,['flip.sol', 'frob.sol', 'flip.t.sol', 'flap.t.sol', 'drip.t.sol', 'heal.t.sol', 'flap.sol', 'drip.sol']
2,['flip.sol', 'frob.sol', 'flip.t.sol', 'flap.t.sol', 'drip.t.sol', 'heal.t.sol', 'flap.sol', 'frob.t.sol']
2,['flip.sol', 'frob.sol', 'flip.t.sol', 'flap.t.sol', 'drip.t.sol', 'heal.t.sol', 'flap.sol', 'tune.sol']
2,['flip.sol', 'frob.sol', 'flip.t.sol', 'flap.t.sol', 'drip.t.sol', 'heal.t.sol', 'flap.sol', 'bite.sol']
2,['flip.sol', 'frob.sol', 'flip.t.sol', 'flap.t.sol', 'drip.t.sol', 'heal.t.sol', 'drip.sol', 'frob.t.sol']
2,['flip.sol', 'frob.sol', 'flip.t.sol', 'flap.t.sol', 'drip.t.sol', 'heal.t.sol', 'drip.sol', 'tune.sol']
2,['flip.sol', 'frob.sol', 'flip.t.sol', 'flap.t.sol', 'drip.t.sol', 'heal.t.sol', 'drip.sol', 'bite.sol']
2,['flip.sol', 'frob.sol', 'flip.t.sol', 'flap.t.sol', 'drip.t.sol', 'heal.t.sol', 'frob.t.sol', 'tune.sol']
2,['flip.sol', 'frob.sol', 'flip.t.sol', 'flap.t.sol', 'drip.t.sol', 'heal.t.sol', 'frob.t.sol', 'bite.sol']
2,['flip.sol', 'frob.sol', 'flip.t.sol', 'flap.t.sol', 'drip.t.sol', 'heal.t.sol', 'tune.sol', 'bite.sol']
3,['flip.sol', 'frob.sol', 'flip.t.sol', 'flap.t.sol', 'drip.t.sol', 'flap.sol', 'drip.sol', 'frob.t.sol']
2,['flip.sol', 'frob.sol', 'flip.t.sol', 'flap.t.sol', 'drip.t.sol', 'flap.sol', 'drip.sol', 'tune.sol']
2,['flip.sol', 'frob.sol', 'flip.t.sol', 'flap.t.sol', 'drip.t.sol', 'flap.sol', 'drip.sol', 'bite.sol']
2,['flip.sol', 'frob.sol', 'flip.t.sol', 'flap.t.sol', 'drip.t.sol', 'flap.sol', 'frob.t.sol', 'tune.sol']
2,['flip.sol', 'frob.sol', 'flip.t.sol', 'flap.t.sol', 'drip.t.sol', 'flap.sol', 'frob.t.sol', 'bite.sol']
2,['flip.sol', 'frob.sol', 'flip.t.sol', 'flap.t.sol', 'drip.t.sol', 'flap.sol', 'tune.sol', 'bite.sol']
1,['flip.sol', 'frob.sol', 'flip.t.sol', 'flap.t.sol', 'drip.t.sol', 'drip.sol', 'frob.t.sol', 'tune.sol']
2,['flip.sol', 'frob.sol', 'flip.t.sol', 'flap.t.sol', 'drip.t.sol', 'drip.sol', 'frob.t.sol', 'bite.sol']
2,['flip.sol', 'frob.sol', 'flip.t.sol', 'flap.t.sol', 'drip.t.sol', 'drip.sol', 'tune.sol', 'bite.sol']
1,['flip.sol', 'frob.sol', 'flip.t.sol', 'flap.t.sol', 'drip.t.sol', 'frob.t.sol', 'tune.sol', 'bite.sol']
2,['flip.sol', 'frob.sol', 'flip.t.sol', 'flap.t.sol', 'heal.t.sol', 'flap.sol', 'drip.sol', 'frob.t.sol']
2,['flip.sol', 'frob.sol', 'flip.t.sol', 'flap.t.sol', 'heal.t.sol', 'flap.sol', 'drip.sol', 'tune.sol']
3,['flip.sol', 'frob.sol', 'flip.t.sol', 'flap.t.sol', 'heal.t.sol', 'flap.sol', 'drip.sol', 'bite.sol']
3,['flip.sol', 'frob.sol', 'flip.t.sol', 'flap.t.sol', 'heal.t.sol', 'flap.sol', 'frob.t.sol', 'tune.sol']
3,['flip.sol', 'frob.sol', 'flip.t.sol', 'flap.t.sol', 'heal.t.sol', 'flap.sol', 'frob.t.sol', 'bite.sol']
2,['flip.sol', 'frob.sol', 'flip.t.sol', 'flap.t.sol', 'heal.t.sol', 'flap.sol', 'tune.sol', 'bite.sol']
2,['flip.sol', 'frob.sol', 'flip.t.sol', 'flap.t.sol', 'heal.t.sol', 'drip.sol', 'frob.t.sol', 'tune.sol']
2,['flip.sol', 'frob.sol', 'flip.t.sol', 'flap.t.sol', 'heal.t.sol', 'drip.sol', 'frob.t.sol', 'bite.sol']
2,['flip.sol', 'frob.sol', 'flip.t.sol', 'flap.t.sol', 'heal.t.sol', 'drip.sol', 'tune.sol', 'bite.sol']
3,['flip.sol', 'frob.sol', 'flip.t.sol', 'flap.t.sol', 'heal.t.sol', 'frob.t.sol', 'tune.sol', 'bite.sol']
2,['flip.sol', 'frob.sol', 'flip.t.sol', 'flap.t.sol', 'flap.sol', 'drip.sol', 'frob.t.sol', 'tune.sol']
3,['flip.sol', 'frob.sol', 'flip.t.sol', 'flap.t.sol', 'flap.sol', 'drip.sol', 'frob.t.sol', 'bite.sol']
2,['flip.sol', 'frob.sol', 'flip.t.sol', 'flap.t.sol', 'flap.sol', 'drip.sol', 'tune.sol', 'bite.sol']
2,['flip.sol', 'frob.sol', 'flip.t.sol', 'flap.t.sol', 'flap.sol', 'frob.t.sol', 'tune.sol', 'bite.sol']
2,['flip.sol', 'frob.sol', 'flip.t.sol', 'flap.t.sol', 'drip.sol', 'frob.t.sol', 'tune.sol', 'bite.sol']
2,['flip.sol', 'frob.sol', 'flip.t.sol', 'heal.sol', 'drip.t.sol', 'heal.t.sol', 'flap.sol', 'drip.sol']
2,['flip.sol', 'frob.sol', 'flip.t.sol', 'heal.sol', 'drip.t.sol', 'heal.t.sol', 'flap.sol', 'frob.t.sol']
2,['flip.sol', 'frob.sol', 'flip.t.sol', 'heal.sol', 'drip.t.sol', 'heal.t.sol', 'flap.sol', 'tune.sol']
2,['flip.sol', 'frob.sol', 'flip.t.sol', 'heal.sol', 'drip.t.sol', 'heal.t.sol', 'flap.sol', 'bite.sol']
2,['flip.sol', 'frob.sol', 'flip.t.sol', 'heal.sol', 'drip.t.sol', 'heal.t.sol', 'drip.sol', 'frob.t.sol']
2,['flip.sol', 'frob.sol', 'flip.t.sol', 'heal.sol', 'drip.t.sol', 'heal.t.sol', 'drip.sol', 'tune.sol']
5,['flip.sol', 'frob.sol', 'flip.t.sol', 'heal.sol', 'drip.t.sol', 'heal.t.sol', 'drip.sol', 'bite.sol']
2,['flip.sol', 'frob.sol', 'flip.t.sol', 'heal.sol', 'drip.t.sol', 'heal.t.sol', 'frob.t.sol', 'tune.sol']
2,['flip.sol', 'frob.sol', 'flip.t.sol', 'heal.sol', 'drip.t.sol', 'heal.t.sol', 'frob.t.sol', 'bite.sol']
2,['flip.sol', 'frob.sol', 'flip.t.sol', 'heal.sol', 'drip.t.sol', 'heal.t.sol', 'tune.sol', 'bite.sol']
4,['flip.sol', 'frob.sol', 'flip.t.sol', 'heal.sol', 'drip.t.sol', 'flap.sol', 'drip.sol', 'frob.t.sol']
2,['flip.sol', 'frob.sol', 'flip.t.sol', 'heal.sol', 'drip.t.sol', 'flap.sol', 'drip.sol', 'tune.sol']
2,['flip.sol', 'frob.sol', 'flip.t.sol', 'heal.sol', 'drip.t.sol', 'flap.sol', 'drip.sol', 'bite.sol']
1,['flip.sol', 'frob.sol', 'flip.t.sol', 'heal.sol', 'drip.t.sol', 'flap.sol', 'frob.t.sol', 'tune.sol']
5,['flip.sol', 'frob.sol', 'flip.t.sol', 'heal.sol', 'drip.t.sol', 'flap.sol', 'frob.t.sol', 'bite.sol']
2,['flip.sol', 'frob.sol', 'flip.t.sol', 'heal.sol', 'drip.t.sol', 'flap.sol', 'tune.sol', 'bite.sol']
4,['flip.sol', 'frob.sol', 'flip.t.sol', 'heal.sol', 'drip.t.sol', 'drip.sol', 'frob.t.sol', 'tune.sol']
4,['flip.sol', 'frob.sol', 'flip.t.sol', 'heal.sol', 'drip.t.sol', 'drip.sol', 'frob.t.sol', 'bite.sol']
5,['flip.sol', 'frob.sol', 'flip.t.sol', 'heal.sol', 'drip.t.sol', 'drip.sol', 'tune.sol', 'bite.sol']
4,['flip.sol', 'frob.sol', 'flip.t.sol', 'heal.sol', 'drip.t.sol', 'frob.t.sol', 'tune.sol', 'bite.sol']
2,['flip.sol', 'frob.sol', 'flip.t.sol', 'heal.sol', 'heal.t.sol', 'flap.sol', 'drip.sol', 'frob.t.sol']
2,['flip.sol', 'frob.sol', 'flip.t.sol', 'heal.sol', 'heal.t.sol', 'flap.sol', 'drip.sol', 'tune.sol']
2,['flip.sol', 'frob.sol', 'flip.t.sol', 'heal.sol', 'heal.t.sol', 'flap.sol', 'drip.sol', 'bite.sol']
3,['flip.sol', 'frob.sol', 'flip.t.sol', 'heal.sol', 'heal.t.sol', 'flap.sol', 'frob.t.sol', 'tune.sol']
3,['flip.sol', 'frob.sol', 'flip.t.sol', 'heal.sol', 'heal.t.sol', 'flap.sol', 'frob.t.sol', 'bite.sol']
2,['flip.sol', 'frob.sol', 'flip.t.sol', 'heal.sol', 'heal.t.sol', 'flap.sol', 'tune.sol', 'bite.sol']
2,['flip.sol', 'frob.sol', 'flip.t.sol', 'heal.sol', 'heal.t.sol', 'drip.sol', 'frob.t.sol', 'tune.sol']
2,['flip.sol', 'frob.sol', 'flip.t.sol', 'heal.sol', 'heal.t.sol', 'drip.sol', 'frob.t.sol', 'bite.sol']
2,['flip.sol', 'frob.sol', 'flip.t.sol', 'heal.sol', 'heal.t.sol', 'drip.sol', 'tune.sol', 'bite.sol']
3,['flip.sol', 'frob.sol', 'flip.t.sol', 'heal.sol', 'heal.t.sol', 'frob.t.sol', 'tune.sol', 'bite.sol']
2,['flip.sol', 'frob.sol', 'flip.t.sol', 'heal.sol', 'flap.sol', 'drip.sol', 'frob.t.sol', 'tune.sol']
5,['flip.sol', 'frob.sol', 'flip.t.sol', 'heal.sol', 'flap.sol', 'drip.sol', 'frob.t.sol', 'bite.sol']
2,['flip.sol', 'frob.sol', 'flip.t.sol', 'heal.sol', 'flap.sol', 'drip.sol', 'tune.sol', 'bite.sol']
2,['flip.sol', 'frob.sol', 'flip.t.sol', 'heal.sol', 'flap.sol', 'frob.t.sol', 'tune.sol', 'bite.sol']
4,['flip.sol', 'frob.sol', 'flip.t.sol', 'heal.sol', 'drip.sol', 'frob.t.sol', 'tune.sol', 'bite.sol']
2,['flip.sol', 'frob.sol', 'flip.t.sol', 'drip.t.sol', 'heal.t.sol', 'flap.sol', 'drip.sol', 'frob.t.sol']
2,['flip.sol', 'frob.sol', 'flip.t.sol', 'drip.t.sol', 'heal.t.sol', 'flap.sol', 'drip.sol', 'tune.sol']
2,['flip.sol', 'frob.sol', 'flip.t.sol', 'drip.t.sol', 'heal.t.sol', 'flap.sol', 'drip.sol', 'bite.sol']
2,['flip.sol', 'frob.sol', 'flip.t.sol', 'drip.t.sol', 'heal.t.sol', 'flap.sol', 'frob.t.sol', 'tune.sol']
2,['flip.sol', 'frob.sol', 'flip.t.sol', 'drip.t.sol', 'heal.t.sol', 'flap.sol', 'frob.t.sol', 'bite.sol']
2,['flip.sol', 'frob.sol', 'flip.t.sol', 'drip.t.sol', 'heal.t.sol', 'flap.sol', 'tune.sol', 'bite.sol']
1,['flip.sol', 'frob.sol', 'flip.t.sol', 'drip.t.sol', 'heal.t.sol', 'drip.sol', 'frob.t.sol', 'tune.sol']
2,['flip.sol', 'frob.sol', 'flip.t.sol', 'drip.t.sol', 'heal.t.sol', 'drip.sol', 'frob.t.sol', 'bite.sol']
2,['flip.sol', 'frob.sol', 'flip.t.sol', 'drip.t.sol', 'heal.t.sol', 'drip.sol', 'tune.sol', 'bite.sol']
1,['flip.sol', 'frob.sol', 'flip.t.sol', 'drip.t.sol', 'heal.t.sol', 'frob.t.sol', 'tune.sol', 'bite.sol']
2,['flip.sol', 'frob.sol', 'flip.t.sol', 'drip.t.sol', 'flap.sol', 'drip.sol', 'frob.t.sol', 'tune.sol']
4,['flip.sol', 'frob.sol', 'flip.t.sol', 'drip.t.sol', 'flap.sol', 'drip.sol', 'frob.t.sol', 'bite.sol']
2,['flip.sol', 'frob.sol', 'flip.t.sol', 'drip.t.sol', 'flap.sol', 'drip.sol', 'tune.sol', 'bite.sol']
1,['flip.sol', 'frob.sol', 'flip.t.sol', 'drip.t.sol', 'flap.sol', 'frob.t.sol', 'tune.sol', 'bite.sol']
4,['flip.sol', 'frob.sol', 'flip.t.sol', 'drip.t.sol', 'drip.sol', 'frob.t.sol', 'tune.sol', 'bite.sol']
2,['flip.sol', 'frob.sol', 'flip.t.sol', 'heal.t.sol', 'flap.sol', 'drip.sol', 'frob.t.sol', 'tune.sol']
2,['flip.sol', 'frob.sol', 'flip.t.sol', 'heal.t.sol', 'flap.sol', 'drip.sol', 'frob.t.sol', 'bite.sol']
2,['flip.sol', 'frob.sol', 'flip.t.sol', 'heal.t.sol', 'flap.sol', 'drip.sol', 'tune.sol', 'bite.sol']
3,['flip.sol', 'frob.sol', 'flip.t.sol', 'heal.t.sol', 'flap.sol', 'frob.t.sol', 'tune.sol', 'bite.sol']
1,['flip.sol', 'frob.sol', 'flip.t.sol', 'heal.t.sol', 'drip.sol', 'frob.t.sol', 'tune.sol', 'bite.sol']
2,['flip.sol', 'frob.sol', 'flip.t.sol', 'flap.sol', 'drip.sol', 'frob.t.sol', 'tune.sol', 'bite.sol']
3,['flip.sol', 'frob.sol', 'flop.t.sol', 'flap.t.sol', 'heal.sol', 'drip.t.sol', 'heal.t.sol', 'flap.sol']
3,['flip.sol', 'frob.sol', 'flop.t.sol', 'flap.t.sol', 'heal.sol', 'drip.t.sol', 'heal.t.sol', 'drip.sol']
2,['flip.sol', 'frob.sol', 'flop.t.sol', 'flap.t.sol', 'heal.sol', 'drip.t.sol', 'heal.t.sol', 'frob.t.sol']
2,['flip.sol', 'frob.sol', 'flop.t.sol', 'flap.t.sol', 'heal.sol', 'drip.t.sol', 'heal.t.sol', 'tune.sol']
3,['flip.sol', 'frob.sol', 'flop.t.sol', 'flap.t.sol', 'heal.sol', 'drip.t.sol', 'heal.t.sol', 'bite.sol']
2,['flip.sol', 'frob.sol', 'flop.t.sol', 'flap.t.sol', 'heal.sol', 'drip.t.sol', 'flap.sol', 'drip.sol']
3,['flip.sol', 'frob.sol', 'flop.t.sol', 'flap.t.sol', 'heal.sol', 'drip.t.sol', 'flap.sol', 'frob.t.sol']
2,['flip.sol', 'frob.sol', 'flop.t.sol', 'flap.t.sol', 'heal.sol', 'drip.t.sol', 'flap.sol', 'tune.sol']
2,['flip.sol', 'frob.sol', 'flop.t.sol', 'flap.t.sol', 'heal.sol', 'drip.t.sol', 'flap.sol', 'bite.sol']
4,['flip.sol', 'frob.sol', 'flop.t.sol', 'flap.t.sol', 'heal.sol', 'drip.t.sol', 'drip.sol', 'frob.t.sol']
2,['flip.sol', 'frob.sol', 'flop.t.sol', 'flap.t.sol', 'heal.sol', 'drip.t.sol', 'drip.sol', 'tune.sol']
2,['flip.sol', 'frob.sol', 'flop.t.sol', 'flap.t.sol', 'heal.sol', 'drip.t.sol', 'drip.sol', 'bite.sol']
2,['flip.sol', 'frob.sol', 'flop.t.sol', 'flap.t.sol', 'heal.sol', 'drip.t.sol', 'frob.t.sol', 'tune.sol']
5,['flip.sol', 'frob.sol', 'flop.t.sol', 'flap.t.sol', 'heal.sol', 'drip.t.sol', 'frob.t.sol', 'bite.sol']
2,['flip.sol', 'frob.sol', 'flop.t.sol', 'flap.t.sol', 'heal.sol', 'drip.t.sol', 'tune.sol', 'bite.sol']
3,['flip.sol', 'frob.sol', 'flop.t.sol', 'flap.t.sol', 'heal.sol', 'heal.t.sol', 'flap.sol', 'drip.sol']
3,['flip.sol', 'frob.sol', 'flop.t.sol', 'flap.t.sol', 'heal.sol', 'heal.t.sol', 'flap.sol', 'frob.t.sol']
3,['flip.sol', 'frob.sol', 'flop.t.sol', 'flap.t.sol', 'heal.sol', 'heal.t.sol', 'flap.sol', 'tune.sol']
4,['flip.sol', 'frob.sol', 'flop.t.sol', 'flap.t.sol', 'heal.sol', 'heal.t.sol', 'flap.sol', 'bite.sol']
2,['flip.sol', 'frob.sol', 'flop.t.sol', 'flap.t.sol', 'heal.sol', 'heal.t.sol', 'drip.sol', 'frob.t.sol']
2,['flip.sol', 'frob.sol', 'flop.t.sol', 'flap.t.sol', 'heal.sol', 'heal.t.sol', 'drip.sol', 'tune.sol']
3,['flip.sol', 'frob.sol', 'flop.t.sol', 'flap.t.sol', 'heal.sol', 'heal.t.sol', 'drip.sol', 'bite.sol']
3,['flip.sol', 'frob.sol', 'flop.t.sol', 'flap.t.sol', 'heal.sol', 'heal.t.sol', 'frob.t.sol', 'tune.sol']
3,['flip.sol', 'frob.sol', 'flop.t.sol', 'flap.t.sol', 'heal.sol', 'heal.t.sol', 'frob.t.sol', 'bite.sol']
2,['flip.sol', 'frob.sol', 'flop.t.sol', 'flap.t.sol', 'heal.sol', 'heal.t.sol', 'tune.sol', 'bite.sol']
3,['flip.sol', 'frob.sol', 'flop.t.sol', 'flap.t.sol', 'heal.sol', 'flap.sol', 'drip.sol', 'frob.t.sol']
3,['flip.sol', 'frob.sol', 'flop.t.sol', 'flap.t.sol', 'heal.sol', 'flap.sol', 'drip.sol', 'tune.sol']
2,['flip.sol', 'frob.sol', 'flop.t.sol', 'flap.t.sol', 'heal.sol', 'flap.sol', 'drip.sol', 'bite.sol']
3,['flip.sol', 'frob.sol', 'flop.t.sol', 'flap.t.sol', 'heal.sol', 'flap.sol', 'frob.t.sol', 'tune.sol']
4,['flip.sol', 'frob.sol', 'flop.t.sol', 'flap.t.sol', 'heal.sol', 'flap.sol', 'frob.t.sol', 'bite.sol']
2,['flip.sol', 'frob.sol', 'flop.t.sol', 'flap.t.sol', 'heal.sol', 'flap.sol', 'tune.sol', 'bite.sol']
2,['flip.sol', 'frob.sol', 'flop.t.sol', 'flap.t.sol', 'heal.sol', 'drip.sol', 'frob.t.sol', 'tune.sol']
3,['flip.sol', 'frob.sol', 'flop.t.sol', 'flap.t.sol', 'heal.sol', 'drip.sol', 'frob.t.sol', 'bite.sol']
2,['flip.sol', 'frob.sol', 'flop.t.sol', 'flap.t.sol', 'heal.sol', 'drip.sol', 'tune.sol', 'bite.sol']
3,['flip.sol', 'frob.sol', 'flop.t.sol', 'flap.t.sol', 'heal.sol', 'frob.t.sol', 'tune.sol', 'bite.sol']
3,['flip.sol', 'frob.sol', 'flop.t.sol', 'flap.t.sol', 'drip.t.sol', 'heal.t.sol', 'flap.sol', 'drip.sol']
2,['flip.sol', 'frob.sol', 'flop.t.sol', 'flap.t.sol', 'drip.t.sol', 'heal.t.sol', 'flap.sol', 'frob.t.sol']
2,['flip.sol', 'frob.sol', 'flop.t.sol', 'flap.t.sol', 'drip.t.sol', 'heal.t.sol', 'flap.sol', 'tune.sol']
3,['flip.sol', 'frob.sol', 'flop.t.sol', 'flap.t.sol', 'drip.t.sol', 'heal.t.sol', 'flap.sol', 'bite.sol']
2,['flip.sol', 'frob.sol', 'flop.t.sol', 'flap.t.sol', 'drip.t.sol', 'heal.t.sol', 'drip.sol', 'frob.t.sol']
2,['flip.sol', 'frob.sol', 'flop.t.sol', 'flap.t.sol', 'drip.t.sol', 'heal.t.sol', 'drip.sol', 'tune.sol']
3,['flip.sol', 'frob.sol', 'flop.t.sol', 'flap.t.sol', 'drip.t.sol', 'heal.t.sol', 'drip.sol', 'bite.sol']
2,['flip.sol', 'frob.sol', 'flop.t.sol', 'flap.t.sol', 'drip.t.sol', 'heal.t.sol', 'frob.t.sol', 'tune.sol']
2,['flip.sol', 'frob.sol', 'flop.t.sol', 'flap.t.sol', 'drip.t.sol', 'heal.t.sol', 'frob.t.sol', 'bite.sol']
2,['flip.sol', 'frob.sol', 'flop.t.sol', 'flap.t.sol', 'drip.t.sol', 'heal.t.sol', 'tune.sol', 'bite.sol']
3,['flip.sol', 'frob.sol', 'flop.t.sol', 'flap.t.sol', 'drip.t.sol', 'flap.sol', 'drip.sol', 'frob.t.sol']
3,['flip.sol', 'frob.sol', 'flop.t.sol', 'flap.t.sol', 'drip.t.sol', 'flap.sol', 'drip.sol', 'tune.sol']
2,['flip.sol', 'frob.sol', 'flop.t.sol', 'flap.t.sol', 'drip.t.sol', 'flap.sol', 'drip.sol', 'bite.sol']
2,['flip.sol', 'frob.sol', 'flop.t.sol', 'flap.t.sol', 'drip.t.sol', 'flap.sol', 'frob.t.sol', 'tune.sol']
3,['flip.sol', 'frob.sol', 'flop.t.sol', 'flap.t.sol', 'drip.t.sol', 'flap.sol', 'frob.t.sol', 'bite.sol']
2,['flip.sol', 'frob.sol', 'flop.t.sol', 'flap.t.sol', 'drip.t.sol', 'flap.sol', 'tune.sol', 'bite.sol']
2,['flip.sol', 'frob.sol', 'flop.t.sol', 'flap.t.sol', 'drip.t.sol', 'drip.sol', 'frob.t.sol', 'tune.sol']
5,['flip.sol', 'frob.sol', 'flop.t.sol', 'flap.t.sol', 'drip.t.sol', 'drip.sol', 'frob.t.sol', 'bite.sol']
3,['flip.sol', 'frob.sol', 'flop.t.sol', 'flap.t.sol', 'drip.t.sol', 'drip.sol', 'tune.sol', 'bite.sol']
2,['flip.sol', 'frob.sol', 'flop.t.sol', 'flap.t.sol', 'drip.t.sol', 'frob.t.sol', 'tune.sol', 'bite.sol']
2,['flip.sol', 'frob.sol', 'flop.t.sol', 'flap.t.sol', 'heal.t.sol', 'flap.sol', 'drip.sol', 'frob.t.sol']
2,['flip.sol', 'frob.sol', 'flop.t.sol', 'flap.t.sol', 'heal.t.sol', 'flap.sol', 'drip.sol', 'tune.sol']
3,['flip.sol', 'frob.sol', 'flop.t.sol', 'flap.t.sol', 'heal.t.sol', 'flap.sol', 'drip.sol', 'bite.sol']
3,['flip.sol', 'frob.sol', 'flop.t.sol', 'flap.t.sol', 'heal.t.sol', 'flap.sol', 'frob.t.sol', 'tune.sol']
3,['flip.sol', 'frob.sol', 'flop.t.sol', 'flap.t.sol', 'heal.t.sol', 'flap.sol', 'frob.t.sol', 'bite.sol']
2,['flip.sol', 'frob.sol', 'flop.t.sol', 'flap.t.sol', 'heal.t.sol', 'flap.sol', 'tune.sol', 'bite.sol']
2,['flip.sol', 'frob.sol', 'flop.t.sol', 'flap.t.sol', 'heal.t.sol', 'drip.sol', 'frob.t.sol', 'tune.sol']
2,['flip.sol', 'frob.sol', 'flop.t.sol', 'flap.t.sol', 'heal.t.sol', 'drip.sol', 'frob.t.sol', 'bite.sol']
2,['flip.sol', 'frob.sol', 'flop.t.sol', 'flap.t.sol', 'heal.t.sol', 'drip.sol', 'tune.sol', 'bite.sol']
3,['flip.sol', 'frob.sol', 'flop.t.sol', 'flap.t.sol', 'heal.t.sol', 'frob.t.sol', 'tune.sol', 'bite.sol']
3,['flip.sol', 'frob.sol', 'flop.t.sol', 'flap.t.sol', 'flap.sol', 'drip.sol', 'frob.t.sol', 'tune.sol']
3,['flip.sol', 'frob.sol', 'flop.t.sol', 'flap.t.sol', 'flap.sol', 'drip.sol', 'frob.t.sol', 'bite.sol']
2,['flip.sol', 'frob.sol', 'flop.t.sol', 'flap.t.sol', 'flap.sol', 'drip.sol', 'tune.sol', 'bite.sol']
3,['flip.sol', 'frob.sol', 'flop.t.sol', 'flap.t.sol', 'flap.sol', 'frob.t.sol', 'tune.sol', 'bite.sol']
2,['flip.sol', 'frob.sol', 'flop.t.sol', 'flap.t.sol', 'drip.sol', 'frob.t.sol', 'tune.sol', 'bite.sol']
3,['flip.sol', 'frob.sol', 'flop.t.sol', 'heal.sol', 'drip.t.sol', 'heal.t.sol', 'flap.sol', 'drip.sol']
2,['flip.sol', 'frob.sol', 'flop.t.sol', 'heal.sol', 'drip.t.sol', 'heal.t.sol', 'flap.sol', 'frob.t.sol']
2,['flip.sol', 'frob.sol', 'flop.t.sol', 'heal.sol', 'drip.t.sol', 'heal.t.sol', 'flap.sol', 'tune.sol']
3,['flip.sol', 'frob.sol', 'flop.t.sol', 'heal.sol', 'drip.t.sol', 'heal.t.sol', 'flap.sol', 'bite.sol']
3,['flip.sol', 'frob.sol', 'flop.t.sol', 'heal.sol', 'drip.t.sol', 'heal.t.sol', 'drip.sol', 'frob.t.sol']
2,['flip.sol', 'frob.sol', 'flop.t.sol', 'heal.sol', 'drip.t.sol', 'heal.t.sol', 'drip.sol', 'tune.sol']
3,['flip.sol', 'frob.sol', 'flop.t.sol', 'heal.sol', 'drip.t.sol', 'heal.t.sol', 'drip.sol', 'bite.sol']
2,['flip.sol', 'frob.sol', 'flop.t.sol', 'heal.sol', 'drip.t.sol', 'heal.t.sol', 'frob.t.sol', 'tune.sol']
2,['flip.sol', 'frob.sol', 'flop.t.sol', 'heal.sol', 'drip.t.sol', 'heal.t.sol', 'frob.t.sol', 'bite.sol']
2,['flip.sol', 'frob.sol', 'flop.t.sol', 'heal.sol', 'drip.t.sol', 'heal.t.sol', 'tune.sol', 'bite.sol']
3,['flip.sol', 'frob.sol', 'flop.t.sol', 'heal.sol', 'drip.t.sol', 'flap.sol', 'drip.sol', 'frob.t.sol']
2,['flip.sol', 'frob.sol', 'flop.t.sol', 'heal.sol', 'drip.t.sol', 'flap.sol', 'drip.sol', 'tune.sol']
2,['flip.sol', 'frob.sol', 'flop.t.sol', 'heal.sol', 'drip.t.sol', 'flap.sol', 'drip.sol', 'bite.sol']
2,['flip.sol', 'frob.sol', 'flop.t.sol', 'heal.sol', 'drip.t.sol', 'flap.sol', 'frob.t.sol', 'tune.sol']
3,['flip.sol', 'frob.sol', 'flop.t.sol', 'heal.sol', 'drip.t.sol', 'flap.sol', 'frob.t.sol', 'bite.sol']
1,['flip.sol', 'frob.sol', 'flop.t.sol', 'heal.sol', 'drip.t.sol', 'flap.sol', 'tune.sol', 'bite.sol']
4,['flip.sol', 'frob.sol', 'flop.t.sol', 'heal.sol', 'drip.t.sol', 'drip.sol', 'frob.t.sol', 'tune.sol']
3,['flip.sol', 'frob.sol', 'flop.t.sol', 'heal.sol', 'drip.t.sol', 'drip.sol', 'frob.t.sol', 'bite.sol']
2,['flip.sol', 'frob.sol', 'flop.t.sol', 'heal.sol', 'drip.t.sol', 'drip.sol', 'tune.sol', 'bite.sol']
4,['flip.sol', 'frob.sol', 'flop.t.sol', 'heal.sol', 'drip.t.sol', 'frob.t.sol', 'tune.sol', 'bite.sol']
2,['flip.sol', 'frob.sol', 'flop.t.sol', 'heal.sol', 'heal.t.sol', 'flap.sol', 'drip.sol', 'frob.t.sol']
2,['flip.sol', 'frob.sol', 'flop.t.sol', 'heal.sol', 'heal.t.sol', 'flap.sol', 'drip.sol', 'tune.sol']
2,['flip.sol', 'frob.sol', 'flop.t.sol', 'heal.sol', 'heal.t.sol', 'flap.sol', 'drip.sol', 'bite.sol']
3,['flip.sol', 'frob.sol', 'flop.t.sol', 'heal.sol', 'heal.t.sol', 'flap.sol', 'frob.t.sol', 'tune.sol']
3,['flip.sol', 'frob.sol', 'flop.t.sol', 'heal.sol', 'heal.t.sol', 'flap.sol', 'frob.t.sol', 'bite.sol']
3,['flip.sol', 'frob.sol', 'flop.t.sol', 'heal.sol', 'heal.t.sol', 'flap.sol', 'tune.sol', 'bite.sol']
2,['flip.sol', 'frob.sol', 'flop.t.sol', 'heal.sol', 'heal.t.sol', 'drip.sol', 'frob.t.sol', 'tune.sol']
2,['flip.sol', 'frob.sol', 'flop.t.sol', 'heal.sol', 'heal.t.sol', 'drip.sol', 'frob.t.sol', 'bite.sol']
2,['flip.sol', 'frob.sol', 'flop.t.sol', 'heal.sol', 'heal.t.sol', 'drip.sol', 'tune.sol', 'bite.sol']
3,['flip.sol', 'frob.sol', 'flop.t.sol', 'heal.sol', 'heal.t.sol', 'frob.t.sol', 'tune.sol', 'bite.sol']
3,['flip.sol', 'frob.sol', 'flop.t.sol', 'heal.sol', 'flap.sol', 'drip.sol', 'frob.t.sol', 'tune.sol']
2,['flip.sol', 'frob.sol', 'flop.t.sol', 'heal.sol', 'flap.sol', 'drip.sol', 'frob.t.sol', 'bite.sol']
2,['flip.sol', 'frob.sol', 'flop.t.sol', 'heal.sol', 'flap.sol', 'drip.sol', 'tune.sol', 'bite.sol']
3,['flip.sol', 'frob.sol', 'flop.t.sol', 'heal.sol', 'flap.sol', 'frob.t.sol', 'tune.sol', 'bite.sol']
2,['flip.sol', 'frob.sol', 'flop.t.sol', 'heal.sol', 'drip.sol', 'frob.t.sol', 'tune.sol', 'bite.sol']
2,['flip.sol', 'frob.sol', 'flop.t.sol', 'drip.t.sol', 'heal.t.sol', 'flap.sol', 'drip.sol', 'frob.t.sol']
2,['flip.sol', 'frob.sol', 'flop.t.sol', 'drip.t.sol', 'heal.t.sol', 'flap.sol', 'drip.sol', 'tune.sol']
3,['flip.sol', 'frob.sol', 'flop.t.sol', 'drip.t.sol', 'heal.t.sol', 'flap.sol', 'drip.sol', 'bite.sol']
2,['flip.sol', 'frob.sol', 'flop.t.sol', 'drip.t.sol', 'heal.t.sol', 'flap.sol', 'frob.t.sol', 'tune.sol']
2,['flip.sol', 'frob.sol', 'flop.t.sol', 'drip.t.sol', 'heal.t.sol', 'flap.sol', 'frob.t.sol', 'bite.sol']
2,['flip.sol', 'frob.sol', 'flop.t.sol', 'drip.t.sol', 'heal.t.sol', 'flap.sol', 'tune.sol', 'bite.sol']
2,['flip.sol', 'frob.sol', 'flop.t.sol', 'drip.t.sol', 'heal.t.sol', 'drip.sol', 'frob.t.sol', 'tune.sol']
3,['flip.sol', 'frob.sol', 'flop.t.sol', 'drip.t.sol', 'heal.t.sol', 'drip.sol', 'frob.t.sol', 'bite.sol']
2,['flip.sol', 'frob.sol', 'flop.t.sol', 'drip.t.sol', 'heal.t.sol', 'drip.sol', 'tune.sol', 'bite.sol']
2,['flip.sol', 'frob.sol', 'flop.t.sol', 'drip.t.sol', 'heal.t.sol', 'frob.t.sol', 'tune.sol', 'bite.sol']
2,['flip.sol', 'frob.sol', 'flop.t.sol', 'drip.t.sol', 'flap.sol', 'drip.sol', 'frob.t.sol', 'tune.sol']
3,['flip.sol', 'frob.sol', 'flop.t.sol', 'drip.t.sol', 'flap.sol', 'drip.sol', 'frob.t.sol', 'bite.sol']
2,['flip.sol', 'frob.sol', 'flop.t.sol', 'drip.t.sol', 'flap.sol', 'drip.sol', 'tune.sol', 'bite.sol']
2,['flip.sol', 'frob.sol', 'flop.t.sol', 'drip.t.sol', 'flap.sol', 'frob.t.sol', 'tune.sol', 'bite.sol']
4,['flip.sol', 'frob.sol', 'flop.t.sol', 'drip.t.sol', 'drip.sol', 'frob.t.sol', 'tune.sol', 'bite.sol']
2,['flip.sol', 'frob.sol', 'flop.t.sol', 'heal.t.sol', 'flap.sol', 'drip.sol', 'frob.t.sol', 'tune.sol']
2,['flip.sol', 'frob.sol', 'flop.t.sol', 'heal.t.sol', 'flap.sol', 'drip.sol', 'frob.t.sol', 'bite.sol']
2,['flip.sol', 'frob.sol', 'flop.t.sol', 'heal.t.sol', 'flap.sol', 'drip.sol', 'tune.sol', 'bite.sol']
3,['flip.sol', 'frob.sol', 'flop.t.sol', 'heal.t.sol', 'flap.sol', 'frob.t.sol', 'tune.sol', 'bite.sol']
2,['flip.sol', 'frob.sol', 'flop.t.sol', 'heal.t.sol', 'drip.sol', 'frob.t.sol', 'tune.sol', 'bite.sol']
2,['flip.sol', 'frob.sol', 'flop.t.sol', 'flap.sol', 'drip.sol', 'frob.t.sol', 'tune.sol', 'bite.sol']
3,['flip.sol', 'frob.sol', 'flap.t.sol', 'heal.sol', 'drip.t.sol', 'heal.t.sol', 'flap.sol', 'drip.sol']
2,['flip.sol', 'frob.sol', 'flap.t.sol', 'heal.sol', 'drip.t.sol', 'heal.t.sol', 'flap.sol', 'frob.t.sol']
2,['flip.sol', 'frob.sol', 'flap.t.sol', 'heal.sol', 'drip.t.sol', 'heal.t.sol', 'flap.sol', 'tune.sol']
2,['flip.sol', 'frob.sol', 'flap.t.sol', 'heal.sol', 'drip.t.sol', 'heal.t.sol', 'flap.sol', 'bite.sol']
3,['flip.sol', 'frob.sol', 'flap.t.sol', 'heal.sol', 'drip.t.sol', 'heal.t.sol', 'drip.sol', 'frob.t.sol']
2,['flip.sol', 'frob.sol', 'flap.t.sol', 'heal.sol', 'drip.t.sol', 'heal.t.sol', 'drip.sol', 'tune.sol']
3,['flip.sol', 'frob.sol', 'flap.t.sol', 'heal.sol', 'drip.t.sol', 'heal.t.sol', 'drip.sol', 'bite.sol']
2,['flip.sol', 'frob.sol', 'flap.t.sol', 'heal.sol', 'drip.t.sol', 'heal.t.sol', 'frob.t.sol', 'tune.sol']
2,['flip.sol', 'frob.sol', 'flap.t.sol', 'heal.sol', 'drip.t.sol', 'heal.t.sol', 'frob.t.sol', 'bite.sol']
2,['flip.sol', 'frob.sol', 'flap.t.sol', 'heal.sol', 'drip.t.sol', 'heal.t.sol', 'tune.sol', 'bite.sol']
3,['flip.sol', 'frob.sol', 'flap.t.sol', 'heal.sol', 'drip.t.sol', 'flap.sol', 'drip.sol', 'frob.t.sol']
2,['flip.sol', 'frob.sol', 'flap.t.sol', 'heal.sol', 'drip.t.sol', 'flap.sol', 'drip.sol', 'tune.sol']
2,['flip.sol', 'frob.sol', 'flap.t.sol', 'heal.sol', 'drip.t.sol', 'flap.sol', 'drip.sol', 'bite.sol']
2,['flip.sol', 'frob.sol', 'flap.t.sol', 'heal.sol', 'drip.t.sol', 'flap.sol', 'frob.t.sol', 'tune.sol']
3,['flip.sol', 'frob.sol', 'flap.t.sol', 'heal.sol', 'drip.t.sol', 'flap.sol', 'frob.t.sol', 'bite.sol']
1,['flip.sol', 'frob.sol', 'flap.t.sol', 'heal.sol', 'drip.t.sol', 'flap.sol', 'tune.sol', 'bite.sol']
4,['flip.sol', 'frob.sol', 'flap.t.sol', 'heal.sol', 'drip.t.sol', 'drip.sol', 'frob.t.sol', 'tune.sol']
3,['flip.sol', 'frob.sol', 'flap.t.sol', 'heal.sol', 'drip.t.sol', 'drip.sol', 'frob.t.sol', 'bite.sol']
2,['flip.sol', 'frob.sol', 'flap.t.sol', 'heal.sol', 'drip.t.sol', 'drip.sol', 'tune.sol', 'bite.sol']
4,['flip.sol', 'frob.sol', 'flap.t.sol', 'heal.sol', 'drip.t.sol', 'frob.t.sol', 'tune.sol', 'bite.sol']
2,['flip.sol', 'frob.sol', 'flap.t.sol', 'heal.sol', 'heal.t.sol', 'flap.sol', 'drip.sol', 'frob.t.sol']
2,['flip.sol', 'frob.sol', 'flap.t.sol', 'heal.sol', 'heal.t.sol', 'flap.sol', 'drip.sol', 'tune.sol']
2,['flip.sol', 'frob.sol', 'flap.t.sol', 'heal.sol', 'heal.t.sol', 'flap.sol', 'drip.sol', 'bite.sol']
3,['flip.sol', 'frob.sol', 'flap.t.sol', 'heal.sol', 'heal.t.sol', 'flap.sol', 'frob.t.sol', 'tune.sol']
3,['flip.sol', 'frob.sol', 'flap.t.sol', 'heal.sol', 'heal.t.sol', 'flap.sol', 'frob.t.sol', 'bite.sol']
2,['flip.sol', 'frob.sol', 'flap.t.sol', 'heal.sol', 'heal.t.sol', 'flap.sol', 'tune.sol', 'bite.sol']
2,['flip.sol', 'frob.sol', 'flap.t.sol', 'heal.sol', 'heal.t.sol', 'drip.sol', 'frob.t.sol', 'tune.sol']
2,['flip.sol', 'frob.sol', 'flap.t.sol', 'heal.sol', 'heal.t.sol', 'drip.sol', 'frob.t.sol', 'bite.sol']
2,['flip.sol', 'frob.sol', 'flap.t.sol', 'heal.sol', 'heal.t.sol', 'drip.sol', 'tune.sol', 'bite.sol']
3,['flip.sol', 'frob.sol', 'flap.t.sol', 'heal.sol', 'heal.t.sol', 'frob.t.sol', 'tune.sol', 'bite.sol']
3,['flip.sol', 'frob.sol', 'flap.t.sol', 'heal.sol', 'flap.sol', 'drip.sol', 'frob.t.sol', 'tune.sol']
2,['flip.sol', 'frob.sol', 'flap.t.sol', 'heal.sol', 'flap.sol', 'drip.sol', 'frob.t.sol', 'bite.sol']
2,['flip.sol', 'frob.sol', 'flap.t.sol', 'heal.sol', 'flap.sol', 'drip.sol', 'tune.sol', 'bite.sol']
3,['flip.sol', 'frob.sol', 'flap.t.sol', 'heal.sol', 'flap.sol', 'frob.t.sol', 'tune.sol', 'bite.sol']
2,['flip.sol', 'frob.sol', 'flap.t.sol', 'heal.sol', 'drip.sol', 'frob.t.sol', 'tune.sol', 'bite.sol']
2,['flip.sol', 'frob.sol', 'flap.t.sol', 'drip.t.sol', 'heal.t.sol', 'flap.sol', 'drip.sol', 'frob.t.sol']
2,['flip.sol', 'frob.sol', 'flap.t.sol', 'drip.t.sol', 'heal.t.sol', 'flap.sol', 'drip.sol', 'tune.sol']
3,['flip.sol', 'frob.sol', 'flap.t.sol', 'drip.t.sol', 'heal.t.sol', 'flap.sol', 'drip.sol', 'bite.sol']
2,['flip.sol', 'frob.sol', 'flap.t.sol', 'drip.t.sol', 'heal.t.sol', 'flap.sol', 'frob.t.sol', 'tune.sol']
2,['flip.sol', 'frob.sol', 'flap.t.sol', 'drip.t.sol', 'heal.t.sol', 'flap.sol', 'frob.t.sol', 'bite.sol']
2,['flip.sol', 'frob.sol', 'flap.t.sol', 'drip.t.sol', 'heal.t.sol', 'flap.sol', 'tune.sol', 'bite.sol']
2,['flip.sol', 'frob.sol', 'flap.t.sol', 'drip.t.sol', 'heal.t.sol', 'drip.sol', 'frob.t.sol', 'tune.sol']
3,['flip.sol', 'frob.sol', 'flap.t.sol', 'drip.t.sol', 'heal.t.sol', 'drip.sol', 'frob.t.sol', 'bite.sol']
2,['flip.sol', 'frob.sol', 'flap.t.sol', 'drip.t.sol', 'heal.t.sol', 'drip.sol', 'tune.sol', 'bite.sol']
2,['flip.sol', 'frob.sol', 'flap.t.sol', 'drip.t.sol', 'heal.t.sol', 'frob.t.sol', 'tune.sol', 'bite.sol']
2,['flip.sol', 'frob.sol', 'flap.t.sol', 'drip.t.sol', 'flap.sol', 'drip.sol', 'frob.t.sol', 'tune.sol']
3,['flip.sol', 'frob.sol', 'flap.t.sol', 'drip.t.sol', 'flap.sol', 'drip.sol', 'frob.t.sol', 'bite.sol']
2,['flip.sol', 'frob.sol', 'flap.t.sol', 'drip.t.sol', 'flap.sol', 'drip.sol', 'tune.sol', 'bite.sol']
2,['flip.sol', 'frob.sol', 'flap.t.sol', 'drip.t.sol', 'flap.sol', 'frob.t.sol', 'tune.sol', 'bite.sol']
4,['flip.sol', 'frob.sol', 'flap.t.sol', 'drip.t.sol', 'drip.sol', 'frob.t.sol', 'tune.sol', 'bite.sol']
2,['flip.sol', 'frob.sol', 'flap.t.sol', 'heal.t.sol', 'flap.sol', 'drip.sol', 'frob.t.sol', 'tune.sol']
2,['flip.sol', 'frob.sol', 'flap.t.sol', 'heal.t.sol', 'flap.sol', 'drip.sol', 'frob.t.sol', 'bite.sol']
2,['flip.sol', 'frob.sol', 'flap.t.sol', 'heal.t.sol', 'flap.sol', 'drip.sol', 'tune.sol', 'bite.sol']
3,['flip.sol', 'frob.sol', 'flap.t.sol', 'heal.t.sol', 'flap.sol', 'frob.t.sol', 'tune.sol', 'bite.sol']
2,['flip.sol', 'frob.sol', 'flap.t.sol', 'heal.t.sol', 'drip.sol', 'frob.t.sol', 'tune.sol', 'bite.sol']
2,['flip.sol', 'frob.sol', 'flap.t.sol', 'flap.sol', 'drip.sol', 'frob.t.sol', 'tune.sol', 'bite.sol']
4,['flip.sol', 'frob.sol', 'heal.sol', 'drip.t.sol', 'heal.t.sol', 'flap.sol', 'drip.sol', 'frob.t.sol']
3,['flip.sol', 'frob.sol', 'heal.sol', 'drip.t.sol', 'heal.t.sol', 'flap.sol', 'drip.sol', 'tune.sol']
2,['flip.sol', 'frob.sol', 'heal.sol', 'drip.t.sol', 'heal.t.sol', 'flap.sol', 'drip.sol', 'bite.sol']
1,['flip.sol', 'frob.sol', 'heal.sol', 'drip.t.sol', 'heal.t.sol', 'flap.sol', 'frob.t.sol', 'tune.sol']
4,['flip.sol', 'frob.sol', 'heal.sol', 'drip.t.sol', 'heal.t.sol', 'flap.sol', 'frob.t.sol', 'bite.sol']
2,['flip.sol', 'frob.sol', 'heal.sol', 'drip.t.sol', 'heal.t.sol', 'flap.sol', 'tune.sol', 'bite.sol']
3,['flip.sol', 'frob.sol', 'heal.sol', 'drip.t.sol', 'heal.t.sol', 'drip.sol', 'frob.t.sol', 'tune.sol']
4,['flip.sol', 'frob.sol', 'heal.sol', 'drip.t.sol', 'heal.t.sol', 'drip.sol', 'frob.t.sol', 'bite.sol']
2,['flip.sol', 'frob.sol', 'heal.sol', 'drip.t.sol', 'heal.t.sol', 'drip.sol', 'tune.sol', 'bite.sol']
4,['flip.sol', 'frob.sol', 'heal.sol', 'drip.t.sol', 'heal.t.sol', 'frob.t.sol', 'tune.sol', 'bite.sol']
2,['flip.sol', 'frob.sol', 'heal.sol', 'drip.t.sol', 'flap.sol', 'drip.sol', 'frob.t.sol', 'tune.sol']
2,['flip.sol', 'frob.sol', 'heal.sol', 'drip.t.sol', 'flap.sol', 'drip.sol', 'frob.t.sol', 'bite.sol']
2,['flip.sol', 'frob.sol', 'heal.sol', 'drip.t.sol', 'flap.sol', 'drip.sol', 'tune.sol', 'bite.sol']
2,['flip.sol', 'frob.sol', 'heal.sol', 'drip.t.sol', 'flap.sol', 'frob.t.sol', 'tune.sol', 'bite.sol']
2,['flip.sol', 'frob.sol', 'heal.sol', 'drip.t.sol', 'drip.sol', 'frob.t.sol', 'tune.sol', 'bite.sol']
2,['flip.sol', 'frob.sol', 'heal.sol', 'heal.t.sol', 'flap.sol', 'drip.sol', 'frob.t.sol', 'tune.sol']
3,['flip.sol', 'frob.sol', 'heal.sol', 'heal.t.sol', 'flap.sol', 'drip.sol', 'frob.t.sol', 'bite.sol']
3,['flip.sol', 'frob.sol', 'heal.sol', 'heal.t.sol', 'flap.sol', 'drip.sol', 'tune.sol', 'bite.sol']
2,['flip.sol', 'frob.sol', 'heal.sol', 'heal.t.sol', 'flap.sol', 'frob.t.sol', 'tune.sol', 'bite.sol']
1,['flip.sol', 'frob.sol', 'heal.sol', 'heal.t.sol', 'drip.sol', 'frob.t.sol', 'tune.sol', 'bite.sol']
1,['flip.sol', 'frob.sol', 'heal.sol', 'flap.sol', 'drip.sol', 'frob.t.sol', 'tune.sol', 'bite.sol']
2,['flip.sol', 'frob.sol', 'drip.t.sol', 'heal.t.sol', 'flap.sol', 'drip.sol', 'frob.t.sol', 'tune.sol']
5,['flip.sol', 'frob.sol', 'drip.t.sol', 'heal.t.sol', 'flap.sol', 'drip.sol', 'frob.t.sol', 'bite.sol']
3,['flip.sol', 'frob.sol', 'drip.t.sol', 'heal.t.sol', 'flap.sol', 'drip.sol', 'tune.sol', 'bite.sol']
1,['flip.sol', 'frob.sol', 'drip.t.sol', 'heal.t.sol', 'flap.sol', 'frob.t.sol', 'tune.sol', 'bite.sol']
4,['flip.sol', 'frob.sol', 'drip.t.sol', 'heal.t.sol', 'drip.sol', 'frob.t.sol', 'tune.sol', 'bite.sol']
2,['flip.sol', 'frob.sol', 'drip.t.sol', 'flap.sol', 'drip.sol', 'frob.t.sol', 'tune.sol', 'bite.sol']
1,['flip.sol', 'frob.sol', 'heal.t.sol', 'flap.sol', 'drip.sol', 'frob.t.sol', 'tune.sol', 'bite.sol']
2,['flip.sol', 'flip.t.sol', 'flop.t.sol', 'flap.t.sol', 'heal.sol', 'drip.t.sol', 'heal.t.sol', 'flap.sol']
3,['flip.sol', 'flip.t.sol', 'flop.t.sol', 'flap.t.sol', 'heal.sol', 'drip.t.sol', 'heal.t.sol', 'drip.sol']
2,['flip.sol', 'flip.t.sol', 'flop.t.sol', 'flap.t.sol', 'heal.sol', 'drip.t.sol', 'heal.t.sol', 'frob.t.sol']
1,['flip.sol', 'flip.t.sol', 'flop.t.sol', 'flap.t.sol', 'heal.sol', 'drip.t.sol', 'heal.t.sol', 'tune.sol']
2,['flip.sol', 'flip.t.sol', 'flop.t.sol', 'flap.t.sol', 'heal.sol', 'drip.t.sol', 'heal.t.sol', 'bite.sol']
3,['flip.sol', 'flip.t.sol', 'flop.t.sol', 'flap.t.sol', 'heal.sol', 'drip.t.sol', 'flap.sol', 'drip.sol']
2,['flip.sol', 'flip.t.sol', 'flop.t.sol', 'flap.t.sol', 'heal.sol', 'drip.t.sol', 'flap.sol', 'frob.t.sol']
2,['flip.sol', 'flip.t.sol', 'flop.t.sol', 'flap.t.sol', 'heal.sol', 'drip.t.sol', 'flap.sol', 'tune.sol']
2,['flip.sol', 'flip.t.sol', 'flop.t.sol', 'flap.t.sol', 'heal.sol', 'drip.t.sol', 'flap.sol', 'bite.sol']
2,['flip.sol', 'flip.t.sol', 'flop.t.sol', 'flap.t.sol', 'heal.sol', 'drip.t.sol', 'drip.sol', 'frob.t.sol']
2,['flip.sol', 'flip.t.sol', 'flop.t.sol', 'flap.t.sol', 'heal.sol', 'drip.t.sol', 'drip.sol', 'tune.sol']
2,['flip.sol', 'flip.t.sol', 'flop.t.sol', 'flap.t.sol', 'heal.sol', 'drip.t.sol', 'drip.sol', 'bite.sol']
2,['flip.sol', 'flip.t.sol', 'flop.t.sol', 'flap.t.sol', 'heal.sol', 'drip.t.sol', 'frob.t.sol', 'tune.sol']
2,['flip.sol', 'flip.t.sol', 'flop.t.sol', 'flap.t.sol', 'heal.sol', 'drip.t.sol', 'frob.t.sol', 'bite.sol']
1,['flip.sol', 'flip.t.sol', 'flop.t.sol', 'flap.t.sol', 'heal.sol', 'drip.t.sol', 'tune.sol', 'bite.sol']
3,['flip.sol', 'flip.t.sol', 'flop.t.sol', 'flap.t.sol', 'heal.sol', 'heal.t.sol', 'flap.sol', 'drip.sol']
3,['flip.sol', 'flip.t.sol', 'flop.t.sol', 'flap.t.sol', 'heal.sol', 'heal.t.sol', 'flap.sol', 'frob.t.sol']
3,['flip.sol', 'flip.t.sol', 'flop.t.sol', 'flap.t.sol', 'heal.sol', 'heal.t.sol', 'flap.sol', 'tune.sol']
2,['flip.sol', 'flip.t.sol', 'flop.t.sol', 'flap.t.sol', 'heal.sol', 'heal.t.sol', 'flap.sol', 'bite.sol']
2,['flip.sol', 'flip.t.sol', 'flop.t.sol', 'flap.t.sol', 'heal.sol', 'heal.t.sol', 'drip.sol', 'frob.t.sol']
2,['flip.sol', 'flip.t.sol', 'flop.t.sol', 'flap.t.sol', 'heal.sol', 'heal.t.sol', 'drip.sol', 'tune.sol']
2,['flip.sol', 'flip.t.sol', 'flop.t.sol', 'flap.t.sol', 'heal.sol', 'heal.t.sol', 'drip.sol', 'bite.sol']
3,['flip.sol', 'flip.t.sol', 'flop.t.sol', 'flap.t.sol', 'heal.sol', 'heal.t.sol', 'frob.t.sol', 'tune.sol']
3,['flip.sol', 'flip.t.sol', 'flop.t.sol', 'flap.t.sol', 'heal.sol', 'heal.t.sol', 'frob.t.sol', 'bite.sol']
1,['flip.sol', 'flip.t.sol', 'flop.t.sol', 'flap.t.sol', 'heal.sol', 'heal.t.sol', 'tune.sol', 'bite.sol']
2,['flip.sol', 'flip.t.sol', 'flop.t.sol', 'flap.t.sol', 'heal.sol', 'flap.sol', 'drip.sol', 'frob.t.sol']
3,['flip.sol', 'flip.t.sol', 'flop.t.sol', 'flap.t.sol', 'heal.sol', 'flap.sol', 'drip.sol', 'tune.sol']
3,['flip.sol', 'flip.t.sol', 'flop.t.sol', 'flap.t.sol', 'heal.sol', 'flap.sol', 'drip.sol', 'bite.sol']
3,['flip.sol', 'flip.t.sol', 'flop.t.sol', 'flap.t.sol', 'heal.sol', 'flap.sol', 'frob.t.sol', 'tune.sol']
3,['flip.sol', 'flip.t.sol', 'flop.t.sol', 'flap.t.sol', 'heal.sol', 'flap.sol', 'frob.t.sol', 'bite.sol']
2,['flip.sol', 'flip.t.sol', 'flop.t.sol', 'flap.t.sol', 'heal.sol', 'flap.sol', 'tune.sol', 'bite.sol']
2,['flip.sol', 'flip.t.sol', 'flop.t.sol', 'flap.t.sol', 'heal.sol', 'drip.sol', 'frob.t.sol', 'tune.sol']
2,['flip.sol', 'flip.t.sol', 'flop.t.sol', 'flap.t.sol', 'heal.sol', 'drip.sol', 'frob.t.sol', 'bite.sol']
2,['flip.sol', 'flip.t.sol', 'flop.t.sol', 'flap.t.sol', 'heal.sol', 'drip.sol', 'tune.sol', 'bite.sol']
3,['flip.sol', 'flip.t.sol', 'flop.t.sol', 'flap.t.sol', 'heal.sol', 'frob.t.sol', 'tune.sol', 'bite.sol']
3,['flip.sol', 'flip.t.sol', 'flop.t.sol', 'flap.t.sol', 'drip.t.sol', 'heal.t.sol', 'flap.sol', 'drip.sol']
2,['flip.sol', 'flip.t.sol', 'flop.t.sol', 'flap.t.sol', 'drip.t.sol', 'heal.t.sol', 'flap.sol', 'frob.t.sol']
2,['flip.sol', 'flip.t.sol', 'flop.t.sol', 'flap.t.sol', 'drip.t.sol', 'heal.t.sol', 'flap.sol', 'tune.sol']
2,['flip.sol', 'flip.t.sol', 'flop.t.sol', 'flap.t.sol', 'drip.t.sol', 'heal.t.sol', 'flap.sol', 'bite.sol']
2,['flip.sol', 'flip.t.sol', 'flop.t.sol', 'flap.t.sol', 'drip.t.sol', 'heal.t.sol', 'drip.sol', 'frob.t.sol']
2,['flip.sol', 'flip.t.sol', 'flop.t.sol', 'flap.t.sol', 'drip.t.sol', 'heal.t.sol', 'drip.sol', 'tune.sol']
3,['flip.sol', 'flip.t.sol', 'flop.t.sol', 'flap.t.sol', 'drip.t.sol', 'heal.t.sol', 'drip.sol', 'bite.sol']
2,['flip.sol', 'flip.t.sol', 'flop.t.sol', 'flap.t.sol', 'drip.t.sol', 'heal.t.sol', 'frob.t.sol', 'tune.sol']
2,['flip.sol', 'flip.t.sol', 'flop.t.sol', 'flap.t.sol', 'drip.t.sol', 'heal.t.sol', 'frob.t.sol', 'bite.sol']
2,['flip.sol', 'flip.t.sol', 'flop.t.sol', 'flap.t.sol', 'drip.t.sol', 'heal.t.sol', 'tune.sol', 'bite.sol']
2,['flip.sol', 'flip.t.sol', 'flop.t.sol', 'flap.t.sol', 'drip.t.sol', 'flap.sol', 'drip.sol', 'frob.t.sol']
2,['flip.sol', 'flip.t.sol', 'flop.t.sol', 'flap.t.sol', 'drip.t.sol', 'flap.sol', 'drip.sol', 'tune.sol']
2,['flip.sol', 'flip.t.sol', 'flop.t.sol', 'flap.t.sol', 'drip.t.sol', 'flap.sol', 'drip.sol', 'bite.sol']
3,['flip.sol', 'flip.t.sol', 'flop.t.sol', 'flap.t.sol', 'drip.t.sol', 'flap.sol', 'frob.t.sol', 'tune.sol']
2,['flip.sol', 'flip.t.sol', 'flop.t.sol', 'flap.t.sol', 'drip.t.sol', 'flap.sol', 'frob.t.sol', 'bite.sol']
2,['flip.sol', 'flip.t.sol', 'flop.t.sol', 'flap.t.sol', 'drip.t.sol', 'flap.sol', 'tune.sol', 'bite.sol']
2,['flip.sol', 'flip.t.sol', 'flop.t.sol', 'flap.t.sol', 'drip.t.sol', 'drip.sol', 'frob.t.sol', 'tune.sol']
2,['flip.sol', 'flip.t.sol', 'flop.t.sol', 'flap.t.sol', 'drip.t.sol', 'drip.sol', 'frob.t.sol', 'bite.sol']
2,['flip.sol', 'flip.t.sol', 'flop.t.sol', 'flap.t.sol', 'drip.t.sol', 'drip.sol', 'tune.sol', 'bite.sol']
2,['flip.sol', 'flip.t.sol', 'flop.t.sol', 'flap.t.sol', 'drip.t.sol', 'frob.t.sol', 'tune.sol', 'bite.sol']
2,['flip.sol', 'flip.t.sol', 'flop.t.sol', 'flap.t.sol', 'heal.t.sol', 'flap.sol', 'drip.sol', 'frob.t.sol']
2,['flip.sol', 'flip.t.sol', 'flop.t.sol', 'flap.t.sol', 'heal.t.sol', 'flap.sol', 'drip.sol', 'tune.sol']
3,['flip.sol', 'flip.t.sol', 'flop.t.sol', 'flap.t.sol', 'heal.t.sol', 'flap.sol', 'drip.sol', 'bite.sol']
3,['flip.sol', 'flip.t.sol', 'flop.t.sol', 'flap.t.sol', 'heal.t.sol', 'flap.sol', 'frob.t.sol', 'tune.sol']
3,['flip.sol', 'flip.t.sol', 'flop.t.sol', 'flap.t.sol', 'heal.t.sol', 'flap.sol', 'frob.t.sol', 'bite.sol']
2,['flip.sol', 'flip.t.sol', 'flop.t.sol', 'flap.t.sol', 'heal.t.sol', 'flap.sol', 'tune.sol', 'bite.sol']
2,['flip.sol', 'flip.t.sol', 'flop.t.sol', 'flap.t.sol', 'heal.t.sol', 'drip.sol', 'frob.t.sol', 'tune.sol']
2,['flip.sol', 'flip.t.sol', 'flop.t.sol', 'flap.t.sol', 'heal.t.sol', 'drip.sol', 'frob.t.sol', 'bite.sol']
2,['flip.sol', 'flip.t.sol', 'flop.t.sol', 'flap.t.sol', 'heal.t.sol', 'drip.sol', 'tune.sol', 'bite.sol']
3,['flip.sol', 'flip.t.sol', 'flop.t.sol', 'flap.t.sol', 'heal.t.sol', 'frob.t.sol', 'tune.sol', 'bite.sol']
2,['flip.sol', 'flip.t.sol', 'flop.t.sol', 'flap.t.sol', 'flap.sol', 'drip.sol', 'frob.t.sol', 'tune.sol']
3,['flip.sol', 'flip.t.sol', 'flop.t.sol', 'flap.t.sol', 'flap.sol', 'drip.sol', 'frob.t.sol', 'bite.sol']
2,['flip.sol', 'flip.t.sol', 'flop.t.sol', 'flap.t.sol', 'flap.sol', 'drip.sol', 'tune.sol', 'bite.sol']
2,['flip.sol', 'flip.t.sol', 'flop.t.sol', 'flap.t.sol', 'flap.sol', 'frob.t.sol', 'tune.sol', 'bite.sol']
2,['flip.sol', 'flip.t.sol', 'flop.t.sol', 'flap.t.sol', 'drip.sol', 'frob.t.sol', 'tune.sol', 'bite.sol']
3,['flip.sol', 'flip.t.sol', 'flop.t.sol', 'heal.sol', 'drip.t.sol', 'heal.t.sol', 'flap.sol', 'drip.sol']
2,['flip.sol', 'flip.t.sol', 'flop.t.sol', 'heal.sol', 'drip.t.sol', 'heal.t.sol', 'flap.sol', 'frob.t.sol']
1,['flip.sol', 'flip.t.sol', 'flop.t.sol', 'heal.sol', 'drip.t.sol', 'heal.t.sol', 'flap.sol', 'tune.sol']
1,['flip.sol', 'flip.t.sol', 'flop.t.sol', 'heal.sol', 'drip.t.sol', 'heal.t.sol', 'flap.sol', 'bite.sol']
2,['flip.sol', 'flip.t.sol', 'flop.t.sol', 'heal.sol', 'drip.t.sol', 'heal.t.sol', 'drip.sol', 'frob.t.sol']
2,['flip.sol', 'flip.t.sol', 'flop.t.sol', 'heal.sol', 'drip.t.sol', 'heal.t.sol', 'drip.sol', 'tune.sol']
2,['flip.sol', 'flip.t.sol', 'flop.t.sol', 'heal.sol', 'drip.t.sol', 'heal.t.sol', 'drip.sol', 'bite.sol']
2,['flip.sol', 'flip.t.sol', 'flop.t.sol', 'heal.sol', 'drip.t.sol', 'heal.t.sol', 'frob.t.sol', 'tune.sol']
2,['flip.sol', 'flip.t.sol', 'flop.t.sol', 'heal.sol', 'drip.t.sol', 'heal.t.sol', 'frob.t.sol', 'bite.sol']
2,['flip.sol', 'flip.t.sol', 'flop.t.sol', 'heal.sol', 'drip.t.sol', 'heal.t.sol', 'tune.sol', 'bite.sol']
2,['flip.sol', 'flip.t.sol', 'flop.t.sol', 'heal.sol', 'drip.t.sol', 'flap.sol', 'drip.sol', 'frob.t.sol']
2,['flip.sol', 'flip.t.sol', 'flop.t.sol', 'heal.sol', 'drip.t.sol', 'flap.sol', 'drip.sol', 'tune.sol']
2,['flip.sol', 'flip.t.sol', 'flop.t.sol', 'heal.sol', 'drip.t.sol', 'flap.sol', 'drip.sol', 'bite.sol']
2,['flip.sol', 'flip.t.sol', 'flop.t.sol', 'heal.sol', 'drip.t.sol', 'flap.sol', 'frob.t.sol', 'tune.sol']
2,['flip.sol', 'flip.t.sol', 'flop.t.sol', 'heal.sol', 'drip.t.sol', 'flap.sol', 'frob.t.sol', 'bite.sol']
1,['flip.sol', 'flip.t.sol', 'flop.t.sol', 'heal.sol', 'drip.t.sol', 'flap.sol', 'tune.sol', 'bite.sol']
3,['flip.sol', 'flip.t.sol', 'flop.t.sol', 'heal.sol', 'drip.t.sol', 'drip.sol', 'frob.t.sol', 'tune.sol']
2,['flip.sol', 'flip.t.sol', 'flop.t.sol', 'heal.sol', 'drip.t.sol', 'drip.sol', 'frob.t.sol', 'bite.sol']
2,['flip.sol', 'flip.t.sol', 'flop.t.sol', 'heal.sol', 'drip.t.sol', 'drip.sol', 'tune.sol', 'bite.sol']
1,['flip.sol', 'flip.t.sol', 'flop.t.sol', 'heal.sol', 'drip.t.sol', 'frob.t.sol', 'tune.sol', 'bite.sol']
2,['flip.sol', 'flip.t.sol', 'flop.t.sol', 'heal.sol', 'heal.t.sol', 'flap.sol', 'drip.sol', 'frob.t.sol']
2,['flip.sol', 'flip.t.sol', 'flop.t.sol', 'heal.sol', 'heal.t.sol', 'flap.sol', 'drip.sol', 'tune.sol']
3,['flip.sol', 'flip.t.sol', 'flop.t.sol', 'heal.sol', 'heal.t.sol', 'flap.sol', 'drip.sol', 'bite.sol']
3,['flip.sol', 'flip.t.sol', 'flop.t.sol', 'heal.sol', 'heal.t.sol', 'flap.sol', 'frob.t.sol', 'tune.sol']
3,['flip.sol', 'flip.t.sol', 'flop.t.sol', 'heal.sol', 'heal.t.sol', 'flap.sol', 'frob.t.sol', 'bite.sol']
1,['flip.sol', 'flip.t.sol', 'flop.t.sol', 'heal.sol', 'heal.t.sol', 'flap.sol', 'tune.sol', 'bite.sol']
2,['flip.sol', 'flip.t.sol', 'flop.t.sol', 'heal.sol', 'heal.t.sol', 'drip.sol', 'frob.t.sol', 'tune.sol']
2,['flip.sol', 'flip.t.sol', 'flop.t.sol', 'heal.sol', 'heal.t.sol', 'drip.sol', 'frob.t.sol', 'bite.sol']
2,['flip.sol', 'flip.t.sol', 'flop.t.sol', 'heal.sol', 'heal.t.sol', 'drip.sol', 'tune.sol', 'bite.sol']
3,['flip.sol', 'flip.t.sol', 'flop.t.sol', 'heal.sol', 'heal.t.sol', 'frob.t.sol', 'tune.sol', 'bite.sol']
2,['flip.sol', 'flip.t.sol', 'flop.t.sol', 'heal.sol', 'flap.sol', 'drip.sol', 'frob.t.sol', 'tune.sol']
2,['flip.sol', 'flip.t.sol', 'flop.t.sol', 'heal.sol', 'flap.sol', 'drip.sol', 'frob.t.sol', 'bite.sol']
2,['flip.sol', 'flip.t.sol', 'flop.t.sol', 'heal.sol', 'flap.sol', 'drip.sol', 'tune.sol', 'bite.sol']
3,['flip.sol', 'flip.t.sol', 'flop.t.sol', 'heal.sol', 'flap.sol', 'frob.t.sol', 'tune.sol', 'bite.sol']
1,['flip.sol', 'flip.t.sol', 'flop.t.sol', 'heal.sol', 'drip.sol', 'frob.t.sol', 'tune.sol', 'bite.sol']
2,['flip.sol', 'flip.t.sol', 'flop.t.sol', 'drip.t.sol', 'heal.t.sol', 'flap.sol', 'drip.sol', 'frob.t.sol']
2,['flip.sol', 'flip.t.sol', 'flop.t.sol', 'drip.t.sol', 'heal.t.sol', 'flap.sol', 'drip.sol', 'tune.sol']
2,['flip.sol', 'flip.t.sol', 'flop.t.sol', 'drip.t.sol', 'heal.t.sol', 'flap.sol', 'drip.sol', 'bite.sol']
2,['flip.sol', 'flip.t.sol', 'flop.t.sol', 'drip.t.sol', 'heal.t.sol', 'flap.sol', 'frob.t.sol', 'tune.sol']
2,['flip.sol', 'flip.t.sol', 'flop.t.sol', 'drip.t.sol', 'heal.t.sol', 'flap.sol', 'frob.t.sol', 'bite.sol']
2,['flip.sol', 'flip.t.sol', 'flop.t.sol', 'drip.t.sol', 'heal.t.sol', 'flap.sol', 'tune.sol', 'bite.sol']
2,['flip.sol', 'flip.t.sol', 'flop.t.sol', 'drip.t.sol', 'heal.t.sol', 'drip.sol', 'frob.t.sol', 'tune.sol']
2,['flip.sol', 'flip.t.sol', 'flop.t.sol', 'drip.t.sol', 'heal.t.sol', 'drip.sol', 'frob.t.sol', 'bite.sol']
2,['flip.sol', 'flip.t.sol', 'flop.t.sol', 'drip.t.sol', 'heal.t.sol', 'drip.sol', 'tune.sol', 'bite.sol']
2,['flip.sol', 'flip.t.sol', 'flop.t.sol', 'drip.t.sol', 'heal.t.sol', 'frob.t.sol', 'tune.sol', 'bite.sol']
2,['flip.sol', 'flip.t.sol', 'flop.t.sol', 'drip.t.sol', 'flap.sol', 'drip.sol', 'frob.t.sol', 'tune.sol']
2,['flip.sol', 'flip.t.sol', 'flop.t.sol', 'drip.t.sol', 'flap.sol', 'drip.sol', 'frob.t.sol', 'bite.sol']
2,['flip.sol', 'flip.t.sol', 'flop.t.sol', 'drip.t.sol', 'flap.sol', 'drip.sol', 'tune.sol', 'bite.sol']
1,['flip.sol', 'flip.t.sol', 'flop.t.sol', 'drip.t.sol', 'flap.sol', 'frob.t.sol', 'tune.sol', 'bite.sol']
1,['flip.sol', 'flip.t.sol', 'flop.t.sol', 'drip.t.sol', 'drip.sol', 'frob.t.sol', 'tune.sol', 'bite.sol']
2,['flip.sol', 'flip.t.sol', 'flop.t.sol', 'heal.t.sol', 'flap.sol', 'drip.sol', 'frob.t.sol', 'tune.sol']
2,['flip.sol', 'flip.t.sol', 'flop.t.sol', 'heal.t.sol', 'flap.sol', 'drip.sol', 'frob.t.sol', 'bite.sol']
2,['flip.sol', 'flip.t.sol', 'flop.t.sol', 'heal.t.sol', 'flap.sol', 'drip.sol', 'tune.sol', 'bite.sol']
3,['flip.sol', 'flip.t.sol', 'flop.t.sol', 'heal.t.sol', 'flap.sol', 'frob.t.sol', 'tune.sol', 'bite.sol']
2,['flip.sol', 'flip.t.sol', 'flop.t.sol', 'heal.t.sol', 'drip.sol', 'frob.t.sol', 'tune.sol', 'bite.sol']
2,['flip.sol', 'flip.t.sol', 'flop.t.sol', 'flap.sol', 'drip.sol', 'frob.t.sol', 'tune.sol', 'bite.sol']
3,['flip.sol', 'flip.t.sol', 'flap.t.sol', 'heal.sol', 'drip.t.sol', 'heal.t.sol', 'flap.sol', 'drip.sol']
2,['flip.sol', 'flip.t.sol', 'flap.t.sol', 'heal.sol', 'drip.t.sol', 'heal.t.sol', 'flap.sol', 'frob.t.sol']
1,['flip.sol', 'flip.t.sol', 'flap.t.sol', 'heal.sol', 'drip.t.sol', 'heal.t.sol', 'flap.sol', 'tune.sol']
1,['flip.sol', 'flip.t.sol', 'flap.t.sol', 'heal.sol', 'drip.t.sol', 'heal.t.sol', 'flap.sol', 'bite.sol']
2,['flip.sol', 'flip.t.sol', 'flap.t.sol', 'heal.sol', 'drip.t.sol', 'heal.t.sol', 'drip.sol', 'frob.t.sol']
2,['flip.sol', 'flip.t.sol', 'flap.t.sol', 'heal.sol', 'drip.t.sol', 'heal.t.sol', 'drip.sol', 'tune.sol']
2,['flip.sol', 'flip.t.sol', 'flap.t.sol', 'heal.sol', 'drip.t.sol', 'heal.t.sol', 'drip.sol', 'bite.sol']
2,['flip.sol', 'flip.t.sol', 'flap.t.sol', 'heal.sol', 'drip.t.sol', 'heal.t.sol', 'frob.t.sol', 'tune.sol']
2,['flip.sol', 'flip.t.sol', 'flap.t.sol', 'heal.sol', 'drip.t.sol', 'heal.t.sol', 'frob.t.sol', 'bite.sol']
1,['flip.sol', 'flip.t.sol', 'flap.t.sol', 'heal.sol', 'drip.t.sol', 'heal.t.sol', 'tune.sol', 'bite.sol']
2,['flip.sol', 'flip.t.sol', 'flap.t.sol', 'heal.sol', 'drip.t.sol', 'flap.sol', 'drip.sol', 'frob.t.sol']
2,['flip.sol', 'flip.t.sol', 'flap.t.sol', 'heal.sol', 'drip.t.sol', 'flap.sol', 'drip.sol', 'tune.sol']
2,['flip.sol', 'flip.t.sol', 'flap.t.sol', 'heal.sol', 'drip.t.sol', 'flap.sol', 'drip.sol', 'bite.sol']
2,['flip.sol', 'flip.t.sol', 'flap.t.sol', 'heal.sol', 'drip.t.sol', 'flap.sol', 'frob.t.sol', 'tune.sol']
2,['flip.sol', 'flip.t.sol', 'flap.t.sol', 'heal.sol', 'drip.t.sol', 'flap.sol', 'frob.t.sol', 'bite.sol']
2,['flip.sol', 'flip.t.sol', 'flap.t.sol', 'heal.sol', 'drip.t.sol', 'flap.sol', 'tune.sol', 'bite.sol']
3,['flip.sol', 'flip.t.sol', 'flap.t.sol', 'heal.sol', 'drip.t.sol', 'drip.sol', 'frob.t.sol', 'tune.sol']
2,['flip.sol', 'flip.t.sol', 'flap.t.sol', 'heal.sol', 'drip.t.sol', 'drip.sol', 'frob.t.sol', 'bite.sol']
1,['flip.sol', 'flip.t.sol', 'flap.t.sol', 'heal.sol', 'drip.t.sol', 'drip.sol', 'tune.sol', 'bite.sol']
1,['flip.sol', 'flip.t.sol', 'flap.t.sol', 'heal.sol', 'drip.t.sol', 'frob.t.sol', 'tune.sol', 'bite.sol']
2,['flip.sol', 'flip.t.sol', 'flap.t.sol', 'heal.sol', 'heal.t.sol', 'flap.sol', 'drip.sol', 'frob.t.sol']
2,['flip.sol', 'flip.t.sol', 'flap.t.sol', 'heal.sol', 'heal.t.sol', 'flap.sol', 'drip.sol', 'tune.sol']
3,['flip.sol', 'flip.t.sol', 'flap.t.sol', 'heal.sol', 'heal.t.sol', 'flap.sol', 'drip.sol', 'bite.sol']
3,['flip.sol', 'flip.t.sol', 'flap.t.sol', 'heal.sol', 'heal.t.sol', 'flap.sol', 'frob.t.sol', 'tune.sol']
3,['flip.sol', 'flip.t.sol', 'flap.t.sol', 'heal.sol', 'heal.t.sol', 'flap.sol', 'frob.t.sol', 'bite.sol']
1,['flip.sol', 'flip.t.sol', 'flap.t.sol', 'heal.sol', 'heal.t.sol', 'flap.sol', 'tune.sol', 'bite.sol']
2,['flip.sol', 'flip.t.sol', 'flap.t.sol', 'heal.sol', 'heal.t.sol', 'drip.sol', 'frob.t.sol', 'tune.sol']
2,['flip.sol', 'flip.t.sol', 'flap.t.sol', 'heal.sol', 'heal.t.sol', 'drip.sol', 'frob.t.sol', 'bite.sol']
2,['flip.sol', 'flip.t.sol', 'flap.t.sol', 'heal.sol', 'heal.t.sol', 'drip.sol', 'tune.sol', 'bite.sol']
3,['flip.sol', 'flip.t.sol', 'flap.t.sol', 'heal.sol', 'heal.t.sol', 'frob.t.sol', 'tune.sol', 'bite.sol']
2,['flip.sol', 'flip.t.sol', 'flap.t.sol', 'heal.sol', 'flap.sol', 'drip.sol', 'frob.t.sol', 'tune.sol']
2,['flip.sol', 'flip.t.sol', 'flap.t.sol', 'heal.sol', 'flap.sol', 'drip.sol', 'frob.t.sol', 'bite.sol']
2,['flip.sol', 'flip.t.sol', 'flap.t.sol', 'heal.sol', 'flap.sol', 'drip.sol', 'tune.sol', 'bite.sol']
3,['flip.sol', 'flip.t.sol', 'flap.t.sol', 'heal.sol', 'flap.sol', 'frob.t.sol', 'tune.sol', 'bite.sol']
1,['flip.sol', 'flip.t.sol', 'flap.t.sol', 'heal.sol', 'drip.sol', 'frob.t.sol', 'tune.sol', 'bite.sol']
2,['flip.sol', 'flip.t.sol', 'flap.t.sol', 'drip.t.sol', 'heal.t.sol', 'flap.sol', 'drip.sol', 'frob.t.sol']
2,['flip.sol', 'flip.t.sol', 'flap.t.sol', 'drip.t.sol', 'heal.t.sol', 'flap.sol', 'drip.sol', 'tune.sol']
2,['flip.sol', 'flip.t.sol', 'flap.t.sol', 'drip.t.sol', 'heal.t.sol', 'flap.sol', 'drip.sol', 'bite.sol']
2,['flip.sol', 'flip.t.sol', 'flap.t.sol', 'drip.t.sol', 'heal.t.sol', 'flap.sol', 'frob.t.sol', 'tune.sol']
2,['flip.sol', 'flip.t.sol', 'flap.t.sol', 'drip.t.sol', 'heal.t.sol', 'flap.sol', 'frob.t.sol', 'bite.sol']
2,['flip.sol', 'flip.t.sol', 'flap.t.sol', 'drip.t.sol', 'heal.t.sol', 'flap.sol', 'tune.sol', 'bite.sol']
2,['flip.sol', 'flip.t.sol', 'flap.t.sol', 'drip.t.sol', 'heal.t.sol', 'drip.sol', 'frob.t.sol', 'tune.sol']
2,['flip.sol', 'flip.t.sol', 'flap.t.sol', 'drip.t.sol', 'heal.t.sol', 'drip.sol', 'frob.t.sol', 'bite.sol']
2,['flip.sol', 'flip.t.sol', 'flap.t.sol', 'drip.t.sol', 'heal.t.sol', 'drip.sol', 'tune.sol', 'bite.sol']
2,['flip.sol', 'flip.t.sol', 'flap.t.sol', 'drip.t.sol', 'heal.t.sol', 'frob.t.sol', 'tune.sol', 'bite.sol']
2,['flip.sol', 'flip.t.sol', 'flap.t.sol', 'drip.t.sol', 'flap.sol', 'drip.sol', 'frob.t.sol', 'tune.sol']
2,['flip.sol', 'flip.t.sol', 'flap.t.sol', 'drip.t.sol', 'flap.sol', 'drip.sol', 'frob.t.sol', 'bite.sol']
2,['flip.sol', 'flip.t.sol', 'flap.t.sol', 'drip.t.sol', 'flap.sol', 'drip.sol', 'tune.sol', 'bite.sol']
1,['flip.sol', 'flip.t.sol', 'flap.t.sol', 'drip.t.sol', 'flap.sol', 'frob.t.sol', 'tune.sol', 'bite.sol']
1,['flip.sol', 'flip.t.sol', 'flap.t.sol', 'drip.t.sol', 'drip.sol', 'frob.t.sol', 'tune.sol', 'bite.sol']
2,['flip.sol', 'flip.t.sol', 'flap.t.sol', 'heal.t.sol', 'flap.sol', 'drip.sol', 'frob.t.sol', 'tune.sol']
2,['flip.sol', 'flip.t.sol', 'flap.t.sol', 'heal.t.sol', 'flap.sol', 'drip.sol', 'frob.t.sol', 'bite.sol']
2,['flip.sol', 'flip.t.sol', 'flap.t.sol', 'heal.t.sol', 'flap.sol', 'drip.sol', 'tune.sol', 'bite.sol']
3,['flip.sol', 'flip.t.sol', 'flap.t.sol', 'heal.t.sol', 'flap.sol', 'frob.t.sol', 'tune.sol', 'bite.sol']
2,['flip.sol', 'flip.t.sol', 'flap.t.sol', 'heal.t.sol', 'drip.sol', 'frob.t.sol', 'tune.sol', 'bite.sol']
2,['flip.sol', 'flip.t.sol', 'flap.t.sol', 'flap.sol', 'drip.sol', 'frob.t.sol', 'tune.sol', 'bite.sol']
2,['flip.sol', 'flip.t.sol', 'heal.sol', 'drip.t.sol', 'heal.t.sol', 'flap.sol', 'drip.sol', 'frob.t.sol']
2,['flip.sol', 'flip.t.sol', 'heal.sol', 'drip.t.sol', 'heal.t.sol', 'flap.sol', 'drip.sol', 'tune.sol']
2,['flip.sol', 'flip.t.sol', 'heal.sol', 'drip.t.sol', 'heal.t.sol', 'flap.sol', 'drip.sol', 'bite.sol']
2,['flip.sol', 'flip.t.sol', 'heal.sol', 'drip.t.sol', 'heal.t.sol', 'flap.sol', 'frob.t.sol', 'tune.sol']
2,['flip.sol', 'flip.t.sol', 'heal.sol', 'drip.t.sol', 'heal.t.sol', 'flap.sol', 'frob.t.sol', 'bite.sol']
2,['flip.sol', 'flip.t.sol', 'heal.sol', 'drip.t.sol', 'heal.t.sol', 'flap.sol', 'tune.sol', 'bite.sol']
3,['flip.sol', 'flip.t.sol', 'heal.sol', 'drip.t.sol', 'heal.t.sol', 'drip.sol', 'frob.t.sol', 'tune.sol']
2,['flip.sol', 'flip.t.sol', 'heal.sol', 'drip.t.sol', 'heal.t.sol', 'drip.sol', 'frob.t.sol', 'bite.sol']
2,['flip.sol', 'flip.t.sol', 'heal.sol', 'drip.t.sol', 'heal.t.sol', 'drip.sol', 'tune.sol', 'bite.sol']
4,['flip.sol', 'flip.t.sol', 'heal.sol', 'drip.t.sol', 'heal.t.sol', 'frob.t.sol', 'tune.sol', 'bite.sol']
3,['flip.sol', 'flip.t.sol', 'heal.sol', 'drip.t.sol', 'flap.sol', 'drip.sol', 'frob.t.sol', 'tune.sol']
4,['flip.sol', 'flip.t.sol', 'heal.sol', 'drip.t.sol', 'flap.sol', 'drip.sol', 'frob.t.sol', 'bite.sol']
2,['flip.sol', 'flip.t.sol', 'heal.sol', 'drip.t.sol', 'flap.sol', 'drip.sol', 'tune.sol', 'bite.sol']
4,['flip.sol', 'flip.t.sol', 'heal.sol', 'drip.t.sol', 'flap.sol', 'frob.t.sol', 'tune.sol', 'bite.sol']
4,['flip.sol', 'flip.t.sol', 'heal.sol', 'drip.t.sol', 'drip.sol', 'frob.t.sol', 'tune.sol', 'bite.sol']
2,['flip.sol', 'flip.t.sol', 'heal.sol', 'heal.t.sol', 'flap.sol', 'drip.sol', 'frob.t.sol', 'tune.sol']
2,['flip.sol', 'flip.t.sol', 'heal.sol', 'heal.t.sol', 'flap.sol', 'drip.sol', 'frob.t.sol', 'bite.sol']
2,['flip.sol', 'flip.t.sol', 'heal.sol', 'heal.t.sol', 'flap.sol', 'drip.sol', 'tune.sol', 'bite.sol']
3,['flip.sol', 'flip.t.sol', 'heal.sol', 'heal.t.sol', 'flap.sol', 'frob.t.sol', 'tune.sol', 'bite.sol']
1,['flip.sol', 'flip.t.sol', 'heal.sol', 'heal.t.sol', 'drip.sol', 'frob.t.sol', 'tune.sol', 'bite.sol']
2,['flip.sol', 'flip.t.sol', 'heal.sol', 'flap.sol', 'drip.sol', 'frob.t.sol', 'tune.sol', 'bite.sol']
1,['flip.sol', 'flip.t.sol', 'drip.t.sol', 'heal.t.sol', 'flap.sol', 'drip.sol', 'frob.t.sol', 'tune.sol']
2,['flip.sol', 'flip.t.sol', 'drip.t.sol', 'heal.t.sol', 'flap.sol', 'drip.sol', 'frob.t.sol', 'bite.sol']
2,['flip.sol', 'flip.t.sol', 'drip.t.sol', 'heal.t.sol', 'flap.sol', 'drip.sol', 'tune.sol', 'bite.sol']
1,['flip.sol', 'flip.t.sol', 'drip.t.sol', 'heal.t.sol', 'flap.sol', 'frob.t.sol', 'tune.sol', 'bite.sol']
4,['flip.sol', 'flip.t.sol', 'drip.t.sol', 'heal.t.sol', 'drip.sol', 'frob.t.sol', 'tune.sol', 'bite.sol']
4,['flip.sol', 'flip.t.sol', 'drip.t.sol', 'flap.sol', 'drip.sol', 'frob.t.sol', 'tune.sol', 'bite.sol']
2,['flip.sol', 'flip.t.sol', 'heal.t.sol', 'flap.sol', 'drip.sol', 'frob.t.sol', 'tune.sol', 'bite.sol']
3,['flip.sol', 'flop.t.sol', 'flap.t.sol', 'heal.sol', 'drip.t.sol', 'heal.t.sol', 'flap.sol', 'drip.sol']
2,['flip.sol', 'flop.t.sol', 'flap.t.sol', 'heal.sol', 'drip.t.sol', 'heal.t.sol', 'flap.sol', 'frob.t.sol']
2,['flip.sol', 'flop.t.sol', 'flap.t.sol', 'heal.sol', 'drip.t.sol', 'heal.t.sol', 'flap.sol', 'tune.sol']
3,['flip.sol', 'flop.t.sol', 'flap.t.sol', 'heal.sol', 'drip.t.sol', 'heal.t.sol', 'flap.sol', 'bite.sol']
2,['flip.sol', 'flop.t.sol', 'flap.t.sol', 'heal.sol', 'drip.t.sol', 'heal.t.sol', 'drip.sol', 'frob.t.sol']
2,['flip.sol', 'flop.t.sol', 'flap.t.sol', 'heal.sol', 'drip.t.sol', 'heal.t.sol', 'drip.sol', 'tune.sol']
3,['flip.sol', 'flop.t.sol', 'flap.t.sol', 'heal.sol', 'drip.t.sol', 'heal.t.sol', 'drip.sol', 'bite.sol']
2,['flip.sol', 'flop.t.sol', 'flap.t.sol', 'heal.sol', 'drip.t.sol', 'heal.t.sol', 'frob.t.sol', 'tune.sol']
2,['flip.sol', 'flop.t.sol', 'flap.t.sol', 'heal.sol', 'drip.t.sol', 'heal.t.sol', 'frob.t.sol', 'bite.sol']
2,['flip.sol', 'flop.t.sol', 'flap.t.sol', 'heal.sol', 'drip.t.sol', 'heal.t.sol', 'tune.sol', 'bite.sol']
4,['flip.sol', 'flop.t.sol', 'flap.t.sol', 'heal.sol', 'drip.t.sol', 'flap.sol', 'drip.sol', 'frob.t.sol']
2,['flip.sol', 'flop.t.sol', 'flap.t.sol', 'heal.sol', 'drip.t.sol', 'flap.sol', 'drip.sol', 'tune.sol']
2,['flip.sol', 'flop.t.sol', 'flap.t.sol', 'heal.sol', 'drip.t.sol', 'flap.sol', 'drip.sol', 'bite.sol']
3,['flip.sol', 'flop.t.sol', 'flap.t.sol', 'heal.sol', 'drip.t.sol', 'flap.sol', 'frob.t.sol', 'tune.sol']
3,['flip.sol', 'flop.t.sol', 'flap.t.sol', 'heal.sol', 'drip.t.sol', 'flap.sol', 'frob.t.sol', 'bite.sol']
2,['flip.sol', 'flop.t.sol', 'flap.t.sol', 'heal.sol', 'drip.t.sol', 'flap.sol', 'tune.sol', 'bite.sol']
3,['flip.sol', 'flop.t.sol', 'flap.t.sol', 'heal.sol', 'drip.t.sol', 'drip.sol', 'frob.t.sol', 'tune.sol']
4,['flip.sol', 'flop.t.sol', 'flap.t.sol', 'heal.sol', 'drip.t.sol', 'drip.sol', 'frob.t.sol', 'bite.sol']
2,['flip.sol', 'flop.t.sol', 'flap.t.sol', 'heal.sol', 'drip.t.sol', 'drip.sol', 'tune.sol', 'bite.sol']
2,['flip.sol', 'flop.t.sol', 'flap.t.sol', 'heal.sol', 'drip.t.sol', 'frob.t.sol', 'tune.sol', 'bite.sol']
2,['flip.sol', 'flop.t.sol', 'flap.t.sol', 'heal.sol', 'heal.t.sol', 'flap.sol', 'drip.sol', 'frob.t.sol']
2,['flip.sol', 'flop.t.sol', 'flap.t.sol', 'heal.sol', 'heal.t.sol', 'flap.sol', 'drip.sol', 'tune.sol']
3,['flip.sol', 'flop.t.sol', 'flap.t.sol', 'heal.sol', 'heal.t.sol', 'flap.sol', 'drip.sol', 'bite.sol']
3,['flip.sol', 'flop.t.sol', 'flap.t.sol', 'heal.sol', 'heal.t.sol', 'flap.sol', 'frob.t.sol', 'tune.sol']
3,['flip.sol', 'flop.t.sol', 'flap.t.sol', 'heal.sol', 'heal.t.sol', 'flap.sol', 'frob.t.sol', 'bite.sol']
3,['flip.sol', 'flop.t.sol', 'flap.t.sol', 'heal.sol', 'heal.t.sol', 'flap.sol', 'tune.sol', 'bite.sol']
2,['flip.sol', 'flop.t.sol', 'flap.t.sol', 'heal.sol', 'heal.t.sol', 'drip.sol', 'frob.t.sol', 'tune.sol']
2,['flip.sol', 'flop.t.sol', 'flap.t.sol', 'heal.sol', 'heal.t.sol', 'drip.sol', 'frob.t.sol', 'bite.sol']
2,['flip.sol', 'flop.t.sol', 'flap.t.sol', 'heal.sol', 'heal.t.sol', 'drip.sol', 'tune.sol', 'bite.sol']
3,['flip.sol', 'flop.t.sol', 'flap.t.sol', 'heal.sol', 'heal.t.sol', 'frob.t.sol', 'tune.sol', 'bite.sol']
2,['flip.sol', 'flop.t.sol', 'flap.t.sol', 'heal.sol', 'flap.sol', 'drip.sol', 'frob.t.sol', 'tune.sol']
3,['flip.sol', 'flop.t.sol', 'flap.t.sol', 'heal.sol', 'flap.sol', 'drip.sol', 'frob.t.sol', 'bite.sol']
2,['flip.sol', 'flop.t.sol', 'flap.t.sol', 'heal.sol', 'flap.sol', 'drip.sol', 'tune.sol', 'bite.sol']
3,['flip.sol', 'flop.t.sol', 'flap.t.sol', 'heal.sol', 'flap.sol', 'frob.t.sol', 'tune.sol', 'bite.sol']
2,['flip.sol', 'flop.t.sol', 'flap.t.sol', 'heal.sol', 'drip.sol', 'frob.t.sol', 'tune.sol', 'bite.sol']
2,['flip.sol', 'flop.t.sol', 'flap.t.sol', 'drip.t.sol', 'heal.t.sol', 'flap.sol', 'drip.sol', 'frob.t.sol']
2,['flip.sol', 'flop.t.sol', 'flap.t.sol', 'drip.t.sol', 'heal.t.sol', 'flap.sol', 'drip.sol', 'tune.sol']
3,['flip.sol', 'flop.t.sol', 'flap.t.sol', 'drip.t.sol', 'heal.t.sol', 'flap.sol', 'drip.sol', 'bite.sol']
2,['flip.sol', 'flop.t.sol', 'flap.t.sol', 'drip.t.sol', 'heal.t.sol', 'flap.sol', 'frob.t.sol', 'tune.sol']
2,['flip.sol', 'flop.t.sol', 'flap.t.sol', 'drip.t.sol', 'heal.t.sol', 'flap.sol', 'frob.t.sol', 'bite.sol']
2,['flip.sol', 'flop.t.sol', 'flap.t.sol', 'drip.t.sol', 'heal.t.sol', 'flap.sol', 'tune.sol', 'bite.sol']
2,['flip.sol', 'flop.t.sol', 'flap.t.sol', 'drip.t.sol', 'heal.t.sol', 'drip.sol', 'frob.t.sol', 'tune.sol']
2,['flip.sol', 'flop.t.sol', 'flap.t.sol', 'drip.t.sol', 'heal.t.sol', 'drip.sol', 'frob.t.sol', 'bite.sol']
2,['flip.sol', 'flop.t.sol', 'flap.t.sol', 'drip.t.sol', 'heal.t.sol', 'drip.sol', 'tune.sol', 'bite.sol']
2,['flip.sol', 'flop.t.sol', 'flap.t.sol', 'drip.t.sol', 'heal.t.sol', 'frob.t.sol', 'tune.sol', 'bite.sol']
3,['flip.sol', 'flop.t.sol', 'flap.t.sol', 'drip.t.sol', 'flap.sol', 'drip.sol', 'frob.t.sol', 'tune.sol']
3,['flip.sol', 'flop.t.sol', 'flap.t.sol', 'drip.t.sol', 'flap.sol', 'drip.sol', 'frob.t.sol', 'bite.sol']
2,['flip.sol', 'flop.t.sol', 'flap.t.sol', 'drip.t.sol', 'flap.sol', 'drip.sol', 'tune.sol', 'bite.sol']
2,['flip.sol', 'flop.t.sol', 'flap.t.sol', 'drip.t.sol', 'flap.sol', 'frob.t.sol', 'tune.sol', 'bite.sol']
2,['flip.sol', 'flop.t.sol', 'flap.t.sol', 'drip.t.sol', 'drip.sol', 'frob.t.sol', 'tune.sol', 'bite.sol']
2,['flip.sol', 'flop.t.sol', 'flap.t.sol', 'heal.t.sol', 'flap.sol', 'drip.sol', 'frob.t.sol', 'tune.sol']
2,['flip.sol', 'flop.t.sol', 'flap.t.sol', 'heal.t.sol', 'flap.sol', 'drip.sol', 'frob.t.sol', 'bite.sol']
2,['flip.sol', 'flop.t.sol', 'flap.t.sol', 'heal.t.sol', 'flap.sol', 'drip.sol', 'tune.sol', 'bite.sol']
3,['flip.sol', 'flop.t.sol', 'flap.t.sol', 'heal.t.sol', 'flap.sol', 'frob.t.sol', 'tune.sol', 'bite.sol']
2,['flip.sol', 'flop.t.sol', 'flap.t.sol', 'heal.t.sol', 'drip.sol', 'frob.t.sol', 'tune.sol', 'bite.sol']
2,['flip.sol', 'flop.t.sol', 'flap.t.sol', 'flap.sol', 'drip.sol', 'frob.t.sol', 'tune.sol', 'bite.sol']
2,['flip.sol', 'flop.t.sol', 'heal.sol', 'drip.t.sol', 'heal.t.sol', 'flap.sol', 'drip.sol', 'frob.t.sol']
2,['flip.sol', 'flop.t.sol', 'heal.sol', 'drip.t.sol', 'heal.t.sol', 'flap.sol', 'drip.sol', 'tune.sol']
3,['flip.sol', 'flop.t.sol', 'heal.sol', 'drip.t.sol', 'heal.t.sol', 'flap.sol', 'drip.sol', 'bite.sol']
2,['flip.sol', 'flop.t.sol', 'heal.sol', 'drip.t.sol', 'heal.t.sol', 'flap.sol', 'frob.t.sol', 'tune.sol']
2,['flip.sol', 'flop.t.sol', 'heal.sol', 'drip.t.sol', 'heal.t.sol', 'flap.sol', 'frob.t.sol', 'bite.sol']
2,['flip.sol', 'flop.t.sol', 'heal.sol', 'drip.t.sol', 'heal.t.sol', 'flap.sol', 'tune.sol', 'bite.sol']
2,['flip.sol', 'flop.t.sol', 'heal.sol', 'drip.t.sol', 'heal.t.sol', 'drip.sol', 'frob.t.sol', 'tune.sol']
2,['flip.sol', 'flop.t.sol', 'heal.sol', 'drip.t.sol', 'heal.t.sol', 'drip.sol', 'frob.t.sol', 'bite.sol']
2,['flip.sol', 'flop.t.sol', 'heal.sol', 'drip.t.sol', 'heal.t.sol', 'drip.sol', 'tune.sol', 'bite.sol']
2,['flip.sol', 'flop.t.sol', 'heal.sol', 'drip.t.sol', 'heal.t.sol', 'frob.t.sol', 'tune.sol', 'bite.sol']
3,['flip.sol', 'flop.t.sol', 'heal.sol', 'drip.t.sol', 'flap.sol', 'drip.sol', 'frob.t.sol', 'tune.sol']
3,['flip.sol', 'flop.t.sol', 'heal.sol', 'drip.t.sol', 'flap.sol', 'drip.sol', 'frob.t.sol', 'bite.sol']
1,['flip.sol', 'flop.t.sol', 'heal.sol', 'drip.t.sol', 'flap.sol', 'drip.sol', 'tune.sol', 'bite.sol']
2,['flip.sol', 'flop.t.sol', 'heal.sol', 'drip.t.sol', 'flap.sol', 'frob.t.sol', 'tune.sol', 'bite.sol']
4,['flip.sol', 'flop.t.sol', 'heal.sol', 'drip.t.sol', 'drip.sol', 'frob.t.sol', 'tune.sol', 'bite.sol']
2,['flip.sol', 'flop.t.sol', 'heal.sol', 'heal.t.sol', 'flap.sol', 'drip.sol', 'frob.t.sol', 'tune.sol']
2,['flip.sol', 'flop.t.sol', 'heal.sol', 'heal.t.sol', 'flap.sol', 'drip.sol', 'frob.t.sol', 'bite.sol']
2,['flip.sol', 'flop.t.sol', 'heal.sol', 'heal.t.sol', 'flap.sol', 'drip.sol', 'tune.sol', 'bite.sol']
3,['flip.sol', 'flop.t.sol', 'heal.sol', 'heal.t.sol', 'flap.sol', 'frob.t.sol', 'tune.sol', 'bite.sol']
2,['flip.sol', 'flop.t.sol', 'heal.sol', 'heal.t.sol', 'drip.sol', 'frob.t.sol', 'tune.sol', 'bite.sol']
2,['flip.sol', 'flop.t.sol', 'heal.sol', 'flap.sol', 'drip.sol', 'frob.t.sol', 'tune.sol', 'bite.sol']
2,['flip.sol', 'flop.t.sol', 'drip.t.sol', 'heal.t.sol', 'flap.sol', 'drip.sol', 'frob.t.sol', 'tune.sol']
2,['flip.sol', 'flop.t.sol', 'drip.t.sol', 'heal.t.sol', 'flap.sol', 'drip.sol', 'frob.t.sol', 'bite.sol']
2,['flip.sol', 'flop.t.sol', 'drip.t.sol', 'heal.t.sol', 'flap.sol', 'drip.sol', 'tune.sol', 'bite.sol']
2,['flip.sol', 'flop.t.sol', 'drip.t.sol', 'heal.t.sol', 'flap.sol', 'frob.t.sol', 'tune.sol', 'bite.sol']
1,['flip.sol', 'flop.t.sol', 'drip.t.sol', 'heal.t.sol', 'drip.sol', 'frob.t.sol', 'tune.sol', 'bite.sol']
2,['flip.sol', 'flop.t.sol', 'drip.t.sol', 'flap.sol', 'drip.sol', 'frob.t.sol', 'tune.sol', 'bite.sol']
2,['flip.sol', 'flop.t.sol', 'heal.t.sol', 'flap.sol', 'drip.sol', 'frob.t.sol', 'tune.sol', 'bite.sol']
2,['flip.sol', 'flap.t.sol', 'heal.sol', 'drip.t.sol', 'heal.t.sol', 'flap.sol', 'drip.sol', 'frob.t.sol']
2,['flip.sol', 'flap.t.sol', 'heal.sol', 'drip.t.sol', 'heal.t.sol', 'flap.sol', 'drip.sol', 'tune.sol']
3,['flip.sol', 'flap.t.sol', 'heal.sol', 'drip.t.sol', 'heal.t.sol', 'flap.sol', 'drip.sol', 'bite.sol']
2,['flip.sol', 'flap.t.sol', 'heal.sol', 'drip.t.sol', 'heal.t.sol', 'flap.sol', 'frob.t.sol', 'tune.sol']
2,['flip.sol', 'flap.t.sol', 'heal.sol', 'drip.t.sol', 'heal.t.sol', 'flap.sol', 'frob.t.sol', 'bite.sol']
2,['flip.sol', 'flap.t.sol', 'heal.sol', 'drip.t.sol', 'heal.t.sol', 'flap.sol', 'tune.sol', 'bite.sol']
2,['flip.sol', 'flap.t.sol', 'heal.sol', 'drip.t.sol', 'heal.t.sol', 'drip.sol', 'frob.t.sol', 'tune.sol']
2,['flip.sol', 'flap.t.sol', 'heal.sol', 'drip.t.sol', 'heal.t.sol', 'drip.sol', 'frob.t.sol', 'bite.sol']
2,['flip.sol', 'flap.t.sol', 'heal.sol', 'drip.t.sol', 'heal.t.sol', 'drip.sol', 'tune.sol', 'bite.sol']
2,['flip.sol', 'flap.t.sol', 'heal.sol', 'drip.t.sol', 'heal.t.sol', 'frob.t.sol', 'tune.sol', 'bite.sol']
2,['flip.sol', 'flap.t.sol', 'heal.sol', 'drip.t.sol', 'flap.sol', 'drip.sol', 'frob.t.sol', 'tune.sol']
2,['flip.sol', 'flap.t.sol', 'heal.sol', 'drip.t.sol', 'flap.sol', 'drip.sol', 'frob.t.sol', 'bite.sol']
1,['flip.sol', 'flap.t.sol', 'heal.sol', 'drip.t.sol', 'flap.sol', 'drip.sol', 'tune.sol', 'bite.sol']
2,['flip.sol', 'flap.t.sol', 'heal.sol', 'drip.t.sol', 'flap.sol', 'frob.t.sol', 'tune.sol', 'bite.sol']
4,['flip.sol', 'flap.t.sol', 'heal.sol', 'drip.t.sol', 'drip.sol', 'frob.t.sol', 'tune.sol', 'bite.sol']
2,['flip.sol', 'flap.t.sol', 'heal.sol', 'heal.t.sol', 'flap.sol', 'drip.sol', 'frob.t.sol', 'tune.sol']
2,['flip.sol', 'flap.t.sol', 'heal.sol', 'heal.t.sol', 'flap.sol', 'drip.sol', 'frob.t.sol', 'bite.sol']
2,['flip.sol', 'flap.t.sol', 'heal.sol', 'heal.t.sol', 'flap.sol', 'drip.sol', 'tune.sol', 'bite.sol']
3,['flip.sol', 'flap.t.sol', 'heal.sol', 'heal.t.sol', 'flap.sol', 'frob.t.sol', 'tune.sol', 'bite.sol']
2,['flip.sol', 'flap.t.sol', 'heal.sol', 'heal.t.sol', 'drip.sol', 'frob.t.sol', 'tune.sol', 'bite.sol']
2,['flip.sol', 'flap.t.sol', 'heal.sol', 'flap.sol', 'drip.sol', 'frob.t.sol', 'tune.sol', 'bite.sol']
2,['flip.sol', 'flap.t.sol', 'drip.t.sol', 'heal.t.sol', 'flap.sol', 'drip.sol', 'frob.t.sol', 'tune.sol']
2,['flip.sol', 'flap.t.sol', 'drip.t.sol', 'heal.t.sol', 'flap.sol', 'drip.sol', 'frob.t.sol', 'bite.sol']
2,['flip.sol', 'flap.t.sol', 'drip.t.sol', 'heal.t.sol', 'flap.sol', 'drip.sol', 'tune.sol', 'bite.sol']
2,['flip.sol', 'flap.t.sol', 'drip.t.sol', 'heal.t.sol', 'flap.sol', 'frob.t.sol', 'tune.sol', 'bite.sol']
1,['flip.sol', 'flap.t.sol', 'drip.t.sol', 'heal.t.sol', 'drip.sol', 'frob.t.sol', 'tune.sol', 'bite.sol']
2,['flip.sol', 'flap.t.sol', 'drip.t.sol', 'flap.sol', 'drip.sol', 'frob.t.sol', 'tune.sol', 'bite.sol']
2,['flip.sol', 'flap.t.sol', 'heal.t.sol', 'flap.sol', 'drip.sol', 'frob.t.sol', 'tune.sol', 'bite.sol']
3,['flip.sol', 'heal.sol', 'drip.t.sol', 'heal.t.sol', 'flap.sol', 'drip.sol', 'frob.t.sol', 'tune.sol']
4,['flip.sol', 'heal.sol', 'drip.t.sol', 'heal.t.sol', 'flap.sol', 'drip.sol', 'frob.t.sol', 'bite.sol']
2,['flip.sol', 'heal.sol', 'drip.t.sol', 'heal.t.sol', 'flap.sol', 'drip.sol', 'tune.sol', 'bite.sol']
1,['flip.sol', 'heal.sol', 'drip.t.sol', 'heal.t.sol', 'flap.sol', 'frob.t.sol', 'tune.sol', 'bite.sol']
4,['flip.sol', 'heal.sol', 'drip.t.sol', 'heal.t.sol', 'drip.sol', 'frob.t.sol', 'tune.sol', 'bite.sol']
2,['flip.sol', 'heal.sol', 'drip.t.sol', 'flap.sol', 'drip.sol', 'frob.t.sol', 'tune.sol', 'bite.sol']
1,['flip.sol', 'heal.sol', 'heal.t.sol', 'flap.sol', 'drip.sol', 'frob.t.sol', 'tune.sol', 'bite.sol']
1,['flip.sol', 'drip.t.sol', 'heal.t.sol', 'flap.sol', 'drip.sol', 'frob.t.sol', 'tune.sol', 'bite.sol']
3,['transferFrom.sol', 'frob.sol', 'flip.t.sol', 'flop.t.sol', 'flap.t.sol', 'heal.sol', 'drip.t.sol', 'heal.t.sol']
3,['transferFrom.sol', 'frob.sol', 'flip.t.sol', 'flop.t.sol', 'flap.t.sol', 'heal.sol', 'drip.t.sol', 'flap.sol']
3,['transferFrom.sol', 'frob.sol', 'flip.t.sol', 'flop.t.sol', 'flap.t.sol', 'heal.sol', 'drip.t.sol', 'drip.sol']
2,['transferFrom.sol', 'frob.sol', 'flip.t.sol', 'flop.t.sol', 'flap.t.sol', 'heal.sol', 'drip.t.sol', 'frob.t.sol']
1,['transferFrom.sol', 'frob.sol', 'flip.t.sol', 'flop.t.sol', 'flap.t.sol', 'heal.sol', 'drip.t.sol', 'tune.sol']
3,['transferFrom.sol', 'frob.sol', 'flip.t.sol', 'flop.t.sol', 'flap.t.sol', 'heal.sol', 'drip.t.sol', 'bite.sol']
4,['transferFrom.sol', 'frob.sol', 'flip.t.sol', 'flop.t.sol', 'flap.t.sol', 'heal.sol', 'heal.t.sol', 'flap.sol']
3,['transferFrom.sol', 'frob.sol', 'flip.t.sol', 'flop.t.sol', 'flap.t.sol', 'heal.sol', 'heal.t.sol', 'drip.sol']
3,['transferFrom.sol', 'frob.sol', 'flip.t.sol', 'flop.t.sol', 'flap.t.sol', 'heal.sol', 'heal.t.sol', 'frob.t.sol']
2,['transferFrom.sol', 'frob.sol', 'flip.t.sol', 'flop.t.sol', 'flap.t.sol', 'heal.sol', 'heal.t.sol', 'tune.sol']
4,['transferFrom.sol', 'frob.sol', 'flip.t.sol', 'flop.t.sol', 'flap.t.sol', 'heal.sol', 'heal.t.sol', 'bite.sol']
3,['transferFrom.sol', 'frob.sol', 'flip.t.sol', 'flop.t.sol', 'flap.t.sol', 'heal.sol', 'flap.sol', 'drip.sol']
3,['transferFrom.sol', 'frob.sol', 'flip.t.sol', 'flop.t.sol', 'flap.t.sol', 'heal.sol', 'flap.sol', 'frob.t.sol']
3,['transferFrom.sol', 'frob.sol', 'flip.t.sol', 'flop.t.sol', 'flap.t.sol', 'heal.sol', 'flap.sol', 'tune.sol']
3,['transferFrom.sol', 'frob.sol', 'flip.t.sol', 'flop.t.sol', 'flap.t.sol', 'heal.sol', 'flap.sol', 'bite.sol']
2,['transferFrom.sol', 'frob.sol', 'flip.t.sol', 'flop.t.sol', 'flap.t.sol', 'heal.sol', 'drip.sol', 'frob.t.sol']
2,['transferFrom.sol', 'frob.sol', 'flip.t.sol', 'flop.t.sol', 'flap.t.sol', 'heal.sol', 'drip.sol', 'tune.sol']
3,['transferFrom.sol', 'frob.sol', 'flip.t.sol', 'flop.t.sol', 'flap.t.sol', 'heal.sol', 'drip.sol', 'bite.sol']
3,['transferFrom.sol', 'frob.sol', 'flip.t.sol', 'flop.t.sol', 'flap.t.sol', 'heal.sol', 'frob.t.sol', 'tune.sol']
3,['transferFrom.sol', 'frob.sol', 'flip.t.sol', 'flop.t.sol', 'flap.t.sol', 'heal.sol', 'frob.t.sol', 'bite.sol']
1,['transferFrom.sol', 'frob.sol', 'flip.t.sol', 'flop.t.sol', 'flap.t.sol', 'heal.sol', 'tune.sol', 'bite.sol']
3,['transferFrom.sol', 'frob.sol', 'flip.t.sol', 'flop.t.sol', 'flap.t.sol', 'drip.t.sol', 'heal.t.sol', 'flap.sol']
3,['transferFrom.sol', 'frob.sol', 'flip.t.sol', 'flop.t.sol', 'flap.t.sol', 'drip.t.sol', 'heal.t.sol', 'drip.sol']
2,['transferFrom.sol', 'frob.sol', 'flip.t.sol', 'flop.t.sol', 'flap.t.sol', 'drip.t.sol', 'heal.t.sol', 'frob.t.sol']
3,['transferFrom.sol', 'frob.sol', 'flip.t.sol', 'flop.t.sol', 'flap.t.sol', 'drip.t.sol', 'heal.t.sol', 'tune.sol']
3,['transferFrom.sol', 'frob.sol', 'flip.t.sol', 'flop.t.sol', 'flap.t.sol', 'drip.t.sol', 'heal.t.sol', 'bite.sol']
4,['transferFrom.sol', 'frob.sol', 'flip.t.sol', 'flop.t.sol', 'flap.t.sol', 'drip.t.sol', 'flap.sol', 'drip.sol']
2,['transferFrom.sol', 'frob.sol', 'flip.t.sol', 'flop.t.sol', 'flap.t.sol', 'drip.t.sol', 'flap.sol', 'frob.t.sol']
2,['transferFrom.sol', 'frob.sol', 'flip.t.sol', 'flop.t.sol', 'flap.t.sol', 'drip.t.sol', 'flap.sol', 'tune.sol']
3,['transferFrom.sol', 'frob.sol', 'flip.t.sol', 'flop.t.sol', 'flap.t.sol', 'drip.t.sol', 'flap.sol', 'bite.sol']
2,['transferFrom.sol', 'frob.sol', 'flip.t.sol', 'flop.t.sol', 'flap.t.sol', 'drip.t.sol', 'drip.sol', 'frob.t.sol']
2,['transferFrom.sol', 'frob.sol', 'flip.t.sol', 'flop.t.sol', 'flap.t.sol', 'drip.t.sol', 'drip.sol', 'tune.sol']
3,['transferFrom.sol', 'frob.sol', 'flip.t.sol', 'flop.t.sol', 'flap.t.sol', 'drip.t.sol', 'drip.sol', 'bite.sol']
2,['transferFrom.sol', 'frob.sol', 'flip.t.sol', 'flop.t.sol', 'flap.t.sol', 'drip.t.sol', 'frob.t.sol', 'tune.sol']
2,['transferFrom.sol', 'frob.sol', 'flip.t.sol', 'flop.t.sol', 'flap.t.sol', 'drip.t.sol', 'frob.t.sol', 'bite.sol']
1,['transferFrom.sol', 'frob.sol', 'flip.t.sol', 'flop.t.sol', 'flap.t.sol', 'drip.t.sol', 'tune.sol', 'bite.sol']
3,['transferFrom.sol', 'frob.sol', 'flip.t.sol', 'flop.t.sol', 'flap.t.sol', 'heal.t.sol', 'flap.sol', 'drip.sol']
3,['transferFrom.sol', 'frob.sol', 'flip.t.sol', 'flop.t.sol', 'flap.t.sol', 'heal.t.sol', 'flap.sol', 'frob.t.sol']
2,['transferFrom.sol', 'frob.sol', 'flip.t.sol', 'flop.t.sol', 'flap.t.sol', 'heal.t.sol', 'flap.sol', 'tune.sol']
4,['transferFrom.sol', 'frob.sol', 'flip.t.sol', 'flop.t.sol', 'flap.t.sol', 'heal.t.sol', 'flap.sol', 'bite.sol']
2,['transferFrom.sol', 'frob.sol', 'flip.t.sol', 'flop.t.sol', 'flap.t.sol', 'heal.t.sol', 'drip.sol', 'frob.t.sol']
2,['transferFrom.sol', 'frob.sol', 'flip.t.sol', 'flop.t.sol', 'flap.t.sol', 'heal.t.sol', 'drip.sol', 'tune.sol']
3,['transferFrom.sol', 'frob.sol', 'flip.t.sol', 'flop.t.sol', 'flap.t.sol', 'heal.t.sol', 'drip.sol', 'bite.sol']
3,['transferFrom.sol', 'frob.sol', 'flip.t.sol', 'flop.t.sol', 'flap.t.sol', 'heal.t.sol', 'frob.t.sol', 'tune.sol']
3,['transferFrom.sol', 'frob.sol', 'flip.t.sol', 'flop.t.sol', 'flap.t.sol', 'heal.t.sol', 'frob.t.sol', 'bite.sol']
3,['transferFrom.sol', 'frob.sol', 'flip.t.sol', 'flop.t.sol', 'flap.t.sol', 'heal.t.sol', 'tune.sol', 'bite.sol']
2,['transferFrom.sol', 'frob.sol', 'flip.t.sol', 'flop.t.sol', 'flap.t.sol', 'flap.sol', 'drip.sol', 'frob.t.sol']
4,['transferFrom.sol', 'frob.sol', 'flip.t.sol', 'flop.t.sol', 'flap.t.sol', 'flap.sol', 'drip.sol', 'tune.sol']
3,['transferFrom.sol', 'frob.sol', 'flip.t.sol', 'flop.t.sol', 'flap.t.sol', 'flap.sol', 'drip.sol', 'bite.sol']
3,['transferFrom.sol', 'frob.sol', 'flip.t.sol', 'flop.t.sol', 'flap.t.sol', 'flap.sol', 'frob.t.sol', 'tune.sol']
3,['transferFrom.sol', 'frob.sol', 'flip.t.sol', 'flop.t.sol', 'flap.t.sol', 'flap.sol', 'frob.t.sol', 'bite.sol']
2,['transferFrom.sol', 'frob.sol', 'flip.t.sol', 'flop.t.sol', 'flap.t.sol', 'flap.sol', 'tune.sol', 'bite.sol']
2,['transferFrom.sol', 'frob.sol', 'flip.t.sol', 'flop.t.sol', 'flap.t.sol', 'drip.sol', 'frob.t.sol', 'tune.sol']
2,['transferFrom.sol', 'frob.sol', 'flip.t.sol', 'flop.t.sol', 'flap.t.sol', 'drip.sol', 'frob.t.sol', 'bite.sol']
2,['transferFrom.sol', 'frob.sol', 'flip.t.sol', 'flop.t.sol', 'flap.t.sol', 'drip.sol', 'tune.sol', 'bite.sol']
3,['transferFrom.sol', 'frob.sol', 'flip.t.sol', 'flop.t.sol', 'flap.t.sol', 'frob.t.sol', 'tune.sol', 'bite.sol']
3,['transferFrom.sol', 'frob.sol', 'flip.t.sol', 'flop.t.sol', 'heal.sol', 'drip.t.sol', 'heal.t.sol', 'flap.sol']
3,['transferFrom.sol', 'frob.sol', 'flip.t.sol', 'flop.t.sol', 'heal.sol', 'drip.t.sol', 'heal.t.sol', 'drip.sol']
2,['transferFrom.sol', 'frob.sol', 'flip.t.sol', 'flop.t.sol', 'heal.sol', 'drip.t.sol', 'heal.t.sol', 'frob.t.sol']
2,['transferFrom.sol', 'frob.sol', 'flip.t.sol', 'flop.t.sol', 'heal.sol', 'drip.t.sol', 'heal.t.sol', 'tune.sol']
3,['transferFrom.sol', 'frob.sol', 'flip.t.sol', 'flop.t.sol', 'heal.sol', 'drip.t.sol', 'heal.t.sol', 'bite.sol']
4,['transferFrom.sol', 'frob.sol', 'flip.t.sol', 'flop.t.sol', 'heal.sol', 'drip.t.sol', 'flap.sol', 'drip.sol']
2,['transferFrom.sol', 'frob.sol', 'flip.t.sol', 'flop.t.sol', 'heal.sol', 'drip.t.sol', 'flap.sol', 'frob.t.sol']
1,['transferFrom.sol', 'frob.sol', 'flip.t.sol', 'flop.t.sol', 'heal.sol', 'drip.t.sol', 'flap.sol', 'tune.sol']
2,['transferFrom.sol', 'frob.sol', 'flip.t.sol', 'flop.t.sol', 'heal.sol', 'drip.t.sol', 'flap.sol', 'bite.sol']
3,['transferFrom.sol', 'frob.sol', 'flip.t.sol', 'flop.t.sol', 'heal.sol', 'drip.t.sol', 'drip.sol', 'frob.t.sol']
2,['transferFrom.sol', 'frob.sol', 'flip.t.sol', 'flop.t.sol', 'heal.sol', 'drip.t.sol', 'drip.sol', 'tune.sol']
6,['transferFrom.sol', 'frob.sol', 'flip.t.sol', 'flop.t.sol', 'heal.sol', 'drip.t.sol', 'drip.sol', 'bite.sol']
2,['transferFrom.sol', 'frob.sol', 'flip.t.sol', 'flop.t.sol', 'heal.sol', 'drip.t.sol', 'frob.t.sol', 'tune.sol']
2,['transferFrom.sol', 'frob.sol', 'flip.t.sol', 'flop.t.sol', 'heal.sol', 'drip.t.sol', 'frob.t.sol', 'bite.sol']
2,['transferFrom.sol', 'frob.sol', 'flip.t.sol', 'flop.t.sol', 'heal.sol', 'drip.t.sol', 'tune.sol', 'bite.sol']
3,['transferFrom.sol', 'frob.sol', 'flip.t.sol', 'flop.t.sol', 'heal.sol', 'heal.t.sol', 'flap.sol', 'drip.sol']
3,['transferFrom.sol', 'frob.sol', 'flip.t.sol', 'flop.t.sol', 'heal.sol', 'heal.t.sol', 'flap.sol', 'frob.t.sol']
3,['transferFrom.sol', 'frob.sol', 'flip.t.sol', 'flop.t.sol', 'heal.sol', 'heal.t.sol', 'flap.sol', 'tune.sol']
4,['transferFrom.sol', 'frob.sol', 'flip.t.sol', 'flop.t.sol', 'heal.sol', 'heal.t.sol', 'flap.sol', 'bite.sol']
2,['transferFrom.sol', 'frob.sol', 'flip.t.sol', 'flop.t.sol', 'heal.sol', 'heal.t.sol', 'drip.sol', 'frob.t.sol']
2,['transferFrom.sol', 'frob.sol', 'flip.t.sol', 'flop.t.sol', 'heal.sol', 'heal.t.sol', 'drip.sol', 'tune.sol']
3,['transferFrom.sol', 'frob.sol', 'flip.t.sol', 'flop.t.sol', 'heal.sol', 'heal.t.sol', 'drip.sol', 'bite.sol']
3,['transferFrom.sol', 'frob.sol', 'flip.t.sol', 'flop.t.sol', 'heal.sol', 'heal.t.sol', 'frob.t.sol', 'tune.sol']
3,['transferFrom.sol', 'frob.sol', 'flip.t.sol', 'flop.t.sol', 'heal.sol', 'heal.t.sol', 'frob.t.sol', 'bite.sol']
3,['transferFrom.sol', 'frob.sol', 'flip.t.sol', 'flop.t.sol', 'heal.sol', 'heal.t.sol', 'tune.sol', 'bite.sol']
2,['transferFrom.sol', 'frob.sol', 'flip.t.sol', 'flop.t.sol', 'heal.sol', 'flap.sol', 'drip.sol', 'frob.t.sol']
2,['transferFrom.sol', 'frob.sol', 'flip.t.sol', 'flop.t.sol', 'heal.sol', 'flap.sol', 'drip.sol', 'tune.sol']
3,['transferFrom.sol', 'frob.sol', 'flip.t.sol', 'flop.t.sol', 'heal.sol', 'flap.sol', 'drip.sol', 'bite.sol']
3,['transferFrom.sol', 'frob.sol', 'flip.t.sol', 'flop.t.sol', 'heal.sol', 'flap.sol', 'frob.t.sol', 'tune.sol']
3,['transferFrom.sol', 'frob.sol', 'flip.t.sol', 'flop.t.sol', 'heal.sol', 'flap.sol', 'frob.t.sol', 'bite.sol']
2,['transferFrom.sol', 'frob.sol', 'flip.t.sol', 'flop.t.sol', 'heal.sol', 'flap.sol', 'tune.sol', 'bite.sol']
2,['transferFrom.sol', 'frob.sol', 'flip.t.sol', 'flop.t.sol', 'heal.sol', 'drip.sol', 'frob.t.sol', 'tune.sol']
3,['transferFrom.sol', 'frob.sol', 'flip.t.sol', 'flop.t.sol', 'heal.sol', 'drip.sol', 'frob.t.sol', 'bite.sol']
2,['transferFrom.sol', 'frob.sol', 'flip.t.sol', 'flop.t.sol', 'heal.sol', 'drip.sol', 'tune.sol', 'bite.sol']
3,['transferFrom.sol', 'frob.sol', 'flip.t.sol', 'flop.t.sol', 'heal.sol', 'frob.t.sol', 'tune.sol', 'bite.sol']
3,['transferFrom.sol', 'frob.sol', 'flip.t.sol', 'flop.t.sol', 'drip.t.sol', 'heal.t.sol', 'flap.sol', 'drip.sol']
2,['transferFrom.sol', 'frob.sol', 'flip.t.sol', 'flop.t.sol', 'drip.t.sol', 'heal.t.sol', 'flap.sol', 'frob.t.sol']
2,['transferFrom.sol', 'frob.sol', 'flip.t.sol', 'flop.t.sol', 'drip.t.sol', 'heal.t.sol', 'flap.sol', 'tune.sol']
3,['transferFrom.sol', 'frob.sol', 'flip.t.sol', 'flop.t.sol', 'drip.t.sol', 'heal.t.sol', 'flap.sol', 'bite.sol']
2,['transferFrom.sol', 'frob.sol', 'flip.t.sol', 'flop.t.sol', 'drip.t.sol', 'heal.t.sol', 'drip.sol', 'frob.t.sol']
2,['transferFrom.sol', 'frob.sol', 'flip.t.sol', 'flop.t.sol', 'drip.t.sol', 'heal.t.sol', 'drip.sol', 'tune.sol']
3,['transferFrom.sol', 'frob.sol', 'flip.t.sol', 'flop.t.sol', 'drip.t.sol', 'heal.t.sol', 'drip.sol', 'bite.sol']
2,['transferFrom.sol', 'frob.sol', 'flip.t.sol', 'flop.t.sol', 'drip.t.sol', 'heal.t.sol', 'frob.t.sol', 'tune.sol']
2,['transferFrom.sol', 'frob.sol', 'flip.t.sol', 'flop.t.sol', 'drip.t.sol', 'heal.t.sol', 'frob.t.sol', 'bite.sol']
2,['transferFrom.sol', 'frob.sol', 'flip.t.sol', 'flop.t.sol', 'drip.t.sol', 'heal.t.sol', 'tune.sol', 'bite.sol']
2,['transferFrom.sol', 'frob.sol', 'flip.t.sol', 'flop.t.sol', 'drip.t.sol', 'flap.sol', 'drip.sol', 'frob.t.sol']
2,['transferFrom.sol', 'frob.sol', 'flip.t.sol', 'flop.t.sol', 'drip.t.sol', 'flap.sol', 'drip.sol', 'tune.sol']
2,['transferFrom.sol', 'frob.sol', 'flip.t.sol', 'flop.t.sol', 'drip.t.sol', 'flap.sol', 'drip.sol', 'bite.sol']
2,['transferFrom.sol', 'frob.sol', 'flip.t.sol', 'flop.t.sol', 'drip.t.sol', 'flap.sol', 'frob.t.sol', 'tune.sol']
2,['transferFrom.sol', 'frob.sol', 'flip.t.sol', 'flop.t.sol', 'drip.t.sol', 'flap.sol', 'frob.t.sol', 'bite.sol']
2,['transferFrom.sol', 'frob.sol', 'flip.t.sol', 'flop.t.sol', 'drip.t.sol', 'flap.sol', 'tune.sol', 'bite.sol']
2,['transferFrom.sol', 'frob.sol', 'flip.t.sol', 'flop.t.sol', 'drip.t.sol', 'drip.sol', 'frob.t.sol', 'tune.sol']
3,['transferFrom.sol', 'frob.sol', 'flip.t.sol', 'flop.t.sol', 'drip.t.sol', 'drip.sol', 'frob.t.sol', 'bite.sol']
2,['transferFrom.sol', 'frob.sol', 'flip.t.sol', 'flop.t.sol', 'drip.t.sol', 'drip.sol', 'tune.sol', 'bite.sol']
2,['transferFrom.sol', 'frob.sol', 'flip.t.sol', 'flop.t.sol', 'drip.t.sol', 'frob.t.sol', 'tune.sol', 'bite.sol']
2,['transferFrom.sol', 'frob.sol', 'flip.t.sol', 'flop.t.sol', 'heal.t.sol', 'flap.sol', 'drip.sol', 'frob.t.sol']
2,['transferFrom.sol', 'frob.sol', 'flip.t.sol', 'flop.t.sol', 'heal.t.sol', 'flap.sol', 'drip.sol', 'tune.sol']
3,['transferFrom.sol', 'frob.sol', 'flip.t.sol', 'flop.t.sol', 'heal.t.sol', 'flap.sol', 'drip.sol', 'bite.sol']
3,['transferFrom.sol', 'frob.sol', 'flip.t.sol', 'flop.t.sol', 'heal.t.sol', 'flap.sol', 'frob.t.sol', 'tune.sol']
3,['transferFrom.sol', 'frob.sol', 'flip.t.sol', 'flop.t.sol', 'heal.t.sol', 'flap.sol', 'frob.t.sol', 'bite.sol']
3,['transferFrom.sol', 'frob.sol', 'flip.t.sol', 'flop.t.sol', 'heal.t.sol', 'flap.sol', 'tune.sol', 'bite.sol']
2,['transferFrom.sol', 'frob.sol', 'flip.t.sol', 'flop.t.sol', 'heal.t.sol', 'drip.sol', 'frob.t.sol', 'tune.sol']
2,['transferFrom.sol', 'frob.sol', 'flip.t.sol', 'flop.t.sol', 'heal.t.sol', 'drip.sol', 'frob.t.sol', 'bite.sol']
2,['transferFrom.sol', 'frob.sol', 'flip.t.sol', 'flop.t.sol', 'heal.t.sol', 'drip.sol', 'tune.sol', 'bite.sol']
3,['transferFrom.sol', 'frob.sol', 'flip.t.sol', 'flop.t.sol', 'heal.t.sol', 'frob.t.sol', 'tune.sol', 'bite.sol']
2,['transferFrom.sol', 'frob.sol', 'flip.t.sol', 'flop.t.sol', 'flap.sol', 'drip.sol', 'frob.t.sol', 'tune.sol']
2,['transferFrom.sol', 'frob.sol', 'flip.t.sol', 'flop.t.sol', 'flap.sol', 'drip.sol', 'frob.t.sol', 'bite.sol']
2,['transferFrom.sol', 'frob.sol', 'flip.t.sol', 'flop.t.sol', 'flap.sol', 'drip.sol', 'tune.sol', 'bite.sol']
3,['transferFrom.sol', 'frob.sol', 'flip.t.sol', 'flop.t.sol', 'flap.sol', 'frob.t.sol', 'tune.sol', 'bite.sol']
2,['transferFrom.sol', 'frob.sol', 'flip.t.sol', 'flop.t.sol', 'drip.sol', 'frob.t.sol', 'tune.sol', 'bite.sol']
3,['transferFrom.sol', 'frob.sol', 'flip.t.sol', 'flap.t.sol', 'heal.sol', 'drip.t.sol', 'heal.t.sol', 'flap.sol']
3,['transferFrom.sol', 'frob.sol', 'flip.t.sol', 'flap.t.sol', 'heal.sol', 'drip.t.sol', 'heal.t.sol', 'drip.sol']
2,['transferFrom.sol', 'frob.sol', 'flip.t.sol', 'flap.t.sol', 'heal.sol', 'drip.t.sol', 'heal.t.sol', 'frob.t.sol']
2,['transferFrom.sol', 'frob.sol', 'flip.t.sol', 'flap.t.sol', 'heal.sol', 'drip.t.sol', 'heal.t.sol', 'tune.sol']
3,['transferFrom.sol', 'frob.sol', 'flip.t.sol', 'flap.t.sol', 'heal.sol', 'drip.t.sol', 'heal.t.sol', 'bite.sol']
4,['transferFrom.sol', 'frob.sol', 'flip.t.sol', 'flap.t.sol', 'heal.sol', 'drip.t.sol', 'flap.sol', 'drip.sol']
2,['transferFrom.sol', 'frob.sol', 'flip.t.sol', 'flap.t.sol', 'heal.sol', 'drip.t.sol', 'flap.sol', 'frob.t.sol']
1,['transferFrom.sol', 'frob.sol', 'flip.t.sol', 'flap.t.sol', 'heal.sol', 'drip.t.sol', 'flap.sol', 'tune.sol']
2,['transferFrom.sol', 'frob.sol', 'flip.t.sol', 'flap.t.sol', 'heal.sol', 'drip.t.sol', 'flap.sol', 'bite.sol']
3,['transferFrom.sol', 'frob.sol', 'flip.t.sol', 'flap.t.sol', 'heal.sol', 'drip.t.sol', 'drip.sol', 'frob.t.sol']
2,['transferFrom.sol', 'frob.sol', 'flip.t.sol', 'flap.t.sol', 'heal.sol', 'drip.t.sol', 'drip.sol', 'tune.sol']
2,['transferFrom.sol', 'frob.sol', 'flip.t.sol', 'flap.t.sol', 'heal.sol', 'drip.t.sol', 'drip.sol', 'bite.sol']
2,['transferFrom.sol', 'frob.sol', 'flip.t.sol', 'flap.t.sol', 'heal.sol', 'drip.t.sol', 'frob.t.sol', 'tune.sol']
2,['transferFrom.sol', 'frob.sol', 'flip.t.sol', 'flap.t.sol', 'heal.sol', 'drip.t.sol', 'frob.t.sol', 'bite.sol']
2,['transferFrom.sol', 'frob.sol', 'flip.t.sol', 'flap.t.sol', 'heal.sol', 'drip.t.sol', 'tune.sol', 'bite.sol']
3,['transferFrom.sol', 'frob.sol', 'flip.t.sol', 'flap.t.sol', 'heal.sol', 'heal.t.sol', 'flap.sol', 'drip.sol']
3,['transferFrom.sol', 'frob.sol', 'flip.t.sol', 'flap.t.sol', 'heal.sol', 'heal.t.sol', 'flap.sol', 'frob.t.sol']
3,['transferFrom.sol', 'frob.sol', 'flip.t.sol', 'flap.t.sol', 'heal.sol', 'heal.t.sol', 'flap.sol', 'tune.sol']
4,['transferFrom.sol', 'frob.sol', 'flip.t.sol', 'flap.t.sol', 'heal.sol', 'heal.t.sol', 'flap.sol', 'bite.sol']
2,['transferFrom.sol', 'frob.sol', 'flip.t.sol', 'flap.t.sol', 'heal.sol', 'heal.t.sol', 'drip.sol', 'frob.t.sol']
2,['transferFrom.sol', 'frob.sol', 'flip.t.sol', 'flap.t.sol', 'heal.sol', 'heal.t.sol', 'drip.sol', 'tune.sol']
3,['transferFrom.sol', 'frob.sol', 'flip.t.sol', 'flap.t.sol', 'heal.sol', 'heal.t.sol', 'drip.sol', 'bite.sol']
3,['transferFrom.sol', 'frob.sol', 'flip.t.sol', 'flap.t.sol', 'heal.sol', 'heal.t.sol', 'frob.t.sol', 'tune.sol']
3,['transferFrom.sol', 'frob.sol', 'flip.t.sol', 'flap.t.sol', 'heal.sol', 'heal.t.sol', 'frob.t.sol', 'bite.sol']
3,['transferFrom.sol', 'frob.sol', 'flip.t.sol', 'flap.t.sol', 'heal.sol', 'heal.t.sol', 'tune.sol', 'bite.sol']
2,['transferFrom.sol', 'frob.sol', 'flip.t.sol', 'flap.t.sol', 'heal.sol', 'flap.sol', 'drip.sol', 'frob.t.sol']
2,['transferFrom.sol', 'frob.sol', 'flip.t.sol', 'flap.t.sol', 'heal.sol', 'flap.sol', 'drip.sol', 'tune.sol']
3,['transferFrom.sol', 'frob.sol', 'flip.t.sol', 'flap.t.sol', 'heal.sol', 'flap.sol', 'drip.sol', 'bite.sol']
3,['transferFrom.sol', 'frob.sol', 'flip.t.sol', 'flap.t.sol', 'heal.sol', 'flap.sol', 'frob.t.sol', 'tune.sol']
3,['transferFrom.sol', 'frob.sol', 'flip.t.sol', 'flap.t.sol', 'heal.sol', 'flap.sol', 'frob.t.sol', 'bite.sol']
1,['transferFrom.sol', 'frob.sol', 'flip.t.sol', 'flap.t.sol', 'heal.sol', 'flap.sol', 'tune.sol', 'bite.sol']
2,['transferFrom.sol', 'frob.sol', 'flip.t.sol', 'flap.t.sol', 'heal.sol', 'drip.sol', 'frob.t.sol', 'tune.sol']
2,['transferFrom.sol', 'frob.sol', 'flip.t.sol', 'flap.t.sol', 'heal.sol', 'drip.sol', 'frob.t.sol', 'bite.sol']
2,['transferFrom.sol', 'frob.sol', 'flip.t.sol', 'flap.t.sol', 'heal.sol', 'drip.sol', 'tune.sol', 'bite.sol']
3,['transferFrom.sol', 'frob.sol', 'flip.t.sol', 'flap.t.sol', 'heal.sol', 'frob.t.sol', 'tune.sol', 'bite.sol']
3,['transferFrom.sol', 'frob.sol', 'flip.t.sol', 'flap.t.sol', 'drip.t.sol', 'heal.t.sol', 'flap.sol', 'drip.sol']
2,['transferFrom.sol', 'frob.sol', 'flip.t.sol', 'flap.t.sol', 'drip.t.sol', 'heal.t.sol', 'flap.sol', 'frob.t.sol']
2,['transferFrom.sol', 'frob.sol', 'flip.t.sol', 'flap.t.sol', 'drip.t.sol', 'heal.t.sol', 'flap.sol', 'tune.sol']
3,['transferFrom.sol', 'frob.sol', 'flip.t.sol', 'flap.t.sol', 'drip.t.sol', 'heal.t.sol', 'flap.sol', 'bite.sol']
2,['transferFrom.sol', 'frob.sol', 'flip.t.sol', 'flap.t.sol', 'drip.t.sol', 'heal.t.sol', 'drip.sol', 'frob.t.sol']
2,['transferFrom.sol', 'frob.sol', 'flip.t.sol', 'flap.t.sol', 'drip.t.sol', 'heal.t.sol', 'drip.sol', 'tune.sol']
3,['transferFrom.sol', 'frob.sol', 'flip.t.sol', 'flap.t.sol', 'drip.t.sol', 'heal.t.sol', 'drip.sol', 'bite.sol']
2,['transferFrom.sol', 'frob.sol', 'flip.t.sol', 'flap.t.sol', 'drip.t.sol', 'heal.t.sol', 'frob.t.sol', 'tune.sol']
2,['transferFrom.sol', 'frob.sol', 'flip.t.sol', 'flap.t.sol', 'drip.t.sol', 'heal.t.sol', 'frob.t.sol', 'bite.sol']
2,['transferFrom.sol', 'frob.sol', 'flip.t.sol', 'flap.t.sol', 'drip.t.sol', 'heal.t.sol', 'tune.sol', 'bite.sol']
2,['transferFrom.sol', 'frob.sol', 'flip.t.sol', 'flap.t.sol', 'drip.t.sol', 'flap.sol', 'drip.sol', 'frob.t.sol']
2,['transferFrom.sol', 'frob.sol', 'flip.t.sol', 'flap.t.sol', 'drip.t.sol', 'flap.sol', 'drip.sol', 'tune.sol']
3,['transferFrom.sol', 'frob.sol', 'flip.t.sol', 'flap.t.sol', 'drip.t.sol', 'flap.sol', 'drip.sol', 'bite.sol']
2,['transferFrom.sol', 'frob.sol', 'flip.t.sol', 'flap.t.sol', 'drip.t.sol', 'flap.sol', 'frob.t.sol', 'tune.sol']
2,['transferFrom.sol', 'frob.sol', 'flip.t.sol', 'flap.t.sol', 'drip.t.sol', 'flap.sol', 'frob.t.sol', 'bite.sol']
2,['transferFrom.sol', 'frob.sol', 'flip.t.sol', 'flap.t.sol', 'drip.t.sol', 'flap.sol', 'tune.sol', 'bite.sol']
2,['transferFrom.sol', 'frob.sol', 'flip.t.sol', 'flap.t.sol', 'drip.t.sol', 'drip.sol', 'frob.t.sol', 'tune.sol']
3,['transferFrom.sol', 'frob.sol', 'flip.t.sol', 'flap.t.sol', 'drip.t.sol', 'drip.sol', 'frob.t.sol', 'bite.sol']
2,['transferFrom.sol', 'frob.sol', 'flip.t.sol', 'flap.t.sol', 'drip.t.sol', 'drip.sol', 'tune.sol', 'bite.sol']
2,['transferFrom.sol', 'frob.sol', 'flip.t.sol', 'flap.t.sol', 'drip.t.sol', 'frob.t.sol', 'tune.sol', 'bite.sol']
2,['transferFrom.sol', 'frob.sol', 'flip.t.sol', 'flap.t.sol', 'heal.t.sol', 'flap.sol', 'drip.sol', 'frob.t.sol']
2,['transferFrom.sol', 'frob.sol', 'flip.t.sol', 'flap.t.sol', 'heal.t.sol', 'flap.sol', 'drip.sol', 'tune.sol']
3,['transferFrom.sol', 'frob.sol', 'flip.t.sol', 'flap.t.sol', 'heal.t.sol', 'flap.sol', 'drip.sol', 'bite.sol']
3,['transferFrom.sol', 'frob.sol', 'flip.t.sol', 'flap.t.sol', 'heal.t.sol', 'flap.sol', 'frob.t.sol', 'tune.sol']
3,['transferFrom.sol', 'frob.sol', 'flip.t.sol', 'flap.t.sol', 'heal.t.sol', 'flap.sol', 'frob.t.sol', 'bite.sol']
3,['transferFrom.sol', 'frob.sol', 'flip.t.sol', 'flap.t.sol', 'heal.t.sol', 'flap.sol', 'tune.sol', 'bite.sol']
2,['transferFrom.sol', 'frob.sol', 'flip.t.sol', 'flap.t.sol', 'heal.t.sol', 'drip.sol', 'frob.t.sol', 'tune.sol']
2,['transferFrom.sol', 'frob.sol', 'flip.t.sol', 'flap.t.sol', 'heal.t.sol', 'drip.sol', 'frob.t.sol', 'bite.sol']
2,['transferFrom.sol', 'frob.sol', 'flip.t.sol', 'flap.t.sol', 'heal.t.sol', 'drip.sol', 'tune.sol', 'bite.sol']
3,['transferFrom.sol', 'frob.sol', 'flip.t.sol', 'flap.t.sol', 'heal.t.sol', 'frob.t.sol', 'tune.sol', 'bite.sol']
2,['transferFrom.sol', 'frob.sol', 'flip.t.sol', 'flap.t.sol', 'flap.sol', 'drip.sol', 'frob.t.sol', 'tune.sol']
2,['transferFrom.sol', 'frob.sol', 'flip.t.sol', 'flap.t.sol', 'flap.sol', 'drip.sol', 'frob.t.sol', 'bite.sol']
2,['transferFrom.sol', 'frob.sol', 'flip.t.sol', 'flap.t.sol', 'flap.sol', 'drip.sol', 'tune.sol', 'bite.sol']
3,['transferFrom.sol', 'frob.sol', 'flip.t.sol', 'flap.t.sol', 'flap.sol', 'frob.t.sol', 'tune.sol', 'bite.sol']
2,['transferFrom.sol', 'frob.sol', 'flip.t.sol', 'flap.t.sol', 'drip.sol', 'frob.t.sol', 'tune.sol', 'bite.sol']
3,['transferFrom.sol', 'frob.sol', 'flip.t.sol', 'heal.sol', 'drip.t.sol', 'heal.t.sol', 'flap.sol', 'drip.sol']
2,['transferFrom.sol', 'frob.sol', 'flip.t.sol', 'heal.sol', 'drip.t.sol', 'heal.t.sol', 'flap.sol', 'frob.t.sol']
2,['transferFrom.sol', 'frob.sol', 'flip.t.sol', 'heal.sol', 'drip.t.sol', 'heal.t.sol', 'flap.sol', 'tune.sol']
2,['transferFrom.sol', 'frob.sol', 'flip.t.sol', 'heal.sol', 'drip.t.sol', 'heal.t.sol', 'flap.sol', 'bite.sol']
3,['transferFrom.sol', 'frob.sol', 'flip.t.sol', 'heal.sol', 'drip.t.sol', 'heal.t.sol', 'drip.sol', 'frob.t.sol']
2,['transferFrom.sol', 'frob.sol', 'flip.t.sol', 'heal.sol', 'drip.t.sol', 'heal.t.sol', 'drip.sol', 'tune.sol']
5,['transferFrom.sol', 'frob.sol', 'flip.t.sol', 'heal.sol', 'drip.t.sol', 'heal.t.sol', 'drip.sol', 'bite.sol']
2,['transferFrom.sol', 'frob.sol', 'flip.t.sol', 'heal.sol', 'drip.t.sol', 'heal.t.sol', 'frob.t.sol', 'tune.sol']
2,['transferFrom.sol', 'frob.sol', 'flip.t.sol', 'heal.sol', 'drip.t.sol', 'heal.t.sol', 'frob.t.sol', 'bite.sol']
2,['transferFrom.sol', 'frob.sol', 'flip.t.sol', 'heal.sol', 'drip.t.sol', 'heal.t.sol', 'tune.sol', 'bite.sol']
5,['transferFrom.sol', 'frob.sol', 'flip.t.sol', 'heal.sol', 'drip.t.sol', 'flap.sol', 'drip.sol', 'frob.t.sol']
2,['transferFrom.sol', 'frob.sol', 'flip.t.sol', 'heal.sol', 'drip.t.sol', 'flap.sol', 'drip.sol', 'tune.sol']
2,['transferFrom.sol', 'frob.sol', 'flip.t.sol', 'heal.sol', 'drip.t.sol', 'flap.sol', 'drip.sol', 'bite.sol']
3,['transferFrom.sol', 'frob.sol', 'flip.t.sol', 'heal.sol', 'drip.t.sol', 'flap.sol', 'frob.t.sol', 'tune.sol']
4,['transferFrom.sol', 'frob.sol', 'flip.t.sol', 'heal.sol', 'drip.t.sol', 'flap.sol', 'frob.t.sol', 'bite.sol']
2,['transferFrom.sol', 'frob.sol', 'flip.t.sol', 'heal.sol', 'drip.t.sol', 'flap.sol', 'tune.sol', 'bite.sol']
4,['transferFrom.sol', 'frob.sol', 'flip.t.sol', 'heal.sol', 'drip.t.sol', 'drip.sol', 'frob.t.sol', 'tune.sol']
5,['transferFrom.sol', 'frob.sol', 'flip.t.sol', 'heal.sol', 'drip.t.sol', 'drip.sol', 'frob.t.sol', 'bite.sol']
2,['transferFrom.sol', 'frob.sol', 'flip.t.sol', 'heal.sol', 'drip.t.sol', 'drip.sol', 'tune.sol', 'bite.sol']
4,['transferFrom.sol', 'frob.sol', 'flip.t.sol', 'heal.sol', 'drip.t.sol', 'frob.t.sol', 'tune.sol', 'bite.sol']
2,['transferFrom.sol', 'frob.sol', 'flip.t.sol', 'heal.sol', 'heal.t.sol', 'flap.sol', 'drip.sol', 'frob.t.sol']
2,['transferFrom.sol', 'frob.sol', 'flip.t.sol', 'heal.sol', 'heal.t.sol', 'flap.sol', 'drip.sol', 'tune.sol']
3,['transferFrom.sol', 'frob.sol', 'flip.t.sol', 'heal.sol', 'heal.t.sol', 'flap.sol', 'drip.sol', 'bite.sol']
3,['transferFrom.sol', 'frob.sol', 'flip.t.sol', 'heal.sol', 'heal.t.sol', 'flap.sol', 'frob.t.sol', 'tune.sol']
3,['transferFrom.sol', 'frob.sol', 'flip.t.sol', 'heal.sol', 'heal.t.sol', 'flap.sol', 'frob.t.sol', 'bite.sol']
3,['transferFrom.sol', 'frob.sol', 'flip.t.sol', 'heal.sol', 'heal.t.sol', 'flap.sol', 'tune.sol', 'bite.sol']
2,['transferFrom.sol', 'frob.sol', 'flip.t.sol', 'heal.sol', 'heal.t.sol', 'drip.sol', 'frob.t.sol', 'tune.sol']
2,['transferFrom.sol', 'frob.sol', 'flip.t.sol', 'heal.sol', 'heal.t.sol', 'drip.sol', 'frob.t.sol', 'bite.sol']
2,['transferFrom.sol', 'frob.sol', 'flip.t.sol', 'heal.sol', 'heal.t.sol', 'drip.sol', 'tune.sol', 'bite.sol']
3,['transferFrom.sol', 'frob.sol', 'flip.t.sol', 'heal.sol', 'heal.t.sol', 'frob.t.sol', 'tune.sol', 'bite.sol']
2,['transferFrom.sol', 'frob.sol', 'flip.t.sol', 'heal.sol', 'flap.sol', 'drip.sol', 'frob.t.sol', 'tune.sol']
6,['transferFrom.sol', 'frob.sol', 'flip.t.sol', 'heal.sol', 'flap.sol', 'drip.sol', 'frob.t.sol', 'bite.sol']
2,['transferFrom.sol', 'frob.sol', 'flip.t.sol', 'heal.sol', 'flap.sol', 'drip.sol', 'tune.sol', 'bite.sol']
3,['transferFrom.sol', 'frob.sol', 'flip.t.sol', 'heal.sol', 'flap.sol', 'frob.t.sol', 'tune.sol', 'bite.sol']
2,['transferFrom.sol', 'frob.sol', 'flip.t.sol', 'heal.sol', 'drip.sol', 'frob.t.sol', 'tune.sol', 'bite.sol']
2,['transferFrom.sol', 'frob.sol', 'flip.t.sol', 'drip.t.sol', 'heal.t.sol', 'flap.sol', 'drip.sol', 'frob.t.sol']
2,['transferFrom.sol', 'frob.sol', 'flip.t.sol', 'drip.t.sol', 'heal.t.sol', 'flap.sol', 'drip.sol', 'tune.sol']
2,['transferFrom.sol', 'frob.sol', 'flip.t.sol', 'drip.t.sol', 'heal.t.sol', 'flap.sol', 'drip.sol', 'bite.sol']
2,['transferFrom.sol', 'frob.sol', 'flip.t.sol', 'drip.t.sol', 'heal.t.sol', 'flap.sol', 'frob.t.sol', 'tune.sol']
2,['transferFrom.sol', 'frob.sol', 'flip.t.sol', 'drip.t.sol', 'heal.t.sol', 'flap.sol', 'frob.t.sol', 'bite.sol']
2,['transferFrom.sol', 'frob.sol', 'flip.t.sol', 'drip.t.sol', 'heal.t.sol', 'flap.sol', 'tune.sol', 'bite.sol']
2,['transferFrom.sol', 'frob.sol', 'flip.t.sol', 'drip.t.sol', 'heal.t.sol', 'drip.sol', 'frob.t.sol', 'tune.sol']
2,['transferFrom.sol', 'frob.sol', 'flip.t.sol', 'drip.t.sol', 'heal.t.sol', 'drip.sol', 'frob.t.sol', 'bite.sol']
2,['transferFrom.sol', 'frob.sol', 'flip.t.sol', 'drip.t.sol', 'heal.t.sol', 'drip.sol', 'tune.sol', 'bite.sol']
2,['transferFrom.sol', 'frob.sol', 'flip.t.sol', 'drip.t.sol', 'heal.t.sol', 'frob.t.sol', 'tune.sol', 'bite.sol']
2,['transferFrom.sol', 'frob.sol', 'flip.t.sol', 'drip.t.sol', 'flap.sol', 'drip.sol', 'frob.t.sol', 'tune.sol']
6,['transferFrom.sol', 'frob.sol', 'flip.t.sol', 'drip.t.sol', 'flap.sol', 'drip.sol', 'frob.t.sol', 'bite.sol']
3,['transferFrom.sol', 'frob.sol', 'flip.t.sol', 'drip.t.sol', 'flap.sol', 'drip.sol', 'tune.sol', 'bite.sol']
2,['transferFrom.sol', 'frob.sol', 'flip.t.sol', 'drip.t.sol', 'flap.sol', 'frob.t.sol', 'tune.sol', 'bite.sol']
4,['transferFrom.sol', 'frob.sol', 'flip.t.sol', 'drip.t.sol', 'drip.sol', 'frob.t.sol', 'tune.sol', 'bite.sol']
2,['transferFrom.sol', 'frob.sol', 'flip.t.sol', 'heal.t.sol', 'flap.sol', 'drip.sol', 'frob.t.sol', 'tune.sol']
2,['transferFrom.sol', 'frob.sol', 'flip.t.sol', 'heal.t.sol', 'flap.sol', 'drip.sol', 'frob.t.sol', 'bite.sol']
2,['transferFrom.sol', 'frob.sol', 'flip.t.sol', 'heal.t.sol', 'flap.sol', 'drip.sol', 'tune.sol', 'bite.sol']
3,['transferFrom.sol', 'frob.sol', 'flip.t.sol', 'heal.t.sol', 'flap.sol', 'frob.t.sol', 'tune.sol', 'bite.sol']
2,['transferFrom.sol', 'frob.sol', 'flip.t.sol', 'heal.t.sol', 'drip.sol', 'frob.t.sol', 'tune.sol', 'bite.sol']
2,['transferFrom.sol', 'frob.sol', 'flip.t.sol', 'flap.sol', 'drip.sol', 'frob.t.sol', 'tune.sol', 'bite.sol']
3,['transferFrom.sol', 'frob.sol', 'flop.t.sol', 'flap.t.sol', 'heal.sol', 'drip.t.sol', 'heal.t.sol', 'flap.sol']
3,['transferFrom.sol', 'frob.sol', 'flop.t.sol', 'flap.t.sol', 'heal.sol', 'drip.t.sol', 'heal.t.sol', 'drip.sol']
2,['transferFrom.sol', 'frob.sol', 'flop.t.sol', 'flap.t.sol', 'heal.sol', 'drip.t.sol', 'heal.t.sol', 'frob.t.sol']
3,['transferFrom.sol', 'frob.sol', 'flop.t.sol', 'flap.t.sol', 'heal.sol', 'drip.t.sol', 'heal.t.sol', 'tune.sol']
3,['transferFrom.sol', 'frob.sol', 'flop.t.sol', 'flap.t.sol', 'heal.sol', 'drip.t.sol', 'heal.t.sol', 'bite.sol']
4,['transferFrom.sol', 'frob.sol', 'flop.t.sol', 'flap.t.sol', 'heal.sol', 'drip.t.sol', 'flap.sol', 'drip.sol']
3,['transferFrom.sol', 'frob.sol', 'flop.t.sol', 'flap.t.sol', 'heal.sol', 'drip.t.sol', 'flap.sol', 'frob.t.sol']
2,['transferFrom.sol', 'frob.sol', 'flop.t.sol', 'flap.t.sol', 'heal.sol', 'drip.t.sol', 'flap.sol', 'tune.sol']
3,['transferFrom.sol', 'frob.sol', 'flop.t.sol', 'flap.t.sol', 'heal.sol', 'drip.t.sol', 'flap.sol', 'bite.sol']
5,['transferFrom.sol', 'frob.sol', 'flop.t.sol', 'flap.t.sol', 'heal.sol', 'drip.t.sol', 'drip.sol', 'frob.t.sol']
3,['transferFrom.sol', 'frob.sol', 'flop.t.sol', 'flap.t.sol', 'heal.sol', 'drip.t.sol', 'drip.sol', 'tune.sol']
3,['transferFrom.sol', 'frob.sol', 'flop.t.sol', 'flap.t.sol', 'heal.sol', 'drip.t.sol', 'drip.sol', 'bite.sol']
3,['transferFrom.sol', 'frob.sol', 'flop.t.sol', 'flap.t.sol', 'heal.sol', 'drip.t.sol', 'frob.t.sol', 'tune.sol']
3,['transferFrom.sol', 'frob.sol', 'flop.t.sol', 'flap.t.sol', 'heal.sol', 'drip.t.sol', 'frob.t.sol', 'bite.sol']
2,['transferFrom.sol', 'frob.sol', 'flop.t.sol', 'flap.t.sol', 'heal.sol', 'drip.t.sol', 'tune.sol', 'bite.sol']
3,['transferFrom.sol', 'frob.sol', 'flop.t.sol', 'flap.t.sol', 'heal.sol', 'heal.t.sol', 'flap.sol', 'drip.sol']
3,['transferFrom.sol', 'frob.sol', 'flop.t.sol', 'flap.t.sol', 'heal.sol', 'heal.t.sol', 'flap.sol', 'frob.t.sol']
3,['transferFrom.sol', 'frob.sol', 'flop.t.sol', 'flap.t.sol', 'heal.sol', 'heal.t.sol', 'flap.sol', 'tune.sol']
4,['transferFrom.sol', 'frob.sol', 'flop.t.sol', 'flap.t.sol', 'heal.sol', 'heal.t.sol', 'flap.sol', 'bite.sol']
2,['transferFrom.sol', 'frob.sol', 'flop.t.sol', 'flap.t.sol', 'heal.sol', 'heal.t.sol', 'drip.sol', 'frob.t.sol']
2,['transferFrom.sol', 'frob.sol', 'flop.t.sol', 'flap.t.sol', 'heal.sol', 'heal.t.sol', 'drip.sol', 'tune.sol']
3,['transferFrom.sol', 'frob.sol', 'flop.t.sol', 'flap.t.sol', 'heal.sol', 'heal.t.sol', 'drip.sol', 'bite.sol']
3,['transferFrom.sol', 'frob.sol', 'flop.t.sol', 'flap.t.sol', 'heal.sol', 'heal.t.sol', 'frob.t.sol', 'tune.sol']
3,['transferFrom.sol', 'frob.sol', 'flop.t.sol', 'flap.t.sol', 'heal.sol', 'heal.t.sol', 'frob.t.sol', 'bite.sol']
3,['transferFrom.sol', 'frob.sol', 'flop.t.sol', 'flap.t.sol', 'heal.sol', 'heal.t.sol', 'tune.sol', 'bite.sol']
3,['transferFrom.sol', 'frob.sol', 'flop.t.sol', 'flap.t.sol', 'heal.sol', 'flap.sol', 'drip.sol', 'frob.t.sol']
2,['transferFrom.sol', 'frob.sol', 'flop.t.sol', 'flap.t.sol', 'heal.sol', 'flap.sol', 'drip.sol', 'tune.sol']
3,['transferFrom.sol', 'frob.sol', 'flop.t.sol', 'flap.t.sol', 'heal.sol', 'flap.sol', 'drip.sol', 'bite.sol']
3,['transferFrom.sol', 'frob.sol', 'flop.t.sol', 'flap.t.sol', 'heal.sol', 'flap.sol', 'frob.t.sol', 'tune.sol']
4,['transferFrom.sol', 'frob.sol', 'flop.t.sol', 'flap.t.sol', 'heal.sol', 'flap.sol', 'frob.t.sol', 'bite.sol']
2,['transferFrom.sol', 'frob.sol', 'flop.t.sol', 'flap.t.sol', 'heal.sol', 'flap.sol', 'tune.sol', 'bite.sol']
2,['transferFrom.sol', 'frob.sol', 'flop.t.sol', 'flap.t.sol', 'heal.sol', 'drip.sol', 'frob.t.sol', 'tune.sol']
3,['transferFrom.sol', 'frob.sol', 'flop.t.sol', 'flap.t.sol', 'heal.sol', 'drip.sol', 'frob.t.sol', 'bite.sol']
2,['transferFrom.sol', 'frob.sol', 'flop.t.sol', 'flap.t.sol', 'heal.sol', 'drip.sol', 'tune.sol', 'bite.sol']
3,['transferFrom.sol', 'frob.sol', 'flop.t.sol', 'flap.t.sol', 'heal.sol', 'frob.t.sol', 'tune.sol', 'bite.sol']
3,['transferFrom.sol', 'frob.sol', 'flop.t.sol', 'flap.t.sol', 'drip.t.sol', 'heal.t.sol', 'flap.sol', 'drip.sol']
2,['transferFrom.sol', 'frob.sol', 'flop.t.sol', 'flap.t.sol', 'drip.t.sol', 'heal.t.sol', 'flap.sol', 'frob.t.sol']
3,['transferFrom.sol', 'frob.sol', 'flop.t.sol', 'flap.t.sol', 'drip.t.sol', 'heal.t.sol', 'flap.sol', 'tune.sol']
3,['transferFrom.sol', 'frob.sol', 'flop.t.sol', 'flap.t.sol', 'drip.t.sol', 'heal.t.sol', 'flap.sol', 'bite.sol']
2,['transferFrom.sol', 'frob.sol', 'flop.t.sol', 'flap.t.sol', 'drip.t.sol', 'heal.t.sol', 'drip.sol', 'frob.t.sol']
2,['transferFrom.sol', 'frob.sol', 'flop.t.sol', 'flap.t.sol', 'drip.t.sol', 'heal.t.sol', 'drip.sol', 'tune.sol']
3,['transferFrom.sol', 'frob.sol', 'flop.t.sol', 'flap.t.sol', 'drip.t.sol', 'heal.t.sol', 'drip.sol', 'bite.sol']
2,['transferFrom.sol', 'frob.sol', 'flop.t.sol', 'flap.t.sol', 'drip.t.sol', 'heal.t.sol', 'frob.t.sol', 'tune.sol']
2,['transferFrom.sol', 'frob.sol', 'flop.t.sol', 'flap.t.sol', 'drip.t.sol', 'heal.t.sol', 'frob.t.sol', 'bite.sol']
2,['transferFrom.sol', 'frob.sol', 'flop.t.sol', 'flap.t.sol', 'drip.t.sol', 'heal.t.sol', 'tune.sol', 'bite.sol']
3,['transferFrom.sol', 'frob.sol', 'flop.t.sol', 'flap.t.sol', 'drip.t.sol', 'flap.sol', 'drip.sol', 'frob.t.sol']
3,['transferFrom.sol', 'frob.sol', 'flop.t.sol', 'flap.t.sol', 'drip.t.sol', 'flap.sol', 'drip.sol', 'tune.sol']
4,['transferFrom.sol', 'frob.sol', 'flop.t.sol', 'flap.t.sol', 'drip.t.sol', 'flap.sol', 'drip.sol', 'bite.sol']
2,['transferFrom.sol', 'frob.sol', 'flop.t.sol', 'flap.t.sol', 'drip.t.sol', 'flap.sol', 'frob.t.sol', 'tune.sol']
3,['transferFrom.sol', 'frob.sol', 'flop.t.sol', 'flap.t.sol', 'drip.t.sol', 'flap.sol', 'frob.t.sol', 'bite.sol']
2,['transferFrom.sol', 'frob.sol', 'flop.t.sol', 'flap.t.sol', 'drip.t.sol', 'flap.sol', 'tune.sol', 'bite.sol']
2,['transferFrom.sol', 'frob.sol', 'flop.t.sol', 'flap.t.sol', 'drip.t.sol', 'drip.sol', 'frob.t.sol', 'tune.sol']
6,['transferFrom.sol', 'frob.sol', 'flop.t.sol', 'flap.t.sol', 'drip.t.sol', 'drip.sol', 'frob.t.sol', 'bite.sol']
3,['transferFrom.sol', 'frob.sol', 'flop.t.sol', 'flap.t.sol', 'drip.t.sol', 'drip.sol', 'tune.sol', 'bite.sol']
2,['transferFrom.sol', 'frob.sol', 'flop.t.sol', 'flap.t.sol', 'drip.t.sol', 'frob.t.sol', 'tune.sol', 'bite.sol']
2,['transferFrom.sol', 'frob.sol', 'flop.t.sol', 'flap.t.sol', 'heal.t.sol', 'flap.sol', 'drip.sol', 'frob.t.sol']
2,['transferFrom.sol', 'frob.sol', 'flop.t.sol', 'flap.t.sol', 'heal.t.sol', 'flap.sol', 'drip.sol', 'tune.sol']
3,['transferFrom.sol', 'frob.sol', 'flop.t.sol', 'flap.t.sol', 'heal.t.sol', 'flap.sol', 'drip.sol', 'bite.sol']
3,['transferFrom.sol', 'frob.sol', 'flop.t.sol', 'flap.t.sol', 'heal.t.sol', 'flap.sol', 'frob.t.sol', 'tune.sol']
3,['transferFrom.sol', 'frob.sol', 'flop.t.sol', 'flap.t.sol', 'heal.t.sol', 'flap.sol', 'frob.t.sol', 'bite.sol']
4,['transferFrom.sol', 'frob.sol', 'flop.t.sol', 'flap.t.sol', 'heal.t.sol', 'flap.sol', 'tune.sol', 'bite.sol']
2,['transferFrom.sol', 'frob.sol', 'flop.t.sol', 'flap.t.sol', 'heal.t.sol', 'drip.sol', 'frob.t.sol', 'tune.sol']
2,['transferFrom.sol', 'frob.sol', 'flop.t.sol', 'flap.t.sol', 'heal.t.sol', 'drip.sol', 'frob.t.sol', 'bite.sol']
2,['transferFrom.sol', 'frob.sol', 'flop.t.sol', 'flap.t.sol', 'heal.t.sol', 'drip.sol', 'tune.sol', 'bite.sol']
3,['transferFrom.sol', 'frob.sol', 'flop.t.sol', 'flap.t.sol', 'heal.t.sol', 'frob.t.sol', 'tune.sol', 'bite.sol']
2,['transferFrom.sol', 'frob.sol', 'flop.t.sol', 'flap.t.sol', 'flap.sol', 'drip.sol', 'frob.t.sol', 'tune.sol']
3,['transferFrom.sol', 'frob.sol', 'flop.t.sol', 'flap.t.sol', 'flap.sol', 'drip.sol', 'frob.t.sol', 'bite.sol']
2,['transferFrom.sol', 'frob.sol', 'flop.t.sol', 'flap.t.sol', 'flap.sol', 'drip.sol', 'tune.sol', 'bite.sol']
3,['transferFrom.sol', 'frob.sol', 'flop.t.sol', 'flap.t.sol', 'flap.sol', 'frob.t.sol', 'tune.sol', 'bite.sol']
2,['transferFrom.sol', 'frob.sol', 'flop.t.sol', 'flap.t.sol', 'drip.sol', 'frob.t.sol', 'tune.sol', 'bite.sol']
4,['transferFrom.sol', 'frob.sol', 'flop.t.sol', 'heal.sol', 'drip.t.sol', 'heal.t.sol', 'flap.sol', 'drip.sol']
2,['transferFrom.sol', 'frob.sol', 'flop.t.sol', 'heal.sol', 'drip.t.sol', 'heal.t.sol', 'flap.sol', 'frob.t.sol']
2,['transferFrom.sol', 'frob.sol', 'flop.t.sol', 'heal.sol', 'drip.t.sol', 'heal.t.sol', 'flap.sol', 'tune.sol']
4,['transferFrom.sol', 'frob.sol', 'flop.t.sol', 'heal.sol', 'drip.t.sol', 'heal.t.sol', 'flap.sol', 'bite.sol']
3,['transferFrom.sol', 'frob.sol', 'flop.t.sol', 'heal.sol', 'drip.t.sol', 'heal.t.sol', 'drip.sol', 'frob.t.sol']
2,['transferFrom.sol', 'frob.sol', 'flop.t.sol', 'heal.sol', 'drip.t.sol', 'heal.t.sol', 'drip.sol', 'tune.sol']
4,['transferFrom.sol', 'frob.sol', 'flop.t.sol', 'heal.sol', 'drip.t.sol', 'heal.t.sol', 'drip.sol', 'bite.sol']
2,['transferFrom.sol', 'frob.sol', 'flop.t.sol', 'heal.sol', 'drip.t.sol', 'heal.t.sol', 'frob.t.sol', 'tune.sol']
2,['transferFrom.sol', 'frob.sol', 'flop.t.sol', 'heal.sol', 'drip.t.sol', 'heal.t.sol', 'frob.t.sol', 'bite.sol']
2,['transferFrom.sol', 'frob.sol', 'flop.t.sol', 'heal.sol', 'drip.t.sol', 'heal.t.sol', 'tune.sol', 'bite.sol']
3,['transferFrom.sol', 'frob.sol', 'flop.t.sol', 'heal.sol', 'drip.t.sol', 'flap.sol', 'drip.sol', 'frob.t.sol']
2,['transferFrom.sol', 'frob.sol', 'flop.t.sol', 'heal.sol', 'drip.t.sol', 'flap.sol', 'drip.sol', 'tune.sol']
2,['transferFrom.sol', 'frob.sol', 'flop.t.sol', 'heal.sol', 'drip.t.sol', 'flap.sol', 'drip.sol', 'bite.sol']
2,['transferFrom.sol', 'frob.sol', 'flop.t.sol', 'heal.sol', 'drip.t.sol', 'flap.sol', 'frob.t.sol', 'tune.sol']
3,['transferFrom.sol', 'frob.sol', 'flop.t.sol', 'heal.sol', 'drip.t.sol', 'flap.sol', 'frob.t.sol', 'bite.sol']
1,['transferFrom.sol', 'frob.sol', 'flop.t.sol', 'heal.sol', 'drip.t.sol', 'flap.sol', 'tune.sol', 'bite.sol']
6,['transferFrom.sol', 'frob.sol', 'flop.t.sol', 'heal.sol', 'drip.t.sol', 'drip.sol', 'frob.t.sol', 'tune.sol']
3,['transferFrom.sol', 'frob.sol', 'flop.t.sol', 'heal.sol', 'drip.t.sol', 'drip.sol', 'frob.t.sol', 'bite.sol']
2,['transferFrom.sol', 'frob.sol', 'flop.t.sol', 'heal.sol', 'drip.t.sol', 'drip.sol', 'tune.sol', 'bite.sol']
5,['transferFrom.sol', 'frob.sol', 'flop.t.sol', 'heal.sol', 'drip.t.sol', 'frob.t.sol', 'tune.sol', 'bite.sol']
2,['transferFrom.sol', 'frob.sol', 'flop.t.sol', 'heal.sol', 'heal.t.sol', 'flap.sol', 'drip.sol', 'frob.t.sol']
2,['transferFrom.sol', 'frob.sol', 'flop.t.sol', 'heal.sol', 'heal.t.sol', 'flap.sol', 'drip.sol', 'tune.sol']
4,['transferFrom.sol', 'frob.sol', 'flop.t.sol', 'heal.sol', 'heal.t.sol', 'flap.sol', 'drip.sol', 'bite.sol']
3,['transferFrom.sol', 'frob.sol', 'flop.t.sol', 'heal.sol', 'heal.t.sol', 'flap.sol', 'frob.t.sol', 'tune.sol']
3,['transferFrom.sol', 'frob.sol', 'flop.t.sol', 'heal.sol', 'heal.t.sol', 'flap.sol', 'frob.t.sol', 'bite.sol']
3,['transferFrom.sol', 'frob.sol', 'flop.t.sol', 'heal.sol', 'heal.t.sol', 'flap.sol', 'tune.sol', 'bite.sol']
2,['transferFrom.sol', 'frob.sol', 'flop.t.sol', 'heal.sol', 'heal.t.sol', 'drip.sol', 'frob.t.sol', 'tune.sol']
2,['transferFrom.sol', 'frob.sol', 'flop.t.sol', 'heal.sol', 'heal.t.sol', 'drip.sol', 'frob.t.sol', 'bite.sol']
2,['transferFrom.sol', 'frob.sol', 'flop.t.sol', 'heal.sol', 'heal.t.sol', 'drip.sol', 'tune.sol', 'bite.sol']
3,['transferFrom.sol', 'frob.sol', 'flop.t.sol', 'heal.sol', 'heal.t.sol', 'frob.t.sol', 'tune.sol', 'bite.sol']
3,['transferFrom.sol', 'frob.sol', 'flop.t.sol', 'heal.sol', 'flap.sol', 'drip.sol', 'frob.t.sol', 'tune.sol']
2,['transferFrom.sol', 'frob.sol', 'flop.t.sol', 'heal.sol', 'flap.sol', 'drip.sol', 'frob.t.sol', 'bite.sol']
2,['transferFrom.sol', 'frob.sol', 'flop.t.sol', 'heal.sol', 'flap.sol', 'drip.sol', 'tune.sol', 'bite.sol']
3,['transferFrom.sol', 'frob.sol', 'flop.t.sol', 'heal.sol', 'flap.sol', 'frob.t.sol', 'tune.sol', 'bite.sol']
3,['transferFrom.sol', 'frob.sol', 'flop.t.sol', 'heal.sol', 'drip.sol', 'frob.t.sol', 'tune.sol', 'bite.sol']
2,['transferFrom.sol', 'frob.sol', 'flop.t.sol', 'drip.t.sol', 'heal.t.sol', 'flap.sol', 'drip.sol', 'frob.t.sol']
2,['transferFrom.sol', 'frob.sol', 'flop.t.sol', 'drip.t.sol', 'heal.t.sol', 'flap.sol', 'drip.sol', 'tune.sol']
4,['transferFrom.sol', 'frob.sol', 'flop.t.sol', 'drip.t.sol', 'heal.t.sol', 'flap.sol', 'drip.sol', 'bite.sol']
2,['transferFrom.sol', 'frob.sol', 'flop.t.sol', 'drip.t.sol', 'heal.t.sol', 'flap.sol', 'frob.t.sol', 'tune.sol']
2,['transferFrom.sol', 'frob.sol', 'flop.t.sol', 'drip.t.sol', 'heal.t.sol', 'flap.sol', 'frob.t.sol', 'bite.sol']
2,['transferFrom.sol', 'frob.sol', 'flop.t.sol', 'drip.t.sol', 'heal.t.sol', 'flap.sol', 'tune.sol', 'bite.sol']
2,['transferFrom.sol', 'frob.sol', 'flop.t.sol', 'drip.t.sol', 'heal.t.sol', 'drip.sol', 'frob.t.sol', 'tune.sol']
3,['transferFrom.sol', 'frob.sol', 'flop.t.sol', 'drip.t.sol', 'heal.t.sol', 'drip.sol', 'frob.t.sol', 'bite.sol']
2,['transferFrom.sol', 'frob.sol', 'flop.t.sol', 'drip.t.sol', 'heal.t.sol', 'drip.sol', 'tune.sol', 'bite.sol']
2,['transferFrom.sol', 'frob.sol', 'flop.t.sol', 'drip.t.sol', 'heal.t.sol', 'frob.t.sol', 'tune.sol', 'bite.sol']
3,['transferFrom.sol', 'frob.sol', 'flop.t.sol', 'drip.t.sol', 'flap.sol', 'drip.sol', 'frob.t.sol', 'tune.sol']
3,['transferFrom.sol', 'frob.sol', 'flop.t.sol', 'drip.t.sol', 'flap.sol', 'drip.sol', 'frob.t.sol', 'bite.sol']
2,['transferFrom.sol', 'frob.sol', 'flop.t.sol', 'drip.t.sol', 'flap.sol', 'drip.sol', 'tune.sol', 'bite.sol']
3,['transferFrom.sol', 'frob.sol', 'flop.t.sol', 'drip.t.sol', 'flap.sol', 'frob.t.sol', 'tune.sol', 'bite.sol']
5,['transferFrom.sol', 'frob.sol', 'flop.t.sol', 'drip.t.sol', 'drip.sol', 'frob.t.sol', 'tune.sol', 'bite.sol']
2,['transferFrom.sol', 'frob.sol', 'flop.t.sol', 'heal.t.sol', 'flap.sol', 'drip.sol', 'frob.t.sol', 'tune.sol']
2,['transferFrom.sol', 'frob.sol', 'flop.t.sol', 'heal.t.sol', 'flap.sol', 'drip.sol', 'frob.t.sol', 'bite.sol']
2,['transferFrom.sol', 'frob.sol', 'flop.t.sol', 'heal.t.sol', 'flap.sol', 'drip.sol', 'tune.sol', 'bite.sol']
3,['transferFrom.sol', 'frob.sol', 'flop.t.sol', 'heal.t.sol', 'flap.sol', 'frob.t.sol', 'tune.sol', 'bite.sol']
2,['transferFrom.sol', 'frob.sol', 'flop.t.sol', 'heal.t.sol', 'drip.sol', 'frob.t.sol', 'tune.sol', 'bite.sol']
3,['transferFrom.sol', 'frob.sol', 'flop.t.sol', 'flap.sol', 'drip.sol', 'frob.t.sol', 'tune.sol', 'bite.sol']
4,['transferFrom.sol', 'frob.sol', 'flap.t.sol', 'heal.sol', 'drip.t.sol', 'heal.t.sol', 'flap.sol', 'drip.sol']
2,['transferFrom.sol', 'frob.sol', 'flap.t.sol', 'heal.sol', 'drip.t.sol', 'heal.t.sol', 'flap.sol', 'frob.t.sol']
2,['transferFrom.sol', 'frob.sol', 'flap.t.sol', 'heal.sol', 'drip.t.sol', 'heal.t.sol', 'flap.sol', 'tune.sol']
4,['transferFrom.sol', 'frob.sol', 'flap.t.sol', 'heal.sol', 'drip.t.sol', 'heal.t.sol', 'flap.sol', 'bite.sol']
3,['transferFrom.sol', 'frob.sol', 'flap.t.sol', 'heal.sol', 'drip.t.sol', 'heal.t.sol', 'drip.sol', 'frob.t.sol']
2,['transferFrom.sol', 'frob.sol', 'flap.t.sol', 'heal.sol', 'drip.t.sol', 'heal.t.sol', 'drip.sol', 'tune.sol']
4,['transferFrom.sol', 'frob.sol', 'flap.t.sol', 'heal.sol', 'drip.t.sol', 'heal.t.sol', 'drip.sol', 'bite.sol']
2,['transferFrom.sol', 'frob.sol', 'flap.t.sol', 'heal.sol', 'drip.t.sol', 'heal.t.sol', 'frob.t.sol', 'tune.sol']
2,['transferFrom.sol', 'frob.sol', 'flap.t.sol', 'heal.sol', 'drip.t.sol', 'heal.t.sol', 'frob.t.sol', 'bite.sol']
2,['transferFrom.sol', 'frob.sol', 'flap.t.sol', 'heal.sol', 'drip.t.sol', 'heal.t.sol', 'tune.sol', 'bite.sol']
3,['transferFrom.sol', 'frob.sol', 'flap.t.sol', 'heal.sol', 'drip.t.sol', 'flap.sol', 'drip.sol', 'frob.t.sol']
2,['transferFrom.sol', 'frob.sol', 'flap.t.sol', 'heal.sol', 'drip.t.sol', 'flap.sol', 'drip.sol', 'tune.sol']
2,['transferFrom.sol', 'frob.sol', 'flap.t.sol', 'heal.sol', 'drip.t.sol', 'flap.sol', 'drip.sol', 'bite.sol']
2,['transferFrom.sol', 'frob.sol', 'flap.t.sol', 'heal.sol', 'drip.t.sol', 'flap.sol', 'frob.t.sol', 'tune.sol']
3,['transferFrom.sol', 'frob.sol', 'flap.t.sol', 'heal.sol', 'drip.t.sol', 'flap.sol', 'frob.t.sol', 'bite.sol']
1,['transferFrom.sol', 'frob.sol', 'flap.t.sol', 'heal.sol', 'drip.t.sol', 'flap.sol', 'tune.sol', 'bite.sol']
6,['transferFrom.sol', 'frob.sol', 'flap.t.sol', 'heal.sol', 'drip.t.sol', 'drip.sol', 'frob.t.sol', 'tune.sol']
3,['transferFrom.sol', 'frob.sol', 'flap.t.sol', 'heal.sol', 'drip.t.sol', 'drip.sol', 'frob.t.sol', 'bite.sol']
2,['transferFrom.sol', 'frob.sol', 'flap.t.sol', 'heal.sol', 'drip.t.sol', 'drip.sol', 'tune.sol', 'bite.sol']
3,['transferFrom.sol', 'frob.sol', 'flap.t.sol', 'heal.sol', 'drip.t.sol', 'frob.t.sol', 'tune.sol', 'bite.sol']
2,['transferFrom.sol', 'frob.sol', 'flap.t.sol', 'heal.sol', 'heal.t.sol', 'flap.sol', 'drip.sol', 'frob.t.sol']
2,['transferFrom.sol', 'frob.sol', 'flap.t.sol', 'heal.sol', 'heal.t.sol', 'flap.sol', 'drip.sol', 'tune.sol']
4,['transferFrom.sol', 'frob.sol', 'flap.t.sol', 'heal.sol', 'heal.t.sol', 'flap.sol', 'drip.sol', 'bite.sol']
3,['transferFrom.sol', 'frob.sol', 'flap.t.sol', 'heal.sol', 'heal.t.sol', 'flap.sol', 'frob.t.sol', 'tune.sol']
3,['transferFrom.sol', 'frob.sol', 'flap.t.sol', 'heal.sol', 'heal.t.sol', 'flap.sol', 'frob.t.sol', 'bite.sol']
3,['transferFrom.sol', 'frob.sol', 'flap.t.sol', 'heal.sol', 'heal.t.sol', 'flap.sol', 'tune.sol', 'bite.sol']
2,['transferFrom.sol', 'frob.sol', 'flap.t.sol', 'heal.sol', 'heal.t.sol', 'drip.sol', 'frob.t.sol', 'tune.sol']
2,['transferFrom.sol', 'frob.sol', 'flap.t.sol', 'heal.sol', 'heal.t.sol', 'drip.sol', 'frob.t.sol', 'bite.sol']
2,['transferFrom.sol', 'frob.sol', 'flap.t.sol', 'heal.sol', 'heal.t.sol', 'drip.sol', 'tune.sol', 'bite.sol']
3,['transferFrom.sol', 'frob.sol', 'flap.t.sol', 'heal.sol', 'heal.t.sol', 'frob.t.sol', 'tune.sol', 'bite.sol']
3,['transferFrom.sol', 'frob.sol', 'flap.t.sol', 'heal.sol', 'flap.sol', 'drip.sol', 'frob.t.sol', 'tune.sol']
2,['transferFrom.sol', 'frob.sol', 'flap.t.sol', 'heal.sol', 'flap.sol', 'drip.sol', 'frob.t.sol', 'bite.sol']
2,['transferFrom.sol', 'frob.sol', 'flap.t.sol', 'heal.sol', 'flap.sol', 'drip.sol', 'tune.sol', 'bite.sol']
3,['transferFrom.sol', 'frob.sol', 'flap.t.sol', 'heal.sol', 'flap.sol', 'frob.t.sol', 'tune.sol', 'bite.sol']
3,['transferFrom.sol', 'frob.sol', 'flap.t.sol', 'heal.sol', 'drip.sol', 'frob.t.sol', 'tune.sol', 'bite.sol']
2,['transferFrom.sol', 'frob.sol', 'flap.t.sol', 'drip.t.sol', 'heal.t.sol', 'flap.sol', 'drip.sol', 'frob.t.sol']
2,['transferFrom.sol', 'frob.sol', 'flap.t.sol', 'drip.t.sol', 'heal.t.sol', 'flap.sol', 'drip.sol', 'tune.sol']
4,['transferFrom.sol', 'frob.sol', 'flap.t.sol', 'drip.t.sol', 'heal.t.sol', 'flap.sol', 'drip.sol', 'bite.sol']
2,['transferFrom.sol', 'frob.sol', 'flap.t.sol', 'drip.t.sol', 'heal.t.sol', 'flap.sol', 'frob.t.sol', 'tune.sol']
2,['transferFrom.sol', 'frob.sol', 'flap.t.sol', 'drip.t.sol', 'heal.t.sol', 'flap.sol', 'frob.t.sol', 'bite.sol']
2,['transferFrom.sol', 'frob.sol', 'flap.t.sol', 'drip.t.sol', 'heal.t.sol', 'flap.sol', 'tune.sol', 'bite.sol']
2,['transferFrom.sol', 'frob.sol', 'flap.t.sol', 'drip.t.sol', 'heal.t.sol', 'drip.sol', 'frob.t.sol', 'tune.sol']
3,['transferFrom.sol', 'frob.sol', 'flap.t.sol', 'drip.t.sol', 'heal.t.sol', 'drip.sol', 'frob.t.sol', 'bite.sol']
2,['transferFrom.sol', 'frob.sol', 'flap.t.sol', 'drip.t.sol', 'heal.t.sol', 'drip.sol', 'tune.sol', 'bite.sol']
2,['transferFrom.sol', 'frob.sol', 'flap.t.sol', 'drip.t.sol', 'heal.t.sol', 'frob.t.sol', 'tune.sol', 'bite.sol']
3,['transferFrom.sol', 'frob.sol', 'flap.t.sol', 'drip.t.sol', 'flap.sol', 'drip.sol', 'frob.t.sol', 'tune.sol']
3,['transferFrom.sol', 'frob.sol', 'flap.t.sol', 'drip.t.sol', 'flap.sol', 'drip.sol', 'frob.t.sol', 'bite.sol']
2,['transferFrom.sol', 'frob.sol', 'flap.t.sol', 'drip.t.sol', 'flap.sol', 'drip.sol', 'tune.sol', 'bite.sol']
3,['transferFrom.sol', 'frob.sol', 'flap.t.sol', 'drip.t.sol', 'flap.sol', 'frob.t.sol', 'tune.sol', 'bite.sol']
2,['transferFrom.sol', 'frob.sol', 'flap.t.sol', 'drip.t.sol', 'drip.sol', 'frob.t.sol', 'tune.sol', 'bite.sol']
2,['transferFrom.sol', 'frob.sol', 'flap.t.sol', 'heal.t.sol', 'flap.sol', 'drip.sol', 'frob.t.sol', 'tune.sol']
2,['transferFrom.sol', 'frob.sol', 'flap.t.sol', 'heal.t.sol', 'flap.sol', 'drip.sol', 'frob.t.sol', 'bite.sol']
2,['transferFrom.sol', 'frob.sol', 'flap.t.sol', 'heal.t.sol', 'flap.sol', 'drip.sol', 'tune.sol', 'bite.sol']
3,['transferFrom.sol', 'frob.sol', 'flap.t.sol', 'heal.t.sol', 'flap.sol', 'frob.t.sol', 'tune.sol', 'bite.sol']
2,['transferFrom.sol', 'frob.sol', 'flap.t.sol', 'heal.t.sol', 'drip.sol', 'frob.t.sol', 'tune.sol', 'bite.sol']
3,['transferFrom.sol', 'frob.sol', 'flap.t.sol', 'flap.sol', 'drip.sol', 'frob.t.sol', 'tune.sol', 'bite.sol']
5,['transferFrom.sol', 'frob.sol', 'heal.sol', 'drip.t.sol', 'heal.t.sol', 'flap.sol', 'drip.sol', 'frob.t.sol']
3,['transferFrom.sol', 'frob.sol', 'heal.sol', 'drip.t.sol', 'heal.t.sol', 'flap.sol', 'drip.sol', 'tune.sol']
2,['transferFrom.sol', 'frob.sol', 'heal.sol', 'drip.t.sol', 'heal.t.sol', 'flap.sol', 'drip.sol', 'bite.sol']
3,['transferFrom.sol', 'frob.sol', 'heal.sol', 'drip.t.sol', 'heal.t.sol', 'flap.sol', 'frob.t.sol', 'tune.sol']
4,['transferFrom.sol', 'frob.sol', 'heal.sol', 'drip.t.sol', 'heal.t.sol', 'flap.sol', 'frob.t.sol', 'bite.sol']
3,['transferFrom.sol', 'frob.sol', 'heal.sol', 'drip.t.sol', 'heal.t.sol', 'flap.sol', 'tune.sol', 'bite.sol']
4,['transferFrom.sol', 'frob.sol', 'heal.sol', 'drip.t.sol', 'heal.t.sol', 'drip.sol', 'frob.t.sol', 'tune.sol']
4,['transferFrom.sol', 'frob.sol', 'heal.sol', 'drip.t.sol', 'heal.t.sol', 'drip.sol', 'frob.t.sol', 'bite.sol']
3,['transferFrom.sol', 'frob.sol', 'heal.sol', 'drip.t.sol', 'heal.t.sol', 'drip.sol', 'tune.sol', 'bite.sol']
2,['transferFrom.sol', 'frob.sol', 'heal.sol', 'drip.t.sol', 'heal.t.sol', 'frob.t.sol', 'tune.sol', 'bite.sol']
2,['transferFrom.sol', 'frob.sol', 'heal.sol', 'drip.t.sol', 'flap.sol', 'drip.sol', 'frob.t.sol', 'tune.sol']
2,['transferFrom.sol', 'frob.sol', 'heal.sol', 'drip.t.sol', 'flap.sol', 'drip.sol', 'frob.t.sol', 'bite.sol']
2,['transferFrom.sol', 'frob.sol', 'heal.sol', 'drip.t.sol', 'flap.sol', 'drip.sol', 'tune.sol', 'bite.sol']
2,['transferFrom.sol', 'frob.sol', 'heal.sol', 'drip.t.sol', 'flap.sol', 'frob.t.sol', 'tune.sol', 'bite.sol']
2,['transferFrom.sol', 'frob.sol', 'heal.sol', 'drip.t.sol', 'drip.sol', 'frob.t.sol', 'tune.sol', 'bite.sol']
3,['transferFrom.sol', 'frob.sol', 'heal.sol', 'heal.t.sol', 'flap.sol', 'drip.sol', 'frob.t.sol', 'tune.sol']
3,['transferFrom.sol', 'frob.sol', 'heal.sol', 'heal.t.sol', 'flap.sol', 'drip.sol', 'frob.t.sol', 'bite.sol']
3,['transferFrom.sol', 'frob.sol', 'heal.sol', 'heal.t.sol', 'flap.sol', 'drip.sol', 'tune.sol', 'bite.sol']
3,['transferFrom.sol', 'frob.sol', 'heal.sol', 'heal.t.sol', 'flap.sol', 'frob.t.sol', 'tune.sol', 'bite.sol']
2,['transferFrom.sol', 'frob.sol', 'heal.sol', 'heal.t.sol', 'drip.sol', 'frob.t.sol', 'tune.sol', 'bite.sol']
2,['transferFrom.sol', 'frob.sol', 'heal.sol', 'flap.sol', 'drip.sol', 'frob.t.sol', 'tune.sol', 'bite.sol']
3,['transferFrom.sol', 'frob.sol', 'drip.t.sol', 'heal.t.sol', 'flap.sol', 'drip.sol', 'frob.t.sol', 'tune.sol']
4,['transferFrom.sol', 'frob.sol', 'drip.t.sol', 'heal.t.sol', 'flap.sol', 'drip.sol', 'frob.t.sol', 'bite.sol']
3,['transferFrom.sol', 'frob.sol', 'drip.t.sol', 'heal.t.sol', 'flap.sol', 'drip.sol', 'tune.sol', 'bite.sol']
2,['transferFrom.sol', 'frob.sol', 'drip.t.sol', 'heal.t.sol', 'flap.sol', 'frob.t.sol', 'tune.sol', 'bite.sol']
4,['transferFrom.sol', 'frob.sol', 'drip.t.sol', 'heal.t.sol', 'drip.sol', 'frob.t.sol', 'tune.sol', 'bite.sol']
2,['transferFrom.sol', 'frob.sol', 'drip.t.sol', 'flap.sol', 'drip.sol', 'frob.t.sol', 'tune.sol', 'bite.sol']
2,['transferFrom.sol', 'frob.sol', 'heal.t.sol', 'flap.sol', 'drip.sol', 'frob.t.sol', 'tune.sol', 'bite.sol']
2,['transferFrom.sol', 'flip.t.sol', 'flop.t.sol', 'flap.t.sol', 'heal.sol', 'drip.t.sol', 'heal.t.sol', 'flap.sol']
3,['transferFrom.sol', 'flip.t.sol', 'flop.t.sol', 'flap.t.sol', 'heal.sol', 'drip.t.sol', 'heal.t.sol', 'drip.sol']
2,['transferFrom.sol', 'flip.t.sol', 'flop.t.sol', 'flap.t.sol', 'heal.sol', 'drip.t.sol', 'heal.t.sol', 'frob.t.sol']
3,['transferFrom.sol', 'flip.t.sol', 'flop.t.sol', 'flap.t.sol', 'heal.sol', 'drip.t.sol', 'heal.t.sol', 'tune.sol']
3,['transferFrom.sol', 'flip.t.sol', 'flop.t.sol', 'flap.t.sol', 'heal.sol', 'drip.t.sol', 'heal.t.sol', 'bite.sol']
3,['transferFrom.sol', 'flip.t.sol', 'flop.t.sol', 'flap.t.sol', 'heal.sol', 'drip.t.sol', 'flap.sol', 'drip.sol']
2,['transferFrom.sol', 'flip.t.sol', 'flop.t.sol', 'flap.t.sol', 'heal.sol', 'drip.t.sol', 'flap.sol', 'frob.t.sol']
1,['transferFrom.sol', 'flip.t.sol', 'flop.t.sol', 'flap.t.sol', 'heal.sol', 'drip.t.sol', 'flap.sol', 'tune.sol']
3,['transferFrom.sol', 'flip.t.sol', 'flop.t.sol', 'flap.t.sol', 'heal.sol', 'drip.t.sol', 'flap.sol', 'bite.sol']
3,['transferFrom.sol', 'flip.t.sol', 'flop.t.sol', 'flap.t.sol', 'heal.sol', 'drip.t.sol', 'drip.sol', 'frob.t.sol']
1,['transferFrom.sol', 'flip.t.sol', 'flop.t.sol', 'flap.t.sol', 'heal.sol', 'drip.t.sol', 'drip.sol', 'tune.sol']
3,['transferFrom.sol', 'flip.t.sol', 'flop.t.sol', 'flap.t.sol', 'heal.sol', 'drip.t.sol', 'drip.sol', 'bite.sol']
2,['transferFrom.sol', 'flip.t.sol', 'flop.t.sol', 'flap.t.sol', 'heal.sol', 'drip.t.sol', 'frob.t.sol', 'tune.sol']
2,['transferFrom.sol', 'flip.t.sol', 'flop.t.sol', 'flap.t.sol', 'heal.sol', 'drip.t.sol', 'frob.t.sol', 'bite.sol']
1,['transferFrom.sol', 'flip.t.sol', 'flop.t.sol', 'flap.t.sol', 'heal.sol', 'drip.t.sol', 'tune.sol', 'bite.sol']
3,['transferFrom.sol', 'flip.t.sol', 'flop.t.sol', 'flap.t.sol', 'heal.sol', 'heal.t.sol', 'flap.sol', 'drip.sol']
3,['transferFrom.sol', 'flip.t.sol', 'flop.t.sol', 'flap.t.sol', 'heal.sol', 'heal.t.sol', 'flap.sol', 'frob.t.sol']
3,['transferFrom.sol', 'flip.t.sol', 'flop.t.sol', 'flap.t.sol', 'heal.sol', 'heal.t.sol', 'flap.sol', 'tune.sol']
4,['transferFrom.sol', 'flip.t.sol', 'flop.t.sol', 'flap.t.sol', 'heal.sol', 'heal.t.sol', 'flap.sol', 'bite.sol']
2,['transferFrom.sol', 'flip.t.sol', 'flop.t.sol', 'flap.t.sol', 'heal.sol', 'heal.t.sol', 'drip.sol', 'frob.t.sol']
2,['transferFrom.sol', 'flip.t.sol', 'flop.t.sol', 'flap.t.sol', 'heal.sol', 'heal.t.sol', 'drip.sol', 'tune.sol']
3,['transferFrom.sol', 'flip.t.sol', 'flop.t.sol', 'flap.t.sol', 'heal.sol', 'heal.t.sol', 'drip.sol', 'bite.sol']
3,['transferFrom.sol', 'flip.t.sol', 'flop.t.sol', 'flap.t.sol', 'heal.sol', 'heal.t.sol', 'frob.t.sol', 'tune.sol']
3,['transferFrom.sol', 'flip.t.sol', 'flop.t.sol', 'flap.t.sol', 'heal.sol', 'heal.t.sol', 'frob.t.sol', 'bite.sol']
2,['transferFrom.sol', 'flip.t.sol', 'flop.t.sol', 'flap.t.sol', 'heal.sol', 'heal.t.sol', 'tune.sol', 'bite.sol']
2,['transferFrom.sol', 'flip.t.sol', 'flop.t.sol', 'flap.t.sol', 'heal.sol', 'flap.sol', 'drip.sol', 'frob.t.sol']
2,['transferFrom.sol', 'flip.t.sol', 'flop.t.sol', 'flap.t.sol', 'heal.sol', 'flap.sol', 'drip.sol', 'tune.sol']
3,['transferFrom.sol', 'flip.t.sol', 'flop.t.sol', 'flap.t.sol', 'heal.sol', 'flap.sol', 'drip.sol', 'bite.sol']
3,['transferFrom.sol', 'flip.t.sol', 'flop.t.sol', 'flap.t.sol', 'heal.sol', 'flap.sol', 'frob.t.sol', 'tune.sol']
3,['transferFrom.sol', 'flip.t.sol', 'flop.t.sol', 'flap.t.sol', 'heal.sol', 'flap.sol', 'frob.t.sol', 'bite.sol']
3,['transferFrom.sol', 'flip.t.sol', 'flop.t.sol', 'flap.t.sol', 'heal.sol', 'flap.sol', 'tune.sol', 'bite.sol']
2,['transferFrom.sol', 'flip.t.sol', 'flop.t.sol', 'flap.t.sol', 'heal.sol', 'drip.sol', 'frob.t.sol', 'tune.sol']
2,['transferFrom.sol', 'flip.t.sol', 'flop.t.sol', 'flap.t.sol', 'heal.sol', 'drip.sol', 'frob.t.sol', 'bite.sol']
2,['transferFrom.sol', 'flip.t.sol', 'flop.t.sol', 'flap.t.sol', 'heal.sol', 'drip.sol', 'tune.sol', 'bite.sol']
3,['transferFrom.sol', 'flip.t.sol', 'flop.t.sol', 'flap.t.sol', 'heal.sol', 'frob.t.sol', 'tune.sol', 'bite.sol']
3,['transferFrom.sol', 'flip.t.sol', 'flop.t.sol', 'flap.t.sol', 'drip.t.sol', 'heal.t.sol', 'flap.sol', 'drip.sol']
2,['transferFrom.sol', 'flip.t.sol', 'flop.t.sol', 'flap.t.sol', 'drip.t.sol', 'heal.t.sol', 'flap.sol', 'frob.t.sol']
3,['transferFrom.sol', 'flip.t.sol', 'flop.t.sol', 'flap.t.sol', 'drip.t.sol', 'heal.t.sol', 'flap.sol', 'tune.sol']
3,['transferFrom.sol', 'flip.t.sol', 'flop.t.sol', 'flap.t.sol', 'drip.t.sol', 'heal.t.sol', 'flap.sol', 'bite.sol']
2,['transferFrom.sol', 'flip.t.sol', 'flop.t.sol', 'flap.t.sol', 'drip.t.sol', 'heal.t.sol', 'drip.sol', 'frob.t.sol']
3,['transferFrom.sol', 'flip.t.sol', 'flop.t.sol', 'flap.t.sol', 'drip.t.sol', 'heal.t.sol', 'drip.sol', 'tune.sol']
3,['transferFrom.sol', 'flip.t.sol', 'flop.t.sol', 'flap.t.sol', 'drip.t.sol', 'heal.t.sol', 'drip.sol', 'bite.sol']
2,['transferFrom.sol', 'flip.t.sol', 'flop.t.sol', 'flap.t.sol', 'drip.t.sol', 'heal.t.sol', 'frob.t.sol', 'tune.sol']
2,['transferFrom.sol', 'flip.t.sol', 'flop.t.sol', 'flap.t.sol', 'drip.t.sol', 'heal.t.sol', 'frob.t.sol', 'bite.sol']
2,['transferFrom.sol', 'flip.t.sol', 'flop.t.sol', 'flap.t.sol', 'drip.t.sol', 'heal.t.sol', 'tune.sol', 'bite.sol']
2,['transferFrom.sol', 'flip.t.sol', 'flop.t.sol', 'flap.t.sol', 'drip.t.sol', 'flap.sol', 'drip.sol', 'frob.t.sol']
2,['transferFrom.sol', 'flip.t.sol', 'flop.t.sol', 'flap.t.sol', 'drip.t.sol', 'flap.sol', 'drip.sol', 'tune.sol']
3,['transferFrom.sol', 'flip.t.sol', 'flop.t.sol', 'flap.t.sol', 'drip.t.sol', 'flap.sol', 'drip.sol', 'bite.sol']
2,['transferFrom.sol', 'flip.t.sol', 'flop.t.sol', 'flap.t.sol', 'drip.t.sol', 'flap.sol', 'frob.t.sol', 'tune.sol']
2,['transferFrom.sol', 'flip.t.sol', 'flop.t.sol', 'flap.t.sol', 'drip.t.sol', 'flap.sol', 'frob.t.sol', 'bite.sol']
2,['transferFrom.sol', 'flip.t.sol', 'flop.t.sol', 'flap.t.sol', 'drip.t.sol', 'flap.sol', 'tune.sol', 'bite.sol']
2,['transferFrom.sol', 'flip.t.sol', 'flop.t.sol', 'flap.t.sol', 'drip.t.sol', 'drip.sol', 'frob.t.sol', 'tune.sol']
2,['transferFrom.sol', 'flip.t.sol', 'flop.t.sol', 'flap.t.sol', 'drip.t.sol', 'drip.sol', 'frob.t.sol', 'bite.sol']
1,['transferFrom.sol', 'flip.t.sol', 'flop.t.sol', 'flap.t.sol', 'drip.t.sol', 'drip.sol', 'tune.sol', 'bite.sol']
2,['transferFrom.sol', 'flip.t.sol', 'flop.t.sol', 'flap.t.sol', 'drip.t.sol', 'frob.t.sol', 'tune.sol', 'bite.sol']
2,['transferFrom.sol', 'flip.t.sol', 'flop.t.sol', 'flap.t.sol', 'heal.t.sol', 'flap.sol', 'drip.sol', 'frob.t.sol']
2,['transferFrom.sol', 'flip.t.sol', 'flop.t.sol', 'flap.t.sol', 'heal.t.sol', 'flap.sol', 'drip.sol', 'tune.sol']
3,['transferFrom.sol', 'flip.t.sol', 'flop.t.sol', 'flap.t.sol', 'heal.t.sol', 'flap.sol', 'drip.sol', 'bite.sol']
3,['transferFrom.sol', 'flip.t.sol', 'flop.t.sol', 'flap.t.sol', 'heal.t.sol', 'flap.sol', 'frob.t.sol', 'tune.sol']
3,['transferFrom.sol', 'flip.t.sol', 'flop.t.sol', 'flap.t.sol', 'heal.t.sol', 'flap.sol', 'frob.t.sol', 'bite.sol']
2,['transferFrom.sol', 'flip.t.sol', 'flop.t.sol', 'flap.t.sol', 'heal.t.sol', 'flap.sol', 'tune.sol', 'bite.sol']
2,['transferFrom.sol', 'flip.t.sol', 'flop.t.sol', 'flap.t.sol', 'heal.t.sol', 'drip.sol', 'frob.t.sol', 'tune.sol']
2,['transferFrom.sol', 'flip.t.sol', 'flop.t.sol', 'flap.t.sol', 'heal.t.sol', 'drip.sol', 'frob.t.sol', 'bite.sol']
2,['transferFrom.sol', 'flip.t.sol', 'flop.t.sol', 'flap.t.sol', 'heal.t.sol', 'drip.sol', 'tune.sol', 'bite.sol']
3,['transferFrom.sol', 'flip.t.sol', 'flop.t.sol', 'flap.t.sol', 'heal.t.sol', 'frob.t.sol', 'tune.sol', 'bite.sol']
2,['transferFrom.sol', 'flip.t.sol', 'flop.t.sol', 'flap.t.sol', 'flap.sol', 'drip.sol', 'frob.t.sol', 'tune.sol']
2,['transferFrom.sol', 'flip.t.sol', 'flop.t.sol', 'flap.t.sol', 'flap.sol', 'drip.sol', 'frob.t.sol', 'bite.sol']
3,['transferFrom.sol', 'flip.t.sol', 'flop.t.sol', 'flap.t.sol', 'flap.sol', 'drip.sol', 'tune.sol', 'bite.sol']
3,['transferFrom.sol', 'flip.t.sol', 'flop.t.sol', 'flap.t.sol', 'flap.sol', 'frob.t.sol', 'tune.sol', 'bite.sol']
2,['transferFrom.sol', 'flip.t.sol', 'flop.t.sol', 'flap.t.sol', 'drip.sol', 'frob.t.sol', 'tune.sol', 'bite.sol']
3,['transferFrom.sol', 'flip.t.sol', 'flop.t.sol', 'heal.sol', 'drip.t.sol', 'heal.t.sol', 'flap.sol', 'drip.sol']
2,['transferFrom.sol', 'flip.t.sol', 'flop.t.sol', 'heal.sol', 'drip.t.sol', 'heal.t.sol', 'flap.sol', 'frob.t.sol']
2,['transferFrom.sol', 'flip.t.sol', 'flop.t.sol', 'heal.sol', 'drip.t.sol', 'heal.t.sol', 'flap.sol', 'tune.sol']
3,['transferFrom.sol', 'flip.t.sol', 'flop.t.sol', 'heal.sol', 'drip.t.sol', 'heal.t.sol', 'flap.sol', 'bite.sol']
3,['transferFrom.sol', 'flip.t.sol', 'flop.t.sol', 'heal.sol', 'drip.t.sol', 'heal.t.sol', 'drip.sol', 'frob.t.sol']
2,['transferFrom.sol', 'flip.t.sol', 'flop.t.sol', 'heal.sol', 'drip.t.sol', 'heal.t.sol', 'drip.sol', 'tune.sol']
3,['transferFrom.sol', 'flip.t.sol', 'flop.t.sol', 'heal.sol', 'drip.t.sol', 'heal.t.sol', 'drip.sol', 'bite.sol']
2,['transferFrom.sol', 'flip.t.sol', 'flop.t.sol', 'heal.sol', 'drip.t.sol', 'heal.t.sol', 'frob.t.sol', 'tune.sol']
2,['transferFrom.sol', 'flip.t.sol', 'flop.t.sol', 'heal.sol', 'drip.t.sol', 'heal.t.sol', 'frob.t.sol', 'bite.sol']
2,['transferFrom.sol', 'flip.t.sol', 'flop.t.sol', 'heal.sol', 'drip.t.sol', 'heal.t.sol', 'tune.sol', 'bite.sol']
3,['transferFrom.sol', 'flip.t.sol', 'flop.t.sol', 'heal.sol', 'drip.t.sol', 'flap.sol', 'drip.sol', 'frob.t.sol']
2,['transferFrom.sol', 'flip.t.sol', 'flop.t.sol', 'heal.sol', 'drip.t.sol', 'flap.sol', 'drip.sol', 'tune.sol']
2,['transferFrom.sol', 'flip.t.sol', 'flop.t.sol', 'heal.sol', 'drip.t.sol', 'flap.sol', 'drip.sol', 'bite.sol']
2,['transferFrom.sol', 'flip.t.sol', 'flop.t.sol', 'heal.sol', 'drip.t.sol', 'flap.sol', 'frob.t.sol', 'tune.sol']
2,['transferFrom.sol', 'flip.t.sol', 'flop.t.sol', 'heal.sol', 'drip.t.sol', 'flap.sol', 'frob.t.sol', 'bite.sol']
2,['transferFrom.sol', 'flip.t.sol', 'flop.t.sol', 'heal.sol', 'drip.t.sol', 'flap.sol', 'tune.sol', 'bite.sol']
3,['transferFrom.sol', 'flip.t.sol', 'flop.t.sol', 'heal.sol', 'drip.t.sol', 'drip.sol', 'frob.t.sol', 'tune.sol']
2,['transferFrom.sol', 'flip.t.sol', 'flop.t.sol', 'heal.sol', 'drip.t.sol', 'drip.sol', 'frob.t.sol', 'bite.sol']
2,['transferFrom.sol', 'flip.t.sol', 'flop.t.sol', 'heal.sol', 'drip.t.sol', 'drip.sol', 'tune.sol', 'bite.sol']
2,['transferFrom.sol', 'flip.t.sol', 'flop.t.sol', 'heal.sol', 'drip.t.sol', 'frob.t.sol', 'tune.sol', 'bite.sol']
2,['transferFrom.sol', 'flip.t.sol', 'flop.t.sol', 'heal.sol', 'heal.t.sol', 'flap.sol', 'drip.sol', 'frob.t.sol']
2,['transferFrom.sol', 'flip.t.sol', 'flop.t.sol', 'heal.sol', 'heal.t.sol', 'flap.sol', 'drip.sol', 'tune.sol']
3,['transferFrom.sol', 'flip.t.sol', 'flop.t.sol', 'heal.sol', 'heal.t.sol', 'flap.sol', 'drip.sol', 'bite.sol']
3,['transferFrom.sol', 'flip.t.sol', 'flop.t.sol', 'heal.sol', 'heal.t.sol', 'flap.sol', 'frob.t.sol', 'tune.sol']
3,['transferFrom.sol', 'flip.t.sol', 'flop.t.sol', 'heal.sol', 'heal.t.sol', 'flap.sol', 'frob.t.sol', 'bite.sol']
3,['transferFrom.sol', 'flip.t.sol', 'flop.t.sol', 'heal.sol', 'heal.t.sol', 'flap.sol', 'tune.sol', 'bite.sol']
2,['transferFrom.sol', 'flip.t.sol', 'flop.t.sol', 'heal.sol', 'heal.t.sol', 'drip.sol', 'frob.t.sol', 'tune.sol']
2,['transferFrom.sol', 'flip.t.sol', 'flop.t.sol', 'heal.sol', 'heal.t.sol', 'drip.sol', 'frob.t.sol', 'bite.sol']
2,['transferFrom.sol', 'flip.t.sol', 'flop.t.sol', 'heal.sol', 'heal.t.sol', 'drip.sol', 'tune.sol', 'bite.sol']
3,['transferFrom.sol', 'flip.t.sol', 'flop.t.sol', 'heal.sol', 'heal.t.sol', 'frob.t.sol', 'tune.sol', 'bite.sol']
2,['transferFrom.sol', 'flip.t.sol', 'flop.t.sol', 'heal.sol', 'flap.sol', 'drip.sol', 'frob.t.sol', 'tune.sol']
2,['transferFrom.sol', 'flip.t.sol', 'flop.t.sol', 'heal.sol', 'flap.sol', 'drip.sol', 'frob.t.sol', 'bite.sol']
2,['transferFrom.sol', 'flip.t.sol', 'flop.t.sol', 'heal.sol', 'flap.sol', 'drip.sol', 'tune.sol', 'bite.sol']
3,['transferFrom.sol', 'flip.t.sol', 'flop.t.sol', 'heal.sol', 'flap.sol', 'frob.t.sol', 'tune.sol', 'bite.sol']
2,['transferFrom.sol', 'flip.t.sol', 'flop.t.sol', 'heal.sol', 'drip.sol', 'frob.t.sol', 'tune.sol', 'bite.sol']
2,['transferFrom.sol', 'flip.t.sol', 'flop.t.sol', 'drip.t.sol', 'heal.t.sol', 'flap.sol', 'drip.sol', 'frob.t.sol']
2,['transferFrom.sol', 'flip.t.sol', 'flop.t.sol', 'drip.t.sol', 'heal.t.sol', 'flap.sol', 'drip.sol', 'tune.sol']
3,['transferFrom.sol', 'flip.t.sol', 'flop.t.sol', 'drip.t.sol', 'heal.t.sol', 'flap.sol', 'drip.sol', 'bite.sol']
2,['transferFrom.sol', 'flip.t.sol', 'flop.t.sol', 'drip.t.sol', 'heal.t.sol', 'flap.sol', 'frob.t.sol', 'tune.sol']
2,['transferFrom.sol', 'flip.t.sol', 'flop.t.sol', 'drip.t.sol', 'heal.t.sol', 'flap.sol', 'frob.t.sol', 'bite.sol']
2,['transferFrom.sol', 'flip.t.sol', 'flop.t.sol', 'drip.t.sol', 'heal.t.sol', 'flap.sol', 'tune.sol', 'bite.sol']
2,['transferFrom.sol', 'flip.t.sol', 'flop.t.sol', 'drip.t.sol', 'heal.t.sol', 'drip.sol', 'frob.t.sol', 'tune.sol']
2,['transferFrom.sol', 'flip.t.sol', 'flop.t.sol', 'drip.t.sol', 'heal.t.sol', 'drip.sol', 'frob.t.sol', 'bite.sol']
2,['transferFrom.sol', 'flip.t.sol', 'flop.t.sol', 'drip.t.sol', 'heal.t.sol', 'drip.sol', 'tune.sol', 'bite.sol']
2,['transferFrom.sol', 'flip.t.sol', 'flop.t.sol', 'drip.t.sol', 'heal.t.sol', 'frob.t.sol', 'tune.sol', 'bite.sol']
2,['transferFrom.sol', 'flip.t.sol', 'flop.t.sol', 'drip.t.sol', 'flap.sol', 'drip.sol', 'frob.t.sol', 'tune.sol']
2,['transferFrom.sol', 'flip.t.sol', 'flop.t.sol', 'drip.t.sol', 'flap.sol', 'drip.sol', 'frob.t.sol', 'bite.sol']
2,['transferFrom.sol', 'flip.t.sol', 'flop.t.sol', 'drip.t.sol', 'flap.sol', 'drip.sol', 'tune.sol', 'bite.sol']
2,['transferFrom.sol', 'flip.t.sol', 'flop.t.sol', 'drip.t.sol', 'flap.sol', 'frob.t.sol', 'tune.sol', 'bite.sol']
2,['transferFrom.sol', 'flip.t.sol', 'flop.t.sol', 'drip.t.sol', 'drip.sol', 'frob.t.sol', 'tune.sol', 'bite.sol']
2,['transferFrom.sol', 'flip.t.sol', 'flop.t.sol', 'heal.t.sol', 'flap.sol', 'drip.sol', 'frob.t.sol', 'tune.sol']
2,['transferFrom.sol', 'flip.t.sol', 'flop.t.sol', 'heal.t.sol', 'flap.sol', 'drip.sol', 'frob.t.sol', 'bite.sol']
2,['transferFrom.sol', 'flip.t.sol', 'flop.t.sol', 'heal.t.sol', 'flap.sol', 'drip.sol', 'tune.sol', 'bite.sol']
3,['transferFrom.sol', 'flip.t.sol', 'flop.t.sol', 'heal.t.sol', 'flap.sol', 'frob.t.sol', 'tune.sol', 'bite.sol']
2,['transferFrom.sol', 'flip.t.sol', 'flop.t.sol', 'heal.t.sol', 'drip.sol', 'frob.t.sol', 'tune.sol', 'bite.sol']
2,['transferFrom.sol', 'flip.t.sol', 'flop.t.sol', 'flap.sol', 'drip.sol', 'frob.t.sol', 'tune.sol', 'bite.sol']
3,['transferFrom.sol', 'flip.t.sol', 'flap.t.sol', 'heal.sol', 'drip.t.sol', 'heal.t.sol', 'flap.sol', 'drip.sol']
2,['transferFrom.sol', 'flip.t.sol', 'flap.t.sol', 'heal.sol', 'drip.t.sol', 'heal.t.sol', 'flap.sol', 'frob.t.sol']
2,['transferFrom.sol', 'flip.t.sol', 'flap.t.sol', 'heal.sol', 'drip.t.sol', 'heal.t.sol', 'flap.sol', 'tune.sol']
3,['transferFrom.sol', 'flip.t.sol', 'flap.t.sol', 'heal.sol', 'drip.t.sol', 'heal.t.sol', 'flap.sol', 'bite.sol']
3,['transferFrom.sol', 'flip.t.sol', 'flap.t.sol', 'heal.sol', 'drip.t.sol', 'heal.t.sol', 'drip.sol', 'frob.t.sol']
2,['transferFrom.sol', 'flip.t.sol', 'flap.t.sol', 'heal.sol', 'drip.t.sol', 'heal.t.sol', 'drip.sol', 'tune.sol']
3,['transferFrom.sol', 'flip.t.sol', 'flap.t.sol', 'heal.sol', 'drip.t.sol', 'heal.t.sol', 'drip.sol', 'bite.sol']
2,['transferFrom.sol', 'flip.t.sol', 'flap.t.sol', 'heal.sol', 'drip.t.sol', 'heal.t.sol', 'frob.t.sol', 'tune.sol']
2,['transferFrom.sol', 'flip.t.sol', 'flap.t.sol', 'heal.sol', 'drip.t.sol', 'heal.t.sol', 'frob.t.sol', 'bite.sol']
2,['transferFrom.sol', 'flip.t.sol', 'flap.t.sol', 'heal.sol', 'drip.t.sol', 'heal.t.sol', 'tune.sol', 'bite.sol']
3,['transferFrom.sol', 'flip.t.sol', 'flap.t.sol', 'heal.sol', 'drip.t.sol', 'flap.sol', 'drip.sol', 'frob.t.sol']
2,['transferFrom.sol', 'flip.t.sol', 'flap.t.sol', 'heal.sol', 'drip.t.sol', 'flap.sol', 'drip.sol', 'tune.sol']
2,['transferFrom.sol', 'flip.t.sol', 'flap.t.sol', 'heal.sol', 'drip.t.sol', 'flap.sol', 'drip.sol', 'bite.sol']
2,['transferFrom.sol', 'flip.t.sol', 'flap.t.sol', 'heal.sol', 'drip.t.sol', 'flap.sol', 'frob.t.sol', 'tune.sol']
2,['transferFrom.sol', 'flip.t.sol', 'flap.t.sol', 'heal.sol', 'drip.t.sol', 'flap.sol', 'frob.t.sol', 'bite.sol']
2,['transferFrom.sol', 'flip.t.sol', 'flap.t.sol', 'heal.sol', 'drip.t.sol', 'flap.sol', 'tune.sol', 'bite.sol']
3,['transferFrom.sol', 'flip.t.sol', 'flap.t.sol', 'heal.sol', 'drip.t.sol', 'drip.sol', 'frob.t.sol', 'tune.sol']
2,['transferFrom.sol', 'flip.t.sol', 'flap.t.sol', 'heal.sol', 'drip.t.sol', 'drip.sol', 'frob.t.sol', 'bite.sol']
2,['transferFrom.sol', 'flip.t.sol', 'flap.t.sol', 'heal.sol', 'drip.t.sol', 'drip.sol', 'tune.sol', 'bite.sol']
2,['transferFrom.sol', 'flip.t.sol', 'flap.t.sol', 'heal.sol', 'drip.t.sol', 'frob.t.sol', 'tune.sol', 'bite.sol']
2,['transferFrom.sol', 'flip.t.sol', 'flap.t.sol', 'heal.sol', 'heal.t.sol', 'flap.sol', 'drip.sol', 'frob.t.sol']
2,['transferFrom.sol', 'flip.t.sol', 'flap.t.sol', 'heal.sol', 'heal.t.sol', 'flap.sol', 'drip.sol', 'tune.sol']
3,['transferFrom.sol', 'flip.t.sol', 'flap.t.sol', 'heal.sol', 'heal.t.sol', 'flap.sol', 'drip.sol', 'bite.sol']
3,['transferFrom.sol', 'flip.t.sol', 'flap.t.sol', 'heal.sol', 'heal.t.sol', 'flap.sol', 'frob.t.sol', 'tune.sol']
3,['transferFrom.sol', 'flip.t.sol', 'flap.t.sol', 'heal.sol', 'heal.t.sol', 'flap.sol', 'frob.t.sol', 'bite.sol']
3,['transferFrom.sol', 'flip.t.sol', 'flap.t.sol', 'heal.sol', 'heal.t.sol', 'flap.sol', 'tune.sol', 'bite.sol']
2,['transferFrom.sol', 'flip.t.sol', 'flap.t.sol', 'heal.sol', 'heal.t.sol', 'drip.sol', 'frob.t.sol', 'tune.sol']
2,['transferFrom.sol', 'flip.t.sol', 'flap.t.sol', 'heal.sol', 'heal.t.sol', 'drip.sol', 'frob.t.sol', 'bite.sol']
2,['transferFrom.sol', 'flip.t.sol', 'flap.t.sol', 'heal.sol', 'heal.t.sol', 'drip.sol', 'tune.sol', 'bite.sol']
3,['transferFrom.sol', 'flip.t.sol', 'flap.t.sol', 'heal.sol', 'heal.t.sol', 'frob.t.sol', 'tune.sol', 'bite.sol']
2,['transferFrom.sol', 'flip.t.sol', 'flap.t.sol', 'heal.sol', 'flap.sol', 'drip.sol', 'frob.t.sol', 'tune.sol']
2,['transferFrom.sol', 'flip.t.sol', 'flap.t.sol', 'heal.sol', 'flap.sol', 'drip.sol', 'frob.t.sol', 'bite.sol']
2,['transferFrom.sol', 'flip.t.sol', 'flap.t.sol', 'heal.sol', 'flap.sol', 'drip.sol', 'tune.sol', 'bite.sol']
3,['transferFrom.sol', 'flip.t.sol', 'flap.t.sol', 'heal.sol', 'flap.sol', 'frob.t.sol', 'tune.sol', 'bite.sol']
2,['transferFrom.sol', 'flip.t.sol', 'flap.t.sol', 'heal.sol', 'drip.sol', 'frob.t.sol', 'tune.sol', 'bite.sol']
2,['transferFrom.sol', 'flip.t.sol', 'flap.t.sol', 'drip.t.sol', 'heal.t.sol', 'flap.sol', 'drip.sol', 'frob.t.sol']
2,['transferFrom.sol', 'flip.t.sol', 'flap.t.sol', 'drip.t.sol', 'heal.t.sol', 'flap.sol', 'drip.sol', 'tune.sol']
3,['transferFrom.sol', 'flip.t.sol', 'flap.t.sol', 'drip.t.sol', 'heal.t.sol', 'flap.sol', 'drip.sol', 'bite.sol']
2,['transferFrom.sol', 'flip.t.sol', 'flap.t.sol', 'drip.t.sol', 'heal.t.sol', 'flap.sol', 'frob.t.sol', 'tune.sol']
2,['transferFrom.sol', 'flip.t.sol', 'flap.t.sol', 'drip.t.sol', 'heal.t.sol', 'flap.sol', 'frob.t.sol', 'bite.sol']
2,['transferFrom.sol', 'flip.t.sol', 'flap.t.sol', 'drip.t.sol', 'heal.t.sol', 'flap.sol', 'tune.sol', 'bite.sol']
2,['transferFrom.sol', 'flip.t.sol', 'flap.t.sol', 'drip.t.sol', 'heal.t.sol', 'drip.sol', 'frob.t.sol', 'tune.sol']
2,['transferFrom.sol', 'flip.t.sol', 'flap.t.sol', 'drip.t.sol', 'heal.t.sol', 'drip.sol', 'frob.t.sol', 'bite.sol']
2,['transferFrom.sol', 'flip.t.sol', 'flap.t.sol', 'drip.t.sol', 'heal.t.sol', 'drip.sol', 'tune.sol', 'bite.sol']
2,['transferFrom.sol', 'flip.t.sol', 'flap.t.sol', 'drip.t.sol', 'heal.t.sol', 'frob.t.sol', 'tune.sol', 'bite.sol']
2,['transferFrom.sol', 'flip.t.sol', 'flap.t.sol', 'drip.t.sol', 'flap.sol', 'drip.sol', 'frob.t.sol', 'tune.sol']
2,['transferFrom.sol', 'flip.t.sol', 'flap.t.sol', 'drip.t.sol', 'flap.sol', 'drip.sol', 'frob.t.sol', 'bite.sol']
2,['transferFrom.sol', 'flip.t.sol', 'flap.t.sol', 'drip.t.sol', 'flap.sol', 'drip.sol', 'tune.sol', 'bite.sol']
2,['transferFrom.sol', 'flip.t.sol', 'flap.t.sol', 'drip.t.sol', 'flap.sol', 'frob.t.sol', 'tune.sol', 'bite.sol']
2,['transferFrom.sol', 'flip.t.sol', 'flap.t.sol', 'drip.t.sol', 'drip.sol', 'frob.t.sol', 'tune.sol', 'bite.sol']
2,['transferFrom.sol', 'flip.t.sol', 'flap.t.sol', 'heal.t.sol', 'flap.sol', 'drip.sol', 'frob.t.sol', 'tune.sol']
2,['transferFrom.sol', 'flip.t.sol', 'flap.t.sol', 'heal.t.sol', 'flap.sol', 'drip.sol', 'frob.t.sol', 'bite.sol']
2,['transferFrom.sol', 'flip.t.sol', 'flap.t.sol', 'heal.t.sol', 'flap.sol', 'drip.sol', 'tune.sol', 'bite.sol']
3,['transferFrom.sol', 'flip.t.sol', 'flap.t.sol', 'heal.t.sol', 'flap.sol', 'frob.t.sol', 'tune.sol', 'bite.sol']
2,['transferFrom.sol', 'flip.t.sol', 'flap.t.sol', 'heal.t.sol', 'drip.sol', 'frob.t.sol', 'tune.sol', 'bite.sol']
2,['transferFrom.sol', 'flip.t.sol', 'flap.t.sol', 'flap.sol', 'drip.sol', 'frob.t.sol', 'tune.sol', 'bite.sol']
3,['transferFrom.sol', 'flip.t.sol', 'heal.sol', 'drip.t.sol', 'heal.t.sol', 'flap.sol', 'drip.sol', 'frob.t.sol']
2,['transferFrom.sol', 'flip.t.sol', 'heal.sol', 'drip.t.sol', 'heal.t.sol', 'flap.sol', 'drip.sol', 'tune.sol']
2,['transferFrom.sol', 'flip.t.sol', 'heal.sol', 'drip.t.sol', 'heal.t.sol', 'flap.sol', 'drip.sol', 'bite.sol']
2,['transferFrom.sol', 'flip.t.sol', 'heal.sol', 'drip.t.sol', 'heal.t.sol', 'flap.sol', 'frob.t.sol', 'tune.sol']
2,['transferFrom.sol', 'flip.t.sol', 'heal.sol', 'drip.t.sol', 'heal.t.sol', 'flap.sol', 'frob.t.sol', 'bite.sol']
2,['transferFrom.sol', 'flip.t.sol', 'heal.sol', 'drip.t.sol', 'heal.t.sol', 'flap.sol', 'tune.sol', 'bite.sol']
3,['transferFrom.sol', 'flip.t.sol', 'heal.sol', 'drip.t.sol', 'heal.t.sol', 'drip.sol', 'frob.t.sol', 'tune.sol']
2,['transferFrom.sol', 'flip.t.sol', 'heal.sol', 'drip.t.sol', 'heal.t.sol', 'drip.sol', 'frob.t.sol', 'bite.sol']
2,['transferFrom.sol', 'flip.t.sol', 'heal.sol', 'drip.t.sol', 'heal.t.sol', 'drip.sol', 'tune.sol', 'bite.sol']
2,['transferFrom.sol', 'flip.t.sol', 'heal.sol', 'drip.t.sol', 'heal.t.sol', 'frob.t.sol', 'tune.sol', 'bite.sol']
3,['transferFrom.sol', 'flip.t.sol', 'heal.sol', 'drip.t.sol', 'flap.sol', 'drip.sol', 'frob.t.sol', 'tune.sol']
4,['transferFrom.sol', 'flip.t.sol', 'heal.sol', 'drip.t.sol', 'flap.sol', 'drip.sol', 'frob.t.sol', 'bite.sol']
2,['transferFrom.sol', 'flip.t.sol', 'heal.sol', 'drip.t.sol', 'flap.sol', 'drip.sol', 'tune.sol', 'bite.sol']
1,['transferFrom.sol', 'flip.t.sol', 'heal.sol', 'drip.t.sol', 'flap.sol', 'frob.t.sol', 'tune.sol', 'bite.sol']
4,['transferFrom.sol', 'flip.t.sol', 'heal.sol', 'drip.t.sol', 'drip.sol', 'frob.t.sol', 'tune.sol', 'bite.sol']
2,['transferFrom.sol', 'flip.t.sol', 'heal.sol', 'heal.t.sol', 'flap.sol', 'drip.sol', 'frob.t.sol', 'tune.sol']
2,['transferFrom.sol', 'flip.t.sol', 'heal.sol', 'heal.t.sol', 'flap.sol', 'drip.sol', 'frob.t.sol', 'bite.sol']
2,['transferFrom.sol', 'flip.t.sol', 'heal.sol', 'heal.t.sol', 'flap.sol', 'drip.sol', 'tune.sol', 'bite.sol']
3,['transferFrom.sol', 'flip.t.sol', 'heal.sol', 'heal.t.sol', 'flap.sol', 'frob.t.sol', 'tune.sol', 'bite.sol']
2,['transferFrom.sol', 'flip.t.sol', 'heal.sol', 'heal.t.sol', 'drip.sol', 'frob.t.sol', 'tune.sol', 'bite.sol']
2,['transferFrom.sol', 'flip.t.sol', 'heal.sol', 'flap.sol', 'drip.sol', 'frob.t.sol', 'tune.sol', 'bite.sol']
2,['transferFrom.sol', 'flip.t.sol', 'drip.t.sol', 'heal.t.sol', 'flap.sol', 'drip.sol', 'frob.t.sol', 'tune.sol']
2,['transferFrom.sol', 'flip.t.sol', 'drip.t.sol', 'heal.t.sol', 'flap.sol', 'drip.sol', 'frob.t.sol', 'bite.sol']
2,['transferFrom.sol', 'flip.t.sol', 'drip.t.sol', 'heal.t.sol', 'flap.sol', 'drip.sol', 'tune.sol', 'bite.sol']
2,['transferFrom.sol', 'flip.t.sol', 'drip.t.sol', 'heal.t.sol', 'flap.sol', 'frob.t.sol', 'tune.sol', 'bite.sol']
2,['transferFrom.sol', 'flip.t.sol', 'drip.t.sol', 'heal.t.sol', 'drip.sol', 'frob.t.sol', 'tune.sol', 'bite.sol']
2,['transferFrom.sol', 'flip.t.sol', 'drip.t.sol', 'flap.sol', 'drip.sol', 'frob.t.sol', 'tune.sol', 'bite.sol']
2,['transferFrom.sol', 'flip.t.sol', 'heal.t.sol', 'flap.sol', 'drip.sol', 'frob.t.sol', 'tune.sol', 'bite.sol']
3,['transferFrom.sol', 'flop.t.sol', 'flap.t.sol', 'heal.sol', 'drip.t.sol', 'heal.t.sol', 'flap.sol', 'drip.sol']
2,['transferFrom.sol', 'flop.t.sol', 'flap.t.sol', 'heal.sol', 'drip.t.sol', 'heal.t.sol', 'flap.sol', 'frob.t.sol']
3,['transferFrom.sol', 'flop.t.sol', 'flap.t.sol', 'heal.sol', 'drip.t.sol', 'heal.t.sol', 'flap.sol', 'tune.sol']
3,['transferFrom.sol', 'flop.t.sol', 'flap.t.sol', 'heal.sol', 'drip.t.sol', 'heal.t.sol', 'flap.sol', 'bite.sol']
3,['transferFrom.sol', 'flop.t.sol', 'flap.t.sol', 'heal.sol', 'drip.t.sol', 'heal.t.sol', 'drip.sol', 'frob.t.sol']
3,['transferFrom.sol', 'flop.t.sol', 'flap.t.sol', 'heal.sol', 'drip.t.sol', 'heal.t.sol', 'drip.sol', 'tune.sol']
3,['transferFrom.sol', 'flop.t.sol', 'flap.t.sol', 'heal.sol', 'drip.t.sol', 'heal.t.sol', 'drip.sol', 'bite.sol']
2,['transferFrom.sol', 'flop.t.sol', 'flap.t.sol', 'heal.sol', 'drip.t.sol', 'heal.t.sol', 'frob.t.sol', 'tune.sol']
2,['transferFrom.sol', 'flop.t.sol', 'flap.t.sol', 'heal.sol', 'drip.t.sol', 'heal.t.sol', 'frob.t.sol', 'bite.sol']
2,['transferFrom.sol', 'flop.t.sol', 'flap.t.sol', 'heal.sol', 'drip.t.sol', 'heal.t.sol', 'tune.sol', 'bite.sol']
3,['transferFrom.sol', 'flop.t.sol', 'flap.t.sol', 'heal.sol', 'drip.t.sol', 'flap.sol', 'drip.sol', 'frob.t.sol']
2,['transferFrom.sol', 'flop.t.sol', 'flap.t.sol', 'heal.sol', 'drip.t.sol', 'flap.sol', 'drip.sol', 'tune.sol']
3,['transferFrom.sol', 'flop.t.sol', 'flap.t.sol', 'heal.sol', 'drip.t.sol', 'flap.sol', 'drip.sol', 'bite.sol']
3,['transferFrom.sol', 'flop.t.sol', 'flap.t.sol', 'heal.sol', 'drip.t.sol', 'flap.sol', 'frob.t.sol', 'tune.sol']
3,['transferFrom.sol', 'flop.t.sol', 'flap.t.sol', 'heal.sol', 'drip.t.sol', 'flap.sol', 'frob.t.sol', 'bite.sol']
2,['transferFrom.sol', 'flop.t.sol', 'flap.t.sol', 'heal.sol', 'drip.t.sol', 'flap.sol', 'tune.sol', 'bite.sol']
3,['transferFrom.sol', 'flop.t.sol', 'flap.t.sol', 'heal.sol', 'drip.t.sol', 'drip.sol', 'frob.t.sol', 'tune.sol']
4,['transferFrom.sol', 'flop.t.sol', 'flap.t.sol', 'heal.sol', 'drip.t.sol', 'drip.sol', 'frob.t.sol', 'bite.sol']
3,['transferFrom.sol', 'flop.t.sol', 'flap.t.sol', 'heal.sol', 'drip.t.sol', 'drip.sol', 'tune.sol', 'bite.sol']
2,['transferFrom.sol', 'flop.t.sol', 'flap.t.sol', 'heal.sol', 'drip.t.sol', 'frob.t.sol', 'tune.sol', 'bite.sol']
2,['transferFrom.sol', 'flop.t.sol', 'flap.t.sol', 'heal.sol', 'heal.t.sol', 'flap.sol', 'drip.sol', 'frob.t.sol']
3,['transferFrom.sol', 'flop.t.sol', 'flap.t.sol', 'heal.sol', 'heal.t.sol', 'flap.sol', 'drip.sol', 'tune.sol']
3,['transferFrom.sol', 'flop.t.sol', 'flap.t.sol', 'heal.sol', 'heal.t.sol', 'flap.sol', 'drip.sol', 'bite.sol']
3,['transferFrom.sol', 'flop.t.sol', 'flap.t.sol', 'heal.sol', 'heal.t.sol', 'flap.sol', 'frob.t.sol', 'tune.sol']
3,['transferFrom.sol', 'flop.t.sol', 'flap.t.sol', 'heal.sol', 'heal.t.sol', 'flap.sol', 'frob.t.sol', 'bite.sol']
3,['transferFrom.sol', 'flop.t.sol', 'flap.t.sol', 'heal.sol', 'heal.t.sol', 'flap.sol', 'tune.sol', 'bite.sol']
2,['transferFrom.sol', 'flop.t.sol', 'flap.t.sol', 'heal.sol', 'heal.t.sol', 'drip.sol', 'frob.t.sol', 'tune.sol']
2,['transferFrom.sol', 'flop.t.sol', 'flap.t.sol', 'heal.sol', 'heal.t.sol', 'drip.sol', 'frob.t.sol', 'bite.sol']
2,['transferFrom.sol', 'flop.t.sol', 'flap.t.sol', 'heal.sol', 'heal.t.sol', 'drip.sol', 'tune.sol', 'bite.sol']
3,['transferFrom.sol', 'flop.t.sol', 'flap.t.sol', 'heal.sol', 'heal.t.sol', 'frob.t.sol', 'tune.sol', 'bite.sol']
3,['transferFrom.sol', 'flop.t.sol', 'flap.t.sol', 'heal.sol', 'flap.sol', 'drip.sol', 'frob.t.sol', 'tune.sol']
3,['transferFrom.sol', 'flop.t.sol', 'flap.t.sol', 'heal.sol', 'flap.sol', 'drip.sol', 'frob.t.sol', 'bite.sol']
2,['transferFrom.sol', 'flop.t.sol', 'flap.t.sol', 'heal.sol', 'flap.sol', 'drip.sol', 'tune.sol', 'bite.sol']
3,['transferFrom.sol', 'flop.t.sol', 'flap.t.sol', 'heal.sol', 'flap.sol', 'frob.t.sol', 'tune.sol', 'bite.sol']
2,['transferFrom.sol', 'flop.t.sol', 'flap.t.sol', 'heal.sol', 'drip.sol', 'frob.t.sol', 'tune.sol', 'bite.sol']
2,['transferFrom.sol', 'flop.t.sol', 'flap.t.sol', 'drip.t.sol', 'heal.t.sol', 'flap.sol', 'drip.sol', 'frob.t.sol']
3,['transferFrom.sol', 'flop.t.sol', 'flap.t.sol', 'drip.t.sol', 'heal.t.sol', 'flap.sol', 'drip.sol', 'tune.sol']
3,['transferFrom.sol', 'flop.t.sol', 'flap.t.sol', 'drip.t.sol', 'heal.t.sol', 'flap.sol', 'drip.sol', 'bite.sol']
2,['transferFrom.sol', 'flop.t.sol', 'flap.t.sol', 'drip.t.sol', 'heal.t.sol', 'flap.sol', 'frob.t.sol', 'tune.sol']
2,['transferFrom.sol', 'flop.t.sol', 'flap.t.sol', 'drip.t.sol', 'heal.t.sol', 'flap.sol', 'frob.t.sol', 'bite.sol']
2,['transferFrom.sol', 'flop.t.sol', 'flap.t.sol', 'drip.t.sol', 'heal.t.sol', 'flap.sol', 'tune.sol', 'bite.sol']
2,['transferFrom.sol', 'flop.t.sol', 'flap.t.sol', 'drip.t.sol', 'heal.t.sol', 'drip.sol', 'frob.t.sol', 'tune.sol']
2,['transferFrom.sol', 'flop.t.sol', 'flap.t.sol', 'drip.t.sol', 'heal.t.sol', 'drip.sol', 'frob.t.sol', 'bite.sol']
2,['transferFrom.sol', 'flop.t.sol', 'flap.t.sol', 'drip.t.sol', 'heal.t.sol', 'drip.sol', 'tune.sol', 'bite.sol']
2,['transferFrom.sol', 'flop.t.sol', 'flap.t.sol', 'drip.t.sol', 'heal.t.sol', 'frob.t.sol', 'tune.sol', 'bite.sol']
3,['transferFrom.sol', 'flop.t.sol', 'flap.t.sol', 'drip.t.sol', 'flap.sol', 'drip.sol', 'frob.t.sol', 'tune.sol']
3,['transferFrom.sol', 'flop.t.sol', 'flap.t.sol', 'drip.t.sol', 'flap.sol', 'drip.sol', 'frob.t.sol', 'bite.sol']
3,['transferFrom.sol', 'flop.t.sol', 'flap.t.sol', 'drip.t.sol', 'flap.sol', 'drip.sol', 'tune.sol', 'bite.sol']
2,['transferFrom.sol', 'flop.t.sol', 'flap.t.sol', 'drip.t.sol', 'flap.sol', 'frob.t.sol', 'tune.sol', 'bite.sol']
2,['transferFrom.sol', 'flop.t.sol', 'flap.t.sol', 'drip.t.sol', 'drip.sol', 'frob.t.sol', 'tune.sol', 'bite.sol']
2,['transferFrom.sol', 'flop.t.sol', 'flap.t.sol', 'heal.t.sol', 'flap.sol', 'drip.sol', 'frob.t.sol', 'tune.sol']
2,['transferFrom.sol', 'flop.t.sol', 'flap.t.sol', 'heal.t.sol', 'flap.sol', 'drip.sol', 'frob.t.sol', 'bite.sol']
2,['transferFrom.sol', 'flop.t.sol', 'flap.t.sol', 'heal.t.sol', 'flap.sol', 'drip.sol', 'tune.sol', 'bite.sol']
3,['transferFrom.sol', 'flop.t.sol', 'flap.t.sol', 'heal.t.sol', 'flap.sol', 'frob.t.sol', 'tune.sol', 'bite.sol']
2,['transferFrom.sol', 'flop.t.sol', 'flap.t.sol', 'heal.t.sol', 'drip.sol', 'frob.t.sol', 'tune.sol', 'bite.sol']
2,['transferFrom.sol', 'flop.t.sol', 'flap.t.sol', 'flap.sol', 'drip.sol', 'frob.t.sol', 'tune.sol', 'bite.sol']
3,['transferFrom.sol', 'flop.t.sol', 'heal.sol', 'drip.t.sol', 'heal.t.sol', 'flap.sol', 'drip.sol', 'frob.t.sol']
2,['transferFrom.sol', 'flop.t.sol', 'heal.sol', 'drip.t.sol', 'heal.t.sol', 'flap.sol', 'drip.sol', 'tune.sol']
4,['transferFrom.sol', 'flop.t.sol', 'heal.sol', 'drip.t.sol', 'heal.t.sol', 'flap.sol', 'drip.sol', 'bite.sol']
2,['transferFrom.sol', 'flop.t.sol', 'heal.sol', 'drip.t.sol', 'heal.t.sol', 'flap.sol', 'frob.t.sol', 'tune.sol']
2,['transferFrom.sol', 'flop.t.sol', 'heal.sol', 'drip.t.sol', 'heal.t.sol', 'flap.sol', 'frob.t.sol', 'bite.sol']
2,['transferFrom.sol', 'flop.t.sol', 'heal.sol', 'drip.t.sol', 'heal.t.sol', 'flap.sol', 'tune.sol', 'bite.sol']
3,['transferFrom.sol', 'flop.t.sol', 'heal.sol', 'drip.t.sol', 'heal.t.sol', 'drip.sol', 'frob.t.sol', 'tune.sol']
3,['transferFrom.sol', 'flop.t.sol', 'heal.sol', 'drip.t.sol', 'heal.t.sol', 'drip.sol', 'frob.t.sol', 'bite.sol']
2,['transferFrom.sol', 'flop.t.sol', 'heal.sol', 'drip.t.sol', 'heal.t.sol', 'drip.sol', 'tune.sol', 'bite.sol']
2,['transferFrom.sol', 'flop.t.sol', 'heal.sol', 'drip.t.sol', 'heal.t.sol', 'frob.t.sol', 'tune.sol', 'bite.sol']
2,['transferFrom.sol', 'flop.t.sol', 'heal.sol', 'drip.t.sol', 'flap.sol', 'drip.sol', 'frob.t.sol', 'tune.sol']
3,['transferFrom.sol', 'flop.t.sol', 'heal.sol', 'drip.t.sol', 'flap.sol', 'drip.sol', 'frob.t.sol', 'bite.sol']
2,['transferFrom.sol', 'flop.t.sol', 'heal.sol', 'drip.t.sol', 'flap.sol', 'drip.sol', 'tune.sol', 'bite.sol']
3,['transferFrom.sol', 'flop.t.sol', 'heal.sol', 'drip.t.sol', 'flap.sol', 'frob.t.sol', 'tune.sol', 'bite.sol']
5,['transferFrom.sol', 'flop.t.sol', 'heal.sol', 'drip.t.sol', 'drip.sol', 'frob.t.sol', 'tune.sol', 'bite.sol']
2,['transferFrom.sol', 'flop.t.sol', 'heal.sol', 'heal.t.sol', 'flap.sol', 'drip.sol', 'frob.t.sol', 'tune.sol']
2,['transferFrom.sol', 'flop.t.sol', 'heal.sol', 'heal.t.sol', 'flap.sol', 'drip.sol', 'frob.t.sol', 'bite.sol']
2,['transferFrom.sol', 'flop.t.sol', 'heal.sol', 'heal.t.sol', 'flap.sol', 'drip.sol', 'tune.sol', 'bite.sol']
3,['transferFrom.sol', 'flop.t.sol', 'heal.sol', 'heal.t.sol', 'flap.sol', 'frob.t.sol', 'tune.sol', 'bite.sol']
2,['transferFrom.sol', 'flop.t.sol', 'heal.sol', 'heal.t.sol', 'drip.sol', 'frob.t.sol', 'tune.sol', 'bite.sol']
3,['transferFrom.sol', 'flop.t.sol', 'heal.sol', 'flap.sol', 'drip.sol', 'frob.t.sol', 'tune.sol', 'bite.sol']
2,['transferFrom.sol', 'flop.t.sol', 'drip.t.sol', 'heal.t.sol', 'flap.sol', 'drip.sol', 'frob.t.sol', 'tune.sol']
2,['transferFrom.sol', 'flop.t.sol', 'drip.t.sol', 'heal.t.sol', 'flap.sol', 'drip.sol', 'frob.t.sol', 'bite.sol']
2,['transferFrom.sol', 'flop.t.sol', 'drip.t.sol', 'heal.t.sol', 'flap.sol', 'drip.sol', 'tune.sol', 'bite.sol']
2,['transferFrom.sol', 'flop.t.sol', 'drip.t.sol', 'heal.t.sol', 'flap.sol', 'frob.t.sol', 'tune.sol', 'bite.sol']
2,['transferFrom.sol', 'flop.t.sol', 'drip.t.sol', 'heal.t.sol', 'drip.sol', 'frob.t.sol', 'tune.sol', 'bite.sol']
2,['transferFrom.sol', 'flop.t.sol', 'drip.t.sol', 'flap.sol', 'drip.sol', 'frob.t.sol', 'tune.sol', 'bite.sol']
2,['transferFrom.sol', 'flop.t.sol', 'heal.t.sol', 'flap.sol', 'drip.sol', 'frob.t.sol', 'tune.sol', 'bite.sol']
3,['transferFrom.sol', 'flap.t.sol', 'heal.sol', 'drip.t.sol', 'heal.t.sol', 'flap.sol', 'drip.sol', 'frob.t.sol']
2,['transferFrom.sol', 'flap.t.sol', 'heal.sol', 'drip.t.sol', 'heal.t.sol', 'flap.sol', 'drip.sol', 'tune.sol']
4,['transferFrom.sol', 'flap.t.sol', 'heal.sol', 'drip.t.sol', 'heal.t.sol', 'flap.sol', 'drip.sol', 'bite.sol']
2,['transferFrom.sol', 'flap.t.sol', 'heal.sol', 'drip.t.sol', 'heal.t.sol', 'flap.sol', 'frob.t.sol', 'tune.sol']
2,['transferFrom.sol', 'flap.t.sol', 'heal.sol', 'drip.t.sol', 'heal.t.sol', 'flap.sol', 'frob.t.sol', 'bite.sol']
2,['transferFrom.sol', 'flap.t.sol', 'heal.sol', 'drip.t.sol', 'heal.t.sol', 'flap.sol', 'tune.sol', 'bite.sol']
3,['transferFrom.sol', 'flap.t.sol', 'heal.sol', 'drip.t.sol', 'heal.t.sol', 'drip.sol', 'frob.t.sol', 'tune.sol']
2,['transferFrom.sol', 'flap.t.sol', 'heal.sol', 'drip.t.sol', 'heal.t.sol', 'drip.sol', 'frob.t.sol', 'bite.sol']
2,['transferFrom.sol', 'flap.t.sol', 'heal.sol', 'drip.t.sol', 'heal.t.sol', 'drip.sol', 'tune.sol', 'bite.sol']
2,['transferFrom.sol', 'flap.t.sol', 'heal.sol', 'drip.t.sol', 'heal.t.sol', 'frob.t.sol', 'tune.sol', 'bite.sol']
2,['transferFrom.sol', 'flap.t.sol', 'heal.sol', 'drip.t.sol', 'flap.sol', 'drip.sol', 'frob.t.sol', 'tune.sol']
3,['transferFrom.sol', 'flap.t.sol', 'heal.sol', 'drip.t.sol', 'flap.sol', 'drip.sol', 'frob.t.sol', 'bite.sol']
2,['transferFrom.sol', 'flap.t.sol', 'heal.sol', 'drip.t.sol', 'flap.sol', 'drip.sol', 'tune.sol', 'bite.sol']
3,['transferFrom.sol', 'flap.t.sol', 'heal.sol', 'drip.t.sol', 'flap.sol', 'frob.t.sol', 'tune.sol', 'bite.sol']
5,['transferFrom.sol', 'flap.t.sol', 'heal.sol', 'drip.t.sol', 'drip.sol', 'frob.t.sol', 'tune.sol', 'bite.sol']
2,['transferFrom.sol', 'flap.t.sol', 'heal.sol', 'heal.t.sol', 'flap.sol', 'drip.sol', 'frob.t.sol', 'tune.sol']
2,['transferFrom.sol', 'flap.t.sol', 'heal.sol', 'heal.t.sol', 'flap.sol', 'drip.sol', 'frob.t.sol', 'bite.sol']
2,['transferFrom.sol', 'flap.t.sol', 'heal.sol', 'heal.t.sol', 'flap.sol', 'drip.sol', 'tune.sol', 'bite.sol']
3,['transferFrom.sol', 'flap.t.sol', 'heal.sol', 'heal.t.sol', 'flap.sol', 'frob.t.sol', 'tune.sol', 'bite.sol']
2,['transferFrom.sol', 'flap.t.sol', 'heal.sol', 'heal.t.sol', 'drip.sol', 'frob.t.sol', 'tune.sol', 'bite.sol']
3,['transferFrom.sol', 'flap.t.sol', 'heal.sol', 'flap.sol', 'drip.sol', 'frob.t.sol', 'tune.sol', 'bite.sol']
2,['transferFrom.sol', 'flap.t.sol', 'drip.t.sol', 'heal.t.sol', 'flap.sol', 'drip.sol', 'frob.t.sol', 'tune.sol']
2,['transferFrom.sol', 'flap.t.sol', 'drip.t.sol', 'heal.t.sol', 'flap.sol', 'drip.sol', 'frob.t.sol', 'bite.sol']
2,['transferFrom.sol', 'flap.t.sol', 'drip.t.sol', 'heal.t.sol', 'flap.sol', 'drip.sol', 'tune.sol', 'bite.sol']
2,['transferFrom.sol', 'flap.t.sol', 'drip.t.sol', 'heal.t.sol', 'flap.sol', 'frob.t.sol', 'tune.sol', 'bite.sol']
2,['transferFrom.sol', 'flap.t.sol', 'drip.t.sol', 'heal.t.sol', 'drip.sol', 'frob.t.sol', 'tune.sol', 'bite.sol']
2,['transferFrom.sol', 'flap.t.sol', 'drip.t.sol', 'flap.sol', 'drip.sol', 'frob.t.sol', 'tune.sol', 'bite.sol']
2,['transferFrom.sol', 'flap.t.sol', 'heal.t.sol', 'flap.sol', 'drip.sol', 'frob.t.sol', 'tune.sol', 'bite.sol']
4,['transferFrom.sol', 'heal.sol', 'drip.t.sol', 'heal.t.sol', 'flap.sol', 'drip.sol', 'frob.t.sol', 'tune.sol']
4,['transferFrom.sol', 'heal.sol', 'drip.t.sol', 'heal.t.sol', 'flap.sol', 'drip.sol', 'frob.t.sol', 'bite.sol']
3,['transferFrom.sol', 'heal.sol', 'drip.t.sol', 'heal.t.sol', 'flap.sol', 'drip.sol', 'tune.sol', 'bite.sol']
3,['transferFrom.sol', 'heal.sol', 'drip.t.sol', 'heal.t.sol', 'flap.sol', 'frob.t.sol', 'tune.sol', 'bite.sol']
4,['transferFrom.sol', 'heal.sol', 'drip.t.sol', 'heal.t.sol', 'drip.sol', 'frob.t.sol', 'tune.sol', 'bite.sol']
2,['transferFrom.sol', 'heal.sol', 'drip.t.sol', 'flap.sol', 'drip.sol', 'frob.t.sol', 'tune.sol', 'bite.sol']
2,['transferFrom.sol', 'heal.sol', 'heal.t.sol', 'flap.sol', 'drip.sol', 'frob.t.sol', 'tune.sol', 'bite.sol']
2,['transferFrom.sol', 'drip.t.sol', 'heal.t.sol', 'flap.sol', 'drip.sol', 'frob.t.sol', 'tune.sol', 'bite.sol']
3,['frob.sol', 'flip.t.sol', 'flop.t.sol', 'flap.t.sol', 'heal.sol', 'drip.t.sol', 'heal.t.sol', 'flap.sol']
3,['frob.sol', 'flip.t.sol', 'flop.t.sol', 'flap.t.sol', 'heal.sol', 'drip.t.sol', 'heal.t.sol', 'drip.sol']
2,['frob.sol', 'flip.t.sol', 'flop.t.sol', 'flap.t.sol', 'heal.sol', 'drip.t.sol', 'heal.t.sol', 'frob.t.sol']
2,['frob.sol', 'flip.t.sol', 'flop.t.sol', 'flap.t.sol', 'heal.sol', 'drip.t.sol', 'heal.t.sol', 'tune.sol']
3,['frob.sol', 'flip.t.sol', 'flop.t.sol', 'flap.t.sol', 'heal.sol', 'drip.t.sol', 'heal.t.sol', 'bite.sol']
3,['frob.sol', 'flip.t.sol', 'flop.t.sol', 'flap.t.sol', 'heal.sol', 'drip.t.sol', 'flap.sol', 'drip.sol']
2,['frob.sol', 'flip.t.sol', 'flop.t.sol', 'flap.t.sol', 'heal.sol', 'drip.t.sol', 'flap.sol', 'frob.t.sol']
1,['frob.sol', 'flip.t.sol', 'flop.t.sol', 'flap.t.sol', 'heal.sol', 'drip.t.sol', 'flap.sol', 'tune.sol']
3,['frob.sol', 'flip.t.sol', 'flop.t.sol', 'flap.t.sol', 'heal.sol', 'drip.t.sol', 'flap.sol', 'bite.sol']
2,['frob.sol', 'flip.t.sol', 'flop.t.sol', 'flap.t.sol', 'heal.sol', 'drip.t.sol', 'drip.sol', 'frob.t.sol']
2,['frob.sol', 'flip.t.sol', 'flop.t.sol', 'flap.t.sol', 'heal.sol', 'drip.t.sol', 'drip.sol', 'tune.sol']
2,['frob.sol', 'flip.t.sol', 'flop.t.sol', 'flap.t.sol', 'heal.sol', 'drip.t.sol', 'drip.sol', 'bite.sol']
2,['frob.sol', 'flip.t.sol', 'flop.t.sol', 'flap.t.sol', 'heal.sol', 'drip.t.sol', 'frob.t.sol', 'tune.sol']
2,['frob.sol', 'flip.t.sol', 'flop.t.sol', 'flap.t.sol', 'heal.sol', 'drip.t.sol', 'frob.t.sol', 'bite.sol']
1,['frob.sol', 'flip.t.sol', 'flop.t.sol', 'flap.t.sol', 'heal.sol', 'drip.t.sol', 'tune.sol', 'bite.sol']
3,['frob.sol', 'flip.t.sol', 'flop.t.sol', 'flap.t.sol', 'heal.sol', 'heal.t.sol', 'flap.sol', 'drip.sol']
3,['frob.sol', 'flip.t.sol', 'flop.t.sol', 'flap.t.sol', 'heal.sol', 'heal.t.sol', 'flap.sol', 'frob.t.sol']
3,['frob.sol', 'flip.t.sol', 'flop.t.sol', 'flap.t.sol', 'heal.sol', 'heal.t.sol', 'flap.sol', 'tune.sol']
2,['frob.sol', 'flip.t.sol', 'flop.t.sol', 'flap.t.sol', 'heal.sol', 'heal.t.sol', 'flap.sol', 'bite.sol']
2,['frob.sol', 'flip.t.sol', 'flop.t.sol', 'flap.t.sol', 'heal.sol', 'heal.t.sol', 'drip.sol', 'frob.t.sol']
2,['frob.sol', 'flip.t.sol', 'flop.t.sol', 'flap.t.sol', 'heal.sol', 'heal.t.sol', 'drip.sol', 'tune.sol']
3,['frob.sol', 'flip.t.sol', 'flop.t.sol', 'flap.t.sol', 'heal.sol', 'heal.t.sol', 'drip.sol', 'bite.sol']
3,['frob.sol', 'flip.t.sol', 'flop.t.sol', 'flap.t.sol', 'heal.sol', 'heal.t.sol', 'frob.t.sol', 'tune.sol']
3,['frob.sol', 'flip.t.sol', 'flop.t.sol', 'flap.t.sol', 'heal.sol', 'heal.t.sol', 'frob.t.sol', 'bite.sol']
2,['frob.sol', 'flip.t.sol', 'flop.t.sol', 'flap.t.sol', 'heal.sol', 'heal.t.sol', 'tune.sol', 'bite.sol']
2,['frob.sol', 'flip.t.sol', 'flop.t.sol', 'flap.t.sol', 'heal.sol', 'flap.sol', 'drip.sol', 'frob.t.sol']
3,['frob.sol', 'flip.t.sol', 'flop.t.sol', 'flap.t.sol', 'heal.sol', 'flap.sol', 'drip.sol', 'tune.sol']
3,['frob.sol', 'flip.t.sol', 'flop.t.sol', 'flap.t.sol', 'heal.sol', 'flap.sol', 'drip.sol', 'bite.sol']
3,['frob.sol', 'flip.t.sol', 'flop.t.sol', 'flap.t.sol', 'heal.sol', 'flap.sol', 'frob.t.sol', 'tune.sol']
3,['frob.sol', 'flip.t.sol', 'flop.t.sol', 'flap.t.sol', 'heal.sol', 'flap.sol', 'frob.t.sol', 'bite.sol']
2,['frob.sol', 'flip.t.sol', 'flop.t.sol', 'flap.t.sol', 'heal.sol', 'flap.sol', 'tune.sol', 'bite.sol']
2,['frob.sol', 'flip.t.sol', 'flop.t.sol', 'flap.t.sol', 'heal.sol', 'drip.sol', 'frob.t.sol', 'tune.sol']
2,['frob.sol', 'flip.t.sol', 'flop.t.sol', 'flap.t.sol', 'heal.sol', 'drip.sol', 'frob.t.sol', 'bite.sol']
2,['frob.sol', 'flip.t.sol', 'flop.t.sol', 'flap.t.sol', 'heal.sol', 'drip.sol', 'tune.sol', 'bite.sol']
3,['frob.sol', 'flip.t.sol', 'flop.t.sol', 'flap.t.sol', 'heal.sol', 'frob.t.sol', 'tune.sol', 'bite.sol']
3,['frob.sol', 'flip.t.sol', 'flop.t.sol', 'flap.t.sol', 'drip.t.sol', 'heal.t.sol', 'flap.sol', 'drip.sol']
2,['frob.sol', 'flip.t.sol', 'flop.t.sol', 'flap.t.sol', 'drip.t.sol', 'heal.t.sol', 'flap.sol', 'frob.t.sol']
2,['frob.sol', 'flip.t.sol', 'flop.t.sol', 'flap.t.sol', 'drip.t.sol', 'heal.t.sol', 'flap.sol', 'tune.sol']
3,['frob.sol', 'flip.t.sol', 'flop.t.sol', 'flap.t.sol', 'drip.t.sol', 'heal.t.sol', 'flap.sol', 'bite.sol']
2,['frob.sol', 'flip.t.sol', 'flop.t.sol', 'flap.t.sol', 'drip.t.sol', 'heal.t.sol', 'drip.sol', 'frob.t.sol']
2,['frob.sol', 'flip.t.sol', 'flop.t.sol', 'flap.t.sol', 'drip.t.sol', 'heal.t.sol', 'drip.sol', 'tune.sol']
3,['frob.sol', 'flip.t.sol', 'flop.t.sol', 'flap.t.sol', 'drip.t.sol', 'heal.t.sol', 'drip.sol', 'bite.sol']
2,['frob.sol', 'flip.t.sol', 'flop.t.sol', 'flap.t.sol', 'drip.t.sol', 'heal.t.sol', 'frob.t.sol', 'tune.sol']
2,['frob.sol', 'flip.t.sol', 'flop.t.sol', 'flap.t.sol', 'drip.t.sol', 'heal.t.sol', 'frob.t.sol', 'bite.sol']
2,['frob.sol', 'flip.t.sol', 'flop.t.sol', 'flap.t.sol', 'drip.t.sol', 'heal.t.sol', 'tune.sol', 'bite.sol']
2,['frob.sol', 'flip.t.sol', 'flop.t.sol', 'flap.t.sol', 'drip.t.sol', 'flap.sol', 'drip.sol', 'frob.t.sol']
2,['frob.sol', 'flip.t.sol', 'flop.t.sol', 'flap.t.sol', 'drip.t.sol', 'flap.sol', 'drip.sol', 'tune.sol']
2,['frob.sol', 'flip.t.sol', 'flop.t.sol', 'flap.t.sol', 'drip.t.sol', 'flap.sol', 'drip.sol', 'bite.sol']
2,['frob.sol', 'flip.t.sol', 'flop.t.sol', 'flap.t.sol', 'drip.t.sol', 'flap.sol', 'frob.t.sol', 'tune.sol']
2,['frob.sol', 'flip.t.sol', 'flop.t.sol', 'flap.t.sol', 'drip.t.sol', 'flap.sol', 'frob.t.sol', 'bite.sol']
2,['frob.sol', 'flip.t.sol', 'flop.t.sol', 'flap.t.sol', 'drip.t.sol', 'flap.sol', 'tune.sol', 'bite.sol']
2,['frob.sol', 'flip.t.sol', 'flop.t.sol', 'flap.t.sol', 'drip.t.sol', 'drip.sol', 'frob.t.sol', 'tune.sol']
2,['frob.sol', 'flip.t.sol', 'flop.t.sol', 'flap.t.sol', 'drip.t.sol', 'drip.sol', 'frob.t.sol', 'bite.sol']
2,['frob.sol', 'flip.t.sol', 'flop.t.sol', 'flap.t.sol', 'drip.t.sol', 'drip.sol', 'tune.sol', 'bite.sol']
2,['frob.sol', 'flip.t.sol', 'flop.t.sol', 'flap.t.sol', 'drip.t.sol', 'frob.t.sol', 'tune.sol', 'bite.sol']
2,['frob.sol', 'flip.t.sol', 'flop.t.sol', 'flap.t.sol', 'heal.t.sol', 'flap.sol', 'drip.sol', 'frob.t.sol']
2,['frob.sol', 'flip.t.sol', 'flop.t.sol', 'flap.t.sol', 'heal.t.sol', 'flap.sol', 'drip.sol', 'tune.sol']
3,['frob.sol', 'flip.t.sol', 'flop.t.sol', 'flap.t.sol', 'heal.t.sol', 'flap.sol', 'drip.sol', 'bite.sol']
3,['frob.sol', 'flip.t.sol', 'flop.t.sol', 'flap.t.sol', 'heal.t.sol', 'flap.sol', 'frob.t.sol', 'tune.sol']
3,['frob.sol', 'flip.t.sol', 'flop.t.sol', 'flap.t.sol', 'heal.t.sol', 'flap.sol', 'frob.t.sol', 'bite.sol']
2,['frob.sol', 'flip.t.sol', 'flop.t.sol', 'flap.t.sol', 'heal.t.sol', 'flap.sol', 'tune.sol', 'bite.sol']
2,['frob.sol', 'flip.t.sol', 'flop.t.sol', 'flap.t.sol', 'heal.t.sol', 'drip.sol', 'frob.t.sol', 'tune.sol']
2,['frob.sol', 'flip.t.sol', 'flop.t.sol', 'flap.t.sol', 'heal.t.sol', 'drip.sol', 'frob.t.sol', 'bite.sol']
2,['frob.sol', 'flip.t.sol', 'flop.t.sol', 'flap.t.sol', 'heal.t.sol', 'drip.sol', 'tune.sol', 'bite.sol']
3,['frob.sol', 'flip.t.sol', 'flop.t.sol', 'flap.t.sol', 'heal.t.sol', 'frob.t.sol', 'tune.sol', 'bite.sol']
2,['frob.sol', 'flip.t.sol', 'flop.t.sol', 'flap.t.sol', 'flap.sol', 'drip.sol', 'frob.t.sol', 'tune.sol']
2,['frob.sol', 'flip.t.sol', 'flop.t.sol', 'flap.t.sol', 'flap.sol', 'drip.sol', 'frob.t.sol', 'bite.sol']
2,['frob.sol', 'flip.t.sol', 'flop.t.sol', 'flap.t.sol', 'flap.sol', 'drip.sol', 'tune.sol', 'bite.sol']
3,['frob.sol', 'flip.t.sol', 'flop.t.sol', 'flap.t.sol', 'flap.sol', 'frob.t.sol', 'tune.sol', 'bite.sol']
2,['frob.sol', 'flip.t.sol', 'flop.t.sol', 'flap.t.sol', 'drip.sol', 'frob.t.sol', 'tune.sol', 'bite.sol']
3,['frob.sol', 'flip.t.sol', 'flop.t.sol', 'heal.sol', 'drip.t.sol', 'heal.t.sol', 'flap.sol', 'drip.sol']
2,['frob.sol', 'flip.t.sol', 'flop.t.sol', 'heal.sol', 'drip.t.sol', 'heal.t.sol', 'flap.sol', 'frob.t.sol']
1,['frob.sol', 'flip.t.sol', 'flop.t.sol', 'heal.sol', 'drip.t.sol', 'heal.t.sol', 'flap.sol', 'tune.sol']
3,['frob.sol', 'flip.t.sol', 'flop.t.sol', 'heal.sol', 'drip.t.sol', 'heal.t.sol', 'flap.sol', 'bite.sol']
2,['frob.sol', 'flip.t.sol', 'flop.t.sol', 'heal.sol', 'drip.t.sol', 'heal.t.sol', 'drip.sol', 'frob.t.sol']
2,['frob.sol', 'flip.t.sol', 'flop.t.sol', 'heal.sol', 'drip.t.sol', 'heal.t.sol', 'drip.sol', 'tune.sol']
3,['frob.sol', 'flip.t.sol', 'flop.t.sol', 'heal.sol', 'drip.t.sol', 'heal.t.sol', 'drip.sol', 'bite.sol']
2,['frob.sol', 'flip.t.sol', 'flop.t.sol', 'heal.sol', 'drip.t.sol', 'heal.t.sol', 'frob.t.sol', 'tune.sol']
2,['frob.sol', 'flip.t.sol', 'flop.t.sol', 'heal.sol', 'drip.t.sol', 'heal.t.sol', 'frob.t.sol', 'bite.sol']
2,['frob.sol', 'flip.t.sol', 'flop.t.sol', 'heal.sol', 'drip.t.sol', 'heal.t.sol', 'tune.sol', 'bite.sol']
3,['frob.sol', 'flip.t.sol', 'flop.t.sol', 'heal.sol', 'drip.t.sol', 'flap.sol', 'drip.sol', 'frob.t.sol']
2,['frob.sol', 'flip.t.sol', 'flop.t.sol', 'heal.sol', 'drip.t.sol', 'flap.sol', 'drip.sol', 'tune.sol']
2,['frob.sol', 'flip.t.sol', 'flop.t.sol', 'heal.sol', 'drip.t.sol', 'flap.sol', 'drip.sol', 'bite.sol']
2,['frob.sol', 'flip.t.sol', 'flop.t.sol', 'heal.sol', 'drip.t.sol', 'flap.sol', 'frob.t.sol', 'tune.sol']
2,['frob.sol', 'flip.t.sol', 'flop.t.sol', 'heal.sol', 'drip.t.sol', 'flap.sol', 'frob.t.sol', 'bite.sol']
2,['frob.sol', 'flip.t.sol', 'flop.t.sol', 'heal.sol', 'drip.t.sol', 'flap.sol', 'tune.sol', 'bite.sol']
2,['frob.sol', 'flip.t.sol', 'flop.t.sol', 'heal.sol', 'drip.t.sol', 'drip.sol', 'frob.t.sol', 'tune.sol']
3,['frob.sol', 'flip.t.sol', 'flop.t.sol', 'heal.sol', 'drip.t.sol', 'drip.sol', 'frob.t.sol', 'bite.sol']
2,['frob.sol', 'flip.t.sol', 'flop.t.sol', 'heal.sol', 'drip.t.sol', 'drip.sol', 'tune.sol', 'bite.sol']
4,['frob.sol', 'flip.t.sol', 'flop.t.sol', 'heal.sol', 'drip.t.sol', 'frob.t.sol', 'tune.sol', 'bite.sol']
2,['frob.sol', 'flip.t.sol', 'flop.t.sol', 'heal.sol', 'heal.t.sol', 'flap.sol', 'drip.sol', 'frob.t.sol']
2,['frob.sol', 'flip.t.sol', 'flop.t.sol', 'heal.sol', 'heal.t.sol', 'flap.sol', 'drip.sol', 'tune.sol']
3,['frob.sol', 'flip.t.sol', 'flop.t.sol', 'heal.sol', 'heal.t.sol', 'flap.sol', 'drip.sol', 'bite.sol']
3,['frob.sol', 'flip.t.sol', 'flop.t.sol', 'heal.sol', 'heal.t.sol', 'flap.sol', 'frob.t.sol', 'tune.sol']
3,['frob.sol', 'flip.t.sol', 'flop.t.sol', 'heal.sol', 'heal.t.sol', 'flap.sol', 'frob.t.sol', 'bite.sol']
2,['frob.sol', 'flip.t.sol', 'flop.t.sol', 'heal.sol', 'heal.t.sol', 'flap.sol', 'tune.sol', 'bite.sol']
2,['frob.sol', 'flip.t.sol', 'flop.t.sol', 'heal.sol', 'heal.t.sol', 'drip.sol', 'frob.t.sol', 'tune.sol']
2,['frob.sol', 'flip.t.sol', 'flop.t.sol', 'heal.sol', 'heal.t.sol', 'drip.sol', 'frob.t.sol', 'bite.sol']
2,['frob.sol', 'flip.t.sol', 'flop.t.sol', 'heal.sol', 'heal.t.sol', 'drip.sol', 'tune.sol', 'bite.sol']
3,['frob.sol', 'flip.t.sol', 'flop.t.sol', 'heal.sol', 'heal.t.sol', 'frob.t.sol', 'tune.sol', 'bite.sol']
2,['frob.sol', 'flip.t.sol', 'flop.t.sol', 'heal.sol', 'flap.sol', 'drip.sol', 'frob.t.sol', 'tune.sol']
2,['frob.sol', 'flip.t.sol', 'flop.t.sol', 'heal.sol', 'flap.sol', 'drip.sol', 'frob.t.sol', 'bite.sol']
2,['frob.sol', 'flip.t.sol', 'flop.t.sol', 'heal.sol', 'flap.sol', 'drip.sol', 'tune.sol', 'bite.sol']
3,['frob.sol', 'flip.t.sol', 'flop.t.sol', 'heal.sol', 'flap.sol', 'frob.t.sol', 'tune.sol', 'bite.sol']
2,['frob.sol', 'flip.t.sol', 'flop.t.sol', 'heal.sol', 'drip.sol', 'frob.t.sol', 'tune.sol', 'bite.sol']
2,['frob.sol', 'flip.t.sol', 'flop.t.sol', 'drip.t.sol', 'heal.t.sol', 'flap.sol', 'drip.sol', 'frob.t.sol']
2,['frob.sol', 'flip.t.sol', 'flop.t.sol', 'drip.t.sol', 'heal.t.sol', 'flap.sol', 'drip.sol', 'tune.sol']
3,['frob.sol', 'flip.t.sol', 'flop.t.sol', 'drip.t.sol', 'heal.t.sol', 'flap.sol', 'drip.sol', 'bite.sol']
2,['frob.sol', 'flip.t.sol', 'flop.t.sol', 'drip.t.sol', 'heal.t.sol', 'flap.sol', 'frob.t.sol', 'tune.sol']
2,['frob.sol', 'flip.t.sol', 'flop.t.sol', 'drip.t.sol', 'heal.t.sol', 'flap.sol', 'frob.t.sol', 'bite.sol']
2,['frob.sol', 'flip.t.sol', 'flop.t.sol', 'drip.t.sol', 'heal.t.sol', 'flap.sol', 'tune.sol', 'bite.sol']
2,['frob.sol', 'flip.t.sol', 'flop.t.sol', 'drip.t.sol', 'heal.t.sol', 'drip.sol', 'frob.t.sol', 'tune.sol']
2,['frob.sol', 'flip.t.sol', 'flop.t.sol', 'drip.t.sol', 'heal.t.sol', 'drip.sol', 'frob.t.sol', 'bite.sol']
2,['frob.sol', 'flip.t.sol', 'flop.t.sol', 'drip.t.sol', 'heal.t.sol', 'drip.sol', 'tune.sol', 'bite.sol']
2,['frob.sol', 'flip.t.sol', 'flop.t.sol', 'drip.t.sol', 'heal.t.sol', 'frob.t.sol', 'tune.sol', 'bite.sol']
2,['frob.sol', 'flip.t.sol', 'flop.t.sol', 'drip.t.sol', 'flap.sol', 'drip.sol', 'frob.t.sol', 'tune.sol']
2,['frob.sol', 'flip.t.sol', 'flop.t.sol', 'drip.t.sol', 'flap.sol', 'drip.sol', 'frob.t.sol', 'bite.sol']
2,['frob.sol', 'flip.t.sol', 'flop.t.sol', 'drip.t.sol', 'flap.sol', 'drip.sol', 'tune.sol', 'bite.sol']
1,['frob.sol', 'flip.t.sol', 'flop.t.sol', 'drip.t.sol', 'flap.sol', 'frob.t.sol', 'tune.sol', 'bite.sol']
4,['frob.sol', 'flip.t.sol', 'flop.t.sol', 'drip.t.sol', 'drip.sol', 'frob.t.sol', 'tune.sol', 'bite.sol']
2,['frob.sol', 'flip.t.sol', 'flop.t.sol', 'heal.t.sol', 'flap.sol', 'drip.sol', 'frob.t.sol', 'tune.sol']
2,['frob.sol', 'flip.t.sol', 'flop.t.sol', 'heal.t.sol', 'flap.sol', 'drip.sol', 'frob.t.sol', 'bite.sol']
2,['frob.sol', 'flip.t.sol', 'flop.t.sol', 'heal.t.sol', 'flap.sol', 'drip.sol', 'tune.sol', 'bite.sol']
3,['frob.sol', 'flip.t.sol', 'flop.t.sol', 'heal.t.sol', 'flap.sol', 'frob.t.sol', 'tune.sol', 'bite.sol']
2,['frob.sol', 'flip.t.sol', 'flop.t.sol', 'heal.t.sol', 'drip.sol', 'frob.t.sol', 'tune.sol', 'bite.sol']
2,['frob.sol', 'flip.t.sol', 'flop.t.sol', 'flap.sol', 'drip.sol', 'frob.t.sol', 'tune.sol', 'bite.sol']
3,['frob.sol', 'flip.t.sol', 'flap.t.sol', 'heal.sol', 'drip.t.sol', 'heal.t.sol', 'flap.sol', 'drip.sol']
2,['frob.sol', 'flip.t.sol', 'flap.t.sol', 'heal.sol', 'drip.t.sol', 'heal.t.sol', 'flap.sol', 'frob.t.sol']
1,['frob.sol', 'flip.t.sol', 'flap.t.sol', 'heal.sol', 'drip.t.sol', 'heal.t.sol', 'flap.sol', 'tune.sol']
3,['frob.sol', 'flip.t.sol', 'flap.t.sol', 'heal.sol', 'drip.t.sol', 'heal.t.sol', 'flap.sol', 'bite.sol']
2,['frob.sol', 'flip.t.sol', 'flap.t.sol', 'heal.sol', 'drip.t.sol', 'heal.t.sol', 'drip.sol', 'frob.t.sol']
2,['frob.sol', 'flip.t.sol', 'flap.t.sol', 'heal.sol', 'drip.t.sol', 'heal.t.sol', 'drip.sol', 'tune.sol']
3,['frob.sol', 'flip.t.sol', 'flap.t.sol', 'heal.sol', 'drip.t.sol', 'heal.t.sol', 'drip.sol', 'bite.sol']
2,['frob.sol', 'flip.t.sol', 'flap.t.sol', 'heal.sol', 'drip.t.sol', 'heal.t.sol', 'frob.t.sol', 'tune.sol']
2,['frob.sol', 'flip.t.sol', 'flap.t.sol', 'heal.sol', 'drip.t.sol', 'heal.t.sol', 'frob.t.sol', 'bite.sol']
2,['frob.sol', 'flip.t.sol', 'flap.t.sol', 'heal.sol', 'drip.t.sol', 'heal.t.sol', 'tune.sol', 'bite.sol']
3,['frob.sol', 'flip.t.sol', 'flap.t.sol', 'heal.sol', 'drip.t.sol', 'flap.sol', 'drip.sol', 'frob.t.sol']
2,['frob.sol', 'flip.t.sol', 'flap.t.sol', 'heal.sol', 'drip.t.sol', 'flap.sol', 'drip.sol', 'tune.sol']
2,['frob.sol', 'flip.t.sol', 'flap.t.sol', 'heal.sol', 'drip.t.sol', 'flap.sol', 'drip.sol', 'bite.sol']
2,['frob.sol', 'flip.t.sol', 'flap.t.sol', 'heal.sol', 'drip.t.sol', 'flap.sol', 'frob.t.sol', 'tune.sol']
2,['frob.sol', 'flip.t.sol', 'flap.t.sol', 'heal.sol', 'drip.t.sol', 'flap.sol', 'frob.t.sol', 'bite.sol']
2,['frob.sol', 'flip.t.sol', 'flap.t.sol', 'heal.sol', 'drip.t.sol', 'flap.sol', 'tune.sol', 'bite.sol']
2,['frob.sol', 'flip.t.sol', 'flap.t.sol', 'heal.sol', 'drip.t.sol', 'drip.sol', 'frob.t.sol', 'tune.sol']
2,['frob.sol', 'flip.t.sol', 'flap.t.sol', 'heal.sol', 'drip.t.sol', 'drip.sol', 'frob.t.sol', 'bite.sol']
2,['frob.sol', 'flip.t.sol', 'flap.t.sol', 'heal.sol', 'drip.t.sol', 'drip.sol', 'tune.sol', 'bite.sol']
2,['frob.sol', 'flip.t.sol', 'flap.t.sol', 'heal.sol', 'drip.t.sol', 'frob.t.sol', 'tune.sol', 'bite.sol']
2,['frob.sol', 'flip.t.sol', 'flap.t.sol', 'heal.sol', 'heal.t.sol', 'flap.sol', 'drip.sol', 'frob.t.sol']
2,['frob.sol', 'flip.t.sol', 'flap.t.sol', 'heal.sol', 'heal.t.sol', 'flap.sol', 'drip.sol', 'tune.sol']
3,['frob.sol', 'flip.t.sol', 'flap.t.sol', 'heal.sol', 'heal.t.sol', 'flap.sol', 'drip.sol', 'bite.sol']
3,['frob.sol', 'flip.t.sol', 'flap.t.sol', 'heal.sol', 'heal.t.sol', 'flap.sol', 'frob.t.sol', 'tune.sol']
3,['frob.sol', 'flip.t.sol', 'flap.t.sol', 'heal.sol', 'heal.t.sol', 'flap.sol', 'frob.t.sol', 'bite.sol']
2,['frob.sol', 'flip.t.sol', 'flap.t.sol', 'heal.sol', 'heal.t.sol', 'flap.sol', 'tune.sol', 'bite.sol']
2,['frob.sol', 'flip.t.sol', 'flap.t.sol', 'heal.sol', 'heal.t.sol', 'drip.sol', 'frob.t.sol', 'tune.sol']
2,['frob.sol', 'flip.t.sol', 'flap.t.sol', 'heal.sol', 'heal.t.sol', 'drip.sol', 'frob.t.sol', 'bite.sol']
2,['frob.sol', 'flip.t.sol', 'flap.t.sol', 'heal.sol', 'heal.t.sol', 'drip.sol', 'tune.sol', 'bite.sol']
3,['frob.sol', 'flip.t.sol', 'flap.t.sol', 'heal.sol', 'heal.t.sol', 'frob.t.sol', 'tune.sol', 'bite.sol']
2,['frob.sol', 'flip.t.sol', 'flap.t.sol', 'heal.sol', 'flap.sol', 'drip.sol', 'frob.t.sol', 'tune.sol']
2,['frob.sol', 'flip.t.sol', 'flap.t.sol', 'heal.sol', 'flap.sol', 'drip.sol', 'frob.t.sol', 'bite.sol']
2,['frob.sol', 'flip.t.sol', 'flap.t.sol', 'heal.sol', 'flap.sol', 'drip.sol', 'tune.sol', 'bite.sol']
3,['frob.sol', 'flip.t.sol', 'flap.t.sol', 'heal.sol', 'flap.sol', 'frob.t.sol', 'tune.sol', 'bite.sol']
2,['frob.sol', 'flip.t.sol', 'flap.t.sol', 'heal.sol', 'drip.sol', 'frob.t.sol', 'tune.sol', 'bite.sol']
2,['frob.sol', 'flip.t.sol', 'flap.t.sol', 'drip.t.sol', 'heal.t.sol', 'flap.sol', 'drip.sol', 'frob.t.sol']
2,['frob.sol', 'flip.t.sol', 'flap.t.sol', 'drip.t.sol', 'heal.t.sol', 'flap.sol', 'drip.sol', 'tune.sol']
3,['frob.sol', 'flip.t.sol', 'flap.t.sol', 'drip.t.sol', 'heal.t.sol', 'flap.sol', 'drip.sol', 'bite.sol']
2,['frob.sol', 'flip.t.sol', 'flap.t.sol', 'drip.t.sol', 'heal.t.sol', 'flap.sol', 'frob.t.sol', 'tune.sol']
2,['frob.sol', 'flip.t.sol', 'flap.t.sol', 'drip.t.sol', 'heal.t.sol', 'flap.sol', 'frob.t.sol', 'bite.sol']
2,['frob.sol', 'flip.t.sol', 'flap.t.sol', 'drip.t.sol', 'heal.t.sol', 'flap.sol', 'tune.sol', 'bite.sol']
2,['frob.sol', 'flip.t.sol', 'flap.t.sol', 'drip.t.sol', 'heal.t.sol', 'drip.sol', 'frob.t.sol', 'tune.sol']
2,['frob.sol', 'flip.t.sol', 'flap.t.sol', 'drip.t.sol', 'heal.t.sol', 'drip.sol', 'frob.t.sol', 'bite.sol']
2,['frob.sol', 'flip.t.sol', 'flap.t.sol', 'drip.t.sol', 'heal.t.sol', 'drip.sol', 'tune.sol', 'bite.sol']
2,['frob.sol', 'flip.t.sol', 'flap.t.sol', 'drip.t.sol', 'heal.t.sol', 'frob.t.sol', 'tune.sol', 'bite.sol']
2,['frob.sol', 'flip.t.sol', 'flap.t.sol', 'drip.t.sol', 'flap.sol', 'drip.sol', 'frob.t.sol', 'tune.sol']
2,['frob.sol', 'flip.t.sol', 'flap.t.sol', 'drip.t.sol', 'flap.sol', 'drip.sol', 'frob.t.sol', 'bite.sol']
2,['frob.sol', 'flip.t.sol', 'flap.t.sol', 'drip.t.sol', 'flap.sol', 'drip.sol', 'tune.sol', 'bite.sol']
1,['frob.sol', 'flip.t.sol', 'flap.t.sol', 'drip.t.sol', 'flap.sol', 'frob.t.sol', 'tune.sol', 'bite.sol']
1,['frob.sol', 'flip.t.sol', 'flap.t.sol', 'drip.t.sol', 'drip.sol', 'frob.t.sol', 'tune.sol', 'bite.sol']
2,['frob.sol', 'flip.t.sol', 'flap.t.sol', 'heal.t.sol', 'flap.sol', 'drip.sol', 'frob.t.sol', 'tune.sol']
2,['frob.sol', 'flip.t.sol', 'flap.t.sol', 'heal.t.sol', 'flap.sol', 'drip.sol', 'frob.t.sol', 'bite.sol']
2,['frob.sol', 'flip.t.sol', 'flap.t.sol', 'heal.t.sol', 'flap.sol', 'drip.sol', 'tune.sol', 'bite.sol']
3,['frob.sol', 'flip.t.sol', 'flap.t.sol', 'heal.t.sol', 'flap.sol', 'frob.t.sol', 'tune.sol', 'bite.sol']
2,['frob.sol', 'flip.t.sol', 'flap.t.sol', 'heal.t.sol', 'drip.sol', 'frob.t.sol', 'tune.sol', 'bite.sol']
2,['frob.sol', 'flip.t.sol', 'flap.t.sol', 'flap.sol', 'drip.sol', 'frob.t.sol', 'tune.sol', 'bite.sol']
2,['frob.sol', 'flip.t.sol', 'heal.sol', 'drip.t.sol', 'heal.t.sol', 'flap.sol', 'drip.sol', 'frob.t.sol']
2,['frob.sol', 'flip.t.sol', 'heal.sol', 'drip.t.sol', 'heal.t.sol', 'flap.sol', 'drip.sol', 'tune.sol']
2,['frob.sol', 'flip.t.sol', 'heal.sol', 'drip.t.sol', 'heal.t.sol', 'flap.sol', 'drip.sol', 'bite.sol']
2,['frob.sol', 'flip.t.sol', 'heal.sol', 'drip.t.sol', 'heal.t.sol', 'flap.sol', 'frob.t.sol', 'tune.sol']
2,['frob.sol', 'flip.t.sol', 'heal.sol', 'drip.t.sol', 'heal.t.sol', 'flap.sol', 'frob.t.sol', 'bite.sol']
2,['frob.sol', 'flip.t.sol', 'heal.sol', 'drip.t.sol', 'heal.t.sol', 'flap.sol', 'tune.sol', 'bite.sol']
2,['frob.sol', 'flip.t.sol', 'heal.sol', 'drip.t.sol', 'heal.t.sol', 'drip.sol', 'frob.t.sol', 'tune.sol']
2,['frob.sol', 'flip.t.sol', 'heal.sol', 'drip.t.sol', 'heal.t.sol', 'drip.sol', 'frob.t.sol', 'bite.sol']
2,['frob.sol', 'flip.t.sol', 'heal.sol', 'drip.t.sol', 'heal.t.sol', 'drip.sol', 'tune.sol', 'bite.sol']
2,['frob.sol', 'flip.t.sol', 'heal.sol', 'drip.t.sol', 'heal.t.sol', 'frob.t.sol', 'tune.sol', 'bite.sol']
4,['frob.sol', 'flip.t.sol', 'heal.sol', 'drip.t.sol', 'flap.sol', 'drip.sol', 'frob.t.sol', 'tune.sol']
5,['frob.sol', 'flip.t.sol', 'heal.sol', 'drip.t.sol', 'flap.sol', 'drip.sol', 'frob.t.sol', 'bite.sol']
2,['frob.sol', 'flip.t.sol', 'heal.sol', 'drip.t.sol', 'flap.sol', 'drip.sol', 'tune.sol', 'bite.sol']
4,['frob.sol', 'flip.t.sol', 'heal.sol', 'drip.t.sol', 'flap.sol', 'frob.t.sol', 'tune.sol', 'bite.sol']
4,['frob.sol', 'flip.t.sol', 'heal.sol', 'drip.t.sol', 'drip.sol', 'frob.t.sol', 'tune.sol', 'bite.sol']
2,['frob.sol', 'flip.t.sol', 'heal.sol', 'heal.t.sol', 'flap.sol', 'drip.sol', 'frob.t.sol', 'tune.sol']
2,['frob.sol', 'flip.t.sol', 'heal.sol', 'heal.t.sol', 'flap.sol', 'drip.sol', 'frob.t.sol', 'bite.sol']
2,['frob.sol', 'flip.t.sol', 'heal.sol', 'heal.t.sol', 'flap.sol', 'drip.sol', 'tune.sol', 'bite.sol']
3,['frob.sol', 'flip.t.sol', 'heal.sol', 'heal.t.sol', 'flap.sol', 'frob.t.sol', 'tune.sol', 'bite.sol']
2,['frob.sol', 'flip.t.sol', 'heal.sol', 'heal.t.sol', 'drip.sol', 'frob.t.sol', 'tune.sol', 'bite.sol']
2,['frob.sol', 'flip.t.sol', 'heal.sol', 'flap.sol', 'drip.sol', 'frob.t.sol', 'tune.sol', 'bite.sol']
2,['frob.sol', 'flip.t.sol', 'drip.t.sol', 'heal.t.sol', 'flap.sol', 'drip.sol', 'frob.t.sol', 'tune.sol']
2,['frob.sol', 'flip.t.sol', 'drip.t.sol', 'heal.t.sol', 'flap.sol', 'drip.sol', 'frob.t.sol', 'bite.sol']
2,['frob.sol', 'flip.t.sol', 'drip.t.sol', 'heal.t.sol', 'flap.sol', 'drip.sol', 'tune.sol', 'bite.sol']
2,['frob.sol', 'flip.t.sol', 'drip.t.sol', 'heal.t.sol', 'flap.sol', 'frob.t.sol', 'tune.sol', 'bite.sol']
4,['frob.sol', 'flip.t.sol', 'drip.t.sol', 'heal.t.sol', 'drip.sol', 'frob.t.sol', 'tune.sol', 'bite.sol']
4,['frob.sol', 'flip.t.sol', 'drip.t.sol', 'flap.sol', 'drip.sol', 'frob.t.sol', 'tune.sol', 'bite.sol']
2,['frob.sol', 'flip.t.sol', 'heal.t.sol', 'flap.sol', 'drip.sol', 'frob.t.sol', 'tune.sol', 'bite.sol']
3,['frob.sol', 'flop.t.sol', 'flap.t.sol', 'heal.sol', 'drip.t.sol', 'heal.t.sol', 'flap.sol', 'drip.sol']
2,['frob.sol', 'flop.t.sol', 'flap.t.sol', 'heal.sol', 'drip.t.sol', 'heal.t.sol', 'flap.sol', 'frob.t.sol']
2,['frob.sol', 'flop.t.sol', 'flap.t.sol', 'heal.sol', 'drip.t.sol', 'heal.t.sol', 'flap.sol', 'tune.sol']
3,['frob.sol', 'flop.t.sol', 'flap.t.sol', 'heal.sol', 'drip.t.sol', 'heal.t.sol', 'flap.sol', 'bite.sol']
2,['frob.sol', 'flop.t.sol', 'flap.t.sol', 'heal.sol', 'drip.t.sol', 'heal.t.sol', 'drip.sol', 'frob.t.sol']
2,['frob.sol', 'flop.t.sol', 'flap.t.sol', 'heal.sol', 'drip.t.sol', 'heal.t.sol', 'drip.sol', 'tune.sol']
3,['frob.sol', 'flop.t.sol', 'flap.t.sol', 'heal.sol', 'drip.t.sol', 'heal.t.sol', 'drip.sol', 'bite.sol']
2,['frob.sol', 'flop.t.sol', 'flap.t.sol', 'heal.sol', 'drip.t.sol', 'heal.t.sol', 'frob.t.sol', 'tune.sol']
2,['frob.sol', 'flop.t.sol', 'flap.t.sol', 'heal.sol', 'drip.t.sol', 'heal.t.sol', 'frob.t.sol', 'bite.sol']
2,['frob.sol', 'flop.t.sol', 'flap.t.sol', 'heal.sol', 'drip.t.sol', 'heal.t.sol', 'tune.sol', 'bite.sol']
4,['frob.sol', 'flop.t.sol', 'flap.t.sol', 'heal.sol', 'drip.t.sol', 'flap.sol', 'drip.sol', 'frob.t.sol']
2,['frob.sol', 'flop.t.sol', 'flap.t.sol', 'heal.sol', 'drip.t.sol', 'flap.sol', 'drip.sol', 'tune.sol']
2,['frob.sol', 'flop.t.sol', 'flap.t.sol', 'heal.sol', 'drip.t.sol', 'flap.sol', 'drip.sol', 'bite.sol']
2,['frob.sol', 'flop.t.sol', 'flap.t.sol', 'heal.sol', 'drip.t.sol', 'flap.sol', 'frob.t.sol', 'tune.sol']
3,['frob.sol', 'flop.t.sol', 'flap.t.sol', 'heal.sol', 'drip.t.sol', 'flap.sol', 'frob.t.sol', 'bite.sol']
2,['frob.sol', 'flop.t.sol', 'flap.t.sol', 'heal.sol', 'drip.t.sol', 'flap.sol', 'tune.sol', 'bite.sol']
2,['frob.sol', 'flop.t.sol', 'flap.t.sol', 'heal.sol', 'drip.t.sol', 'drip.sol', 'frob.t.sol', 'tune.sol']
5,['frob.sol', 'flop.t.sol', 'flap.t.sol', 'heal.sol', 'drip.t.sol', 'drip.sol', 'frob.t.sol', 'bite.sol']
2,['frob.sol', 'flop.t.sol', 'flap.t.sol', 'heal.sol', 'drip.t.sol', 'drip.sol', 'tune.sol', 'bite.sol']
2,['frob.sol', 'flop.t.sol', 'flap.t.sol', 'heal.sol', 'drip.t.sol', 'frob.t.sol', 'tune.sol', 'bite.sol']
2,['frob.sol', 'flop.t.sol', 'flap.t.sol', 'heal.sol', 'heal.t.sol', 'flap.sol', 'drip.sol', 'frob.t.sol']
2,['frob.sol', 'flop.t.sol', 'flap.t.sol', 'heal.sol', 'heal.t.sol', 'flap.sol', 'drip.sol', 'tune.sol']
3,['frob.sol', 'flop.t.sol', 'flap.t.sol', 'heal.sol', 'heal.t.sol', 'flap.sol', 'drip.sol', 'bite.sol']
3,['frob.sol', 'flop.t.sol', 'flap.t.sol', 'heal.sol', 'heal.t.sol', 'flap.sol', 'frob.t.sol', 'tune.sol']
3,['frob.sol', 'flop.t.sol', 'flap.t.sol', 'heal.sol', 'heal.t.sol', 'flap.sol', 'frob.t.sol', 'bite.sol']
3,['frob.sol', 'flop.t.sol', 'flap.t.sol', 'heal.sol', 'heal.t.sol', 'flap.sol', 'tune.sol', 'bite.sol']
2,['frob.sol', 'flop.t.sol', 'flap.t.sol', 'heal.sol', 'heal.t.sol', 'drip.sol', 'frob.t.sol', 'tune.sol']
2,['frob.sol', 'flop.t.sol', 'flap.t.sol', 'heal.sol', 'heal.t.sol', 'drip.sol', 'frob.t.sol', 'bite.sol']
2,['frob.sol', 'flop.t.sol', 'flap.t.sol', 'heal.sol', 'heal.t.sol', 'drip.sol', 'tune.sol', 'bite.sol']
3,['frob.sol', 'flop.t.sol', 'flap.t.sol', 'heal.sol', 'heal.t.sol', 'frob.t.sol', 'tune.sol', 'bite.sol']
2,['frob.sol', 'flop.t.sol', 'flap.t.sol', 'heal.sol', 'flap.sol', 'drip.sol', 'frob.t.sol', 'tune.sol']
3,['frob.sol', 'flop.t.sol', 'flap.t.sol', 'heal.sol', 'flap.sol', 'drip.sol', 'frob.t.sol', 'bite.sol']
2,['frob.sol', 'flop.t.sol', 'flap.t.sol', 'heal.sol', 'flap.sol', 'drip.sol', 'tune.sol', 'bite.sol']
3,['frob.sol', 'flop.t.sol', 'flap.t.sol', 'heal.sol', 'flap.sol', 'frob.t.sol', 'tune.sol', 'bite.sol']
2,['frob.sol', 'flop.t.sol', 'flap.t.sol', 'heal.sol', 'drip.sol', 'frob.t.sol', 'tune.sol', 'bite.sol']
2,['frob.sol', 'flop.t.sol', 'flap.t.sol', 'drip.t.sol', 'heal.t.sol', 'flap.sol', 'drip.sol', 'frob.t.sol']
2,['frob.sol', 'flop.t.sol', 'flap.t.sol', 'drip.t.sol', 'heal.t.sol', 'flap.sol', 'drip.sol', 'tune.sol']
3,['frob.sol', 'flop.t.sol', 'flap.t.sol', 'drip.t.sol', 'heal.t.sol', 'flap.sol', 'drip.sol', 'bite.sol']
2,['frob.sol', 'flop.t.sol', 'flap.t.sol', 'drip.t.sol', 'heal.t.sol', 'flap.sol', 'frob.t.sol', 'tune.sol']
2,['frob.sol', 'flop.t.sol', 'flap.t.sol', 'drip.t.sol', 'heal.t.sol', 'flap.sol', 'frob.t.sol', 'bite.sol']
2,['frob.sol', 'flop.t.sol', 'flap.t.sol', 'drip.t.sol', 'heal.t.sol', 'flap.sol', 'tune.sol', 'bite.sol']
2,['frob.sol', 'flop.t.sol', 'flap.t.sol', 'drip.t.sol', 'heal.t.sol', 'drip.sol', 'frob.t.sol', 'tune.sol']
2,['frob.sol', 'flop.t.sol', 'flap.t.sol', 'drip.t.sol', 'heal.t.sol', 'drip.sol', 'frob.t.sol', 'bite.sol']
2,['frob.sol', 'flop.t.sol', 'flap.t.sol', 'drip.t.sol', 'heal.t.sol', 'drip.sol', 'tune.sol', 'bite.sol']
2,['frob.sol', 'flop.t.sol', 'flap.t.sol', 'drip.t.sol', 'heal.t.sol', 'frob.t.sol', 'tune.sol', 'bite.sol']
2,['frob.sol', 'flop.t.sol', 'flap.t.sol', 'drip.t.sol', 'flap.sol', 'drip.sol', 'frob.t.sol', 'tune.sol']
3,['frob.sol', 'flop.t.sol', 'flap.t.sol', 'drip.t.sol', 'flap.sol', 'drip.sol', 'frob.t.sol', 'bite.sol']
2,['frob.sol', 'flop.t.sol', 'flap.t.sol', 'drip.t.sol', 'flap.sol', 'drip.sol', 'tune.sol', 'bite.sol']
2,['frob.sol', 'flop.t.sol', 'flap.t.sol', 'drip.t.sol', 'flap.sol', 'frob.t.sol', 'tune.sol', 'bite.sol']
2,['frob.sol', 'flop.t.sol', 'flap.t.sol', 'drip.t.sol', 'drip.sol', 'frob.t.sol', 'tune.sol', 'bite.sol']
2,['frob.sol', 'flop.t.sol', 'flap.t.sol', 'heal.t.sol', 'flap.sol', 'drip.sol', 'frob.t.sol', 'tune.sol']
2,['frob.sol', 'flop.t.sol', 'flap.t.sol', 'heal.t.sol', 'flap.sol', 'drip.sol', 'frob.t.sol', 'bite.sol']
2,['frob.sol', 'flop.t.sol', 'flap.t.sol', 'heal.t.sol', 'flap.sol', 'drip.sol', 'tune.sol', 'bite.sol']
3,['frob.sol', 'flop.t.sol', 'flap.t.sol', 'heal.t.sol', 'flap.sol', 'frob.t.sol', 'tune.sol', 'bite.sol']
2,['frob.sol', 'flop.t.sol', 'flap.t.sol', 'heal.t.sol', 'drip.sol', 'frob.t.sol', 'tune.sol', 'bite.sol']
2,['frob.sol', 'flop.t.sol', 'flap.t.sol', 'flap.sol', 'drip.sol', 'frob.t.sol', 'tune.sol', 'bite.sol']
3,['frob.sol', 'flop.t.sol', 'heal.sol', 'drip.t.sol', 'heal.t.sol', 'flap.sol', 'drip.sol', 'frob.t.sol']
2,['frob.sol', 'flop.t.sol', 'heal.sol', 'drip.t.sol', 'heal.t.sol', 'flap.sol', 'drip.sol', 'tune.sol']
3,['frob.sol', 'flop.t.sol', 'heal.sol', 'drip.t.sol', 'heal.t.sol', 'flap.sol', 'drip.sol', 'bite.sol']
2,['frob.sol', 'flop.t.sol', 'heal.sol', 'drip.t.sol', 'heal.t.sol', 'flap.sol', 'frob.t.sol', 'tune.sol']
2,['frob.sol', 'flop.t.sol', 'heal.sol', 'drip.t.sol', 'heal.t.sol', 'flap.sol', 'frob.t.sol', 'bite.sol']
2,['frob.sol', 'flop.t.sol', 'heal.sol', 'drip.t.sol', 'heal.t.sol', 'flap.sol', 'tune.sol', 'bite.sol']
3,['frob.sol', 'flop.t.sol', 'heal.sol', 'drip.t.sol', 'heal.t.sol', 'drip.sol', 'frob.t.sol', 'tune.sol']
3,['frob.sol', 'flop.t.sol', 'heal.sol', 'drip.t.sol', 'heal.t.sol', 'drip.sol', 'frob.t.sol', 'bite.sol']
2,['frob.sol', 'flop.t.sol', 'heal.sol', 'drip.t.sol', 'heal.t.sol', 'drip.sol', 'tune.sol', 'bite.sol']
2,['frob.sol', 'flop.t.sol', 'heal.sol', 'drip.t.sol', 'heal.t.sol', 'frob.t.sol', 'tune.sol', 'bite.sol']
5,['frob.sol', 'flop.t.sol', 'heal.sol', 'drip.t.sol', 'flap.sol', 'drip.sol', 'frob.t.sol', 'tune.sol']
3,['frob.sol', 'flop.t.sol', 'heal.sol', 'drip.t.sol', 'flap.sol', 'drip.sol', 'frob.t.sol', 'bite.sol']
2,['frob.sol', 'flop.t.sol', 'heal.sol', 'drip.t.sol', 'flap.sol', 'drip.sol', 'tune.sol', 'bite.sol']
2,['frob.sol', 'flop.t.sol', 'heal.sol', 'drip.t.sol', 'flap.sol', 'frob.t.sol', 'tune.sol', 'bite.sol']
4,['frob.sol', 'flop.t.sol', 'heal.sol', 'drip.t.sol', 'drip.sol', 'frob.t.sol', 'tune.sol', 'bite.sol']
2,['frob.sol', 'flop.t.sol', 'heal.sol', 'heal.t.sol', 'flap.sol', 'drip.sol', 'frob.t.sol', 'tune.sol']
2,['frob.sol', 'flop.t.sol', 'heal.sol', 'heal.t.sol', 'flap.sol', 'drip.sol', 'frob.t.sol', 'bite.sol']
2,['frob.sol', 'flop.t.sol', 'heal.sol', 'heal.t.sol', 'flap.sol', 'drip.sol', 'tune.sol', 'bite.sol']
3,['frob.sol', 'flop.t.sol', 'heal.sol', 'heal.t.sol', 'flap.sol', 'frob.t.sol', 'tune.sol', 'bite.sol']
2,['frob.sol', 'flop.t.sol', 'heal.sol', 'heal.t.sol', 'drip.sol', 'frob.t.sol', 'tune.sol', 'bite.sol']
3,['frob.sol', 'flop.t.sol', 'heal.sol', 'flap.sol', 'drip.sol', 'frob.t.sol', 'tune.sol', 'bite.sol']
2,['frob.sol', 'flop.t.sol', 'drip.t.sol', 'heal.t.sol', 'flap.sol', 'drip.sol', 'frob.t.sol', 'tune.sol']
2,['frob.sol', 'flop.t.sol', 'drip.t.sol', 'heal.t.sol', 'flap.sol', 'drip.sol', 'frob.t.sol', 'bite.sol']
2,['frob.sol', 'flop.t.sol', 'drip.t.sol', 'heal.t.sol', 'flap.sol', 'drip.sol', 'tune.sol', 'bite.sol']
2,['frob.sol', 'flop.t.sol', 'drip.t.sol', 'heal.t.sol', 'flap.sol', 'frob.t.sol', 'tune.sol', 'bite.sol']
2,['frob.sol', 'flop.t.sol', 'drip.t.sol', 'heal.t.sol', 'drip.sol', 'frob.t.sol', 'tune.sol', 'bite.sol']
2,['frob.sol', 'flop.t.sol', 'drip.t.sol', 'flap.sol', 'drip.sol', 'frob.t.sol', 'tune.sol', 'bite.sol']
2,['frob.sol', 'flop.t.sol', 'heal.t.sol', 'flap.sol', 'drip.sol', 'frob.t.sol', 'tune.sol', 'bite.sol']
3,['frob.sol', 'flap.t.sol', 'heal.sol', 'drip.t.sol', 'heal.t.sol', 'flap.sol', 'drip.sol', 'frob.t.sol']
2,['frob.sol', 'flap.t.sol', 'heal.sol', 'drip.t.sol', 'heal.t.sol', 'flap.sol', 'drip.sol', 'tune.sol']
3,['frob.sol', 'flap.t.sol', 'heal.sol', 'drip.t.sol', 'heal.t.sol', 'flap.sol', 'drip.sol', 'bite.sol']
2,['frob.sol', 'flap.t.sol', 'heal.sol', 'drip.t.sol', 'heal.t.sol', 'flap.sol', 'frob.t.sol', 'tune.sol']
2,['frob.sol', 'flap.t.sol', 'heal.sol', 'drip.t.sol', 'heal.t.sol', 'flap.sol', 'frob.t.sol', 'bite.sol']
2,['frob.sol', 'flap.t.sol', 'heal.sol', 'drip.t.sol', 'heal.t.sol', 'flap.sol', 'tune.sol', 'bite.sol']
3,['frob.sol', 'flap.t.sol', 'heal.sol', 'drip.t.sol', 'heal.t.sol', 'drip.sol', 'frob.t.sol', 'tune.sol']
3,['frob.sol', 'flap.t.sol', 'heal.sol', 'drip.t.sol', 'heal.t.sol', 'drip.sol', 'frob.t.sol', 'bite.sol']
2,['frob.sol', 'flap.t.sol', 'heal.sol', 'drip.t.sol', 'heal.t.sol', 'drip.sol', 'tune.sol', 'bite.sol']
2,['frob.sol', 'flap.t.sol', 'heal.sol', 'drip.t.sol', 'heal.t.sol', 'frob.t.sol', 'tune.sol', 'bite.sol']
3,['frob.sol', 'flap.t.sol', 'heal.sol', 'drip.t.sol', 'flap.sol', 'drip.sol', 'frob.t.sol', 'tune.sol']
3,['frob.sol', 'flap.t.sol', 'heal.sol', 'drip.t.sol', 'flap.sol', 'drip.sol', 'frob.t.sol', 'bite.sol']
2,['frob.sol', 'flap.t.sol', 'heal.sol', 'drip.t.sol', 'flap.sol', 'drip.sol', 'tune.sol', 'bite.sol']
2,['frob.sol', 'flap.t.sol', 'heal.sol', 'drip.t.sol', 'flap.sol', 'frob.t.sol', 'tune.sol', 'bite.sol']
4,['frob.sol', 'flap.t.sol', 'heal.sol', 'drip.t.sol', 'drip.sol', 'frob.t.sol', 'tune.sol', 'bite.sol']
2,['frob.sol', 'flap.t.sol', 'heal.sol', 'heal.t.sol', 'flap.sol', 'drip.sol', 'frob.t.sol', 'tune.sol']
2,['frob.sol', 'flap.t.sol', 'heal.sol', 'heal.t.sol', 'flap.sol', 'drip.sol', 'frob.t.sol', 'bite.sol']
2,['frob.sol', 'flap.t.sol', 'heal.sol', 'heal.t.sol', 'flap.sol', 'drip.sol', 'tune.sol', 'bite.sol']
3,['frob.sol', 'flap.t.sol', 'heal.sol', 'heal.t.sol', 'flap.sol', 'frob.t.sol', 'tune.sol', 'bite.sol']
2,['frob.sol', 'flap.t.sol', 'heal.sol', 'heal.t.sol', 'drip.sol', 'frob.t.sol', 'tune.sol', 'bite.sol']
3,['frob.sol', 'flap.t.sol', 'heal.sol', 'flap.sol', 'drip.sol', 'frob.t.sol', 'tune.sol', 'bite.sol']
2,['frob.sol', 'flap.t.sol', 'drip.t.sol', 'heal.t.sol', 'flap.sol', 'drip.sol', 'frob.t.sol', 'tune.sol']
2,['frob.sol', 'flap.t.sol', 'drip.t.sol', 'heal.t.sol', 'flap.sol', 'drip.sol', 'frob.t.sol', 'bite.sol']
2,['frob.sol', 'flap.t.sol', 'drip.t.sol', 'heal.t.sol', 'flap.sol', 'drip.sol', 'tune.sol', 'bite.sol']
2,['frob.sol', 'flap.t.sol', 'drip.t.sol', 'heal.t.sol', 'flap.sol', 'frob.t.sol', 'tune.sol', 'bite.sol']
2,['frob.sol', 'flap.t.sol', 'drip.t.sol', 'heal.t.sol', 'drip.sol', 'frob.t.sol', 'tune.sol', 'bite.sol']
2,['frob.sol', 'flap.t.sol', 'drip.t.sol', 'flap.sol', 'drip.sol', 'frob.t.sol', 'tune.sol', 'bite.sol']
2,['frob.sol', 'flap.t.sol', 'heal.t.sol', 'flap.sol', 'drip.sol', 'frob.t.sol', 'tune.sol', 'bite.sol']
4,['frob.sol', 'heal.sol', 'drip.t.sol', 'heal.t.sol', 'flap.sol', 'drip.sol', 'frob.t.sol', 'tune.sol']
4,['frob.sol', 'heal.sol', 'drip.t.sol', 'heal.t.sol', 'flap.sol', 'drip.sol', 'frob.t.sol', 'bite.sol']
3,['frob.sol', 'heal.sol', 'drip.t.sol', 'heal.t.sol', 'flap.sol', 'drip.sol', 'tune.sol', 'bite.sol']
1,['frob.sol', 'heal.sol', 'drip.t.sol', 'heal.t.sol', 'flap.sol', 'frob.t.sol', 'tune.sol', 'bite.sol']
4,['frob.sol', 'heal.sol', 'drip.t.sol', 'heal.t.sol', 'drip.sol', 'frob.t.sol', 'tune.sol', 'bite.sol']
2,['frob.sol', 'heal.sol', 'drip.t.sol', 'flap.sol', 'drip.sol', 'frob.t.sol', 'tune.sol', 'bite.sol']
2,['frob.sol', 'heal.sol', 'heal.t.sol', 'flap.sol', 'drip.sol', 'frob.t.sol', 'tune.sol', 'bite.sol']
2,['frob.sol', 'drip.t.sol', 'heal.t.sol', 'flap.sol', 'drip.sol', 'frob.t.sol', 'tune.sol', 'bite.sol']
3,['flip.t.sol', 'flop.t.sol', 'flap.t.sol', 'heal.sol', 'drip.t.sol', 'heal.t.sol', 'flap.sol', 'drip.sol']
2,['flip.t.sol', 'flop.t.sol', 'flap.t.sol', 'heal.sol', 'drip.t.sol', 'heal.t.sol', 'flap.sol', 'frob.t.sol']
2,['flip.t.sol', 'flop.t.sol', 'flap.t.sol', 'heal.sol', 'drip.t.sol', 'heal.t.sol', 'flap.sol', 'tune.sol']
2,['flip.t.sol', 'flop.t.sol', 'flap.t.sol', 'heal.sol', 'drip.t.sol', 'heal.t.sol', 'flap.sol', 'bite.sol']
2,['flip.t.sol', 'flop.t.sol', 'flap.t.sol', 'heal.sol', 'drip.t.sol', 'heal.t.sol', 'drip.sol', 'frob.t.sol']
3,['flip.t.sol', 'flop.t.sol', 'flap.t.sol', 'heal.sol', 'drip.t.sol', 'heal.t.sol', 'drip.sol', 'tune.sol']
3,['flip.t.sol', 'flop.t.sol', 'flap.t.sol', 'heal.sol', 'drip.t.sol', 'heal.t.sol', 'drip.sol', 'bite.sol']
2,['flip.t.sol', 'flop.t.sol', 'flap.t.sol', 'heal.sol', 'drip.t.sol', 'heal.t.sol', 'frob.t.sol', 'tune.sol']
2,['flip.t.sol', 'flop.t.sol', 'flap.t.sol', 'heal.sol', 'drip.t.sol', 'heal.t.sol', 'frob.t.sol', 'bite.sol']
1,['flip.t.sol', 'flop.t.sol', 'flap.t.sol', 'heal.sol', 'drip.t.sol', 'heal.t.sol', 'tune.sol', 'bite.sol']
2,['flip.t.sol', 'flop.t.sol', 'flap.t.sol', 'heal.sol', 'drip.t.sol', 'flap.sol', 'drip.sol', 'frob.t.sol']
1,['flip.t.sol', 'flop.t.sol', 'flap.t.sol', 'heal.sol', 'drip.t.sol', 'flap.sol', 'drip.sol', 'tune.sol']
3,['flip.t.sol', 'flop.t.sol', 'flap.t.sol', 'heal.sol', 'drip.t.sol', 'flap.sol', 'drip.sol', 'bite.sol']
2,['flip.t.sol', 'flop.t.sol', 'flap.t.sol', 'heal.sol', 'drip.t.sol', 'flap.sol', 'frob.t.sol', 'tune.sol']
2,['flip.t.sol', 'flop.t.sol', 'flap.t.sol', 'heal.sol', 'drip.t.sol', 'flap.sol', 'frob.t.sol', 'bite.sol']
1,['flip.t.sol', 'flop.t.sol', 'flap.t.sol', 'heal.sol', 'drip.t.sol', 'flap.sol', 'tune.sol', 'bite.sol']
2,['flip.t.sol', 'flop.t.sol', 'flap.t.sol', 'heal.sol', 'drip.t.sol', 'drip.sol', 'frob.t.sol', 'tune.sol']
2,['flip.t.sol', 'flop.t.sol', 'flap.t.sol', 'heal.sol', 'drip.t.sol', 'drip.sol', 'frob.t.sol', 'bite.sol']
1,['flip.t.sol', 'flop.t.sol', 'flap.t.sol', 'heal.sol', 'drip.t.sol', 'drip.sol', 'tune.sol', 'bite.sol']
2,['flip.t.sol', 'flop.t.sol', 'flap.t.sol', 'heal.sol', 'drip.t.sol', 'frob.t.sol', 'tune.sol', 'bite.sol']
2,['flip.t.sol', 'flop.t.sol', 'flap.t.sol', 'heal.sol', 'heal.t.sol', 'flap.sol', 'drip.sol', 'frob.t.sol']
2,['flip.t.sol', 'flop.t.sol', 'flap.t.sol', 'heal.sol', 'heal.t.sol', 'flap.sol', 'drip.sol', 'tune.sol']
2,['flip.t.sol', 'flop.t.sol', 'flap.t.sol', 'heal.sol', 'heal.t.sol', 'flap.sol', 'drip.sol', 'bite.sol']
3,['flip.t.sol', 'flop.t.sol', 'flap.t.sol', 'heal.sol', 'heal.t.sol', 'flap.sol', 'frob.t.sol', 'tune.sol']
3,['flip.t.sol', 'flop.t.sol', 'flap.t.sol', 'heal.sol', 'heal.t.sol', 'flap.sol', 'frob.t.sol', 'bite.sol']
3,['flip.t.sol', 'flop.t.sol', 'flap.t.sol', 'heal.sol', 'heal.t.sol', 'flap.sol', 'tune.sol', 'bite.sol']
2,['flip.t.sol', 'flop.t.sol', 'flap.t.sol', 'heal.sol', 'heal.t.sol', 'drip.sol', 'frob.t.sol', 'tune.sol']
2,['flip.t.sol', 'flop.t.sol', 'flap.t.sol', 'heal.sol', 'heal.t.sol', 'drip.sol', 'frob.t.sol', 'bite.sol']
2,['flip.t.sol', 'flop.t.sol', 'flap.t.sol', 'heal.sol', 'heal.t.sol', 'drip.sol', 'tune.sol', 'bite.sol']
3,['flip.t.sol', 'flop.t.sol', 'flap.t.sol', 'heal.sol', 'heal.t.sol', 'frob.t.sol', 'tune.sol', 'bite.sol']
2,['flip.t.sol', 'flop.t.sol', 'flap.t.sol', 'heal.sol', 'flap.sol', 'drip.sol', 'frob.t.sol', 'tune.sol']
2,['flip.t.sol', 'flop.t.sol', 'flap.t.sol', 'heal.sol', 'flap.sol', 'drip.sol', 'frob.t.sol', 'bite.sol']
2,['flip.t.sol', 'flop.t.sol', 'flap.t.sol', 'heal.sol', 'flap.sol', 'drip.sol', 'tune.sol', 'bite.sol']
3,['flip.t.sol', 'flop.t.sol', 'flap.t.sol', 'heal.sol', 'flap.sol', 'frob.t.sol', 'tune.sol', 'bite.sol']
2,['flip.t.sol', 'flop.t.sol', 'flap.t.sol', 'heal.sol', 'drip.sol', 'frob.t.sol', 'tune.sol', 'bite.sol']
2,['flip.t.sol', 'flop.t.sol', 'flap.t.sol', 'drip.t.sol', 'heal.t.sol', 'flap.sol', 'drip.sol', 'frob.t.sol']
2,['flip.t.sol', 'flop.t.sol', 'flap.t.sol', 'drip.t.sol', 'heal.t.sol', 'flap.sol', 'drip.sol', 'tune.sol']
3,['flip.t.sol', 'flop.t.sol', 'flap.t.sol', 'drip.t.sol', 'heal.t.sol', 'flap.sol', 'drip.sol', 'bite.sol']
2,['flip.t.sol', 'flop.t.sol', 'flap.t.sol', 'drip.t.sol', 'heal.t.sol', 'flap.sol', 'frob.t.sol', 'tune.sol']
2,['flip.t.sol', 'flop.t.sol', 'flap.t.sol', 'drip.t.sol', 'heal.t.sol', 'flap.sol', 'frob.t.sol', 'bite.sol']
1,['flip.t.sol', 'flop.t.sol', 'flap.t.sol', 'drip.t.sol', 'heal.t.sol', 'flap.sol', 'tune.sol', 'bite.sol']
2,['flip.t.sol', 'flop.t.sol', 'flap.t.sol', 'drip.t.sol', 'heal.t.sol', 'drip.sol', 'frob.t.sol', 'tune.sol']
2,['flip.t.sol', 'flop.t.sol', 'flap.t.sol', 'drip.t.sol', 'heal.t.sol', 'drip.sol', 'frob.t.sol', 'bite.sol']
2,['flip.t.sol', 'flop.t.sol', 'flap.t.sol', 'drip.t.sol', 'heal.t.sol', 'drip.sol', 'tune.sol', 'bite.sol']
2,['flip.t.sol', 'flop.t.sol', 'flap.t.sol', 'drip.t.sol', 'heal.t.sol', 'frob.t.sol', 'tune.sol', 'bite.sol']
2,['flip.t.sol', 'flop.t.sol', 'flap.t.sol', 'drip.t.sol', 'flap.sol', 'drip.sol', 'frob.t.sol', 'tune.sol']
2,['flip.t.sol', 'flop.t.sol', 'flap.t.sol', 'drip.t.sol', 'flap.sol', 'drip.sol', 'frob.t.sol', 'bite.sol']
2,['flip.t.sol', 'flop.t.sol', 'flap.t.sol', 'drip.t.sol', 'flap.sol', 'drip.sol', 'tune.sol', 'bite.sol']
2,['flip.t.sol', 'flop.t.sol', 'flap.t.sol', 'drip.t.sol', 'flap.sol', 'frob.t.sol', 'tune.sol', 'bite.sol']
2,['flip.t.sol', 'flop.t.sol', 'flap.t.sol', 'drip.t.sol', 'drip.sol', 'frob.t.sol', 'tune.sol', 'bite.sol']
2,['flip.t.sol', 'flop.t.sol', 'flap.t.sol', 'heal.t.sol', 'flap.sol', 'drip.sol', 'frob.t.sol', 'tune.sol']
2,['flip.t.sol', 'flop.t.sol', 'flap.t.sol', 'heal.t.sol', 'flap.sol', 'drip.sol', 'frob.t.sol', 'bite.sol']
2,['flip.t.sol', 'flop.t.sol', 'flap.t.sol', 'heal.t.sol', 'flap.sol', 'drip.sol', 'tune.sol', 'bite.sol']
3,['flip.t.sol', 'flop.t.sol', 'flap.t.sol', 'heal.t.sol', 'flap.sol', 'frob.t.sol', 'tune.sol', 'bite.sol']
2,['flip.t.sol', 'flop.t.sol', 'flap.t.sol', 'heal.t.sol', 'drip.sol', 'frob.t.sol', 'tune.sol', 'bite.sol']
2,['flip.t.sol', 'flop.t.sol', 'flap.t.sol', 'flap.sol', 'drip.sol', 'frob.t.sol', 'tune.sol', 'bite.sol']
2,['flip.t.sol', 'flop.t.sol', 'heal.sol', 'drip.t.sol', 'heal.t.sol', 'flap.sol', 'drip.sol', 'frob.t.sol']
2,['flip.t.sol', 'flop.t.sol', 'heal.sol', 'drip.t.sol', 'heal.t.sol', 'flap.sol', 'drip.sol', 'tune.sol']
3,['flip.t.sol', 'flop.t.sol', 'heal.sol', 'drip.t.sol', 'heal.t.sol', 'flap.sol', 'drip.sol', 'bite.sol']
2,['flip.t.sol', 'flop.t.sol', 'heal.sol', 'drip.t.sol', 'heal.t.sol', 'flap.sol', 'frob.t.sol', 'tune.sol']
2,['flip.t.sol', 'flop.t.sol', 'heal.sol', 'drip.t.sol', 'heal.t.sol', 'flap.sol', 'frob.t.sol', 'bite.sol']
1,['flip.t.sol', 'flop.t.sol', 'heal.sol', 'drip.t.sol', 'heal.t.sol', 'flap.sol', 'tune.sol', 'bite.sol']
2,['flip.t.sol', 'flop.t.sol', 'heal.sol', 'drip.t.sol', 'heal.t.sol', 'drip.sol', 'frob.t.sol', 'tune.sol']
2,['flip.t.sol', 'flop.t.sol', 'heal.sol', 'drip.t.sol', 'heal.t.sol', 'drip.sol', 'frob.t.sol', 'bite.sol']
2,['flip.t.sol', 'flop.t.sol', 'heal.sol', 'drip.t.sol', 'heal.t.sol', 'drip.sol', 'tune.sol', 'bite.sol']
2,['flip.t.sol', 'flop.t.sol', 'heal.sol', 'drip.t.sol', 'heal.t.sol', 'frob.t.sol', 'tune.sol', 'bite.sol']
2,['flip.t.sol', 'flop.t.sol', 'heal.sol', 'drip.t.sol', 'flap.sol', 'drip.sol', 'frob.t.sol', 'tune.sol']
2,['flip.t.sol', 'flop.t.sol', 'heal.sol', 'drip.t.sol', 'flap.sol', 'drip.sol', 'frob.t.sol', 'bite.sol']
2,['flip.t.sol', 'flop.t.sol', 'heal.sol', 'drip.t.sol', 'flap.sol', 'drip.sol', 'tune.sol', 'bite.sol']
2,['flip.t.sol', 'flop.t.sol', 'heal.sol', 'drip.t.sol', 'flap.sol', 'frob.t.sol', 'tune.sol', 'bite.sol']
4,['flip.t.sol', 'flop.t.sol', 'heal.sol', 'drip.t.sol', 'drip.sol', 'frob.t.sol', 'tune.sol', 'bite.sol']
2,['flip.t.sol', 'flop.t.sol', 'heal.sol', 'heal.t.sol', 'flap.sol', 'drip.sol', 'frob.t.sol', 'tune.sol']
2,['flip.t.sol', 'flop.t.sol', 'heal.sol', 'heal.t.sol', 'flap.sol', 'drip.sol', 'frob.t.sol', 'bite.sol']
2,['flip.t.sol', 'flop.t.sol', 'heal.sol', 'heal.t.sol', 'flap.sol', 'drip.sol', 'tune.sol', 'bite.sol']
3,['flip.t.sol', 'flop.t.sol', 'heal.sol', 'heal.t.sol', 'flap.sol', 'frob.t.sol', 'tune.sol', 'bite.sol']
2,['flip.t.sol', 'flop.t.sol', 'heal.sol', 'heal.t.sol', 'drip.sol', 'frob.t.sol', 'tune.sol', 'bite.sol']
2,['flip.t.sol', 'flop.t.sol', 'heal.sol', 'flap.sol', 'drip.sol', 'frob.t.sol', 'tune.sol', 'bite.sol']
2,['flip.t.sol', 'flop.t.sol', 'drip.t.sol', 'heal.t.sol', 'flap.sol', 'drip.sol', 'frob.t.sol', 'tune.sol']
2,['flip.t.sol', 'flop.t.sol', 'drip.t.sol', 'heal.t.sol', 'flap.sol', 'drip.sol', 'frob.t.sol', 'bite.sol']
2,['flip.t.sol', 'flop.t.sol', 'drip.t.sol', 'heal.t.sol', 'flap.sol', 'drip.sol', 'tune.sol', 'bite.sol']
2,['flip.t.sol', 'flop.t.sol', 'drip.t.sol', 'heal.t.sol', 'flap.sol', 'frob.t.sol', 'tune.sol', 'bite.sol']
2,['flip.t.sol', 'flop.t.sol', 'drip.t.sol', 'heal.t.sol', 'drip.sol', 'frob.t.sol', 'tune.sol', 'bite.sol']
1,['flip.t.sol', 'flop.t.sol', 'drip.t.sol', 'flap.sol', 'drip.sol', 'frob.t.sol', 'tune.sol', 'bite.sol']
2,['flip.t.sol', 'flop.t.sol', 'heal.t.sol', 'flap.sol', 'drip.sol', 'frob.t.sol', 'tune.sol', 'bite.sol']
2,['flip.t.sol', 'flap.t.sol', 'heal.sol', 'drip.t.sol', 'heal.t.sol', 'flap.sol', 'drip.sol', 'frob.t.sol']
2,['flip.t.sol', 'flap.t.sol', 'heal.sol', 'drip.t.sol', 'heal.t.sol', 'flap.sol', 'drip.sol', 'tune.sol']
3,['flip.t.sol', 'flap.t.sol', 'heal.sol', 'drip.t.sol', 'heal.t.sol', 'flap.sol', 'drip.sol', 'bite.sol']
2,['flip.t.sol', 'flap.t.sol', 'heal.sol', 'drip.t.sol', 'heal.t.sol', 'flap.sol', 'frob.t.sol', 'tune.sol']
2,['flip.t.sol', 'flap.t.sol', 'heal.sol', 'drip.t.sol', 'heal.t.sol', 'flap.sol', 'frob.t.sol', 'bite.sol']
1,['flip.t.sol', 'flap.t.sol', 'heal.sol', 'drip.t.sol', 'heal.t.sol', 'flap.sol', 'tune.sol', 'bite.sol']
2,['flip.t.sol', 'flap.t.sol', 'heal.sol', 'drip.t.sol', 'heal.t.sol', 'drip.sol', 'frob.t.sol', 'tune.sol']
2,['flip.t.sol', 'flap.t.sol', 'heal.sol', 'drip.t.sol', 'heal.t.sol', 'drip.sol', 'frob.t.sol', 'bite.sol']
2,['flip.t.sol', 'flap.t.sol', 'heal.sol', 'drip.t.sol', 'heal.t.sol', 'drip.sol', 'tune.sol', 'bite.sol']
2,['flip.t.sol', 'flap.t.sol', 'heal.sol', 'drip.t.sol', 'heal.t.sol', 'frob.t.sol', 'tune.sol', 'bite.sol']
2,['flip.t.sol', 'flap.t.sol', 'heal.sol', 'drip.t.sol', 'flap.sol', 'drip.sol', 'frob.t.sol', 'tune.sol']
2,['flip.t.sol', 'flap.t.sol', 'heal.sol', 'drip.t.sol', 'flap.sol', 'drip.sol', 'frob.t.sol', 'bite.sol']
2,['flip.t.sol', 'flap.t.sol', 'heal.sol', 'drip.t.sol', 'flap.sol', 'drip.sol', 'tune.sol', 'bite.sol']
2,['flip.t.sol', 'flap.t.sol', 'heal.sol', 'drip.t.sol', 'flap.sol', 'frob.t.sol', 'tune.sol', 'bite.sol']
4,['flip.t.sol', 'flap.t.sol', 'heal.sol', 'drip.t.sol', 'drip.sol', 'frob.t.sol', 'tune.sol', 'bite.sol']
2,['flip.t.sol', 'flap.t.sol', 'heal.sol', 'heal.t.sol', 'flap.sol', 'drip.sol', 'frob.t.sol', 'tune.sol']
2,['flip.t.sol', 'flap.t.sol', 'heal.sol', 'heal.t.sol', 'flap.sol', 'drip.sol', 'frob.t.sol', 'bite.sol']
2,['flip.t.sol', 'flap.t.sol', 'heal.sol', 'heal.t.sol', 'flap.sol', 'drip.sol', 'tune.sol', 'bite.sol']
3,['flip.t.sol', 'flap.t.sol', 'heal.sol', 'heal.t.sol', 'flap.sol', 'frob.t.sol', 'tune.sol', 'bite.sol']
2,['flip.t.sol', 'flap.t.sol', 'heal.sol', 'heal.t.sol', 'drip.sol', 'frob.t.sol', 'tune.sol', 'bite.sol']
2,['flip.t.sol', 'flap.t.sol', 'heal.sol', 'flap.sol', 'drip.sol', 'frob.t.sol', 'tune.sol', 'bite.sol']
2,['flip.t.sol', 'flap.t.sol', 'drip.t.sol', 'heal.t.sol', 'flap.sol', 'drip.sol', 'frob.t.sol', 'tune.sol']
2,['flip.t.sol', 'flap.t.sol', 'drip.t.sol', 'heal.t.sol', 'flap.sol', 'drip.sol', 'frob.t.sol', 'bite.sol']
2,['flip.t.sol', 'flap.t.sol', 'drip.t.sol', 'heal.t.sol', 'flap.sol', 'drip.sol', 'tune.sol', 'bite.sol']
2,['flip.t.sol', 'flap.t.sol', 'drip.t.sol', 'heal.t.sol', 'flap.sol', 'frob.t.sol', 'tune.sol', 'bite.sol']
2,['flip.t.sol', 'flap.t.sol', 'drip.t.sol', 'heal.t.sol', 'drip.sol', 'frob.t.sol', 'tune.sol', 'bite.sol']
1,['flip.t.sol', 'flap.t.sol', 'drip.t.sol', 'flap.sol', 'drip.sol', 'frob.t.sol', 'tune.sol', 'bite.sol']
2,['flip.t.sol', 'flap.t.sol', 'heal.t.sol', 'flap.sol', 'drip.sol', 'frob.t.sol', 'tune.sol', 'bite.sol']
2,['flip.t.sol', 'heal.sol', 'drip.t.sol', 'heal.t.sol', 'flap.sol', 'drip.sol', 'frob.t.sol', 'tune.sol']
2,['flip.t.sol', 'heal.sol', 'drip.t.sol', 'heal.t.sol', 'flap.sol', 'drip.sol', 'frob.t.sol', 'bite.sol']
2,['flip.t.sol', 'heal.sol', 'drip.t.sol', 'heal.t.sol', 'flap.sol', 'drip.sol', 'tune.sol', 'bite.sol']
2,['flip.t.sol', 'heal.sol', 'drip.t.sol', 'heal.t.sol', 'flap.sol', 'frob.t.sol', 'tune.sol', 'bite.sol']
2,['flip.t.sol', 'heal.sol', 'drip.t.sol', 'heal.t.sol', 'drip.sol', 'frob.t.sol', 'tune.sol', 'bite.sol']
4,['flip.t.sol', 'heal.sol', 'drip.t.sol', 'flap.sol', 'drip.sol', 'frob.t.sol', 'tune.sol', 'bite.sol']
2,['flip.t.sol', 'heal.sol', 'heal.t.sol', 'flap.sol', 'drip.sol', 'frob.t.sol', 'tune.sol', 'bite.sol']
2,['flip.t.sol', 'drip.t.sol', 'heal.t.sol', 'flap.sol', 'drip.sol', 'frob.t.sol', 'tune.sol', 'bite.sol']
2,['flop.t.sol', 'flap.t.sol', 'heal.sol', 'drip.t.sol', 'heal.t.sol', 'flap.sol', 'drip.sol', 'frob.t.sol']
2,['flop.t.sol', 'flap.t.sol', 'heal.sol', 'drip.t.sol', 'heal.t.sol', 'flap.sol', 'drip.sol', 'tune.sol']
3,['flop.t.sol', 'flap.t.sol', 'heal.sol', 'drip.t.sol', 'heal.t.sol', 'flap.sol', 'drip.sol', 'bite.sol']
2,['flop.t.sol', 'flap.t.sol', 'heal.sol', 'drip.t.sol', 'heal.t.sol', 'flap.sol', 'frob.t.sol', 'tune.sol']
2,['flop.t.sol', 'flap.t.sol', 'heal.sol', 'drip.t.sol', 'heal.t.sol', 'flap.sol', 'frob.t.sol', 'bite.sol']
2,['flop.t.sol', 'flap.t.sol', 'heal.sol', 'drip.t.sol', 'heal.t.sol', 'flap.sol', 'tune.sol', 'bite.sol']
2,['flop.t.sol', 'flap.t.sol', 'heal.sol', 'drip.t.sol', 'heal.t.sol', 'drip.sol', 'frob.t.sol', 'tune.sol']
2,['flop.t.sol', 'flap.t.sol', 'heal.sol', 'drip.t.sol', 'heal.t.sol', 'drip.sol', 'frob.t.sol', 'bite.sol']
2,['flop.t.sol', 'flap.t.sol', 'heal.sol', 'drip.t.sol', 'heal.t.sol', 'drip.sol', 'tune.sol', 'bite.sol']
2,['flop.t.sol', 'flap.t.sol', 'heal.sol', 'drip.t.sol', 'heal.t.sol', 'frob.t.sol', 'tune.sol', 'bite.sol']
3,['flop.t.sol', 'flap.t.sol', 'heal.sol', 'drip.t.sol', 'flap.sol', 'drip.sol', 'frob.t.sol', 'tune.sol']
4,['flop.t.sol', 'flap.t.sol', 'heal.sol', 'drip.t.sol', 'flap.sol', 'drip.sol', 'frob.t.sol', 'bite.sol']
2,['flop.t.sol', 'flap.t.sol', 'heal.sol', 'drip.t.sol', 'flap.sol', 'drip.sol', 'tune.sol', 'bite.sol']
2,['flop.t.sol', 'flap.t.sol', 'heal.sol', 'drip.t.sol', 'flap.sol', 'frob.t.sol', 'tune.sol', 'bite.sol']
2,['flop.t.sol', 'flap.t.sol', 'heal.sol', 'drip.t.sol', 'drip.sol', 'frob.t.sol', 'tune.sol', 'bite.sol']
2,['flop.t.sol', 'flap.t.sol', 'heal.sol', 'heal.t.sol', 'flap.sol', 'drip.sol', 'frob.t.sol', 'tune.sol']
2,['flop.t.sol', 'flap.t.sol', 'heal.sol', 'heal.t.sol', 'flap.sol', 'drip.sol', 'frob.t.sol', 'bite.sol']
2,['flop.t.sol', 'flap.t.sol', 'heal.sol', 'heal.t.sol', 'flap.sol', 'drip.sol', 'tune.sol', 'bite.sol']
3,['flop.t.sol', 'flap.t.sol', 'heal.sol', 'heal.t.sol', 'flap.sol', 'frob.t.sol', 'tune.sol', 'bite.sol']
2,['flop.t.sol', 'flap.t.sol', 'heal.sol', 'heal.t.sol', 'drip.sol', 'frob.t.sol', 'tune.sol', 'bite.sol']
2,['flop.t.sol', 'flap.t.sol', 'heal.sol', 'flap.sol', 'drip.sol', 'frob.t.sol', 'tune.sol', 'bite.sol']
2,['flop.t.sol', 'flap.t.sol', 'drip.t.sol', 'heal.t.sol', 'flap.sol', 'drip.sol', 'frob.t.sol', 'tune.sol']
2,['flop.t.sol', 'flap.t.sol', 'drip.t.sol', 'heal.t.sol', 'flap.sol', 'drip.sol', 'frob.t.sol', 'bite.sol']
2,['flop.t.sol', 'flap.t.sol', 'drip.t.sol', 'heal.t.sol', 'flap.sol', 'drip.sol', 'tune.sol', 'bite.sol']
2,['flop.t.sol', 'flap.t.sol', 'drip.t.sol', 'heal.t.sol', 'flap.sol', 'frob.t.sol', 'tune.sol', 'bite.sol']
2,['flop.t.sol', 'flap.t.sol', 'drip.t.sol', 'heal.t.sol', 'drip.sol', 'frob.t.sol', 'tune.sol', 'bite.sol']
2,['flop.t.sol', 'flap.t.sol', 'drip.t.sol', 'flap.sol', 'drip.sol', 'frob.t.sol', 'tune.sol', 'bite.sol']
2,['flop.t.sol', 'flap.t.sol', 'heal.t.sol', 'flap.sol', 'drip.sol', 'frob.t.sol', 'tune.sol', 'bite.sol']
2,['flop.t.sol', 'heal.sol', 'drip.t.sol', 'heal.t.sol', 'flap.sol', 'drip.sol', 'frob.t.sol', 'tune.sol']
2,['flop.t.sol', 'heal.sol', 'drip.t.sol', 'heal.t.sol', 'flap.sol', 'drip.sol', 'frob.t.sol', 'bite.sol']
2,['flop.t.sol', 'heal.sol', 'drip.t.sol', 'heal.t.sol', 'flap.sol', 'drip.sol', 'tune.sol', 'bite.sol']
2,['flop.t.sol', 'heal.sol', 'drip.t.sol', 'heal.t.sol', 'flap.sol', 'frob.t.sol', 'tune.sol', 'bite.sol']
2,['flop.t.sol', 'heal.sol', 'drip.t.sol', 'heal.t.sol', 'drip.sol', 'frob.t.sol', 'tune.sol', 'bite.sol']
4,['flop.t.sol', 'heal.sol', 'drip.t.sol', 'flap.sol', 'drip.sol', 'frob.t.sol', 'tune.sol', 'bite.sol']
2,['flop.t.sol', 'heal.sol', 'heal.t.sol', 'flap.sol', 'drip.sol', 'frob.t.sol', 'tune.sol', 'bite.sol']
2,['flop.t.sol', 'drip.t.sol', 'heal.t.sol', 'flap.sol', 'drip.sol', 'frob.t.sol', 'tune.sol', 'bite.sol']
2,['flap.t.sol', 'heal.sol', 'drip.t.sol', 'heal.t.sol', 'flap.sol', 'drip.sol', 'frob.t.sol', 'tune.sol']
2,['flap.t.sol', 'heal.sol', 'drip.t.sol', 'heal.t.sol', 'flap.sol', 'drip.sol', 'frob.t.sol', 'bite.sol']
2,['flap.t.sol', 'heal.sol', 'drip.t.sol', 'heal.t.sol', 'flap.sol', 'drip.sol', 'tune.sol', 'bite.sol']
2,['flap.t.sol', 'heal.sol', 'drip.t.sol', 'heal.t.sol', 'flap.sol', 'frob.t.sol', 'tune.sol', 'bite.sol']
2,['flap.t.sol', 'heal.sol', 'drip.t.sol', 'heal.t.sol', 'drip.sol', 'frob.t.sol', 'tune.sol', 'bite.sol']
4,['flap.t.sol', 'heal.sol', 'drip.t.sol', 'flap.sol', 'drip.sol', 'frob.t.sol', 'tune.sol', 'bite.sol']
2,['flap.t.sol', 'heal.sol', 'heal.t.sol', 'flap.sol', 'drip.sol', 'frob.t.sol', 'tune.sol', 'bite.sol']
2,['flap.t.sol', 'drip.t.sol', 'heal.t.sol', 'flap.sol', 'drip.sol', 'frob.t.sol', 'tune.sol', 'bite.sol']
4,['heal.sol', 'drip.t.sol', 'heal.t.sol', 'flap.sol', 'drip.sol', 'frob.t.sol', 'tune.sol', 'bite.sol']
